1.000000000000000000e+00 2.458475795706032159e+02 4.964243023255027198e-01 1.565057961253831231e-01 7.837582467972063074e-21 1.083177227662706558e-12
1.000000000000000000e+00 3.385322057902662607e+01 5.965725935051221507e-01 2.138829390587526635e-01 2.340947672854023706e-03 2.655557562927932103e-02
1.000000000000000000e+00 1.506762051131712710e+01 5.603149769586869278e-01 1.972850687243742351e-01 6.444282991932123641e-04 4.995559622971727787e-02
1.000000000000000000e+00 1.645426187472491719e+01 5.662710098388543667e-01 2.060759570687158426e-01 6.356791305065648615e-04 9.433685910729849855e-02
1.000000000000000000e+00 6.731942753728247908e+00 4.710500456224496757e-01 1.449379120675727828e-01 3.468044653562788295e-04 1.366799635085334808e-01
1.000000000000000000e+00 4.038090271311476798e+00 5.072411769547084948e-01 1.623764142934695509e-01 3.538173013800580938e-04 2.027311941140881868e-01
1.000000000000000000e+00 3.655034193886169902e+00 5.181718821451476442e-01 1.805164475166799731e-01 7.043401879910601328e-05 2.025616600563834857e-01
1.000000000000000000e+00 4.468015199455585673e+00 5.234206447454740063e-01 1.844329496066465512e-01 6.050870058171167965e-05 1.795054510582513863e-01
1.000000000000000000e+00 3.950732270202705010e+00 5.066682751218555270e-01 1.817091774001253213e-01 7.009029531372917409e-05 1.332298684668059285e-01
1.000000000000000000e+00 3.529494874669038218e+00 5.158716924290183137e-01 1.805942711344563356e-01 2.501202167030056755e-05 8.731732862800295480e-02
1.000000000000000000e+00 3.336155032652665664e+00 4.862339596702536237e-01 1.584991151396482056e-01 2.056098739628355420e-05 1.091989427089962439e-01
1.000000000000000000e+00 4.177045154393232984e+00 5.068740729398112377e-01 1.640031612702460284e-01 6.525349012996352506e-06 1.051399487463585414e-01
1.000000000000000000e+00 2.734112795102143778e+00 5.052702910110128398e-01 1.748122477260164731e-01 8.594201147594057082e-06 1.204632272461583636e-01
1.000000000000000000e+00 2.797142470319339047e+00 5.022514581074443152e-01 1.744935771299737648e-01 1.403641438387510294e-05 2.040327699374865078e-01
1.000000000000000000e+00 3.379511904916808085e+00 4.849633389078746859e-01 1.588201234892937241e-01 1.458552692223782185e-05 2.118519546420050137e-01
1.000000000000000000e+00 4.174354339916216183e+00 4.789075467249422902e-01 1.576951335763878692e-01 1.477090516160175665e-05 3.635836232137303892e-01
1.000000000000000000e+00 2.677377434257071531e+00 5.040637957672983172e-01 1.741458915535644691e-01 2.043439459354429632e-05 5.135141475826358048e-01
1.000000000000000000e+00 4.117333738676215660e+00 5.094394290061952102e-01 1.658018016304951270e-01 1.711447257925652557e-05 5.666746122708663513e-01
1.000000000000000000e+00 4.241579329905951212e+00 4.875340003246350085e-01 1.537283229783883154e-01 2.370014923386495751e-05 6.901982140618861949e-01
1.000000000000000000e+00 4.441298501421165668e+00 4.797414949883945234e-01 1.623810583878337044e-01 2.038737228935079572e-05 7.966859219252262481e-01
1.000000000000000000e+00 4.315598777103658357e+00 4.778047964110439527e-01 1.570768450789185311e-01 3.441446940096223167e-05 1.109447676235634006e+00
1.000000000000000000e+00 3.122366680076833489e+00 5.100233303864165624e-01 1.793677295365905533e-01 4.704755883525152372e-05 2.238414698999971364e+00
1.000000000000000000e+00 3.160062441822832024e+00 4.892568917316549304e-01 1.673572194719019357e-01 4.407762714715679589e-05 5.420434335536792325e-01
1.000000000000000000e+00 2.877610603189848959e+00 4.895656331976873665e-01 1.647256115706390300e-01 1.940242233285680183e-05 7.461944766583823441e-01
1.000000000000000000e+00 3.229412472256519173e+00 5.081043071476591955e-01 1.791389842514072017e-01 2.582899628644650053e-05 3.706790904808085485e-01
1.000000000000000000e+00 2.816813149291439444e+00 5.053510059009342914e-01 1.760957792972324965e-01 3.955374816243202368e-05 5.671059394324695635e-01
1.000000000000000000e+00 3.090963564567674293e+00 5.027229582585823753e-01 1.766530314265047641e-01 4.490682264771926624e-05 7.452884155368251218e-01
1.000000000000000000e+00 2.418776461136566525e+00 5.000694770458503635e-01 1.681116229284957964e-01 4.219079030477084543e-05 9.642609972990030531e-01
1.000000000000000000e+00 2.589382219569014598e+00 4.962620563818020969e-01 1.644062595892080703e-01 2.755860561718764768e-05 1.141170381898895414e+00
1.000000000000000000e+00 2.511749851417873547e+00 4.973448047260200511e-01 1.696817082671444599e-01 3.762503032695944255e-05 6.742683958901511954e-01
1.000000000000000000e+00 3.173841009769076571e+00 4.862202777964256262e-01 1.583219255732520592e-01 7.055540625129275612e-05 8.119430971485830373e-01
1.000000000000000000e+00 3.588849355906097216e+00 5.119269808473877470e-01 1.702560542594633852e-01 2.239176819860738330e-05 1.268711578727774958e+00
1.000000000000000000e+00 3.446044011609606272e+00 4.959847833717609955e-01 1.595023392180987820e-01 1.208952017346056681e-05 1.348587632516011992e+00
1.000000000000000000e+00 2.993479931071813205e+00 5.001151642849703816e-01 1.744942846854186935e-01 1.487086031840472382e-05 1.076028507065336592e+00
1.000000000000000000e+00 2.705007548750195223e+00 4.963958566285179286e-01 1.702310309213378170e-01 9.804329617238354707e-06 1.494667103892975746e+00
1.000000000000000000e+00 3.293749877221962219e+00 5.006590036817649692e-01 1.627160046176073238e-01 7.284162045857791039e-06 7.562918203530076822e-01
1.000000000000000000e+00 4.981832842825907548e+00 5.223849339548527482e-01 1.883755586712473618e-01 3.632584379180505623e-06 7.493414602017109960e-01
1.000000000000000000e+00 4.479979985006317555e+00 5.081505892254328804e-01 1.636632260089364022e-01 3.243593177266559448e-06 7.939107000723811813e-01
1.000000000000000000e+00 3.204712440505453230e+00 5.121432756684703991e-01 1.739402567766047403e-01 2.865904979958172050e-06 1.031156122771524908e+00
1.000000000000000000e+00 3.463165486121472458e+00 4.895684336617902033e-01 1.575207635379160254e-01 4.898631060194398725e-06 7.688780423934504782e-01
1.000000000000000000e+00 3.114103174086304548e+00 5.005520148387909707e-01 1.636546235166715380e-01 3.342101658082232951e-06 3.874838114947475876e-01
1.000000000000000000e+00 5.287613873377183360e+00 5.107110583867806586e-01 1.633753753781940488e-01 4.361151443238396575e-06 3.052343620834468974e-01
1.000000000000000000e+00 7.179608974740828486e+00 4.893948587438037290e-01 1.776630366570205177e-01 6.230872364409055974e-06 2.594617065615221208e-01
1.000000000000000000e+00 6.774481880410493595e+00 4.773989980881795936e-01 1.671020406782485479e-01 3.865988372521041817e-06 2.975457023681621349e-02
1.000000000000000000e+00 5.056409719725987628e+00 5.066774153678904602e-01 1.611320604824202918e-01 3.722030051959827200e-06 2.147940022484749745e-02
1.000000000000000000e+00 3.142442330699329212e+00 4.885400071094377905e-01 1.660498048391046699e-01 6.355633497498054991e-06 4.264931764678957238e-02
1.000000000000000000e+00 2.939943841263954027e+00 4.888479704415171767e-01 1.627131815381090973e-01 7.353953956583674808e-06 6.714016833873288903e-02
1.000000000000000000e+00 3.492399344523429594e+00 5.032475829907805398e-01 1.785008619437135069e-01 9.986626132309292124e-06 4.739846076824648369e-02
1.000000000000000000e+00 6.323480420182440831e+00 5.043592225654039973e-01 1.565304674719134592e-01 1.593372053178427337e-05 5.774974205124309284e-02
1.000000000000000000e+00 6.023541469891377176e+00 4.936830762412680595e-01 1.514907385316525135e-01 9.019951682756400309e-06 6.265202524714548471e-02
1.000000000000000000e+00 6.582753623209755212e+00 4.761803288318575134e-01 1.463058040750935540e-01 1.222620261528943603e-05 4.638920533681960973e-02
1.000000000000000000e+00 5.211652117959285846e+00 5.264577736662072738e-01 1.824323034932901488e-01 1.435290211308658432e-05 7.616894100936048850e-02
1.000000000000000000e+00 4.261037049860037840e+00 4.916275901749870281e-01 1.552196801670212845e-01 2.180016430483010519e-05 6.520442726027678160e-02
1.000000000000000000e+00 4.592212943588549479e+00 5.207342755742939699e-01 1.871327709987876675e-01 2.326329313656310939e-05 4.094220876985368157e-02
1.000000000000000000e+00 3.408943114102551242e+00 5.142077463574373786e-01 1.803593554527111176e-01 2.059653616169479515e-05 5.663355127058722349e-02
1.000000000000000000e+00 4.348380135033674598e+00 5.195181334283553998e-01 1.759991929651816833e-01 2.898722571888287045e-05 6.132794423874697587e-02
1.000000000000000000e+00 4.122893035002718420e+00 5.207813020785182490e-01 1.818685903946372362e-01 1.552304278858751991e-05 2.495319028379412024e-02
1.000000000000000000e+00 3.754710770810963272e+00 5.076289575572542345e-01 1.814449368894903158e-01 2.872747528413766694e-05 2.366024166984964650e-02
1.000000000000000000e+00 3.091938299954270608e+00 5.042815191063770852e-01 1.665727880022475627e-01 1.754891466029999625e-05 4.145737364877097320e-02
1.000000000000000000e+00 3.649561199998327510e+00 5.141071967927484110e-01 1.729722870885102015e-01 1.539552491064250347e-05 2.763541255370483007e-03
1.000000000000000000e+00 4.040899492078346533e+00 4.937609810927949816e-01 1.566992876985544292e-01 1.067456000463686841e-05 3.304974918868159098e-03
1.000000000000000000e+00 3.735216936950215505e+00 4.952807006149914093e-01 1.584297063926847493e-01 1.102281065044830239e-05 3.773114753599844575e-03
1.000000000000000000e+00 4.454732229627370366e+00 5.172410799449674856e-01 1.724998379542008187e-01 1.505025651493293833e-05 3.899862212754490708e-03
1.000000000000000000e+00 2.756406516148291352e+00 4.956768481001928572e-01 1.634341879450225965e-01 1.562336018601304726e-05 1.487587128407122893e-03
1.000000000000000000e+00 2.696647712621052406e+00 4.981717732708474955e-01 1.711562735688616221e-01 7.469486611463101758e-06 2.758640892784597690e-03
1.000000000000000000e+00 3.699769266730688067e+00 5.136540356326455559e-01 1.719245003883766720e-01 7.004253985900134560e-06 2.973611793578241885e-03
1.000000000000000000e+00 2.785022810610850552e+00 4.913209743584070477e-01 1.656476745054979993e-01 1.341916003095181627e-05 3.789304423390075019e-03
1.000000000000000000e+00 2.678009277134266952e+00 4.951356889136228623e-01 1.689777282322303398e-01 1.263470928243332334e-05 4.519858582604024781e-03
1.000000000000000000e+00 3.945888565049533003e+00 5.058963660023897413e-01 1.637885859093355101e-01 1.241053766769464279e-05 1.871409939136027285e-03
1.000000000000000000e+00 3.975276884114920861e+00 4.942851678571424934e-01 1.558043746116264949e-01 1.663387102213509944e-06 2.152821533297216792e-03
1.000000000000000000e+00 3.242255338993886848e+00 5.112660722955891801e-01 1.714299578877947206e-01 1.463351353430663177e-06 2.786891087839013948e-03
1.000000000000000000e+00 7.321789394362983927e+00 4.801866218109426820e-01 1.439174820673228827e-01 8.979420237615356505e-07 2.800336813973597350e-03
1.000000000000000000e+00 3.787806367178857769e+00 4.900778239395003344e-01 1.688658557860577836e-01 9.511506172769052400e-07 3.887551132219723392e-03
1.000000000000000000e+00 3.118471633723016279e+00 5.099895324890988402e-01 1.761053769787242484e-01 1.085426056498414819e-06 6.635146962003584184e-03
1.000000000000000000e+00 3.019341026177891685e+00 4.956517626700780998e-01 1.700509615186174828e-01 8.043548448527220127e-07 8.634715426260118620e-03
1.000000000000000000e+00 2.833573950447414447e+00 5.070780295098488155e-01 1.704328775320660128e-01 6.398944006871502052e-07 1.591787123854516289e-02
1.000000000000000000e+00 3.488053084282725980e+00 4.871881953704987334e-01 1.569812522964763590e-01 9.334006645868020922e-07 3.055904006232158451e-02
1.000000000000000000e+00 4.171774837527443047e+00 5.177557687908962425e-01 1.744635412333569724e-01 1.504214297904426647e-06 5.085793025822082924e-02
1.000000000000000000e+00 3.583873710121413758e+00 5.109500461224847356e-01 1.809960451304397921e-01 1.566857511556345970e-06 2.501737272178427077e-02
1.000000000000000000e+00 3.581739861715564910e+00 4.835235196502432053e-01 1.610641219429690130e-01 1.742755562831303351e-06 8.207224662205293148e-03
1.000000000000000000e+00 3.660067489205274249e+00 5.114860940617608209e-01 1.690098473392722955e-01 9.982505908233295290e-07 1.245684222664219382e-02
1.000000000000000000e+00 2.893727371660568259e+00 4.896903761632733221e-01 1.624642276811995023e-01 1.277639973223709771e-06 7.786070042003413738e-03
1.000000000000000000e+00 3.402325209418212815e+00 5.108938515337211328e-01 1.696891187114944188e-01 8.934762387462212988e-07 7.945454205742588996e-03
1.000000000000000000e+00 5.285451215132337843e+00 4.890520676500323960e-01 1.723701098623046379e-01 1.022113308384585272e-06 7.379814910371595982e-03
1.000000000000000000e+00 3.679992719369086451e+00 4.826824368594707648e-01 1.569009410285564232e-01 1.572179446153773685e-06 2.921877375231139370e-03
1.000000000000000000e+00 3.638754116992702681e+00 5.103839705412023253e-01 1.680495675780739051e-01 2.154485717760690689e-06 3.700301439596209718e-03
1.000000000000000000e+00 2.807504357607263135e+00 5.038256266340630507e-01 1.672580072573618959e-01 2.562552580209060618e-06 3.371330116598859981e-03
1.000000000000000000e+00 5.595295306053260198e+00 4.756144710454621172e-01 1.492585731659978876e-01 3.010512019515719710e-06 3.619198112439696562e-03
1.000000000000000000e+00 4.688673230943356529e+00 5.193546132629459633e-01 1.738434538309399369e-01 4.756935401009142157e-06 7.814084064653276443e-03
1.000000000000000000e+00 3.964921548998764589e+00 5.192419468856809273e-01 1.814795077297931269e-01 5.024654475011759006e-06 2.990549059298429346e-03
1.000000000000000000e+00 4.477303343250936152e+00 5.090227926064517794e-01 1.833595266391846168e-01 5.326860140472142538e-06 2.548920258213411248e-03
1.000000000000000000e+00 3.919962803586215294e+00 5.020746063337176990e-01 1.785286735196651153e-01 3.298648645892459135e-06 5.115355980945754562e-03
1.000000000000000000e+00 2.893430047860494625e+00 5.009286224101031637e-01 1.740354063888542302e-01 4.291664458326352856e-06 5.105152129667707948e-03
1.000000000000000000e+00 2.763811094355855591e+00 4.927866318051542516e-01 1.655436203687551400e-01 8.327493753343109324e-07 8.044281306366106443e-03
1.000000000000000000e+00 2.892038867120007684e+00 5.087244586458740114e-01 1.745847013481808541e-01 1.585057306450577484e-06 9.137352651604660481e-03
1.000000000000000000e+00 3.492451963252740654e+00 4.842889100063593744e-01 1.616900768147789269e-01 2.183051024002661919e-06 6.418941240070981380e-03
1.000000000000000000e+00 2.781792221111773600e+00 5.020751465162551774e-01 1.738877466810611616e-01 3.151981498914145981e-06 9.382228294973930099e-03
1.000000000000000000e+00 3.603631573990835779e+00 4.877521255215460649e-01 1.677273033113307332e-01 3.668240655489960356e-06 1.472326465210297732e-02
1.000000000000000000e+00 4.327447543344090874e+00 4.921621176587687718e-01 1.548775861627877115e-01 2.277361866984245454e-06 1.020146445083374917e-02
1.000000000000000000e+00 2.860858051317745065e+00 5.070294654786006161e-01 1.753706133773784426e-01 2.254095215745459563e-06 8.552020094402250361e-03
1.000000000000000000e+00 4.937896261483742499e+00 5.170337141343660514e-01 1.865550128016533749e-01 3.140867445390554434e-06 2.723335375528625896e-03
1.000000000000000000e+00 4.102094111706119151e+00 5.181694363047530949e-01 1.821464943297383954e-01 1.969211665650552638e-06 3.400728659119328992e-03
1.000000000000000000e+00 2.988610250487873987e+00 5.098272510739981778e-01 1.733129276597919488e-01 2.151423748705017730e-06 2.123331329913311083e-03
1.000000000000000000e+00 3.130663592145837448e+00 4.987819017963943113e-01 1.615664642771163506e-01 9.111854692246053677e-07 1.339198216999215249e-03
1.000000000000000000e+00 7.316090359871355808e+00 4.743114270981075853e-01 1.435220821777357103e-01 1.234825387928230897e-06 1.978412555640113053e-03
1.000000000000000000e+00 3.461935461845185635e+00 5.067861511780898942e-01 1.653554174683668498e-01 8.440809176692798172e-07 3.663990650904130723e-03
1.000000000000000000e+00 3.713387995814562359e+00 4.928980233225373486e-01 1.721197222677228467e-01 3.126103015710594203e-07 1.625995788253290636e-04
1.000000000000000000e+00 2.809761108238024274e+00 5.024700856637729363e-01 1.740596624168598561e-01 2.318800553533285146e-07 1.692195210668413611e-04
1.000000000000000000e+00 3.766056481270794176e+00 4.848697822954657899e-01 1.559576157800504903e-01 2.276024982682200059e-07 1.346759347972995252e-04
1.000000000000000000e+00 6.096349793159760999e+00 5.200892930621948684e-01 1.697209044176113957e-01 8.409320549686382247e-08 1.885699477562748040e-04
1.000000000000000000e+00 5.853870139983046172e+00 4.720918602611849368e-01 1.506784031324202577e-01 1.406770928065346601e-07 4.112475469886327749e-04
1.000000000000000000e+00 3.447766758470457660e+00 5.151530701200076612e-01 1.771882526300451177e-01 1.713121327976821820e-07 6.927185250551515282e-04
1.000000000000000000e+00 3.345644622935451729e+00 4.860967145021283242e-01 1.642424172494080514e-01 1.937791742493217659e-08 2.161731796454505390e-04
1.000000000000000000e+00 3.321642820624298942e+00 5.135207921045771284e-01 1.754275365929830466e-01 1.329005738747763728e-08 1.285186206609174007e-04
1.000000000000000000e+00 2.964109641209630830e+00 5.095597521317912770e-01 1.732719103730399612e-01 1.417848844229801279e-08 8.902885317657328315e-05
1.000000000000000000e+00 3.618771692472494195e+00 5.009949658252518256e-01 1.775064667432371124e-01 1.639444634178135538e-08 7.165602868725415742e-05
1.000000000000000000e+00 3.928519986105532436e+00 5.082664277746731241e-01 1.660034040921374021e-01 2.307546861672452689e-08 8.680090805394764992e-05
1.000000000000000000e+00 4.683859177461177303e+00 4.897909652240780565e-01 1.534744564116780341e-01 1.947479671831150606e-08 4.341645451743325840e-05
1.000000000000000000e+00 2.975235829537569821e+00 5.037740521430219554e-01 1.760919432669820484e-01 1.520712100601827561e-08 5.478924198213504725e-05
1.000000000000000000e+00 3.843464606678935080e+00 4.882146714764451501e-01 1.692480687379258331e-01 1.282302589566138977e-08 3.526716865229942134e-05
1.000000000000000000e+00 3.448054215700186553e+00 4.847783297052377649e-01 1.586319064956763503e-01 1.085723494131778540e-08 4.913676195457987374e-05
1.000000000000000000e+00 3.741516401355517552e+00 5.100212458438605490e-01 1.683368246015433667e-01 1.417958831624462091e-08 1.264120466233225075e-05
1.000000000000000000e+00 2.841831034457130922e+00 4.962081967058186716e-01 1.634267759552313071e-01 2.524650579088439585e-10 6.845680607517423639e-06
1.000000000000000000e+00 3.367150530204710890e+00 5.080376029652106107e-01 1.797799836350752745e-01 2.233134299160149614e-10 7.787712958014894851e-06
1.000000000000000000e+00 4.911090143710824307e+00 4.991414072510529376e-01 1.570797723507841304e-01 1.436765598310396679e-10 6.225810927076808209e-06
1.000000000000000000e+00 4.158113771708157103e+00 4.791055261408108668e-01 1.582840511243065185e-01 1.994931198330208161e-10 9.815275868436743728e-06
1.000000000000000000e+00 2.838766515345453101e+00 4.938595201419939129e-01 1.693899579668174948e-01 1.224629951578063764e-10 1.311355178732469888e-05
1.000000000000000000e+00 2.566714364349114597e+00 5.024518089902092477e-01 1.708739863441148532e-01 1.342229004513582065e-10 1.306129072988804070e-05
1.000000000000000000e+00 2.649943837656628443e+00 4.936461593242295609e-01 1.652799486732060841e-01 1.523052948097705281e-10 5.543033311806684895e-06
1.000000000000000000e+00 2.549336366627252382e+00 4.990715978576981127e-01 1.701949795215325356e-01 1.518311013440163418e-10 5.841247308045358780e-06
1.000000000000000000e+00 3.110586034396360500e+00 5.028619763282485833e-01 1.766065252497829585e-01 2.191355564901550992e-10 7.474090822727055068e-06
1.000000000000000000e+00 3.742148797457329312e+00 4.848399565859198290e-01 1.655595377404499580e-01 2.397401745714098541e-10 1.336690260626645053e-05
1.000000000000000000e+00 3.483527252788872097e+00 5.154533337785226488e-01 1.794976552821097859e-01 4.059249010026641267e-10 7.592181643713029296e-06
1.000000000000000000e+00 3.963956224434672215e+00 5.149730959014872100e-01 1.726125523820996321e-01 4.654448114160999358e-10 9.525554974205416764e-06
1.000000000000000000e+00 5.211352111224375250e+00 4.747728778691380214e-01 1.588658864834449902e-01 4.206667796212835594e-10 5.082682007066362606e-06
1.000000000000000000e+00 5.066052636378593377e+00 4.985819398911809919e-01 1.563810849845830575e-01 7.176386826305444956e-12 4.639377892763770303e-06
1.000000000000000000e+00 4.885041710268850146e+00 5.094930688737104862e-01 1.640360231630217103e-01 5.921244777742476377e-12 1.113618290144183855e-05
1.000000000000000000e+00 3.117580445639808850e+00 4.910901942754133942e-01 1.602082887220980245e-01 1.217086127825817601e-12 1.708376149380242797e-05
1.000000000000000000e+00 3.655320391584156781e+00 5.159058952071879922e-01 1.817000331718271189e-01 8.561458201009850127e-13 4.390257201960462720e-06
1.000000000000000000e+00 4.147313282716305061e+00 4.902451609647660025e-01 1.554516389171335111e-01 7.993441876137148158e-14 4.603706472738089517e-06
1.000000000000000000e+00 3.095548112665338802e+00 4.886691595424602075e-01 1.604269404975247060e-01 1.849238617178542240e-15 4.953369977848932544e-06
1.000000000000000000e+00 3.803444066998650008e+00 5.181600128517479531e-01 1.800760011849139586e-01 1.496598299220961214e-15 6.485910977825288266e-06
1.000000000000000000e+00 4.727882647585906817e+00 5.243094858929283619e-01 1.839197986932887274e-01 2.206143935944773812e-15 8.366738943376732514e-06
1.000000000000000000e+00 3.019406801540590823e+00 4.941866022378421652e-01 1.615503769743571183e-01 1.016001233374935015e-15 9.960423742942176245e-06
1.000000000000000000e+00 3.001037863289053309e+00 5.101369707002643139e-01 1.740139581534263513e-01 1.485098947260501637e-15 1.119816224422204168e-05
1.000000000000000000e+00 2.839185344841680170e+00 5.026077936055646234e-01 1.749298290438814074e-01 7.757512279547113665e-16 1.194471338551370338e-06
1.000000000000000000e+00 2.608078299697439206e+00 5.002002580557115552e-01 1.717787757268784965e-01 6.768768570506153667e-16 1.317197456364891787e-06
1.000000000000000000e+00 5.944316219679306457e+00 4.757671912316773777e-01 1.484847787345591474e-01 2.645435622446918288e-16 8.941065878376358689e-07
1.000000000000000000e+00 6.458513705964197271e+00 4.712735177463737157e-01 1.481812117415619301e-01 2.589566504783714484e-16 1.466585797567703404e-06
1.000000000000000000e+00 5.822692577218084864e+00 4.928591422018238632e-01 1.779283138233778983e-01 1.240724843475010572e-16 2.064866396776721155e-06
1.000000000000000000e+00 5.981132452719487347e+00 4.832153947831008267e-01 1.485686021554614156e-01 1.852771796337806827e-16 3.317638813875507107e-06
1.000000000000000000e+00 2.725484886462671508e+00 4.968771508236102807e-01 1.709133593341690127e-01 1.670869681405575430e-16 3.519382253880944784e-06
1.000000000000000000e+00 2.720427046074704425e+00 4.988705134279478592e-01 1.721838750470801038e-01 5.538680329160227829e-17 4.755362364190318654e-06
1.000000000000000000e+00 3.763103158631352585e+00 4.921473004493513437e-01 1.574228026697321592e-01 2.958930239596768594e-17 4.881302823527296576e-06
1.000000000000000000e+00 3.367869886269339474e+00 5.064809086489094891e-01 1.671607029824687118e-01 5.201509947974639313e-17 1.092627560264964644e-05
1.000000000000000000e+00 3.917167219398524303e+00 5.017456820146555252e-01 1.790639314020439354e-01 6.275251595897234979e-17 1.341879399612093427e-05
1.000000000000000000e+00 4.531348680745354685e+00 5.214557768373854207e-01 1.862020509123998024e-01 1.261809000154532398e-17 1.474235327508191454e-05
1.000000000000000000e+00 3.358693800828531195e+00 4.946624342242397776e-01 1.728004209115282797e-01 1.548046261722156659e-17 1.805506993296292646e-05
1.000000000000000000e+00 3.868830025657466365e+00 5.144652863177445745e-01 1.725508029738146432e-01 2.024560529963698677e-17 1.367534514437921626e-05
1.000000000000000000e+00 2.830778454235470143e+00 5.020126316458868310e-01 1.667827541508799805e-01 5.916089661322477452e-18 1.488289833000764186e-05
1.000000000000000000e+00 3.645521492705178446e+00 5.119398458105350880e-01 1.709213746102466458e-01 1.195343137217496871e-17 2.038291189534185971e-05
1.000000000000000000e+00 3.047910846403657281e+00 4.876278445767916470e-01 1.630475395326772270e-01 7.560208283572710883e-18 1.492188449929249150e-05
1.000000000000000000e+00 3.137814086036958550e+00 4.869161040146922081e-01 1.633698405790363628e-01 8.502690068096338115e-18 2.265057820070435124e-05
1.000000000000000000e+00 2.819947249775526021e+00 5.014338739825612290e-01 1.742812193664663445e-01 1.287067138427946820e-17 3.222344901115093248e-05
1.000000000000000000e+00 2.641128003907525112e+00 5.047185047175815065e-01 1.725817481283688781e-01 1.982878509631671793e-17 2.186552610878100627e-05
1.000000000000000000e+00 2.564639378665446223e+00 4.986248155546235683e-01 1.673558129226326574e-01 1.752559822848759813e-17 1.866917905088453188e-05
1.000000000000000000e+00 6.126513606464401462e+00 4.701842362846010426e-01 1.518143581687728394e-01 1.931002113415690902e-17 3.158948302225217202e-05
1.000000000000000000e+00 4.081652680828465662e+00 4.923428877920418834e-01 1.735637706406935599e-01 3.318286434280410231e-17 3.288158784919796161e-05
1.000000000000000000e+00 3.846965329858758942e+00 5.144746296003837038e-01 1.726856691062176041e-01 5.763948524249889158e-17 1.151494249633132759e-05
1.000000000000000000e+00 4.874355036122039131e+00 4.894853104026163915e-01 1.735007557905311748e-01 3.626815146264139710e-17 1.763837837227862077e-05
1.000000000000000000e+00 4.641542219622375676e+00 5.045662916209264770e-01 1.611348627765044339e-01 5.679361066455782215e-17 2.476280499137318948e-05
1.000000000000000000e+00 3.470034050652780699e+00 5.072337859834172846e-01 1.673034695684615658e-01 7.210115683474379139e-17 2.780931775810453838e-05
1.000000000000000000e+00 3.350913849492698660e+00 5.085511169794685316e-01 1.690955274657878760e-01 3.809914642225461830e-17 5.497230989215118053e-05
1.000000000000000000e+00 3.018310870777784150e+00 4.879926783150049241e-01 1.622045810503909280e-01 3.794412889823704289e-17 2.832268572477581462e-05
1.000000000000000000e+00 3.496050546247293944e+00 4.888043898962371459e-01 1.577593836291229512e-01 2.666806956698372572e-17 3.780237328312417982e-05
1.000000000000000000e+00 3.238989106778459970e+00 5.025567625276833317e-01 1.770632890433401219e-01 1.672277981139416342e-17 2.830738964881551734e-05
1.000000000000000000e+00 2.761769549768434473e+00 5.005456086324688858e-01 1.734290303883584961e-01 1.174682847437187105e-17 1.625355455932919144e-05
1.000000000000000000e+00 3.531494583971701573e+00 4.915724221051233078e-01 1.581786279706270670e-01 5.467734829421011573e-18 1.598602230009815156e-05
1.000000000000000000e+00 2.674947547710547990e+00 5.015991635925434178e-01 1.731531121780006399e-01 3.311985053686758387e-18 2.420976543017872397e-05
1.000000000000000000e+00 3.169243680881264957e+00 5.039462100023722746e-01 1.661493857568482613e-01 4.388603890286738569e-18 3.068119205446620231e-05
1.000000000000000000e+00 3.147838803093506499e+00 5.056115028053043137e-01 1.675949458024740546e-01 1.886913438219858530e-18 3.103328420354810508e-05
1.000000000000000000e+00 3.080910097388954050e+00 5.100181689425150600e-01 1.727056188490782851e-01 1.544910405257155702e-18 4.469523023560583347e-05
1.000000000000000000e+00 3.417157442564677794e+00 4.937009926360831358e-01 1.593677650698343828e-01 2.514901760330333381e-18 6.991534777028323073e-05
1.000000000000000000e+00 3.617593924046357046e+00 4.874851236662017806e-01 1.570208653862967541e-01 5.282007903637480398e-18 1.396840864143389545e-05
1.000000000000000000e+00 3.852679300342777502e+00 4.809976810806942393e-01 1.592702224226316965e-01 3.895231066791217507e-18 1.261647498478842687e-05
1.000000000000000000e+00 3.772450885892949302e+00 4.815514822847393739e-01 1.597419516767321357e-01 5.151397102856718541e-18 1.737218321832023456e-06
1.000000000000000000e+00 2.955668188966874332e+00 4.972790777219949221e-01 1.631706033183918658e-01 6.249373747492693581e-18 1.695254504707154584e-06
1.000000000000000000e+00 2.631798122945459006e+00 4.948650930004607762e-01 1.652519498114663477e-01 3.866337065040441129e-18 9.923782724612833183e-07
1.000000000000000000e+00 3.424671384687901110e+00 5.144026054352631716e-01 1.760443417676646194e-01 4.750188816224451661e-18 1.255606558791899109e-06
1.000000000000000000e+00 3.961197511563592233e+00 4.806488874775669551e-01 1.571069980811116429e-01 5.467879298699974115e-18 6.403928437366210598e-07
1.000000000000000000e+00 3.270097617044595228e+00 4.899241331408137889e-01 1.684902327089776719e-01 1.044801666789332869e-17 2.177307886362075894e-07
1.000000000000000000e+00 3.953894937580783697e+00 5.092381328991983924e-01 1.669482831166595460e-01 6.963321442422113398e-18 2.341238646699360883e-07
1.000000000000000000e+00 2.622189704987702985e+00 4.967133103401328298e-01 1.656875119287011255e-01 1.419020564368438850e-17 1.051284580793251191e-07
1.000000000000000000e+00 3.274332516855754438e+00 4.870577626448154840e-01 1.592388383290017084e-01 6.828878498833944580e-18 2.032287197055539995e-07
1.000000000000000000e+00 2.776385670382497395e+00 5.048976356622475459e-01 1.697078060145335021e-01 9.706459865656754614e-18 2.141441084259177158e-07
1.000000000000000000e+00 2.749164994492184100e+00 5.036158931710016384e-01 1.745583355621552757e-01 2.678673720051012400e-18 1.489822002712736183e-07
1.000000000000000000e+00 3.824338195624404246e+00 5.083221107592250654e-01 1.817722347647159620e-01 3.673462267264968248e-18 1.775776664871591773e-07
1.000000000000000000e+00 6.312645837694869755e+00 4.871172468903923747e-01 1.487238437817304249e-01 4.426418932123985439e-18 1.465396284467445137e-08
1.000000000000000000e+00 5.773165471859200260e+00 5.276989738994773971e-01 1.809546962974218354e-01 6.592961345654308527e-18 1.339087143440486131e-08
1.000000000000000000e+00 5.265387448030923068e+00 5.184651386866188094e-01 1.893868782360533798e-01 9.681502478110595153e-18 4.643860076777888812e-09
1.000000000000000000e+00 4.521539957536049315e+00 5.071008662422203939e-01 1.632917944877497474e-01 1.608317918421030607e-17 4.276566164154129682e-09
1.000000000000000000e+00 2.866717053619017630e+00 4.930105931766682326e-01 1.688317355619824156e-01 6.674641000181428683e-18 5.260443928777113569e-09
1.000000000000000000e+00 4.467615119683680192e+00 4.983563565194781830e-01 1.786056004724746737e-01 8.857490536982321619e-18 3.556944812239156872e-09
1.000000000000000000e+00 3.058380277999392050e+00 4.927218168990858960e-01 1.608969145989907756e-01 1.119537967365130525e-17 5.717975457386281915e-10
1.000000000000000000e+00 3.032297451315005610e+00 5.107087002083654514e-01 1.746663660132707629e-01 3.781965866186099363e-18 4.173535427918529188e-10
1.000000000000000000e+00 4.454850877265704057e+00 4.878317761548590092e-01 1.537965479061598195e-01 4.544771402682513321e-18 6.876100148607503800e-11
1.000000000000000000e+00 5.864130808253456451e+00 4.983991166266967809e-01 1.543639857486754641e-01 5.472440630197389911e-18 1.124944861025535508e-10
1.000000000000000000e+00 1.200442423492863142e+01 4.917738799006710071e-01 1.405871705816753858e-01 5.581244750825301928e-18 9.992902837463859622e-11
1.000000000000000000e+00 5.563516304238886434e+00 4.723902966944550919e-01 1.530908801636000627e-01 1.400816349551102787e-18 4.252799621567944193e-11
1.000000000000000000e+00 3.787491733520500947e+00 5.126845831005396592e-01 1.709733834485907822e-01 1.772029402751588923e-18 2.440806788930171995e-13
1.000000000000000000e+00 3.691388283161645578e+00 4.844026289011608144e-01 1.647241858608183007e-01 1.145647106295271124e-18 5.418554846313114789e-13
1.000000000000000000e+00 3.009399460509230462e+00 4.934238235975104692e-01 1.613842360309652446e-01 1.925978926773048009e-18 6.190414488558737910e-13
1.000000000000000000e+00 2.818050632399748512e+00 4.910917695316373011e-01 1.660337554315686748e-01 1.684775059938185790e-18 7.797614704192863635e-13
1.000000000000000000e+00 3.248912163404701126e+00 5.114056334012599958e-01 1.794710845065823068e-01 3.030330128021402455e-18 6.694615970875920513e-13
1.000000000000000000e+00 2.871721614773397491e+00 5.032299397313425571e-01 1.674072591497941798e-01 2.765261364793343991e-18 8.000446635272123701e-13
1.000000000000000000e+00 2.607701636169512227e+00 5.033751264635960565e-01 1.724880927215193260e-01 4.654581532157526960e-18 1.047102737000949594e-12
1.000000000000000000e+00 2.816421476596750573e+00 4.930026565664357707e-01 1.683881410484253660e-01 7.413301727954854429e-18 7.609624576455917504e-13
1.000000000000000000e+00 4.262471047801398960e+00 4.918999447104394074e-01 1.556162476739444689e-01 8.546996890046575592e-18 1.158909255209827379e-12
1.000000000000000000e+00 5.132839096255824352e+00 4.860337798460898084e-01 1.713625292839372205e-01 8.726004159701581509e-18 2.190863180934038650e-12
1.000000000000000000e+00 4.095789743781931946e+00 5.078476561005775824e-01 1.652708111098651067e-01 8.053835366279779516e-18 1.436228732036470750e-12
1.000000000000000000e+00 4.847500156358806933e+00 5.188271328316665931e-01 1.880205292390845495e-01 8.422123727342322834e-18 1.768999741228632211e-12
1.000000000000000000e+00 3.375228282971098892e+00 5.144195603295156349e-01 1.790594331468314815e-01 5.822882272973218682e-18 2.271485766620722223e-12
1.000000000000000000e+00 4.270198097893582734e+00 5.131907368592274477e-01 1.848761192962131428e-01 3.126957122021761518e-18 2.399071875163381163e-12
1.000000000000000000e+00 4.893127461134487710e+00 4.905576698022673376e-01 1.743537547126267906e-01 6.383401278940566428e-18 2.791027206119903105e-12
1.000000000000000000e+00 3.216024038143290298e+00 5.050469992509304396e-01 1.667590493606005142e-01 9.025742066930110754e-18 5.087943522768877240e-12
1.000000000000000000e+00 2.874287318840752725e+00 5.003741543224854427e-01 1.741057268179658779e-01 6.158635877553865272e-18 7.410968954080456592e-12
1.000000000000000000e+00 3.661358320135178701e+00 4.880410059862605454e-01 1.685647479036463670e-01 1.151858525544226315e-17 4.584650138824314481e-12
1.000000000000000000e+00 4.822625905559819515e+00 5.009279562333618374e-01 1.583347312985146360e-01 3.313347217075181021e-18 7.924699418870712446e-13
1.000000000000000000e+00 3.257746734672381628e+00 4.926771637720840369e-01 1.708537486433412411e-01 3.744893319678551320e-18 8.539165504669263792e-13
1.000000000000000000e+00 3.499289977375422467e+00 5.150206711379580193e-01 1.763041920565634746e-01 1.549615333974967982e-18 9.086435264527988263e-13
1.000000000000000000e+00 5.988895364889093464e+00 4.907471238957690218e-01 1.767629893680977560e-01 1.408531119262515333e-18 7.550495840271041731e-13
1.000000000000000000e+00 5.810026232801557278e+00 5.070694059328718639e-01 1.597945216998674367e-01 1.171782308773821354e-21 1.206799071357680353e-12
1.000000000000000000e+00 5.010664086878227508e+00 5.249362713028149496e-01 1.876399808328517715e-01 2.035235729379107134e-21 1.651810556605066192e-12
1.000000000000000000e+00 4.461470665991855711e+00 4.792743953990422634e-01 1.539310581354865204e-01 2.575563748575715284e-21 1.950711365714574367e-12
1.000000000000000000e+00 5.339313136095888979e+00 5.274044821740384581e-01 1.841156511669866103e-01 2.049266940241280692e-21 3.263846101437009666e-12
1.000000000000000000e+00 5.010614167832990518e+00 5.012884494723263140e-01 1.580477051573892788e-01 3.809662973061683870e-21 4.757543568035183252e-12
1.000000000000000000e+00 4.763927782508181608e+00 4.792492837671471495e-01 1.635187953320399457e-01 6.826966427484797059e-21 3.540675504610344097e-12
1.000000000000000000e+00 2.741474357592917244e+00 5.059803940498258656e-01 1.714678344712813329e-01 8.701538653599096212e-21 2.018615121457616140e-12
1.000000000000000000e+00 4.608892718135074063e+00 4.964243023255027198e-01 1.565057961253831231e-01 7.837582467972063074e-21 1.083177227662706558e-12
