1.000000000000000000e+00 8.648438596663245903e+01 4.746710740573449883e-01 1.525994398215313463e-01 7.249275221849933832e-09 1.349615879736834799e-15
1.000000000000000000e+00 4.466887100665284827e+00 4.787130852647865642e-01 1.470194129228425406e-01 6.007901092911807975e-03 2.219371704199768480e-02
1.000000000000000000e+00 2.341640616137520503e+00 5.067996095931183165e-01 1.621878190292413147e-01 5.982764300870836716e-03 1.504332958215264665e-02
1.000000000000000000e+00 1.325670102263884598e+00 5.105748695845312435e-01 1.741745042676988153e-01 4.647950489763978156e-03 1.520195775558275814e-02
1.000000000000000000e+00 9.577264356257773059e-01 4.957559827081013393e-01 1.635706788581741122e-01 2.233118058255443086e-03 2.102963724117940664e-02
1.000000000000000000e+00 6.209669187450217454e-01 5.005963863507995049e-01 1.665276725717409478e-01 3.490082739760654897e-03 2.906846441643463896e-02
1.000000000000000000e+00 2.034372980024699906e+00 4.941361599942847849e-01 1.679079560428589912e-01 4.264675027349210459e-03 4.411810312066805073e-02
1.000000000000000000e+00 1.736708465759901898e+00 5.108188910501968438e-01 1.706258436476426332e-01 4.370006162433600488e-03 4.338099283619371166e-02
1.000000000000000000e+00 2.481627012385305697e+00 5.009106973178867328e-01 1.752047584430929950e-01 3.603795568540606002e-03 5.019016208920729777e-02
1.000000000000000000e+00 2.298053807042875984e+00 4.903110702943757615e-01 1.584945328626537753e-01 8.359568150745197088e-04 5.984069151804233960e-02
1.000000000000000000e+00 1.395822237081683292e+00 5.015039550566705584e-01 1.684164508121637760e-01 1.174736778938392746e-03 3.494997509600600988e-02
1.000000000000000000e+00 2.934493133349035610e+00 4.934235763236506922e-01 1.547153369138783152e-01 1.355647999006502060e-03 3.849139724138544993e-02
1.000000000000000000e+00 1.744770257720268836e+00 4.962430290584621262e-01 1.717629448164010586e-01 2.486478587731068106e-03 3.646519414924956348e-02
1.000000000000000000e+00 1.135510170254907525e+00 4.947016977432504015e-01 1.654416718769684547e-01 1.824305526915903728e-03 5.255079275521182258e-02
1.000000000000000000e+00 1.662352759761232424e+00 5.102024021798413633e-01 1.702182659698044109e-01 2.203548722729725511e-03 6.925740227096609247e-02
1.000000000000000000e+00 4.461033774915778238e+00 4.883149360091463831e-01 1.491927769329514375e-01 1.373396935039112145e-03 1.043749219468474709e-02
1.000000000000000000e+00 4.678300531872098489e+00 4.974370075509705336e-01 1.536161506408345867e-01 8.957736304656340083e-04 6.357547150790741723e-03
1.000000000000000000e+00 2.169660330734166642e+00 5.030552838676326521e-01 1.682665280761695414e-01 5.399099231297487325e-04 8.870314126272942426e-03
1.000000000000000000e+00 4.895962964854373212e+00 4.827461428355830364e-01 1.500704446957694116e-01 3.471966317258010385e-04 6.661374612831428253e-03
1.000000000000000000e+00 4.143953404183978506e+00 5.245280791986077773e-01 1.837445512726387231e-01 6.443563314838543716e-04 3.294507843051496573e-03
1.000000000000000000e+00 2.824305676982514335e+00 5.087753324069765881e-01 1.676367412694109993e-01 7.319930159430079915e-04 4.411447717682684747e-03
1.000000000000000000e+00 3.588917155420167315e+00 4.862193131102606758e-01 1.522025206069402836e-01 1.103824226242993084e-03 4.688562811504880072e-03
1.000000000000000000e+00 3.854318070354549874e+00 4.912713076864053119e-01 1.533881376318258216e-01 8.581044516791790262e-04 3.723469218418698577e-03
1.000000000000000000e+00 3.737584800307408361e+00 5.180833901254738860e-01 1.855422603269267778e-01 8.343939254852351115e-04 3.760726021077370144e-03
1.000000000000000000e+00 2.404729073498319991e+00 5.126098381198853637e-01 1.789936699471498527e-01 1.191744001882820512e-03 3.705282989926231545e-03
1.000000000000000000e+00 3.550842040929998333e+00 4.813888321108819590e-01 1.632512132908514046e-01 1.446802338118500933e-03 2.888624080072546910e-03
1.000000000000000000e+00 3.700189250257566620e+00 5.132463709900576543e-01 1.684587765475558385e-01 6.184211797015149196e-04 5.345615992154247390e-03
1.000000000000000000e+00 4.238246393876613283e+00 4.955836449959921119e-01 1.769121134543201190e-01 8.435654700233203998e-04 4.425375745064358789e-03
1.000000000000000000e+00 2.157316880930345349e+00 5.027723582428228477e-01 1.749605399134412653e-01 1.152106086625021789e-03 3.773734166872973715e-03
1.000000000000000000e+00 3.102769463984995646e+00 4.953057656788250607e-01 1.738224756333220100e-01 9.405548277523492155e-04 3.714540897135529610e-03
1.000000000000000000e+00 2.690568677978028234e+00 4.861688486520256425e-01 1.641357526341830630e-01 1.027907683544021945e-03 2.998026960471590705e-03
1.000000000000000000e+00 3.124961660160558985e+00 5.112040637696270151e-01 1.658508649503845911e-01 1.373877127772169708e-03 5.026738107675463377e-03
1.000000000000000000e+00 3.782239272512947004e+00 5.095659050665659606e-01 1.831779689243223652e-01 5.477394724344261017e-04 1.138108955922087669e-03
1.000000000000000000e+00 2.400440405572885183e+00 4.880130713608862858e-01 1.597548867560245889e-01 9.172219519551052039e-04 1.279479113200438205e-03
1.000000000000000000e+00 3.042110137549328908e+00 4.906960475728225357e-01 1.541820493663652314e-01 1.455422725877785015e-03 1.680124426439700246e-05
1.000000000000000000e+00 2.775799325645059046e+00 4.987373947860416767e-01 1.739457334928221077e-01 6.601064986479899090e-04 1.711323380772871201e-05
1.000000000000000000e+00 3.079452201636170727e+00 4.814713233805359427e-01 1.583844535155176925e-01 1.129897139451253646e-03 1.324673220437801226e-05
1.000000000000000000e+00 2.595700300538993144e+00 5.040849512023103385e-01 1.616398068689259004e-01 1.591265832258704138e-03 9.462414003580141655e-06
1.000000000000000000e+00 1.436747922647897635e+00 4.982538814841702690e-01 1.671483546699135125e-01 1.896569106990384944e-03 5.116981322654634597e-06
1.000000000000000000e+00 1.658682214365794216e+00 5.065197110760830679e-01 1.713026538657718145e-01 1.549587035060364174e-03 5.670974550174956990e-06
1.000000000000000000e+00 1.618129328027433811e+00 5.057828100938422944e-01 1.686423364092236032e-01 1.680806258041433240e-03 5.479873486499524551e-06
1.000000000000000000e+00 1.766422027639434233e+00 5.057840765713195186e-01 1.712691624566450854e-01 1.299596148281551618e-03 3.400038267882228077e-06
1.000000000000000000e+00 3.080401833577214532e+00 4.842275887941741574e-01 1.634173549174533779e-01 1.310209457300350912e-03 5.459263600614233213e-06
1.000000000000000000e+00 5.707994557086506049e+00 4.827504706709925819e-01 1.450705522348826049e-01 1.278025718893588880e-03 6.452377678934754186e-06
1.000000000000000000e+00 4.060151840771365706e+00 4.763300611700267417e-01 1.516559711105586461e-01 1.311693166905017211e-03 5.802241667217893892e-06
1.000000000000000000e+00 4.164728552427976460e+00 5.218593167212723927e-01 1.706572642324315214e-01 2.063830394690019387e-03 4.422731293092675500e-06
1.000000000000000000e+00 1.491473256749428211e+00 5.071182204140759486e-01 1.683438835800737110e-01 3.061689062609333333e-03 4.679765252477181322e-06
1.000000000000000000e+00 1.957564999205269274e+00 4.961078897639514262e-01 1.683913967884860807e-01 1.098839697102589955e-03 5.758398842981750608e-06
1.000000000000000000e+00 1.357094935102558075e+00 5.000091743139780665e-01 1.649824110046904935e-01 2.228166308291730860e-03 4.014340537163572890e-06
1.000000000000000000e+00 2.432114201976849799e+00 5.107033523163163613e-01 1.681794235175494145e-01 1.342321009804853596e-03 3.637289782195931728e-06
1.000000000000000000e+00 2.297038707735961527e+00 4.928385996994580354e-01 1.557745678005916234e-01 2.335387480461144361e-03 4.403811577015164479e-06
1.000000000000000000e+00 1.908208211170429713e+00 5.133325229689869040e-01 1.734738743873318334e-01 2.260774337699822216e-03 6.607071955752654670e-06
1.000000000000000000e+00 2.065200171196180712e+00 4.924554765655930200e-01 1.676130816329091666e-01 1.698725304832605226e-03 1.441169695961924048e-05
1.000000000000000000e+00 1.995647495886454070e+00 5.148546101948673348e-01 1.738905413941553291e-01 2.815891013344356923e-03 2.152893986890402219e-05
1.000000000000000000e+00 1.892366482997429156e+00 4.931722994502600321e-01 1.588715295288816720e-01 2.103480612236908326e-03 4.625367834705218755e-05
1.000000000000000000e+00 1.689569787785216715e+00 5.012142280652041038e-01 1.627143438941067721e-01 2.503287240665862546e-03 4.703628692659764948e-05
1.000000000000000000e+00 2.256291362291545255e+00 4.939447790706986696e-01 1.695521855247569265e-01 2.691039366079331883e-03 1.408466824480900499e-05
1.000000000000000000e+00 2.261037220645158108e+00 5.049794114763488384e-01 1.645348820622674901e-01 1.405230938413860008e-03 2.316342493715516727e-05
1.000000000000000000e+00 4.557334018588404589e+00 4.929930471539412107e-01 1.739634878328844836e-01 3.212486742299065605e-03 5.093481880848815889e-06
1.000000000000000000e+00 4.408363933354438657e+00 4.738375659493465064e-01 1.549049807748328622e-01 1.987757544650731352e-03 7.202021780377331636e-06
1.000000000000000000e+00 1.859047252306977871e+00 5.025209323498416314e-01 1.628781423644879434e-01 2.151686737773845365e-03 1.375092619637366231e-05
1.000000000000000000e+00 2.321860189017711296e+00 4.946377823131047347e-01 1.653031563802014048e-01 4.415617892362925893e-03 1.365088421588594823e-06
1.000000000000000000e+00 2.291464321451223807e+00 4.959299836345499868e-01 1.654045625874573378e-01 4.570660135447364089e-03 1.268479636087616708e-06
1.000000000000000000e+00 2.740553460036593947e+00 5.130683800386401927e-01 1.695293309123297454e-01 4.980898091557814378e-03 4.744192701853227435e-07
1.000000000000000000e+00 3.370992566650252265e+00 4.877519918257590126e-01 1.514553939001822558e-01 4.678851505838111345e-03 4.478600308671259364e-07
1.000000000000000000e+00 2.554552552521408337e+00 4.896667191158400878e-01 1.527595905495929551e-01 2.177781992225610863e-03 2.947334148872077092e-07
1.000000000000000000e+00 2.334854814026075420e+00 4.894739334334832770e-01 1.634331058192290687e-01 2.608196374633766409e-03 1.590096725809922273e-07
1.000000000000000000e+00 2.979498802239377575e+00 4.871629702529086114e-01 1.652376660699642341e-01 5.671269141246950383e-04 8.851984824158641510e-08
1.000000000000000000e+00 3.226969433816346822e+00 5.088808843920166192e-01 1.795216973721837084e-01 1.857291426866370114e-04 7.338345241522767511e-08
1.000000000000000000e+00 4.172187779102095817e+00 4.820473560911658351e-01 1.639910609134986874e-01 4.711811804464336069e-05 4.457582166329646693e-08
1.000000000000000000e+00 2.757061721768874207e+00 5.006621781290545581e-01 1.655967239125943624e-01 3.908150696742673232e-05 5.076047249085216922e-08
1.000000000000000000e+00 2.540499554118675007e+00 4.960645301265899088e-01 1.664910599435129868e-01 2.864120275192651410e-05 6.492700766434074717e-08
1.000000000000000000e+00 2.607206380093155307e+00 5.021229406500204995e-01 1.724259646719633055e-01 3.313007513085125712e-05 6.406646468255538985e-08
1.000000000000000000e+00 2.742563612072285384e+00 5.072260250145770311e-01 1.740374468683783260e-01 3.075620855748679322e-05 2.477938192135212635e-08
1.000000000000000000e+00 3.728796564341935404e+00 4.984896006385233225e-01 1.762608889554148905e-01 3.505076927278904278e-05 4.442781855914992791e-08
1.000000000000000000e+00 3.954087612347318981e+00 4.857581700916961953e-01 1.546335422008021654e-01 4.617242426018883391e-05 4.416011659604798298e-08
1.000000000000000000e+00 3.157161546708979749e+00 5.068526680910092619e-01 1.782143725944396184e-01 7.311638401050511238e-05 7.022425000953923309e-08
1.000000000000000000e+00 2.474894414199024339e+00 4.994491072254628183e-01 1.679602568133616858e-01 6.843981060834962243e-05 6.773907969210268422e-08
1.000000000000000000e+00 3.781018027991658315e+00 5.171243024474015959e-01 1.762171847322542284e-01 3.535329271885496544e-05 8.215366351668057277e-08
1.000000000000000000e+00 3.670997704664727745e+00 5.094090779093655152e-01 1.675682223824369044e-01 3.864254479359950189e-05 6.249823740160952252e-08
1.000000000000000000e+00 2.677977110594502719e+00 5.040665932101966451e-01 1.737497844892101628e-01 3.246296558521797194e-05 9.306534643409869876e-08
1.000000000000000000e+00 3.472871853028003386e+00 4.853565642256079116e-01 1.641910156785862662e-01 3.913871377295518694e-05 1.325913387782543297e-07
1.000000000000000000e+00 3.334409376696437999e+00 5.121733850940320965e-01 1.724952207737097121e-01 3.235163441436503148e-05 3.921090629384270022e-08
1.000000000000000000e+00 2.577006220724546548e+00 4.954907472612047337e-01 1.666483139884345488e-01 4.037461699090196270e-06 3.545915052424708912e-08
1.000000000000000000e+00 3.122065510792342735e+00 4.872823530307969220e-01 1.604488522737590461e-01 6.146391890281866462e-06 3.285223133681737685e-08
1.000000000000000000e+00 3.823906583980245522e+00 5.181333613438086072e-01 1.811603842486273208e-01 6.482857703936548868e-06 6.316005547686736536e-08
1.000000000000000000e+00 3.110736549440547005e+00 5.111988663575234293e-01 1.736351413273138633e-01 6.158792321515512513e-06 3.512045037891892899e-08
1.000000000000000000e+00 2.812132909196125130e+00 4.932237851920093230e-01 1.622897944077207055e-01 1.065566955486838558e-05 3.223686068702829890e-08
1.000000000000000000e+00 2.867594932692226539e+00 5.024032304889860523e-01 1.745789598240771179e-01 5.848600723489447377e-06 4.354226215534086409e-08
1.000000000000000000e+00 2.686396928410220042e+00 4.928541803032805979e-01 1.653662333094050030e-01 1.618719672059515559e-06 5.597888306898496416e-08
1.000000000000000000e+00 5.024008556037586004e+00 5.144686225896389908e-01 1.672079437110177702e-01 1.453931197972388898e-06 5.744159422042427928e-08
1.000000000000000000e+00 5.219731578984013964e+00 4.989125392601922448e-01 1.794270384859205925e-01 7.340923061805676562e-07 4.694949733595983791e-08
1.000000000000000000e+00 4.414271069251622492e+00 5.206430527688803434e-01 1.770730007736511791e-01 8.679969931209491990e-07 3.375891107069511628e-08
1.000000000000000000e+00 6.283403239428150933e+00 5.298859117193654988e-01 1.812195879416194089e-01 1.344574092309280154e-06 5.443634113071839073e-08
1.000000000000000000e+00 2.635696882116072004e+00 5.000647814195670060e-01 1.708953423128776461e-01 8.187283642428053505e-07 6.495070619383729868e-08
1.000000000000000000e+00 3.383650286995627532e+00 5.144811415886818562e-01 1.774812033228140851e-01 1.221582833205417100e-06 1.305294387330189420e-07
1.000000000000000000e+00 2.968284061447937994e+00 5.100384142723273229e-01 1.753423416162340764e-01 1.788100505182189067e-06 1.663975990997801967e-07
1.000000000000000000e+00 3.700888821539997320e+00 4.821714936638884508e-01 1.595499619112829559e-01 1.969760428815969491e-06 9.279299683058646706e-08
1.000000000000000000e+00 3.098107340762770168e+00 4.882830273571103774e-01 1.599769681513524000e-01 1.204999926836239683e-06 1.186019081201494954e-07
1.000000000000000000e+00 3.407102122547827960e+00 4.878869725339168850e-01 1.663660905152891667e-01 1.124775361252743512e-06 1.548303258566878309e-07
1.000000000000000000e+00 6.630256858909974405e+00 5.247082354783910718e-01 1.726481208294339265e-01 8.757416420618765040e-07 9.581536260494651472e-08
1.000000000000000000e+00 1.074854213622539589e+01 5.361936872859472958e-01 2.035390856175674501e-01 9.539745050734930737e-07 1.784945432201048675e-07
1.000000000000000000e+00 3.221093160354825180e+00 5.019468346985229701e-01 1.757517434380502508e-01 1.286629448995604416e-06 1.285494380559778887e-07
1.000000000000000000e+00 3.110179292670778750e+00 4.975206316904637327e-01 1.616557885487860391e-01 9.930062822728911279e-07 1.075061208458956816e-07
1.000000000000000000e+00 2.643693549990154601e+00 4.938137238093323056e-01 1.659115080500745965e-01 5.470698907965941064e-07 1.921746878304574271e-07
1.000000000000000000e+00 2.654848946024217504e+00 5.010798014885565754e-01 1.716501711071921898e-01 7.119697488245760668e-07 2.235864641838041281e-07
1.000000000000000000e+00 3.758258549575228535e+00 4.821811587038699054e-01 1.607490683655339869e-01 6.348257242536300145e-07 1.036481291807963975e-07
1.000000000000000000e+00 3.527536991535267674e+00 4.835405171131738067e-01 1.607945564372994240e-01 4.044254074316814915e-07 8.567303477747822122e-08
1.000000000000000000e+00 5.733442108246658009e+00 4.857725180316783686e-01 1.717886898033241239e-01 3.003920942862117754e-07 5.324925684797459455e-08
1.000000000000000000e+00 6.361035534023695703e+00 5.276928122317607883e-01 1.774960510971406169e-01 3.878160120474974524e-07 2.482075007589121468e-08
1.000000000000000000e+00 3.560559128705429011e+00 5.115567343747297047e-01 1.703089948588353830e-01 4.936592817384074573e-07 3.145587283920915485e-08
1.000000000000000000e+00 4.043599042648845732e+00 5.178460672501170592e-01 1.754237354614958666e-01 3.064176306862731803e-07 4.515608483380831231e-09
1.000000000000000000e+00 4.434201512553171298e+00 4.805381474498400807e-01 1.533549046267705662e-01 1.673258283485147340e-07 1.029908855204008155e-09
1.000000000000000000e+00 4.298504573162537312e+00 4.849907884817318271e-01 1.675985895888945365e-01 1.243370757836522157e-07 1.267252597734901286e-09
1.000000000000000000e+00 4.221754292274765952e+00 4.947898782998199629e-01 1.565672874005382131e-01 1.601328682583539357e-07 1.425009556285367334e-09
1.000000000000000000e+00 3.141730801800617812e+00 4.990371340000095968e-01 1.742256476577796753e-01 1.682008138966563941e-07 6.029628849548701463e-10
1.000000000000000000e+00 2.577470708373556185e+00 4.956130600996700442e-01 1.670089455398578726e-01 1.768734354581676267e-07 3.441846193577270819e-10
1.000000000000000000e+00 2.621002924684612267e+00 5.011100605554765774e-01 1.678036066376091817e-01 4.168982348515282905e-08 5.920412834337802364e-10
1.000000000000000000e+00 5.905294377163951225e+00 5.278158155602016288e-01 1.914676273732448808e-01 5.398401329779397032e-08 1.382211064663803726e-10
1.000000000000000000e+00 5.187047042303601252e+00 4.989048767851220201e-01 1.559986845875117878e-01 6.601463188001325769e-08 1.534934975338387674e-10
1.000000000000000000e+00 6.161728893906978755e+00 5.317357341875121879e-01 1.881363975410998701e-01 8.175972191626579992e-08 1.423219738824817992e-10
1.000000000000000000e+00 3.952672737744622022e+00 4.864737444441826764e-01 1.551722042461337325e-01 7.614235994298526281e-08 1.375707381300254729e-10
1.000000000000000000e+00 2.633243041644533378e+00 4.955395345460612555e-01 1.648422142215847097e-01 1.771076215514052949e-07 1.396806929498633766e-10
1.000000000000000000e+00 2.968381454160937238e+00 4.944679512811444577e-01 1.615405044581926797e-01 2.118224250956572925e-07 1.104988033984663623e-10
1.000000000000000000e+00 4.523525837321513698e+00 4.910149403456579575e-01 1.541376834194119194e-01 3.281387284869689462e-07 7.108395259355586452e-11
1.000000000000000000e+00 3.814768418152346463e+00 5.176319096000838726e-01 1.772820027699109346e-01 3.945601970271191170e-07 9.040925193643314321e-11
1.000000000000000000e+00 3.955145976880842795e+00 5.156277846236341222e-01 1.829006454119190273e-01 4.155417531520633585e-07 5.929696866299787463e-11
1.000000000000000000e+00 2.973118433726566590e+00 5.101734672488709155e-01 1.743211299615429755e-01 2.150694133030797384e-07 2.722276464844379102e-11
1.000000000000000000e+00 3.849776439713876286e+00 4.831951597963040079e-01 1.558616884105122891e-01 2.182433649810291666e-07 2.494119626426526346e-12
1.000000000000000000e+00 2.781330740262871970e+00 4.922813200134603662e-01 1.666461659331779366e-01 1.956887858222331598e-07 2.945009288204001971e-12
1.000000000000000000e+00 3.555384149639139402e+00 5.020304657258232162e-01 1.627587104286931374e-01 8.321124814895222882e-08 3.858847521873235924e-12
1.000000000000000000e+00 3.591667239915445453e+00 4.831834025141577005e-01 1.585102914201209079e-01 8.688878592017811245e-08 2.670590708168258131e-12
1.000000000000000000e+00 3.345965139050443682e+00 4.866425426422956169e-01 1.585752318583376619e-01 5.476757542296918246e-08 1.204439939602876112e-12
1.000000000000000000e+00 2.683909303099054178e+00 4.928795946004361772e-01 1.656620515961716444e-01 9.506853747790745403e-08 1.022520338819329815e-12
1.000000000000000000e+00 4.233089799226007699e+00 4.850676524126804612e-01 1.538882329111812275e-01 1.131333825851895537e-07 1.578512362228804773e-12
1.000000000000000000e+00 3.960697870999273285e+00 4.943975616089492098e-01 1.741890306231942409e-01 1.322857049620919796e-07 1.929389236768952966e-12
1.000000000000000000e+00 2.786054680883807144e+00 4.962858606104860182e-01 1.635545683134609629e-01 9.764702834138306013e-08 2.592049482315811264e-12
1.000000000000000000e+00 3.096580359089362133e+00 5.105945691072345527e-01 1.729263451492066839e-01 1.222325254093766921e-07 1.386433533280958220e-12
1.000000000000000000e+00 4.960412180772988400e+00 4.966815560228328152e-01 1.553763376573923660e-01 1.470747298987591927e-07 1.401411129431958220e-12
1.000000000000000000e+00 2.551294819024974458e+00 4.983055315692311305e-01 1.693546697484901997e-01 1.066766196535535927e-07 1.257156267378193589e-12
1.000000000000000000e+00 2.575398567085491752e+00 5.023970333137196542e-01 1.697393273669074720e-01 1.127121107094473597e-07 5.317036608622481618e-13
1.000000000000000000e+00 2.986844008000600237e+00 4.895485167613962130e-01 1.610158888517249365e-01 1.479525039784973825e-07 7.407691011079362021e-13
1.000000000000000000e+00 4.283148298912942131e+00 5.213183705508793730e-01 1.832839415993205712e-01 9.227528723425171910e-08 7.076344139995591066e-13
1.000000000000000000e+00 2.727668467226294524e+00 4.992767519333091708e-01 1.653710035711867254e-01 1.625995069042602351e-07 8.910914072339364849e-13
1.000000000000000000e+00 3.291675352820967682e+00 5.129004845348178465e-01 1.744329461709499263e-01 9.781310994992607810e-08 1.283191502035600778e-12
1.000000000000000000e+00 3.694271436293854016e+00 5.145680262286604911e-01 1.820535877672592173e-01 7.106242248063079371e-08 2.158880040607664456e-12
1.000000000000000000e+00 3.139806125252674995e+00 4.979395409477413437e-01 1.622189525685339140e-01 6.301532542493958146e-08 6.567193648826760721e-14
1.000000000000000000e+00 4.168581122788530102e+00 5.038037093304633673e-01 1.806559114343723738e-01 1.687714383603309494e-08 7.696285916311912187e-14
1.000000000000000000e+00 5.944804778973447057e+00 5.140715130068581606e-01 1.894734514617294474e-01 1.602000227213452145e-08 7.915917527354495695e-14
1.000000000000000000e+00 2.840425051634661191e+00 4.985557745599512036e-01 1.726608078036276916e-01 1.737186321736478196e-08 7.902202703719262868e-14
1.000000000000000000e+00 3.797368108571899548e+00 5.039551441117479103e-01 1.796290918835298511e-01 1.460562186659845395e-08 1.269773645989242020e-13
1.000000000000000000e+00 3.257652972404144531e+00 4.928925942981993158e-01 1.707427270728843760e-01 3.573152185837836607e-08 5.997102411468520510e-14
1.000000000000000000e+00 5.033710558192992401e+00 4.992100433762488021e-01 1.801570539555271966e-01 2.844787873045381602e-08 6.414392340251471088e-14
1.000000000000000000e+00 3.372836330448542697e+00 4.906696924805332705e-01 1.584647072624523478e-01 5.347274279142264909e-08 6.415392877491064749e-15
1.000000000000000000e+00 3.646812943910689775e+00 5.169489743202632104e-01 1.787635352616286366e-01 4.715390593367151315e-08 5.067344585517838258e-15
1.000000000000000000e+00 3.346717669496054981e+00 4.950399444945189353e-01 1.727622687833835213e-01 2.920304656676731924e-08 2.674428557820071849e-15
1.000000000000000000e+00 3.029175365299082934e+00 5.061723909236104380e-01 1.773182970704293426e-01 2.665395914024115907e-09 3.683069463664212568e-15
1.000000000000000000e+00 3.036531958552306065e+00 4.909420162979171720e-01 1.679514801179373129e-01 3.139019621021497896e-09 1.491153913561223680e-15
1.000000000000000000e+00 3.245308007883171975e+00 4.958574700511230171e-01 1.608970245174820568e-01 4.098696512977305802e-09 2.018667115882512746e-15
1.000000000000000000e+00 2.790147790666694938e+00 4.991925164069025977e-01 1.651417812799750029e-01 4.043289048416374826e-09 8.149378612167068904e-16
1.000000000000000000e+00 3.450079649808865057e+00 4.880783850576997929e-01 1.674763904207450527e-01 4.257889707907755226e-09 1.505710671007427484e-15
1.000000000000000000e+00 5.192718997951166315e+00 4.746710740573449883e-01 1.525994398215313463e-01 7.249275221849933832e-09 1.349615879736834799e-15
