1.000000000000000000e+00 9.460008339827174950e+02 4.850763559654830415e-01 1.466814064499921411e-01 1.340399114457565902e-09 3.563562212659990531e-22
1.000000000000000000e+00 9.335992954087302564e+01 6.466920512034253221e-01 2.246355339656056493e-01 4.727281765721565859e-03 8.933327422624245950e-03
1.000000000000000000e+00 2.355623737420209096e+01 5.212546024764507235e-01 2.068428441402795082e-01 6.568398361062270825e-03 9.384511178914388407e-03
1.000000000000000000e+00 6.817073408969767101e+00 5.006196134676812459e-01 1.846610649868731802e-01 3.179122685202529636e-04 1.487096595562176736e-02
1.000000000000000000e+00 2.549512119199615512e+00 4.998122513027500879e-01 1.736035224053288917e-01 3.466877502177945539e-04 2.651786969244811568e-02
1.000000000000000000e+00 2.659200774253461574e+00 5.018614340458577017e-01 1.666491082864089979e-01 1.386114546670683904e-04 1.123254755035243101e-02
1.000000000000000000e+00 3.990720748985332911e+00 5.043915818990805100e-01 1.808837113205592761e-01 7.779673725420146665e-05 6.525231970340246782e-03
1.000000000000000000e+00 2.447334565482573776e+00 4.989138077899753498e-01 1.666011893576537783e-01 1.653469512073633626e-04 6.209228081339407228e-03
1.000000000000000000e+00 2.492253263712608025e+00 4.975876807573267335e-01 1.699898023567638361e-01 1.142845242136241883e-04 7.421934653496707959e-03
1.000000000000000000e+00 3.113787398443303545e+00 4.997178699590402728e-01 1.751011094268341006e-01 9.675999378217314362e-05 3.061926407428895713e-04
1.000000000000000000e+00 3.685972855275311488e+00 4.864999620463688612e-01 1.673095464523235432e-01 1.208079503321282146e-04 5.228742991398610974e-04
1.000000000000000000e+00 2.399213131596378723e+00 5.008256903471097754e-01 1.703960583122056671e-01 1.556507695730843105e-04 1.870374599156057944e-04
1.000000000000000000e+00 3.759696641264058670e+00 4.954615331809772982e-01 1.578579258484959780e-01 1.457767357758384986e-04 2.803104954620023494e-04
1.000000000000000000e+00 4.438262173195199445e+00 4.768709054382020418e-01 1.569363588580701130e-01 2.012417713649722285e-04 3.340075675103030628e-04
1.000000000000000000e+00 5.109184058022093744e+00 5.274235815983414621e-01 1.853332002996604388e-01 1.651166496288573632e-04 7.460035084727383806e-05
1.000000000000000000e+00 2.710295399243412895e+00 5.081854794294966560e-01 1.722344973402987478e-01 1.420765628072381370e-04 5.384582651962193278e-05
1.000000000000000000e+00 2.775692275148517130e+00 4.902449872036325762e-01 1.615632557227675292e-01 1.319031246319257657e-04 4.402564243326701783e-05
1.000000000000000000e+00 3.025680890224143216e+00 4.872334173746079022e-01 1.610261958864465659e-01 9.886515775935493283e-05 1.469327757672204431e-05
1.000000000000000000e+00 2.585520421485408171e+00 5.022623611694978507e-01 1.714254649863032332e-01 3.050614414451654956e-06 1.063792060856009931e-05
1.000000000000000000e+00 2.589802368843663771e+00 4.956627526724778909e-01 1.655465616715129373e-01 4.238551578639347099e-06 9.170492112100717182e-06
1.000000000000000000e+00 3.348789110205270259e+00 4.918988387072574242e-01 1.699552455090090897e-01 5.970057395879299348e-06 1.576262026720754298e-05
1.000000000000000000e+00 2.887962739194044559e+00 4.907931547898125579e-01 1.615926899259599314e-01 4.661018438511937504e-06 1.142971389923543084e-05
1.000000000000000000e+00 2.526879092974597452e+00 4.995763032503579559e-01 1.692681561592908335e-01 7.124796812598671700e-06 9.290447949587375207e-06
1.000000000000000000e+00 4.847261244956674098e+00 5.160389324200627126e-01 1.693893742567683935e-01 8.372861802158269005e-06 4.728772707129489034e-06
1.000000000000000000e+00 4.689930232235774987e+00 4.792323651399687523e-01 1.625414310629915982e-01 8.181620040802042371e-06 7.733780758041902979e-06
1.000000000000000000e+00 3.817939447920383422e+00 5.078523447471771091e-01 1.806292661255549659e-01 1.268950900815177631e-05 1.350375000406989600e-05
1.000000000000000000e+00 3.104150491639445786e+00 4.901543564097864403e-01 1.669241448413256723e-01 1.405794952887775716e-06 1.826580738696801805e-05
1.000000000000000000e+00 3.163789837168219155e+00 5.005724101338541177e-01 1.748305913905244535e-01 2.247460243553793917e-06 3.578110009523498595e-05
1.000000000000000000e+00 4.940818143534495555e+00 5.198721409865019183e-01 1.861326149958369147e-01 1.562347916089706316e-06 5.599671951392413955e-05
1.000000000000000000e+00 6.540243952065718069e+00 4.706056080972716438e-01 1.479124967194020146e-01 1.043974468197147559e-06 3.917634143827949738e-05
1.000000000000000000e+00 6.736942764275152484e+00 4.768872026579644707e-01 1.655699692535785861e-01 9.517711943931437205e-07 5.934858524108215346e-05
1.000000000000000000e+00 7.089073049191864762e+00 4.994716417260605112e-01 1.828252841288770247e-01 1.045255554007494014e-06 7.327814062806526241e-05
1.000000000000000000e+00 4.602009383303379941e+00 4.888575855467171549e-01 1.525301658726262444e-01 1.784471394775466093e-06 1.294368756654655115e-04
1.000000000000000000e+00 3.428501284200589083e+00 5.058857544442446619e-01 1.759046177682860312e-01 3.510211561712346009e-06 1.169341677215377645e-04
1.000000000000000000e+00 3.786743039168638081e+00 5.136251927851794852e-01 1.702085698701354677e-01 2.874015381679137600e-06 1.461646168022956861e-04
1.000000000000000000e+00 4.220308359092182826e+00 4.977111254731276246e-01 1.574772348697665580e-01 2.667492160184888889e-06 9.261678239503871239e-05
1.000000000000000000e+00 3.892170983003717666e+00 4.867043006706529007e-01 1.551537574314603429e-01 3.427149972155088541e-06 5.024668028172585505e-06
1.000000000000000000e+00 2.649887256017792403e+00 5.049848756657142612e-01 1.721403275554002354e-01 3.838260859173927792e-06 8.340245719935790707e-06
1.000000000000000000e+00 3.160186839784173696e+00 5.119444503828978199e-01 1.776692132973078930e-01 5.059874870152585510e-06 7.936155600224594400e-06
1.000000000000000000e+00 3.414377731009480499e+00 5.067004121836931052e-01 1.790101805106749933e-01 6.298103449367803742e-06 7.623044046765722456e-06
1.000000000000000000e+00 2.714521929377326170e+00 5.056272171299008855e-01 1.707653735382380356e-01 5.976926027825702090e-06 9.701186540156645462e-06
1.000000000000000000e+00 2.807326681359296305e+00 4.927526654557399799e-01 1.622769004646787139e-01 9.224241627500988692e-06 4.988151621946392134e-06
1.000000000000000000e+00 3.375178137608902951e+00 5.102764638796162266e-01 1.798289927899537621e-01 6.421371174614332546e-06 4.543993190682836561e-06
1.000000000000000000e+00 3.266949790708980395e+00 4.937455949817718404e-01 1.711600096052236786e-01 3.625028950557304274e-06 4.400135930610042571e-06
1.000000000000000000e+00 3.948204095703151228e+00 4.862182978148719137e-01 1.674031597579531128e-01 4.508483568048798218e-06 6.719019166540233194e-06
1.000000000000000000e+00 4.310950323301584675e+00 4.851065442263111649e-01 1.533261258390554715e-01 5.916427870675275308e-06 5.413590896966081039e-07
1.000000000000000000e+00 3.869578890515450453e+00 5.104610118094884408e-01 1.678075082145702723e-01 5.538241724870392342e-06 7.053848126488854903e-07
1.000000000000000000e+00 3.705605443432169022e+00 5.170529121603809619e-01 1.800453030612780281e-01 1.680043689430013629e-06 1.444837119914921570e-06
1.000000000000000000e+00 3.319777420643809762e+00 4.958860436798729898e-01 1.600708912480635349e-01 1.083851310741391522e-06 4.106146091999568301e-07
1.000000000000000000e+00 2.922409857800488009e+00 4.906194992685254941e-01 1.659628530286164916e-01 1.482574603510432313e-06 2.074626596814888447e-07
1.000000000000000000e+00 2.936829818350222610e+00 4.955516482157908964e-01 1.618457967404206832e-01 7.115837011701440922e-07 2.268666597605157278e-07
1.000000000000000000e+00 2.629385805278640298e+00 4.946091067285406373e-01 1.670882026310861745e-01 2.465254628373197299e-07 3.760204663994167429e-07
1.000000000000000000e+00 3.082591525612548011e+00 5.100935523660783399e-01 1.722065245353751883e-01 3.117673992814948100e-07 4.233763914853828148e-07
1.000000000000000000e+00 5.961254948381641050e+00 5.056038813278446176e-01 1.579771191663337238e-01 5.501546942406443040e-07 9.623571578121085148e-08
1.000000000000000000e+00 3.599482930179379370e+00 4.846848560777411996e-01 1.638767630786097107e-01 2.549595497700211417e-07 3.150925061036508751e-08
1.000000000000000000e+00 3.076105448801191411e+00 4.878979758789134258e-01 1.607703540006100718e-01 1.718580164871826012e-07 2.641030468469551665e-08
1.000000000000000000e+00 3.525089965957009408e+00 5.124039536514477522e-01 1.715700368699723255e-01 3.289534427236655461e-07 4.305436858567089381e-08
1.000000000000000000e+00 4.342309428182515418e+00 5.218884536355039572e-01 1.817030979166367743e-01 1.713592115052080009e-07 6.812808846286319344e-08
1.000000000000000000e+00 2.785772445282990173e+00 5.070509012315674857e-01 1.745833123783500362e-01 1.563977962122967345e-07 8.941851978856826200e-08
1.000000000000000000e+00 2.549009052125723596e+00 4.970545385690693374e-01 1.669607417654955239e-01 9.170372553943291276e-08 9.509918233026985426e-08
1.000000000000000000e+00 2.845284245189671601e+00 4.956218972591830974e-01 1.629702526009920438e-01 3.100832135396174961e-08 1.287318991584613572e-07
1.000000000000000000e+00 8.330670340638114624e+00 4.922175936757378634e-01 1.811751642893256187e-01 3.184114752561503674e-08 9.785519119481417957e-08
1.000000000000000000e+00 9.101995063916699991e+00 5.134361460355827411e-01 1.574100208526018618e-01 1.968499363039262264e-08 6.798490922795326563e-08
1.000000000000000000e+00 5.525292331439467297e+00 5.179521452279787219e-01 1.694221981841185498e-01 2.055063772909037564e-08 2.944444425665362808e-08
1.000000000000000000e+00 6.565577274871059466e+00 4.715474015138930719e-01 1.475132622742686139e-01 3.912340482775209054e-08 2.833740926897783587e-08
1.000000000000000000e+00 5.033434943549129237e+00 4.767308990215317066e-01 1.608865626248609793e-01 4.266084457369792704e-08 1.647484655676832944e-08
1.000000000000000000e+00 2.737071472889144097e+00 5.064234797722856340e-01 1.719156567976060090e-01 4.448934747631274891e-08 1.119941072549927187e-08
1.000000000000000000e+00 4.228637361843617271e+00 4.896796680126888068e-01 1.547883129321277751e-01 6.471586082791425259e-08 1.843163564006857810e-08
1.000000000000000000e+00 2.802620059023950727e+00 5.061708981634067683e-01 1.704647292614252241e-01 5.628860765205872697e-08 1.204377900364105140e-08
1.000000000000000000e+00 3.047825207382521384e+00 4.886499591222592254e-01 1.649683239570667870e-01 6.509598868738332918e-08 1.772061126261698885e-08
1.000000000000000000e+00 2.936175564569647456e+00 4.992575039967627193e-01 1.735080013818697808e-01 6.558849564751511776e-08 2.579982978130669895e-08
1.000000000000000000e+00 3.090702357106531295e+00 4.937748895561919205e-01 1.607121144289783976e-01 8.525914479836773028e-08 1.651159550501455845e-08
1.000000000000000000e+00 3.129666282579540493e+00 4.870544029207348191e-01 1.629482865586804885e-01 1.296981149469483889e-07 1.989584860973452250e-08
1.000000000000000000e+00 3.344981298014322757e+00 4.879297540729632954e-01 1.663760150153845152e-01 1.333595732258532991e-07 1.455992972107053196e-08
1.000000000000000000e+00 3.436749077220749626e+00 5.143705303480021751e-01 1.799078586584581807e-01 7.519959714340173065e-08 8.037377661787449343e-09
1.000000000000000000e+00 4.256443218209444268e+00 4.786759374024388558e-01 1.568813764771742614e-01 2.952791637388435090e-08 4.579901345390248478e-09
1.000000000000000000e+00 2.783030973473721303e+00 4.961484096935043220e-01 1.706049029218600077e-01 2.420476814949564356e-08 4.460593132575020572e-09
1.000000000000000000e+00 2.974107195245695223e+00 5.003094851903795437e-01 1.644952552960502190e-01 2.565848723828095292e-08 7.124806761976298647e-09
1.000000000000000000e+00 3.443206205956091726e+00 5.148561806929019546e-01 1.764050799913111645e-01 5.109167143253604062e-08 8.774270399502483804e-09
1.000000000000000000e+00 4.705186170065354112e+00 5.241321925150098648e-01 1.845409372917861390e-01 4.242621253710123632e-08 1.968543005414131235e-09
1.000000000000000000e+00 2.716093367653909851e+00 5.036990821635738413e-01 1.739601730749054664e-01 5.542698725233244156e-08 1.120173869138626991e-10
1.000000000000000000e+00 2.676162680192393228e+00 4.987498831555824963e-01 1.714482582671345012e-01 4.245545640589982128e-08 5.501009102371848004e-11
1.000000000000000000e+00 2.876827300299396484e+00 5.013602407408965789e-01 1.743573269271815052e-01 3.738510929271828641e-08 3.883951395120079869e-11
1.000000000000000000e+00 4.484460680071946648e+00 4.991263703042853050e-01 1.788083377995711432e-01 3.979043867062910625e-08 7.780778244226303570e-11
1.000000000000000000e+00 2.910967320475399855e+00 5.004840449055987239e-01 1.649792185681857593e-01 2.680783599659015462e-08 6.920518318944107583e-11
1.000000000000000000e+00 3.042010543951326973e+00 4.979920353122182508e-01 1.628132392251719074e-01 2.896758678818768452e-08 4.834056810893455833e-11
1.000000000000000000e+00 6.377516450423918570e+00 5.242506471547764280e-01 1.734266387941446608e-01 3.852636689816107477e-08 8.570503391646956647e-11
1.000000000000000000e+00 2.628324468577666995e+00 4.990187517981725107e-01 1.710960810992140924e-01 5.303065425983134267e-08 9.385842343741304365e-11
1.000000000000000000e+00 3.360129943526742213e+00 5.136618075669724393e-01 1.795216015908899510e-01 4.981827737991550769e-08 8.839043932390854039e-11
1.000000000000000000e+00 3.659465039184336632e+00 4.933252636258489976e-01 1.726616861372409217e-01 3.584545369287099524e-08 9.043909297481233724e-11
1.000000000000000000e+00 3.567325403022460151e+00 5.125450867737900706e-01 1.813700633909783033e-01 4.812882545780489095e-08 8.540281430707144724e-11
1.000000000000000000e+00 3.477781708598891797e+00 4.856590811921339679e-01 1.645690252447762347e-01 6.354375925442413576e-08 1.508858551081117049e-11
1.000000000000000000e+00 5.161814211304640132e+00 4.745146228854611459e-01 1.572365388855139212e-01 9.796352517308960821e-08 2.078964765445056959e-11
1.000000000000000000e+00 4.099883236859974467e+00 5.200671509356894484e-01 1.826063075338852648e-01 7.659090624658726931e-08 2.825391034594082735e-12
1.000000000000000000e+00 4.114269349869003278e+00 4.875869461539377725e-01 1.693262261962079351e-01 1.582367392562914131e-07 3.485624847401218455e-12
1.000000000000000000e+00 4.657389324013034404e+00 5.080541931107415143e-01 1.632177238886769188e-01 1.528940681223831858e-07 6.795453852882568823e-12
1.000000000000000000e+00 6.432580981531382136e+00 5.107291701667805439e-01 1.885529838100599154e-01 2.081059283513648053e-07 1.779313759366402519e-12
1.000000000000000000e+00 3.730448842335545745e+00 4.930108856601460587e-01 1.574089705723609733e-01 3.577545557940328683e-07 2.710553156210742445e-12
1.000000000000000000e+00 4.483935590570703233e+00 5.131012505126072432e-01 1.842841932310894937e-01 6.866085072269008193e-07 9.370090159962344585e-13
1.000000000000000000e+00 4.143864062343752153e+00 4.793043955279652768e-01 1.577506170905365601e-01 2.081607802850801645e-07 6.792609694715423473e-13
1.000000000000000000e+00 5.814429081637281449e+00 5.069035831129236058e-01 1.855951528977715370e-01 1.777552841762795376e-07 9.445982944595572444e-13
1.000000000000000000e+00 2.710507374047272933e+00 4.939253355644398491e-01 1.677395337274558140e-01 1.361288250047532988e-07 9.357860119023092125e-13
1.000000000000000000e+00 2.618520355562959701e+00 4.973674738321092748e-01 1.657140227151377154e-01 3.816124002206770020e-08 1.646837931233527570e-12
1.000000000000000000e+00 2.827683775485765327e+00 4.962185034938461636e-01 1.632535825616702463e-01 6.780009883401481494e-08 1.463922478659501052e-12
1.000000000000000000e+00 2.775835241380949281e+00 5.040493787802401426e-01 1.684716424153114012e-01 1.182266152122097287e-07 2.625900147673294453e-12
1.000000000000000000e+00 2.551069911584050054e+00 4.966086903788957119e-01 1.673238116885472915e-01 1.342647611844088646e-07 4.433232691262643486e-12
1.000000000000000000e+00 4.948251097954892153e+00 5.221532981632022175e-01 1.763977648555943023e-01 9.008768886161111110e-08 4.011850392415282427e-12
1.000000000000000000e+00 6.315899448016384810e+00 5.095066261101515170e-01 1.600863344054988813e-01 6.573165845553676690e-08 4.105105305230192914e-12
1.000000000000000000e+00 7.016204513921143970e+00 4.686366000216888317e-01 1.475120312271419876e-01 5.716597642013940898e-08 3.492487462528212538e-12
1.000000000000000000e+00 3.499964778047940150e+00 4.886359614452880917e-01 1.574730771848439070e-01 8.200031140964932297e-08 2.112045416471928491e-12
1.000000000000000000e+00 3.391928061092313040e+00 5.129771074695754773e-01 1.799013208101403749e-01 1.439715629242221727e-07 2.216451351742056389e-12
1.000000000000000000e+00 2.992015995854661714e+00 5.001797211744215543e-01 1.740400110606684647e-01 2.525489065112246941e-07 1.738389559555904234e-12
1.000000000000000000e+00 5.492626418557485124e+00 4.747574206642076189e-01 1.504003784501871388e-01 4.347131909256518826e-07 7.914113078473755330e-13
1.000000000000000000e+00 3.543007437990166153e+00 5.036950675507145814e-01 1.636820814892073761e-01 4.299349306422432263e-07 6.832633284401814218e-13
1.000000000000000000e+00 8.032639503840224293e+00 5.254051961735934917e-01 1.697461716196532466e-01 6.188664057700697513e-07 1.031577607264341095e-12
1.000000000000000000e+00 6.832648571387630376e+00 5.053941067741259952e-01 1.559306433206270326e-01 9.892431671459831470e-07 1.255744672294005986e-12
1.000000000000000000e+00 5.231566331457589314e+00 4.963722362623858020e-01 1.544723639381329061e-01 3.293157177905609576e-07 1.473609279896185043e-12
1.000000000000000000e+00 4.309928817390188627e+00 4.854007958321887584e-01 1.677948095797469341e-01 3.477244359478692951e-07 9.686846850469431325e-13
1.000000000000000000e+00 2.863126699212088067e+00 5.047511735362391061e-01 1.681060062458349380e-01 4.538477567517041174e-07 1.203935605253950047e-12
1.000000000000000000e+00 2.642510902294570307e+00 5.018254838709417243e-01 1.719297439884347467e-01 5.591537236690137596e-07 7.985509452309208829e-13
1.000000000000000000e+00 3.096024091244800935e+00 5.077678381752965819e-01 1.771181810735585616e-01 5.748892329399119113e-07 4.605286537256096506e-13
1.000000000000000000e+00 3.059536136147944507e+00 5.104581445454238198e-01 1.768303981842996586e-01 3.796185025481246282e-07 4.421370874601519544e-13
1.000000000000000000e+00 3.867941007869893699e+00 5.175034935552027537e-01 1.815742576092186367e-01 5.282740199393426762e-07 4.126093851495247342e-13
1.000000000000000000e+00 4.223980452440907918e+00 5.187258416160245300e-01 1.843186975262204319e-01 2.578511928732949181e-07 2.684271517373542077e-13
1.000000000000000000e+00 4.982172588903958754e+00 4.806725051048419961e-01 1.510003884501034399e-01 2.196842620006247078e-07 4.804196681229656900e-13
1.000000000000000000e+00 5.796892207123479857e+00 4.725447269417954455e-01 1.575370713371505305e-01 2.517700308002760803e-07 4.275155284364149449e-13
1.000000000000000000e+00 3.912779553964112367e+00 5.186796019743555863e-01 1.786830649573032392e-01 3.830236953078533384e-07 6.973205794183018677e-13
1.000000000000000000e+00 5.126221638096076560e+00 4.955923351359204365e-01 1.775367362241686564e-01 3.783639831910470673e-07 5.145029971761055490e-13
1.000000000000000000e+00 5.123506440053889222e+00 4.828207324366931008e-01 1.678063737510221975e-01 3.314159024385251527e-07 7.791555196065551392e-13
1.000000000000000000e+00 4.639437836234327150e+00 4.869093821573376446e-01 1.527398732093669387e-01 1.386668051963132669e-07 4.845048169931517435e-13
1.000000000000000000e+00 3.731363420889484139e+00 5.005509884986046876e-01 1.611687563921245236e-01 9.777153741553574070e-08 3.467700984747834616e-13
1.000000000000000000e+00 3.339048849769801208e+00 5.114800643849611861e-01 1.796780002774831242e-01 1.407863492886783274e-07 5.277102491613948873e-13
1.000000000000000000e+00 4.813897197408563144e+00 4.908388285685472141e-01 1.739235181114968110e-01 1.047727256466037128e-07 7.489130016234613054e-13
1.000000000000000000e+00 2.684339331655229977e+00 4.964160173985607827e-01 1.697769085581322945e-01 1.068106561650686679e-07 5.574955912433893779e-13
1.000000000000000000e+00 4.313281690873624008e+00 5.111026884020969385e-01 1.667776471528961135e-01 2.008243776508099994e-07 3.378186533529098656e-13
1.000000000000000000e+00 3.454437202388525474e+00 4.935217279386515110e-01 1.716666805345636870e-01 2.984415253683698549e-07 2.816317121909956978e-13
1.000000000000000000e+00 3.448864959947607112e+00 4.994891930905718813e-01 1.616029795323221385e-01 1.280836868181484850e-07 3.022935965892331036e-13
1.000000000000000000e+00 2.837362647693486117e+00 4.904819261589011825e-01 1.646199527392094297e-01 2.186562666000926227e-07 2.245617575153025072e-13
1.000000000000000000e+00 3.220270209023708752e+00 5.103212461419363022e-01 1.788131088799495283e-01 1.485067264148765585e-07 4.581307108995818107e-13
1.000000000000000000e+00 4.500809911544545017e+00 5.228751887689568889e-01 1.830586342819879031e-01 1.736987743616162851e-07 3.384965471240061509e-13
1.000000000000000000e+00 4.824765070637553777e+00 5.054522637186067424e-01 1.827908889186876384e-01 1.640853150443244212e-07 3.683967201098115688e-13
1.000000000000000000e+00 6.710334211936675786e+00 5.241377757895385736e-01 1.939692345770714366e-01 1.057165949589394885e-07 4.084246599467716895e-13
1.000000000000000000e+00 5.275854802328952431e+00 5.145159011871048849e-01 1.667700848072534714e-01 1.153376186721645711e-07 4.023468219795965242e-13
1.000000000000000000e+00 2.788223550338674084e+00 4.948053932201789129e-01 1.693788358457068155e-01 1.141629102595412769e-07 1.947816384880255547e-13
1.000000000000000000e+00 3.201697730670452824e+00 4.902613017718452371e-01 1.592522431265164518e-01 1.424282581499300920e-07 4.222481815881372913e-14
1.000000000000000000e+00 3.053706996239358595e+00 4.959199058006220073e-01 1.615758860801182195e-01 2.204760491541432551e-07 5.573644826665745890e-14
1.000000000000000000e+00 5.116733866794472618e+00 5.090250581405459940e-01 1.625523198507519418e-01 3.066812369229952069e-07 6.231984070333838366e-14
1.000000000000000000e+00 7.762920887453756080e+00 4.763733049789350971e-01 1.434799121335683381e-01 4.843582987028483495e-07 5.614204663281266171e-14
1.000000000000000000e+00 3.630936519841573507e+00 4.945331586974133220e-01 1.726822458257635806e-01 6.739283900420004297e-07 3.264143011050382017e-14
1.000000000000000000e+00 3.342399257818297720e+00 4.941197376282420173e-01 1.715086413007569643e-01 1.408612947825725630e-06 2.907610365047553187e-14
1.000000000000000000e+00 2.744079278843832626e+00 5.012810022453851877e-01 1.662616357481683793e-01 1.539398397819498489e-06 3.318775849839643332e-15
1.000000000000000000e+00 3.460260177588234676e+00 5.069575657880194264e-01 1.790238670558322864e-01 1.940456436798131447e-06 4.667072305168997578e-15
1.000000000000000000e+00 2.549894256757545108e+00 5.001063289824083657e-01 1.679253925824999438e-01 1.668341933041175270e-06 1.015038813966364942e-14
1.000000000000000000e+00 4.396753486536214339e+00 4.834083655826016956e-01 1.660363686848243814e-01 1.268244004517360258e-06 1.536564254545289735e-14
1.000000000000000000e+00 5.489589240395051029e+00 5.268532873056646082e-01 1.884063088883622117e-01 1.504242400237615611e-06 2.148482758800785852e-14
1.000000000000000000e+00 3.814670086475275390e+00 5.133358539589522040e-01 1.821862305340654076e-01 2.140384538580718486e-06 2.994720308390044998e-14
1.000000000000000000e+00 3.109930319322588677e+00 5.022105379149619520e-01 1.646017713522736903e-01 3.050120668816252868e-06 3.516287503755179075e-14
1.000000000000000000e+00 6.403232813291218406e+00 5.251090346085537375e-01 1.932089982400517492e-01 5.176079633156589714e-06 4.095425774622847831e-14
1.000000000000000000e+00 4.159311759144173948e+00 4.854589990253393994e-01 1.539440011044736489e-01 7.137599063501014646e-06 1.847356486354112509e-14
1.000000000000000000e+00 5.104003097424895330e+00 4.784440619457387966e-01 1.506023970945508106e-01 8.574971568606892594e-06 2.258421453833049441e-14
1.000000000000000000e+00 2.961349042403630616e+00 4.909831353279395239e-01 1.670801385110478876e-01 1.007770046817453081e-05 3.923028220311044713e-14
1.000000000000000000e+00 3.040644183112573007e+00 5.099887588367501001e-01 1.725150928177539011e-01 3.026248982719272370e-06 3.602263965312834192e-15
1.000000000000000000e+00 3.614169205087991887e+00 4.840938106484180548e-01 1.631171371762421551e-01 3.782091871181490379e-06 3.111423527917268899e-15
1.000000000000000000e+00 5.142722294389372450e+00 5.250935562873508822e-01 1.876233677669097988e-01 2.528360698898813508e-06 1.281847676670921918e-15
1.000000000000000000e+00 4.625485370389262663e+00 4.898616635108039019e-01 1.718504008357314150e-01 1.028855816136538355e-06 9.140892174373222124e-16
1.000000000000000000e+00 3.510628244386287733e+00 4.848653980975003996e-01 1.575935813830243726e-01 4.478940267598301794e-07 1.265944434931737507e-15
1.000000000000000000e+00 3.265264335199480783e+00 5.109144751035221699e-01 1.715724753850592643e-01 3.907430423553772131e-07 2.286276917904407482e-15
1.000000000000000000e+00 4.788981063645514347e+00 5.244215059265102674e-01 1.825033840531464224e-01 4.061541160180769229e-07 1.798227306029733397e-15
1.000000000000000000e+00 4.914967584618058716e+00 5.241988565419961610e-01 1.858196495456066744e-01 6.590842911790430162e-07 1.005798194327021405e-15
1.000000000000000000e+00 4.186050817177224381e+00 5.135752513928137919e-01 1.833508704711855064e-01 7.074402694722612712e-07 2.921859675094715149e-17
1.000000000000000000e+00 4.093694963611122617e+00 4.795603668458964797e-01 1.571667720055886786e-01 9.874272118955850770e-07 1.411856808542998288e-17
1.000000000000000000e+00 3.676967478912854581e+00 4.966704354132834287e-01 1.744354606567342647e-01 4.747942577122877026e-07 5.373425495511429325e-18
1.000000000000000000e+00 3.594641929475782760e+00 5.025985644329813429e-01 1.628150414867675644e-01 2.846409321385417998e-07 5.762144075774835089e-18
1.000000000000000000e+00 3.520900996306644437e+00 5.087166945744183710e-01 1.798936902487733303e-01 3.358648753634842775e-07 8.098124428176855083e-18
1.000000000000000000e+00 4.425387504230801738e+00 5.032057317066055413e-01 1.801870629793738132e-01 5.693385898557774027e-07 9.552693308062058360e-18
1.000000000000000000e+00 4.915510927722834822e+00 5.225161195062473229e-01 1.871768242205484323e-01 3.728827574294527815e-07 8.176791044833230958e-18
1.000000000000000000e+00 4.220585963617692116e+00 5.073178084035874225e-01 1.638754704427226039e-01 4.279977568321759169e-07 1.426317066273953596e-17
1.000000000000000000e+00 2.766063519327125242e+00 4.973462664693601987e-01 1.708190853597695569e-01 3.951725140434650439e-07 2.368065712026787400e-17
1.000000000000000000e+00 2.807115755580505745e+00 5.074950239761021331e-01 1.721069264822559230e-01 4.444979463934174261e-07 1.937750340306951837e-17
1.000000000000000000e+00 5.158173841825622219e+00 4.781297525748878230e-01 1.627883727777471312e-01 6.616752004552702415e-07 1.997510361624639041e-17
1.000000000000000000e+00 4.860138021579291312e+00 5.179154704169102175e-01 1.711619102999215047e-01 7.391637916895220853e-07 6.190933360543414021e-18
1.000000000000000000e+00 4.702183067256877180e+00 4.849409392308060562e-01 1.520826865100624037e-01 4.491487087749104677e-07 7.517369353174924957e-18
1.000000000000000000e+00 4.797571052558470939e+00 4.837371456147472326e-01 1.676697787534722761e-01 4.350793027356122330e-07 1.346025986118090037e-17
1.000000000000000000e+00 6.093653810184413544e+00 5.119599488207039473e-01 1.882664235740118541e-01 3.300968661915145048e-07 7.841063138771380085e-18
1.000000000000000000e+00 5.337743078544330722e+00 5.274768849715858465e-01 1.866227079294802138e-01 1.977648942169537884e-07 7.665973540325271123e-18
1.000000000000000000e+00 3.351702479524019118e+00 4.943168447131998655e-01 1.719351822736228386e-01 2.177183484825970047e-07 3.704220881925762252e-18
1.000000000000000000e+00 3.175829930189881800e+00 5.122690099460150970e-01 1.773419686588345312e-01 2.826006518771091103e-07 6.369565086613072963e-18
1.000000000000000000e+00 3.851194782441990760e+00 5.117240910192824010e-01 1.822368556197235256e-01 2.274749022366801487e-07 8.685927541712478484e-18
1.000000000000000000e+00 2.604103026556626066e+00 4.993276698268159230e-01 1.704813833275743706e-01 4.428098615041295038e-07 3.853007807755056707e-18
1.000000000000000000e+00 4.642854613442586320e+00 5.122346226515011036e-01 1.667025619089894661e-01 1.306374834607391633e-07 5.837371007981458657e-18
1.000000000000000000e+00 5.624314881515314113e+00 5.290690707121604719e-01 1.875846808153379119e-01 8.455522653441064021e-08 1.155751923645782415e-18
1.000000000000000000e+00 3.975030314461322156e+00 4.836452385840327994e-01 1.550542920616279907e-01 1.564740778950140452e-07 2.049304302872175156e-18
1.000000000000000000e+00 5.858946030860225029e+00 5.200563330291063657e-01 1.908921224821000517e-01 1.061113813131285149e-07 2.520570636368905621e-18
1.000000000000000000e+00 5.604345422367684293e+00 4.914478422759947507e-01 1.516375177881588154e-01 2.310662445261481712e-08 3.009172507406455266e-18
1.000000000000000000e+00 6.195816628086257438e+00 4.932217429116394491e-01 1.510095462159757873e-01 1.978468241156672739e-08 2.713714727945836256e-18
1.000000000000000000e+00 3.019483798685920206e+00 5.001375040626105939e-01 1.641763188546765395e-01 1.361075252313811689e-08 1.282354668742675208e-18
1.000000000000000000e+00 3.128534473319836806e+00 4.968217362137701265e-01 1.618350987980652356e-01 1.502998035528573948e-08 1.540636053667390924e-18
1.000000000000000000e+00 3.121872314660447678e+00 4.954630487432610808e-01 1.720809063528417060e-01 2.895629949888415241e-08 1.546059248517974432e-18
1.000000000000000000e+00 2.829331145662398406e+00 4.922864765453285329e-01 1.674349664686502481e-01 4.414305295739797563e-08 1.352870846029980648e-18
1.000000000000000000e+00 3.883407675493531386e+00 5.165558852096510112e-01 1.749174390914645383e-01 3.183130517828664156e-08 1.636407205008820051e-18
1.000000000000000000e+00 2.743223311209815218e+00 4.933663427206501084e-01 1.633941949356943479e-01 3.669728245143494911e-08 9.047462643879601348e-19
1.000000000000000000e+00 2.901886938299160335e+00 4.989321843955648594e-01 1.731817338835270337e-01 4.107014719195078199e-08 1.041808289766094522e-18
1.000000000000000000e+00 2.919492328869126574e+00 5.088913475001889397e-01 1.726532568003682211e-01 8.087411145842276003e-08 1.007687168300219144e-18
1.000000000000000000e+00 5.224725444486987058e+00 5.188604453413483419e-01 1.888176988290735658e-01 1.067489124310396584e-07 7.015441127410448276e-20
1.000000000000000000e+00 5.343566042301537422e+00 5.110182740631423748e-01 1.866311934686307183e-01 1.044093330390872840e-07 9.579211958642299046e-20
1.000000000000000000e+00 3.668303947979131507e+00 5.169850021450017596e-01 1.798170539154636260e-01 2.018495924788599387e-07 5.608061979731314894e-20
1.000000000000000000e+00 3.273395639338008145e+00 4.871096091399952366e-01 1.649228207354923037e-01 8.447093550400589023e-08 2.133646591912684869e-20
1.000000000000000000e+00 3.932295402336067447e+00 5.156666558957723190e-01 1.733023085778523376e-01 7.029026450814662660e-08 1.290113492498383952e-20
1.000000000000000000e+00 2.797742666034300996e+00 4.908421285074088258e-01 1.641446056589102032e-01 1.256710232524082131e-07 1.417922860707100771e-20
1.000000000000000000e+00 4.314737483651100547e+00 5.196922475813188225e-01 1.848090960674775018e-01 1.662229578241115162e-07 1.260457507139004017e-20
1.000000000000000000e+00 3.933247370426388834e+00 4.943201127275880791e-01 1.739324318437209249e-01 2.204538434996127849e-07 1.756239530162365950e-20
1.000000000000000000e+00 3.464686194888667359e+00 4.906953561770773797e-01 1.580245969019397068e-01 5.385880458871202203e-08 1.059552496824967960e-20
1.000000000000000000e+00 5.077345543272127060e+00 5.164132033435393510e-01 1.882932257295196476e-01 4.489693642590938247e-10 6.223166077507033070e-21
1.000000000000000000e+00 5.142289526818292877e+00 4.743199003239957356e-01 1.537457757832170757e-01 5.138461478190707467e-10 1.696032218931348486e-22
1.000000000000000000e+00 5.113077841880718566e+00 4.742330930612368434e-01 1.558963159559969558e-01 7.796453093919137705e-10 1.130176385723632755e-22
1.000000000000000000e+00 3.481510965833664706e+00 5.147651427202472041e-01 1.759763448318306112e-01 7.741077796386968796e-10 6.951507822806662473e-23
1.000000000000000000e+00 4.496100853885752535e+00 4.779498555149478967e-01 1.598498804299730569e-01 8.932114177471434899e-10 8.152712214550702107e-23
1.000000000000000000e+00 4.499467666131257815e+00 4.969622140210371297e-01 1.570339985034915342e-01 8.547794576521740722e-10 1.129910818818406084e-22
1.000000000000000000e+00 4.944207838817491485e+00 5.253688400816447501e-01 1.860994544913563142e-01 1.085132634705197180e-09 5.659320460611611331e-23
1.000000000000000000e+00 3.775426974369952227e+00 4.818330386632772577e-01 1.578537508819271573e-01 1.403938344642447027e-09 4.532112386835259580e-23
1.000000000000000000e+00 4.215952607442905453e+00 4.796613670046940836e-01 1.554502194034153573e-01 1.023445341768634717e-09 6.158839998004800976e-23
1.000000000000000000e+00 3.580861614900783252e+00 4.859067098840283427e-01 1.571992074313726118e-01 1.427978113840344318e-09 5.372486809311475908e-23
1.000000000000000000e+00 4.023373004856746427e+00 5.183698148647291060e-01 1.837357297559576996e-01 1.320337355894314919e-09 5.163285897363998637e-23
1.000000000000000000e+00 4.671044706314737560e+00 4.763734544798481907e-01 1.557260516008483198e-01 7.912758434085379819e-10 6.156745604216449357e-23
1.000000000000000000e+00 2.661038124628042567e+00 5.024221943481637087e-01 1.732524641514207597e-01 9.426226269590645849e-10 7.573561182306277375e-23
1.000000000000000000e+00 2.549283685455127291e+00 5.016519089330936376e-01 1.705952567719630497e-01 2.849138022664088828e-10 9.947515280651032508e-23
1.000000000000000000e+00 2.531227664038999237e+00 4.979434756578177690e-01 1.684239467664022105e-01 3.012707942409905573e-10 5.460932134667100413e-23
1.000000000000000000e+00 2.663146004208233109e+00 5.032444743962627420e-01 1.693895050940165681e-01 3.348816843310219138e-10 9.850880488069805120e-23
1.000000000000000000e+00 2.948727816169024241e+00 4.926421930746061051e-01 1.690869388781245375e-01 3.283307321434457080e-10 1.149189125029805432e-22
1.000000000000000000e+00 3.211211345015490437e+00 5.129775942885136386e-01 1.771733844146414494e-01 3.778399240031026952e-10 1.794296685865903633e-22
1.000000000000000000e+00 3.914456952654573829e+00 5.094251657688572132e-01 1.824709569332337300e-01 4.837420511475664392e-10 1.874348256345365945e-22
1.000000000000000000e+00 4.426140171191274675e+00 5.080843375441004284e-01 1.642981504859598041e-01 8.373837434672478617e-10 2.875605106685393658e-22
1.000000000000000000e+00 7.070209787008897351e+00 4.808514540571183216e-01 1.455934276830798679e-01 1.131659352716446034e-09 2.394726521674497810e-22
1.000000000000000000e+00 6.970611870606214566e+00 4.850763559654830415e-01 1.466814064499921411e-01 1.340399114457565902e-09 3.563562212659990531e-22
