1.000000000000000000e+00 4.728180311809069281e+03 5.155792305672864950e-01 1.800084167264672241e-01 7.122487792978972971e-13 2.336779634948363137e-30
1.000000000000000000e+00 1.862650208680453261e+02 5.574865193812015285e-01 2.757104850864772194e-01 1.092220668438698312e-02 3.650876602172876961e-02
1.000000000000000000e+00 1.068501860292154362e+02 5.772451063461626619e-01 2.577897717065082972e-01 1.897082822410636055e-02 1.881805930069358618e-02
1.000000000000000000e+00 9.163342676191315661e+01 6.437942209268128213e-01 2.611919584775529435e-01 2.021063546696032567e-02 1.374638197680596793e-02
1.000000000000000000e+00 3.601632248958835447e+01 5.437850114299656035e-01 1.637765844964734763e-01 1.502317813259334764e-02 1.605666698862745490e-02
1.000000000000000000e+00 1.383893633113670241e+01 4.978926979991474822e-01 1.601295004081959572e-01 1.268382209827689788e-02 9.382713052357809919e-03
1.000000000000000000e+00 1.474846341369885927e+01 5.194029845955141500e-01 1.962786414335415675e-01 8.163416826963447101e-03 1.101196130776814844e-02
1.000000000000000000e+00 9.144765435068840986e+00 4.875544835018928991e-01 1.450430624277128655e-01 9.070273961143028238e-03 1.152696499405477144e-02
1.000000000000000000e+00 7.358332546482498238e+00 4.664772047034853042e-01 1.552171586291180849e-01 3.834915436521657735e-03 1.239159504025253919e-02
1.000000000000000000e+00 6.332547592494457867e+00 5.353414834341032602e-01 1.763806922586415582e-01 4.461654378345441575e-03 9.524327498637489772e-03
1.000000000000000000e+00 1.909535884090336921e+00 5.010114048365569284e-01 1.594025679317738753e-01 4.977000147713733259e-03 9.798469901939749205e-03
1.000000000000000000e+00 2.682790744207411926e+00 5.064680423460073966e-01 1.641765872608630106e-01 6.658654239420682894e-03 1.104139451798248454e-02
1.000000000000000000e+00 1.830325151327582667e+00 5.010493550799727247e-01 1.694919258364013526e-01 5.818395804928199258e-03 2.007408310390250417e-02
1.000000000000000000e+00 3.853191003625645816e+00 4.753307741068822367e-01 1.495784047870519495e-01 4.901092383713284359e-03 1.827396012479446871e-02
1.000000000000000000e+00 3.721810437390598469e+00 5.266805886861113395e-01 1.835065264283362585e-01 5.875145164877989754e-03 2.314255647464265320e-02
1.000000000000000000e+00 2.977794146043578394e+00 5.164062022993952672e-01 1.802015674119538946e-01 6.009811593233273588e-03 1.989314724586948441e-02
1.000000000000000000e+00 2.377894068841788666e+00 5.226142978172420017e-01 1.767787569170262418e-01 4.427504672884148215e-03 2.627353375077023934e-02
1.000000000000000000e+00 1.871312243150018206e+00 4.929142537444702876e-01 1.685105199990473701e-01 2.304638086397828908e-03 7.492787299758357777e-03
1.000000000000000000e+00 1.180217022667290117e+00 5.052487085729299165e-01 1.710844748423881734e-01 4.528015897555585229e-03 1.155219791637258561e-02
1.000000000000000000e+00 4.964566993772800529e+00 5.011925582868297369e-01 1.816492792846368387e-01 2.018725415626246387e-03 2.708116813746731452e-03
1.000000000000000000e+00 2.935540470926805590e+00 5.102446571944427856e-01 1.814999820063788183e-01 1.498253941798851317e-03 2.144564378276816400e-03
1.000000000000000000e+00 2.209886295637626841e+00 5.049922770623812562e-01 1.763823715471700138e-01 1.261374821258689745e-03 3.328111159076202648e-03
1.000000000000000000e+00 2.571499865856919698e+00 5.073166142618382723e-01 1.639971870237627027e-01 1.685829274535421973e-03 2.932961054090183275e-03
1.000000000000000000e+00 1.984616488402348500e+00 5.140503638860137725e-01 1.727317312992181220e-01 2.445336939927131564e-03 1.124200380208458363e-03
1.000000000000000000e+00 3.728799073390340890e+00 4.763752025434114801e-01 1.515152741349217458e-01 2.765001357640651473e-03 9.345749081187306861e-04
1.000000000000000000e+00 3.595710611036110116e+00 5.067406917359993379e-01 1.589068630683929395e-01 2.580328265712594944e-03 6.484126828681319524e-04
1.000000000000000000e+00 3.043744224148992483e+00 4.876523493920887908e-01 1.529124742150155536e-01 1.821856676900757621e-03 5.613591902687467116e-04
1.000000000000000000e+00 3.180208353894870221e+00 5.199306067147259069e-01 1.760764022841511955e-01 1.378183636396515836e-03 8.629118393260847139e-04
1.000000000000000000e+00 4.476235407582066728e+00 5.291024871167155919e-01 1.836926320437785587e-01 1.439357857791480257e-03 1.036960908287334199e-03
1.000000000000000000e+00 5.284078336655761987e+00 5.049463903355515537e-01 1.562853497520663437e-01 1.042682055418607924e-03 5.269485634432428652e-04
1.000000000000000000e+00 5.100905698230492114e+00 4.798807171109804592e-01 1.472680415992110303e-01 1.060211767285250883e-03 6.495521901197370829e-04
1.000000000000000000e+00 3.723882331235428556e+00 5.206833587286141540e-01 1.714970120002194398e-01 2.126754337268350198e-03 9.869637215816494565e-04
1.000000000000000000e+00 3.345150242042421063e+00 4.820559446194082609e-01 1.517336645592538280e-01 1.775675066844980936e-03 3.766130758088375406e-04
1.000000000000000000e+00 2.430441203220086610e+00 4.911069536007898195e-01 1.672799293063297332e-01 7.865236496107383748e-04 4.874899305842136043e-04
1.000000000000000000e+00 2.166822898446358003e+00 5.042624909047102033e-01 1.715001638821826713e-01 5.196889249259414216e-04 4.363602304464106007e-04
1.000000000000000000e+00 3.934243026416126998e+00 5.118729561044939036e-01 1.843817426207082499e-01 4.612449742066862730e-04 5.213117940008509584e-04
1.000000000000000000e+00 2.067617990159612340e+00 4.995530694244479930e-01 1.631522161644245184e-01 1.171499804109808794e-03 3.377388989916886792e-04
1.000000000000000000e+00 2.510205335435490070e+00 5.056501608184112984e-01 1.774219074388936057e-01 9.375947304454341005e-04 1.117562174385208209e-04
1.000000000000000000e+00 2.473275408214035576e+00 4.990554806311446323e-01 1.734035335798344568e-01 6.856025596302397183e-04 1.215628614785557948e-04
1.000000000000000000e+00 2.392841365597934367e+00 4.898888910161177668e-01 1.666610996735473360e-01 1.175425239712479374e-03 1.064968182189129030e-04
1.000000000000000000e+00 1.726577598232462929e+00 5.028268012955956490e-01 1.686405693000796180e-01 1.164791579817977792e-03 4.849810923123166014e-05
1.000000000000000000e+00 4.144266485600633487e+00 5.045279183360742437e-01 1.580322730768434214e-01 1.345267352630810436e-03 5.811997523176696851e-05
1.000000000000000000e+00 3.473712580581513443e+00 4.842829860578632406e-01 1.636068152080179527e-01 2.431942534241919671e-04 7.213601175608021492e-05
1.000000000000000000e+00 3.270605027384430041e+00 5.151072751437489883e-01 1.772926879456870886e-01 1.549095859076750825e-04 1.029080608581856357e-04
1.000000000000000000e+00 2.628247106560760216e+00 5.060152179006622841e-01 1.728923211150353578e-01 1.014728410144193137e-04 4.861328462290668819e-05
1.000000000000000000e+00 2.589974310323930773e+00 5.067926501259633065e-01 1.716059460996026409e-01 1.791870906768252376e-04 9.076854275358508595e-05
1.000000000000000000e+00 4.142062813283146738e+00 4.804177035798327111e-01 1.526564661737807582e-01 1.251967163928879628e-04 3.698088134514569713e-06
1.000000000000000000e+00 2.504662830238474136e+00 5.026566870445440260e-01 1.706424342885256018e-01 2.261698534835403750e-04 3.648932215577037370e-06
1.000000000000000000e+00 2.486598233992806328e+00 5.054289075920800345e-01 1.702884571957962445e-01 2.421309746969752723e-04 6.999735683771489501e-07
1.000000000000000000e+00 2.855830621849358764e+00 4.894157607353222805e-01 1.598933207136632173e-01 2.110574717260446556e-04 9.202614884853872087e-07
1.000000000000000000e+00 3.988785608788379289e+00 5.175004865289026812e-01 1.731308852089167849e-01 2.065762572215374001e-04 1.805930413294636005e-06
1.000000000000000000e+00 2.820553611538992644e+00 4.890985293269923262e-01 1.589486227336255886e-01 2.127081537007945882e-04 1.865668904137617070e-06
1.000000000000000000e+00 3.125160769210864942e+00 4.866537856716083854e-01 1.619593576100673005e-01 3.202088259427168294e-05 1.230145780812757685e-06
1.000000000000000000e+00 4.610539463049336817e+00 4.798828937308994291e-01 1.631607001684250435e-01 1.985808251315882722e-05 1.300319763052220720e-06
1.000000000000000000e+00 4.282413314274805316e+00 5.045081895390198801e-01 1.810654229286282890e-01 2.411182063853778272e-05 1.770614192543009381e-06
1.000000000000000000e+00 2.555550266317115682e+00 4.987550519624169842e-01 1.669240269909874341e-01 1.030369322594337406e-05 2.837194421283088687e-06
1.000000000000000000e+00 3.444644519584362463e+00 5.101414429266047934e-01 1.694819003720846595e-01 2.120685746299718843e-06 1.751765040439276080e-06
1.000000000000000000e+00 3.392569628829807282e+00 5.126680550682500837e-01 1.793654271092889052e-01 1.243964786124572103e-06 2.728542007390871639e-06
1.000000000000000000e+00 2.832529311291545060e+00 4.918282998469183931e-01 1.620203318971805695e-01 1.658069381063369554e-06 2.346081908615749212e-06
1.000000000000000000e+00 3.026813840263775646e+00 4.879747301603393206e-01 1.616591650593003082e-01 2.345687014876192431e-06 1.860660775500496885e-06
1.000000000000000000e+00 3.080901654074676976e+00 5.109537568795957663e-01 1.735993534663823057e-01 1.335134034531708562e-06 1.526064859379078152e-06
1.000000000000000000e+00 3.147566159697072763e+00 4.951581715265710448e-01 1.715102365194504097e-01 1.952339189744830899e-06 1.938561758872709415e-07
1.000000000000000000e+00 5.064770251252357802e+00 4.980402698734953115e-01 1.555180120258910226e-01 3.231179063715640398e-06 1.542605930122252133e-07
1.000000000000000000e+00 4.261345722507758893e+00 4.907712024980732668e-01 1.722428583886613518e-01 2.586771347991123718e-06 8.836833176645796923e-08
1.000000000000000000e+00 4.171605073756458282e+00 5.190403013695479295e-01 1.824992074173575896e-01 1.134761520482568527e-06 1.375314498819946060e-07
1.000000000000000000e+00 3.439115089431071137e+00 4.841564538447046262e-01 1.593712772159106006e-01 1.026485261715776765e-06 1.416656060986642435e-07
1.000000000000000000e+00 3.368529346046584827e+00 5.073977192772336497e-01 1.672083584773914888e-01 6.753788467305306057e-07 1.320759935344952320e-07
1.000000000000000000e+00 5.655301882153407789e+00 5.105776484495666567e-01 1.864070615631998051e-01 6.237509914521779032e-07 1.746254860434751370e-07
1.000000000000000000e+00 8.340030241137430522e+00 4.658484543910949571e-01 1.565932000420145187e-01 8.134829755000006846e-07 1.652848387107557044e-07
1.000000000000000000e+00 3.346546483912340442e+00 4.986735412971763370e-01 1.613063029515941493e-01 1.163578539577229172e-06 1.920569345583994917e-07
1.000000000000000000e+00 3.526943234657827109e+00 5.018806798111781209e-01 1.624496322152308991e-01 1.627722773459876230e-06 2.552861713182226934e-07
1.000000000000000000e+00 4.515958907249560284e+00 4.905098348824665222e-01 1.538215775869516688e-01 1.992404018501107382e-06 1.038196349552475556e-07
1.000000000000000000e+00 4.097170273333738066e+00 5.176527609034653477e-01 1.836377713002690926e-01 2.204033415278947613e-06 1.004655342525166663e-07
1.000000000000000000e+00 3.040873514757146623e+00 5.004785530763286028e-01 1.638401137133863039e-01 2.884077894195637200e-06 4.259148919612206921e-08
1.000000000000000000e+00 4.381438868389272656e+00 4.860817772880504095e-01 1.687420021628274758e-01 2.857958961514390926e-06 6.862971837954025269e-08
1.000000000000000000e+00 2.680862305279671620e+00 5.026979414255212664e-01 1.729295300401442748e-01 2.406624215399781158e-06 7.777570938920910905e-08
1.000000000000000000e+00 2.547721460231349599e+00 4.993119687343825497e-01 1.694320091327665978e-01 1.157388685430776245e-06 5.517982772986290900e-08
1.000000000000000000e+00 2.682644009075421554e+00 4.947133143463854910e-01 1.638187848067821084e-01 1.526015411270308098e-06 8.731624652571627098e-09
1.000000000000000000e+00 2.917987519225987647e+00 4.958510050333553298e-01 1.706938826350171134e-01 1.275891793688627957e-06 5.022456529142469815e-09
1.000000000000000000e+00 3.910900749995878556e+00 4.853460038458090042e-01 1.658892350388843362e-01 8.837842146683182366e-07 5.282802485073753287e-09
1.000000000000000000e+00 4.935039520516957268e+00 4.967913017752287885e-01 1.553371608075134469e-01 6.688799604623955028e-07 1.381518920624363939e-09
1.000000000000000000e+00 1.045329115581341206e+01 5.436716145857493077e-01 2.033734724060011767e-01 4.899588782048081008e-07 1.265308586732581544e-09
1.000000000000000000e+00 7.500772537840375342e+00 4.798842220906328615e-01 1.698524584072073351e-01 7.152719968335119848e-07 8.785474794830218096e-10
1.000000000000000000e+00 7.399742359193036911e+00 5.270884938155194765e-01 1.953939062809475491e-01 5.939243583502404938e-07 3.808168056939122714e-10
1.000000000000000000e+00 3.993228728466077460e+00 5.008042465409272559e-01 1.600912189134065244e-01 8.500337007191590008e-07 6.697334377872874596e-10
1.000000000000000000e+00 5.554731723700071733e+00 5.184563116435002561e-01 1.694081269626993014e-01 5.722283066808527911e-07 9.093232513939340810e-11
1.000000000000000000e+00 3.523541326090843029e+00 5.020651437909516845e-01 1.625546722814477374e-01 7.133936256367560437e-07 1.445047310636706922e-10
1.000000000000000000e+00 3.440113789863158189e+00 5.124149450263184580e-01 1.795629969984283147e-01 6.966242707589525105e-07 2.353447054242871025e-10
1.000000000000000000e+00 3.758319590404211485e+00 4.819120546837701857e-01 1.600167333492043542e-01 5.789229443408140665e-07 7.323060658705503374e-11
1.000000000000000000e+00 3.372601305240961800e+00 4.846167909655180184e-01 1.599381437440570985e-01 6.276653726225432778e-07 1.396094907213231554e-11
1.000000000000000000e+00 3.446418702825242431e+00 4.890095727007144344e-01 1.677964293495576853e-01 3.756799362823123946e-07 3.065922508739924674e-12
1.000000000000000000e+00 3.069154297190331615e+00 5.031682399376394832e-01 1.655460076786426371e-01 3.564492784899878808e-07 1.004813536328817326e-12
1.000000000000000000e+00 3.562994497076986455e+00 5.117509829156347001e-01 1.707730974229764165e-01 1.075818194111237417e-07 1.057490065953052145e-12
1.000000000000000000e+00 5.238164606492876629e+00 5.236410401982398710e-01 1.890865880622103479e-01 1.153295935674865648e-07 5.994627011819157822e-13
1.000000000000000000e+00 2.758182556896956683e+00 5.071170712609643916e-01 1.728503490864110037e-01 1.376229487414328576e-07 6.605018412530240715e-13
1.000000000000000000e+00 4.312374841057942554e+00 5.026137431192803096e-01 1.801056564427824247e-01 1.458884496104840975e-07 8.950139023890192524e-13
1.000000000000000000e+00 3.701595860788313708e+00 4.858752575556510855e-01 1.562774532078314571e-01 1.558358368066320240e-07 1.545745531804664988e-12
1.000000000000000000e+00 4.190252472043151322e+00 5.150378987307558942e-01 1.841446690955148291e-01 2.971033689594191532e-07 6.762967366386845465e-13
1.000000000000000000e+00 4.051361511095156409e+00 4.922548428214745253e-01 1.561150629760561237e-01 1.585824730085719259e-07 3.931114376460686658e-13
1.000000000000000000e+00 3.564679741124041179e+00 5.153779135133705891e-01 1.757045593672232342e-01 1.386945915010016290e-07 4.901165169564558883e-13
1.000000000000000000e+00 3.823243936458203596e+00 4.813533153554560018e-01 1.580920630108212099e-01 2.469446611707621398e-07 2.407913977984673090e-14
1.000000000000000000e+00 3.150433921989857833e+00 5.071330268959186593e-01 1.683903526132268513e-01 2.749841048423422402e-07 8.620662198972609192e-15
1.000000000000000000e+00 5.383026089008268400e+00 4.747773457315799250e-01 1.510720236777446657e-01 2.005661823744566918e-07 5.692928923141526726e-15
1.000000000000000000e+00 4.259423911907862959e+00 4.915813399897549507e-01 1.729085097329135789e-01 2.113180881444724954e-07 4.149160794471015527e-16
1.000000000000000000e+00 3.213338977476914327e+00 5.034254330379019926e-01 1.767252840535935565e-01 2.321714892397587326e-07 6.426067962628625628e-16
1.000000000000000000e+00 3.379512938684788637e+00 4.863938333280125592e-01 1.645225068023406789e-01 3.747086800308508733e-07 1.066492283469436574e-16
1.000000000000000000e+00 2.561188254182711788e+00 4.995119669355894132e-01 1.696273886318550028e-01 7.249784862842550832e-07 4.211299461634741974e-17
1.000000000000000000e+00 3.344460553031605166e+00 5.078177871135466370e-01 1.677745687126955543e-01 5.243302534972186652e-07 6.199887391223647045e-17
1.000000000000000000e+00 3.744817708050747207e+00 5.173305874533070670e-01 1.788077080057280666e-01 8.583438002584799013e-07 7.143048888570055041e-17
1.000000000000000000e+00 4.820134985735085920e+00 4.969619528449319978e-01 1.557628703041720186e-01 4.581577405369346902e-07 5.490576987075667647e-17
1.000000000000000000e+00 2.631697273710327245e+00 4.953565472976561024e-01 1.645168745617211492e-01 6.857457434201479021e-07 5.112011611950723591e-17
1.000000000000000000e+00 3.637384582316010473e+00 4.968645617938914349e-01 1.592467766691400832e-01 1.064256416722819375e-06 5.226896942305334866e-17
1.000000000000000000e+00 4.089007198638147322e+00 5.184401730679139009e-01 1.832392564135026936e-01 3.915886305254818048e-07 8.425829333616302583e-17
1.000000000000000000e+00 3.235691556972015270e+00 5.106631722175418719e-01 1.782929364011818785e-01 5.762171517650595827e-07 1.775221932274824465e-16
1.000000000000000000e+00 4.024239102634533438e+00 5.179516787464262251e-01 1.760369718410499384e-01 2.233151648075457511e-08 1.961760145484301505e-16
1.000000000000000000e+00 3.327807025694173415e+00 4.860031643477490948e-01 1.638386889127790291e-01 4.103391588721531486e-08 1.185979923609641144e-16
1.000000000000000000e+00 3.204673495582206044e+00 5.120133516840073007e-01 1.740466749806180435e-01 4.206774206965983114e-08 9.274305396921159865e-17
1.000000000000000000e+00 3.476881447382923263e+00 5.143408121798506150e-01 1.749774257503012576e-01 2.284915751866656524e-08 4.974162538910937524e-17
1.000000000000000000e+00 3.788635729724312728e+00 4.815770117700725050e-01 1.583088882845082590e-01 9.589161191721959386e-09 2.849960369242600199e-17
1.000000000000000000e+00 4.875550871211110859e+00 5.183635487402441511e-01 1.723436443074445878e-01 2.994153041699514060e-10 3.759518103201683514e-17
1.000000000000000000e+00 2.745651810947442151e+00 5.032371166335928292e-01 1.744023860064633225e-01 3.621989896047575926e-10 6.251190759575544298e-17
1.000000000000000000e+00 4.982946739898887145e+00 5.114752249198813994e-01 1.653311677847867367e-01 5.527870727989152059e-10 1.024569326703538124e-16
1.000000000000000000e+00 5.166319879595200781e+00 5.202228808910378532e-01 1.733196064626368882e-01 3.267468593769258476e-10 7.250535613309016476e-17
1.000000000000000000e+00 3.662752029675875320e+00 4.891388821583844693e-01 1.695700738728957713e-01 2.860012575323158915e-10 6.127667066988617536e-17
1.000000000000000000e+00 2.824207837421487177e+00 4.908422558148731185e-01 1.630663314364835526e-01 3.824046137354337581e-10 9.072316376416436271e-17
1.000000000000000000e+00 3.223970677456309719e+00 5.121422645693183284e-01 1.743791899243664623e-01 1.980856863087661683e-10 8.047332746939708683e-17
1.000000000000000000e+00 2.587877706467299532e+00 4.959358440963971271e-01 1.683889416778746317e-01 1.433713140735720424e-10 1.148572730841232539e-16
1.000000000000000000e+00 2.916582128468557578e+00 4.939899087750779794e-01 1.700587374185658085e-01 2.209849031550624655e-10 1.525694316335905039e-16
1.000000000000000000e+00 3.115317367471842402e+00 5.060276650637368645e-01 1.778676555514591417e-01 5.639830682371586149e-11 1.529101089070184825e-16
1.000000000000000000e+00 4.768186110749489615e+00 4.786413128604081191e-01 1.525018958963511861e-01 4.974453104791468180e-12 9.715138729082841086e-17
1.000000000000000000e+00 2.576268421807820896e+00 4.963060667828628203e-01 1.685276351926012772e-01 3.286172482725205880e-12 1.073345758394587275e-16
1.000000000000000000e+00 4.591176716007243641e+00 4.767202525069980656e-01 1.569099796113705148e-01 3.483070706560085924e-12 9.372419706699558624e-17
1.000000000000000000e+00 4.514368073213785415e+00 4.771733775051993920e-01 1.576618414937107915e-01 5.673633581065044532e-12 9.648895103710398893e-17
1.000000000000000000e+00 3.825389239969304356e+00 5.035699932691269920e-01 1.630775518476156316e-01 8.586435151221320806e-12 4.209462685681780611e-18
1.000000000000000000e+00 4.330623006368584882e+00 4.822582992438125826e-01 1.653325460385842161e-01 1.501822841488180499e-11 4.816846722723982838e-18
1.000000000000000000e+00 6.262394588625495473e+00 5.317849937202729915e-01 1.910339926821290057e-01 7.256843177059542622e-12 5.397475329867765636e-18
1.000000000000000000e+00 2.855946520895867646e+00 4.999945667553384876e-01 1.737879818412320088e-01 8.895472299315984617e-12 1.024997639311138274e-17
1.000000000000000000e+00 3.513881384258832341e+00 4.976805445594321697e-01 1.607192959359883544e-01 1.214932600030959981e-11 4.221748108500488296e-18
1.000000000000000000e+00 3.482959315647817355e+00 5.132055170365510399e-01 1.734788043163944804e-01 1.839337995993695149e-11 4.200584200438997996e-18
1.000000000000000000e+00 3.475056484019803271e+00 4.990234650904791791e-01 1.615886080659872659e-01 1.277946411151659424e-11 6.488465057534588601e-18
1.000000000000000000e+00 3.709224345224250818e+00 4.951244795524971098e-01 1.743936679909897369e-01 1.803847190255515108e-11 6.402930577111654779e-18
1.000000000000000000e+00 3.136643212677452386e+00 4.993634566077060910e-01 1.749184434665712606e-01 2.588711350963723408e-11 9.971299466819205034e-19
1.000000000000000000e+00 2.732826743388444335e+00 4.980436588798762276e-01 1.717704679011591851e-01 3.122567494494184003e-11 7.871589311588101336e-19
1.000000000000000000e+00 2.997835238159612725e+00 4.911947592984722832e-01 1.610651929520401093e-01 3.596852682970794188e-11 9.961369078776698210e-19
1.000000000000000000e+00 2.658650822491293475e+00 4.997445005223427605e-01 1.667238634034700906e-01 3.183407126670430278e-11 8.923796836910981352e-19
1.000000000000000000e+00 3.990425836996254638e+00 5.195406832017684939e-01 1.814069526605432969e-01 1.382558518045691767e-11 4.952001041556061976e-19
1.000000000000000000e+00 3.527425481387041817e+00 5.066323800234409092e-01 1.800166847523765878e-01 7.612058720965806479e-12 3.456452916361724417e-19
1.000000000000000000e+00 3.759098843838031279e+00 5.146549401951177050e-01 1.734429294930693310e-01 8.372941781390886552e-12 2.241826751987600651e-19
1.000000000000000000e+00 6.182276419542638735e+00 5.238053048574390358e-01 1.738283247277777332e-01 5.139607880460177353e-12 5.401229872250415355e-20
1.000000000000000000e+00 5.669347451823938400e+00 5.242038037242912063e-01 1.762214489115120353e-01 2.847559091343804418e-12 6.780527209713841579e-20
1.000000000000000000e+00 3.566706447377415934e+00 5.160643543172757086e-01 1.778519684191378070e-01 4.891099282620995945e-12 3.905928512289568136e-20
1.000000000000000000e+00 4.968769440092658307e+00 4.800960872369507415e-01 1.652910038124331960e-01 7.761163076106358288e-12 4.085620732161889381e-20
1.000000000000000000e+00 4.766235027178795214e+00 5.228615683014448123e-01 1.790505200218799609e-01 4.022528850753016650e-12 5.275852147880494727e-20
1.000000000000000000e+00 3.521867771410343906e+00 5.071920928907265314e-01 1.670276946161100007e-01 6.902033101863685577e-12 1.065828089310616645e-19
1.000000000000000000e+00 2.720025334458969546e+00 5.055646090583792995e-01 1.743793574147717851e-01 9.382557372801726787e-12 1.997118891437540692e-19
1.000000000000000000e+00 2.743205828564564186e+00 4.918720281623932267e-01 1.658484509159716958e-01 1.167316054236394905e-11 2.253016321222609615e-19
1.000000000000000000e+00 3.341999307188445734e+00 4.854167891377073052e-01 1.594484806773781849e-01 9.732559079285225069e-12 1.421954791366887269e-19
1.000000000000000000e+00 4.534657696558670459e+00 5.038786111192010697e-01 1.818694950119175979e-01 6.310219209596821117e-12 2.636070343534602900e-19
1.000000000000000000e+00 3.028367965675288431e+00 4.969586635643223893e-01 1.729071109860314814e-01 5.325440586315738594e-12 1.314981083905632844e-19
1.000000000000000000e+00 3.130251921712599916e+00 5.118707235996260430e-01 1.753995062661750093e-01 7.594349186659809249e-12 1.114627991506056654e-19
1.000000000000000000e+00 2.650381156257386905e+00 4.973529372953818251e-01 1.705415240910096719e-01 7.837906553572503097e-12 1.684152113244548415e-19
1.000000000000000000e+00 3.376935755804038486e+00 4.845892659716435347e-01 1.601513600551769112e-01 7.753211385236428566e-12 1.683498360263239607e-19
1.000000000000000000e+00 3.765933017749185652e+00 4.832288312133902197e-01 1.635763857648337150e-01 7.257828774545117390e-12 2.022858744833400520e-19
1.000000000000000000e+00 2.857865405075262988e+00 5.081055260977160870e-01 1.758220810268245060e-01 3.493338855529035843e-13 3.555542237572697693e-19
1.000000000000000000e+00 2.531747849920311211e+00 4.978821249700156604e-01 1.683509634142555667e-01 5.743995102892091366e-13 3.156748605035232103e-19
1.000000000000000000e+00 3.372576395760910728e+00 5.139983370705796251e-01 1.796489554015170964e-01 7.947543869962679384e-13 4.141881087591276462e-21
1.000000000000000000e+00 4.256536025995854899e+00 5.207360884809663082e-01 1.794785755367499236e-01 1.020978262520499745e-12 4.736152222259139181e-21
1.000000000000000000e+00 3.972781908241799442e+00 4.806457765425420359e-01 1.606189009574972293e-01 2.104280881748225565e-12 5.627472628809802798e-21
1.000000000000000000e+00 4.999917829033020844e+00 5.168934921296536311e-01 1.881899205546316844e-01 1.556708827599199259e-12 6.069266298829661307e-21
1.000000000000000000e+00 4.275308686601200669e+00 5.017707055856500675e-01 1.604169774175186469e-01 6.856241240299460691e-13 5.645574496403171200e-21
1.000000000000000000e+00 3.833933841337922033e+00 4.862656306963776265e-01 1.559063193282137216e-01 8.100907280457262198e-13 3.358323267033426242e-21
1.000000000000000000e+00 4.929425008341516090e+00 5.176991001385223834e-01 1.714167983466784728e-01 3.109755578520788193e-13 4.015749871575723309e-21
1.000000000000000000e+00 4.288386262207064092e+00 4.835672931871445313e-01 1.666018382822589128e-01 4.399756755694920784e-13 2.166445152904386288e-21
1.000000000000000000e+00 3.744180243538873576e+00 5.017699915836585367e-01 1.621901146037796893e-01 4.989819026613498664e-13 1.477632871953819709e-22
1.000000000000000000e+00 3.594534273377758993e+00 4.910771070491521395e-01 1.709670818312607476e-01 1.093972349445520576e-12 6.947116090351841453e-23
1.000000000000000000e+00 3.402134293731794656e+00 5.122519699737454468e-01 1.728364767820670944e-01 1.994718684772898466e-12 1.052194556138841594e-22
1.000000000000000000e+00 2.997561835847029066e+00 4.951359466840152823e-01 1.620118637673555739e-01 1.627934923870379181e-12 3.127630125349112913e-23
1.000000000000000000e+00 4.328084496219814170e+00 5.184558637318207319e-01 1.750350808535525715e-01 1.672551182370916823e-12 2.659122177888307346e-23
1.000000000000000000e+00 3.443747296763072452e+00 5.103039153813648809e-01 1.807065865285541473e-01 3.463951034216363771e-12 3.270980425509136471e-23
1.000000000000000000e+00 3.956083142182236667e+00 5.152546781067259829e-01 1.838950545429803851e-01 6.402948253572342745e-12 4.303062322264668269e-23
1.000000000000000000e+00 2.760859454088008036e+00 4.922214183379602925e-01 1.635093583999033262e-01 1.158772093914967962e-11 9.282426270622952625e-24
1.000000000000000000e+00 2.684408081327561035e+00 5.021608208010553964e-01 1.681753640101900371e-01 2.873892306383996538e-11 1.164837060817024080e-23
1.000000000000000000e+00 4.682008019072476657e+00 5.199880757908197371e-01 1.873834377724126476e-01 5.679290413207141885e-11 1.367404466702224974e-23
1.000000000000000000e+00 9.580654914108686526e+00 5.021002840048511828e-01 1.492912531431072332e-01 5.923633431441782345e-11 1.627391054250193744e-23
1.000000000000000000e+00 4.234778348744185905e+00 5.014887548662284589e-01 1.603676497677173074e-01 6.620713924442140804e-11 1.317322105485093677e-23
1.000000000000000000e+00 3.723372573877507641e+00 5.100465587601414885e-01 1.819469082407553784e-01 4.144223320281217279e-11 1.813857347933016902e-23
1.000000000000000000e+00 4.680638699570104144e+00 4.939574726222012990e-01 1.551843857419478445e-01 2.918304449675018124e-11 3.301667293386216775e-23
1.000000000000000000e+00 2.679369399162138343e+00 4.977385701979070709e-01 1.711034596812614217e-01 5.185055689630118654e-11 2.243114230400535146e-23
1.000000000000000000e+00 3.423508258409796667e+00 4.842336025048444847e-01 1.616397252526207695e-01 5.011636009866447771e-11 4.178782365776438115e-23
1.000000000000000000e+00 5.887078543240154893e+00 5.113988456816761508e-01 1.884838067223389702e-01 8.565165571817940606e-12 4.338807052650917267e-23
1.000000000000000000e+00 5.597422029739762550e+00 5.123778880141216518e-01 1.643738355388376926e-01 1.005946364037440387e-11 3.822833729783902992e-23
1.000000000000000000e+00 5.107009091528776246e+00 4.811097583751486328e-01 1.667991115969981730e-01 1.221658574652133648e-11 3.453451983859506949e-23
1.000000000000000000e+00 3.198710971999316754e+00 5.124958427716865828e-01 1.755153532143757522e-01 1.987587812469396059e-11 4.327955854392949606e-23
1.000000000000000000e+00 4.190616470456607345e+00 4.964852493236922570e-01 1.577688949580909328e-01 2.606657920814983549e-11 3.786506258640403201e-23
1.000000000000000000e+00 3.189008773581488043e+00 4.977163137824012207e-01 1.621471060609802062e-01 1.884816689443227626e-11 4.234413386186996956e-23
1.000000000000000000e+00 3.082413351534230905e+00 5.112652420291589062e-01 1.774428471820784781e-01 7.991518219094456750e-12 4.735686018527364990e-23
1.000000000000000000e+00 2.914177220212354147e+00 5.076953742424149540e-01 1.714068207512724207e-01 4.567029219886077169e-12 3.124008179204445486e-25
1.000000000000000000e+00 2.780367229174379951e+00 5.060827947290272855e-01 1.752212929310073830e-01 4.922019956561461206e-12 3.737367345832943769e-25
1.000000000000000000e+00 3.124481868928500994e+00 4.909342362262446580e-01 1.686278454394201654e-01 1.856660077220865975e-12 7.596968783851268879e-25
1.000000000000000000e+00 3.779825656134755185e+00 4.995658188378445663e-01 1.774254639191339689e-01 2.621925773982865419e-12 5.882638415306378649e-25
1.000000000000000000e+00 3.449070738346133869e+00 5.048978453841291847e-01 1.790015483521753270e-01 4.353222178260081511e-12 6.395694485407478507e-25
1.000000000000000000e+00 2.804418987408944908e+00 5.058000623208862567e-01 1.703689681927813282e-01 4.238266078515420294e-12 3.987739987837932220e-25
1.000000000000000000e+00 4.343766567699852033e+00 5.125722446966373136e-01 1.684542149090301477e-01 6.813771456209287394e-12 5.293561860427676479e-25
1.000000000000000000e+00 3.683517860735313842e+00 4.961352149565646519e-01 1.593176665266707315e-01 3.162099649257904916e-12 4.131926685673285831e-25
1.000000000000000000e+00 2.896727706296513105e+00 4.894510155325290657e-01 1.630430273952033771e-01 5.407870834780991630e-12 1.370592733800924362e-25
1.000000000000000000e+00 3.051511980847243954e+00 4.971993385399749998e-01 1.731827789625977332e-01 7.235891388787598077e-12 4.937707435867362470e-26
1.000000000000000000e+00 2.863474263263118047e+00 4.901481729281164657e-01 1.651496973481041131e-01 1.140484163218429286e-11 5.143579149313706134e-26
1.000000000000000000e+00 4.504645297105126289e+00 5.006974702284774370e-01 1.590877222841667882e-01 1.756171855128899012e-11 5.713276099598867740e-26
1.000000000000000000e+00 3.315798390575264598e+00 5.108578724940274762e-01 1.717497461931258018e-01 7.054482590380477886e-12 3.602807702634332303e-26
1.000000000000000000e+00 5.601665196567863880e+00 4.770392617958161829e-01 1.638959748455667276e-01 9.103955895222617130e-12 5.206209110286953388e-26
1.000000000000000000e+00 7.658859302885662856e+00 5.195883991510231725e-01 1.951821830746668651e-01 7.911707729473595832e-12 7.670790172084679644e-27
1.000000000000000000e+00 6.591972116904377010e+00 5.220328488606806872e-01 1.706334655642677833e-01 1.316722823668754185e-11 1.050935741089542705e-26
1.000000000000000000e+00 3.833585374146674773e+00 5.103585403145296517e-01 1.684420451979570799e-01 1.426965665428955680e-11 1.174268723903256546e-26
1.000000000000000000e+00 5.426299769640570148e+00 5.029612725889249791e-01 1.580105730386399676e-01 1.052984412024608422e-11 4.734207408153281569e-27
1.000000000000000000e+00 3.033440788116713360e+00 4.877750501006632433e-01 1.630656161102415902e-01 7.394768613835761798e-12 3.072997104906094296e-27
1.000000000000000000e+00 3.250403683221513962e+00 4.867170019863868435e-01 1.596076490810782733e-01 6.085500730283284850e-12 3.392839514318713971e-27
1.000000000000000000e+00 3.217233045206049358e+00 4.923226744500922014e-01 1.598864570347451886e-01 7.273630771647546050e-12 5.923723573360683137e-28
1.000000000000000000e+00 2.547438321798110916e+00 4.968017729854635189e-01 1.675304197343605861e-01 8.460098105665168551e-12 1.357996297753419663e-27
1.000000000000000000e+00 3.200584823104664078e+00 5.119049718007687710e-01 1.742670197924236219e-01 5.265390433412910583e-12 1.740175982187325934e-27
1.000000000000000000e+00 5.072494610171187190e+00 5.259373198195191890e-01 1.831510540001260734e-01 6.291217283857523476e-12 1.527762996185526374e-27
1.000000000000000000e+00 5.328249069965103502e+00 5.098369524810930642e-01 1.630585818685533761e-01 8.841941885990710891e-12 1.896751548730018351e-27
1.000000000000000000e+00 2.544039885898268238e+00 4.983512880327815031e-01 1.677120981670985334e-01 2.161597551348446770e-12 6.839263295988936514e-30
1.000000000000000000e+00 5.316228211233454459e+00 5.018738417020350839e-01 1.576179649489738710e-01 2.275547884640381212e-12 7.013709761245792431e-30
1.000000000000000000e+00 4.041268820446980214e+00 5.190777088853968380e-01 1.834578377517206427e-01 2.905772120257696870e-12 4.944562830652257248e-30
1.000000000000000000e+00 4.374244490055382073e+00 5.114229883731276072e-01 1.846920751997001009e-01 2.432502787311765902e-12 5.830342055059872828e-30
1.000000000000000000e+00 3.362190304753123193e+00 4.870038017114128870e-01 1.658838943797349974e-01 2.045216366460308092e-12 3.860183157244226644e-30
1.000000000000000000e+00 3.316432735015266253e+00 5.140129075067679798e-01 1.775626055366803790e-01 2.343871416656930935e-12 3.141001695291408337e-30
1.000000000000000000e+00 2.578525020676255330e+00 5.027704066072419264e-01 1.716744855417206839e-01 2.290576557685203550e-12 2.729807713815472242e-30
1.000000000000000000e+00 3.066817934212524133e+00 5.053874387560010062e-01 1.678863725924364392e-01 4.673611184910171207e-13 3.593990298980080632e-30
1.000000000000000000e+00 7.208004559293158309e+00 4.677593671286317534e-01 1.474071309358379600e-01 4.801582993209829386e-13 2.065815280069560477e-30
1.000000000000000000e+00 3.417166572773975286e+00 5.076899562236121266e-01 1.679561552189765550e-01 5.680938762640812876e-13 2.119597257332343875e-30
1.000000000000000000e+00 3.513095464597226325e+00 5.155792305672864950e-01 1.800084167264672241e-01 7.122487792978972971e-13 2.336779634948363137e-30
