1.000000000000000000e+00 6.939020232171203588e+02 5.081506408738295510e-01 1.747960707571265260e-01 4.337663981237076029e-22 8.994594582562120971e-18
1.000000000000000000e+00 9.523080988002513436e+01 3.947331427180950092e-01 1.240625776044991524e-01 8.418951179324157125e-03 2.041932977226098775e-02
1.000000000000000000e+00 3.624009762482928920e+01 5.609922722534118611e-01 1.686590556781062400e-01 8.815120397108779093e-03 3.721735580429402779e-02
1.000000000000000000e+00 3.007199263111284893e+01 5.940955587344313171e-01 2.140351241864243692e-01 7.265780509738490461e-03 1.486665597526603058e-02
1.000000000000000000e+00 2.112254542234904875e+01 5.814660432820197844e-01 2.198548070931991283e-01 4.078851099035033304e-03 1.919849648936140102e-02
1.000000000000000000e+00 5.105797693025279749e+00 5.144970322762643100e-01 1.601299508610265210e-01 2.847715477380734130e-03 4.996483757178447893e-02
1.000000000000000000e+00 1.841994137382121366e+00 4.864990291437960024e-01 1.622778974547698094e-01 1.758588751047370077e-03 3.463649872770481475e-02
1.000000000000000000e+00 2.564660425240294916e+00 5.166599590372366047e-01 1.838575456890488569e-01 2.967319037787157464e-03 3.263767242807524838e-02
1.000000000000000000e+00 1.925497723097694847e+00 4.835195478909066757e-01 1.550439052078436408e-01 3.994256202905794445e-03 2.186490475146118592e-02
1.000000000000000000e+00 4.867461313923355348e+00 5.285704777277282496e-01 1.930314238068035759e-01 2.924374483046657345e-03 2.820139698296883143e-02
1.000000000000000000e+00 5.156219866811362351e+00 5.360866647497272153e-01 1.817433505932106452e-01 4.318781249982258687e-03 1.645182828229316274e-02
1.000000000000000000e+00 5.082560901512811036e+00 4.847939930808847775e-01 1.704992131684290035e-01 3.833765624150125076e-04 1.291257681694139500e-02
1.000000000000000000e+00 5.286327673161045126e+00 5.252720673496685810e-01 1.765310873267707803e-01 4.506078956913133317e-04 1.141461327312664337e-02
1.000000000000000000e+00 4.721328905504663886e+00 5.189553029775152426e-01 1.886348294017234639e-01 4.377743839404205127e-04 1.796531803615782075e-04
1.000000000000000000e+00 4.469015560129292908e+00 4.814009727889295154e-01 1.513119955026241970e-01 4.239916327872234178e-04 2.447166112152584930e-04
1.000000000000000000e+00 4.523072691988542005e+00 4.936187591658137697e-01 1.547410602116519318e-01 6.202693070402016473e-05 2.270847989731335941e-04
1.000000000000000000e+00 4.260826124035868467e+00 4.790716228113956476e-01 1.553580135775323445e-01 4.178136175315742357e-05 3.721283783997102190e-04
1.000000000000000000e+00 3.851223538506245436e+00 5.144076223386384594e-01 1.709231153335350473e-01 8.434889233366575244e-06 2.264016909668477198e-04
1.000000000000000000e+00 3.999080015035012980e+00 4.965783212906831334e-01 1.566296989442580445e-01 5.022846799821972250e-06 3.419952701130899841e-04
1.000000000000000000e+00 3.593308600836524480e+00 5.147052884318823462e-01 1.734434705550971234e-01 4.276630094191576787e-06 1.728294087565875460e-04
1.000000000000000000e+00 6.520861573021664803e+00 5.143926660759849945e-01 1.871649706836115701e-01 7.504171284856406737e-06 8.059037596747483040e-05
1.000000000000000000e+00 5.423211003138627362e+00 4.747286007563775168e-01 1.503433704542140592e-01 7.234696323194825050e-06 5.212143815784152281e-05
1.000000000000000000e+00 5.740273238852495297e+00 5.268096133035922168e-01 1.862525593305490446e-01 8.361017902444851547e-06 8.061375247952347041e-05
1.000000000000000000e+00 5.384940222309890778e+00 4.847511202861099489e-01 1.494913777428443780e-01 6.996687419839811635e-06 7.038769196395037444e-05
1.000000000000000000e+00 4.488699327428649966e+00 4.815653679316810321e-01 1.523084342306918748e-01 6.202952664536914673e-06 6.019027942543811482e-05
1.000000000000000000e+00 3.980943497798520525e+00 5.127143026743294918e-01 1.679704096940142499e-01 9.538644621807910621e-06 7.960502691005669673e-05
1.000000000000000000e+00 3.368908747384895097e+00 4.943514253975836992e-01 1.701015103822785257e-01 8.985331818009998571e-06 1.104796195470926891e-04
1.000000000000000000e+00 3.345395134191479158e+00 5.094066507494315887e-01 1.680092148376918781e-01 6.626245776800018605e-06 1.523668462658780639e-04
1.000000000000000000e+00 3.161164378376720929e+00 4.891086221958848013e-01 1.643381327598827102e-01 4.870152239348857765e-06 1.567814097920434675e-04
1.000000000000000000e+00 3.562665710332853397e+00 5.150611087784379150e-01 1.745433022677243540e-01 7.528545285743051872e-06 1.972717700450608673e-04
1.000000000000000000e+00 6.018172439821801945e+00 4.856044166837145126e-01 1.472467699017735165e-01 9.744863317924967912e-06 6.909757874581419100e-05
1.000000000000000000e+00 3.504707938673856660e+00 4.976912483069868554e-01 1.600314432498269324e-01 7.027385506463884780e-06 2.409082864183479739e-05
1.000000000000000000e+00 3.855684972581104653e+00 4.830837993844894207e-01 1.632484742788632426e-01 8.718338191240074730e-06 1.308756349807117893e-05
1.000000000000000000e+00 2.603169759874972566e+00 4.988788713656814311e-01 1.704834773995643482e-01 1.164960606661732948e-05 7.313483674687001543e-06
1.000000000000000000e+00 3.768786198537766641e+00 5.179742219724298158e-01 1.794819791710614842e-01 1.145486316514336404e-05 4.392285704497940268e-06
1.000000000000000000e+00 3.755398141691384417e+00 4.857108667251128775e-01 1.556875332385940225e-01 1.454849017644721949e-05 6.435616857013197944e-06
1.000000000000000000e+00 3.453230178156332819e+00 5.020552216578203497e-01 1.770806749863240714e-01 4.999219229948570714e-06 9.663953863378256287e-06
1.000000000000000000e+00 3.841741766562480898e+00 5.138595810182252643e-01 1.713373077295497759e-01 6.723525785434268628e-06 1.184011762673509726e-05
1.000000000000000000e+00 2.627218312481893747e+00 5.040103460883404995e-01 1.722009962442617448e-01 5.166599307910040270e-06 1.729749213168201518e-05
1.000000000000000000e+00 2.528062335880241651e+00 4.990047502426827042e-01 1.682974137094196687e-01 1.653562827914252294e-06 2.076456826683432499e-05
1.000000000000000000e+00 3.558547110806225877e+00 4.927039545039487711e-01 1.578265004673329031e-01 1.699896212012635023e-06 1.870850401012886721e-05
1.000000000000000000e+00 5.653983242206648718e+00 4.814376054910016745e-01 1.673923723828096288e-01 9.699736448762654635e-07 1.938523631862554500e-05
1.000000000000000000e+00 2.778421239874127924e+00 4.935769931409021982e-01 1.677831540641500918e-01 1.106988885633145872e-06 1.984251824212403704e-05
1.000000000000000000e+00 4.279247091492092814e+00 5.032755807541918758e-01 1.795328888069302187e-01 8.765195867627271196e-07 8.263494289762571575e-06
1.000000000000000000e+00 3.019414905731824028e+00 5.079249753387926614e-01 1.767135827593238340e-01 4.633095056035690383e-07 8.374305640919860565e-06
1.000000000000000000e+00 3.017850876660225445e+00 4.934210866168561860e-01 1.606358073325608871e-01 7.702725672098668874e-07 5.589476054331412837e-06
1.000000000000000000e+00 2.866794330843032590e+00 4.905040072988694488e-01 1.621032623479923274e-01 3.022379538412983467e-07 3.725031538645151292e-06
1.000000000000000000e+00 4.885295599075863748e+00 4.755648582405409552e-01 1.542420565121575549e-01 4.169092444670790104e-07 5.756494611178504467e-06
1.000000000000000000e+00 2.616690562701426082e+00 4.964458160052335756e-01 1.684609972438512460e-01 6.699167190622822423e-07 6.026688560994510959e-06
1.000000000000000000e+00 3.936566740386338470e+00 4.973036583034179947e-01 1.750139960785878079e-01 1.164781926594934055e-06 7.770736763860141248e-06
1.000000000000000000e+00 3.130049466660061341e+00 5.099223655007518730e-01 1.769246664547060033e-01 1.065452063056215956e-06 7.954965197293707751e-07
1.000000000000000000e+00 4.317875862783260743e+00 4.868690076634453190e-01 1.535568613950118178e-01 1.232271503414815018e-06 6.687795240096861436e-07
1.000000000000000000e+00 3.153586648772286782e+00 5.088667311745705968e-01 1.779303276821388724e-01 1.980408174429858981e-06 3.492508346120590611e-07
1.000000000000000000e+00 5.117482465284819426e+00 5.261688573781869716e-01 1.856798204253943541e-01 1.931879988022216742e-06 2.146006496154121594e-09
1.000000000000000000e+00 4.324914002917918054e+00 4.877527476460973843e-01 1.698054670222770290e-01 1.289356023752574294e-06 2.464877753523709978e-09
1.000000000000000000e+00 2.981424963691943208e+00 5.046377502295017470e-01 1.670450998982217494e-01 6.736931361472273360e-07 4.068982392385482430e-09
1.000000000000000000e+00 4.187591518328559026e+00 5.146892367512226896e-01 1.838224019152101540e-01 4.989427387637891157e-07 5.174826419768681198e-09
1.000000000000000000e+00 4.311184601357381574e+00 4.783238507474336099e-01 1.571923878703111455e-01 7.893385609770634270e-07 3.262008820000239991e-09
1.000000000000000000e+00 8.214967714430336798e+00 5.397624483145467833e-01 1.934005308131949707e-01 6.772630247440682331e-07 4.380424211644853192e-09
1.000000000000000000e+00 9.835975644038569499e+00 4.591192332348106864e-01 1.462443297532773911e-01 8.096786742598605917e-07 3.145861841115170635e-09
1.000000000000000000e+00 6.670661947317040763e+00 5.177972809329258741e-01 1.908606284117961016e-01 9.959447839335956869e-07 2.334449525917257058e-09
1.000000000000000000e+00 5.287922774065243914e+00 5.087458034593160816e-01 1.844745491025472639e-01 9.275328335955042912e-07 2.744250863352083273e-09
1.000000000000000000e+00 3.272430779289641656e+00 4.859976446839443520e-01 1.631207150372959713e-01 5.054842992055869413e-08 1.801424594015626809e-09
1.000000000000000000e+00 3.510510552146464569e+00 5.157104675722231635e-01 1.775922268774479396e-01 3.779162652558392235e-08 9.850270218972150635e-10
1.000000000000000000e+00 2.625946082722479424e+00 4.976350632613016911e-01 1.701968110026924330e-01 3.927074988294896149e-08 1.728355057603130989e-09
1.000000000000000000e+00 2.687552453466440117e+00 4.931539495685589580e-01 1.643172285362228535e-01 6.901661134948376276e-08 2.225647744784567268e-09
1.000000000000000000e+00 4.549647408058491216e+00 5.019435962716013444e-01 1.594857514593599757e-01 3.261805744406373562e-08 1.009579761738966404e-09
1.000000000000000000e+00 5.439123140488710817e+00 4.736682943970834669e-01 1.576850687340914658e-01 5.643450278575402659e-08 1.997664428198336098e-09
1.000000000000000000e+00 4.940073225060285900e+00 4.844881107507919560e-01 1.514683464935921431e-01 3.349313877965298362e-08 2.469572220067471621e-09
1.000000000000000000e+00 4.359642346179558814e+00 4.793395067217405270e-01 1.611037389171693923e-01 4.935522780086750473e-08 1.511347439564992052e-09
1.000000000000000000e+00 3.060954485492505484e+00 4.884205857098207204e-01 1.647799687845521721e-01 5.528613407423975701e-08 3.318278818755539399e-09
1.000000000000000000e+00 2.703532149638722348e+00 5.037544944940951508e-01 1.690334490056205619e-01 6.139854253500293592e-08 3.590950156310738673e-09
1.000000000000000000e+00 2.591697897174494170e+00 4.991737013644006460e-01 1.669185341606026773e-01 4.247546784557315361e-08 2.831240447649129099e-09
1.000000000000000000e+00 2.645430674755889999e+00 5.047505519743593627e-01 1.726503377755161106e-01 7.739189109498520012e-08 1.511073470524649627e-09
1.000000000000000000e+00 3.307633756899964528e+00 4.859375191560842966e-01 1.592844176282393054e-01 7.724797310606726486e-08 1.837357386089561461e-09
1.000000000000000000e+00 3.674917599800646695e+00 5.038231248005871077e-01 1.637233964519019536e-01 2.433151081991622481e-09 2.041312975357375497e-09
1.000000000000000000e+00 3.997489102500334290e+00 4.841185130455392671e-01 1.658925749153535578e-01 2.542958303612591333e-09 2.950309564887828462e-09
1.000000000000000000e+00 4.111021820435697194e+00 4.794276402617529964e-01 1.577101751448708733e-01 3.705377884552570424e-09 3.892589811276970284e-09
1.000000000000000000e+00 2.780836781904504562e+00 4.962129733284511568e-01 1.637741022631175603e-01 6.060395845286058783e-09 4.802882928878622973e-09
1.000000000000000000e+00 3.365383038427212536e+00 5.143052171052190369e-01 1.769068068883155598e-01 5.182090292024407596e-10 1.094554829983963034e-08
1.000000000000000000e+00 3.468809621981476354e+00 5.040395006038557169e-01 1.647824757105965932e-01 4.668412734771629800e-10 7.903067247997205939e-09
1.000000000000000000e+00 3.547333600233667728e+00 5.099650134486619635e-01 1.811282553892147040e-01 7.690700714087959244e-10 9.120243345516114219e-09
1.000000000000000000e+00 4.062038509637128314e+00 4.860596474851041071e-01 1.548588527801244563e-01 8.825435150691697508e-10 7.672278668660211395e-09
1.000000000000000000e+00 4.422221539148738501e+00 5.212716487772521834e-01 1.854284282331179479e-01 5.175424365484298333e-10 3.766280079105404881e-09
1.000000000000000000e+00 2.990894795837717446e+00 4.883824910151768339e-01 1.621689952712460636e-01 3.071740597393892794e-10 3.421826787744063745e-09
1.000000000000000000e+00 2.904947271070464687e+00 5.090285919374876178e-01 1.760352145245749622e-01 5.484510074533264310e-10 3.593727255091341451e-09
1.000000000000000000e+00 2.851644769341467267e+00 4.908279079400257872e-01 1.625961792053303157e-01 3.819519446509263580e-10 2.315842890908173163e-09
1.000000000000000000e+00 2.954023355452668476e+00 4.979141088241526014e-01 1.634671036212752282e-01 5.205991996014720268e-10 3.008082655459391458e-09
1.000000000000000000e+00 6.684275580681094731e+00 5.333728474679709786e-01 1.927863718208816524e-01 6.526743789250538251e-10 1.734503612125530861e-09
1.000000000000000000e+00 6.312447482729427684e+00 4.775794778042344868e-01 1.663748727519442083e-01 9.065765994982433433e-10 1.254833014681890105e-09
1.000000000000000000e+00 2.667210172996470341e+00 4.942767799670393369e-01 1.679485119965275219e-01 8.174083717698118060e-10 1.299358074561804539e-09
1.000000000000000000e+00 3.818716709017131450e+00 5.134720068699597517e-01 1.716211568907948792e-01 1.202198324033109128e-09 1.970008902889283940e-09
1.000000000000000000e+00 7.568345148278755374e+00 5.127193167144318275e-01 1.600177338571259211e-01 4.386700252553139527e-10 2.002952375116026896e-09
1.000000000000000000e+00 3.667995605596343633e+00 4.825593592177238600e-01 1.612691380420459009e-01 4.743658674978053168e-10 3.994711191478401172e-09
1.000000000000000000e+00 3.320472623176589089e+00 5.135442807146782807e-01 1.757713989927741360e-01 9.364960078760949034e-11 5.508795625877727648e-09
1.000000000000000000e+00 3.399157499473449029e+00 5.104021877015224584e-01 1.706862058788832515e-01 2.999702640696774519e-12 6.042885910678858634e-09
1.000000000000000000e+00 4.967294214500956429e+00 4.805804484028313173e-01 1.513181713008679152e-01 6.254845204863884814e-13 9.842846089911301358e-09
1.000000000000000000e+00 6.037728961278427064e+00 5.191626226641683495e-01 1.916527030994887582e-01 7.134586685008415372e-13 1.028418935834569117e-08
1.000000000000000000e+00 6.591202621080934243e+00 4.685744625934415430e-01 1.541778377807332956e-01 7.512551352273125750e-13 5.443499571406767474e-09
1.000000000000000000e+00 6.689126091470324553e+00 4.723468704137297469e-01 1.615368544024570752e-01 1.075937036643877218e-12 2.816683434123799771e-09
1.000000000000000000e+00 5.954995709481754496e+00 5.293770433188449420e-01 1.912802598400453746e-01 7.130590402546111444e-13 3.024994193790528859e-09
1.000000000000000000e+00 4.304290150472162679e+00 5.214670628965021315e-01 1.808956069180901183e-01 1.107598293762984343e-12 3.427060486019657209e-09
1.000000000000000000e+00 2.916305865070419667e+00 5.020627891109825658e-01 1.751933157776844330e-01 1.836023119523025798e-12 5.857247089715243360e-09
1.000000000000000000e+00 2.731861486884870072e+00 4.971060790916275729e-01 1.646706118531266472e-01 2.016777903506172860e-12 8.384255624805571205e-09
1.000000000000000000e+00 3.535069278757725364e+00 5.011367597445838262e-01 1.774942106539673381e-01 9.889498681519923073e-13 3.759226011199923772e-09
1.000000000000000000e+00 3.469930759462924730e+00 5.145048667409105603e-01 1.805390090528376512e-01 1.577518538030250127e-12 5.322039005954058921e-09
1.000000000000000000e+00 3.169146835539606410e+00 4.885751820495174425e-01 1.664027036143430338e-01 1.591570384776845970e-12 4.303988725764339856e-09
1.000000000000000000e+00 3.059025752358508043e+00 4.874711600920321741e-01 1.626253574253992973e-01 2.043049330136345578e-12 1.872036501207920889e-09
1.000000000000000000e+00 3.165628547163709339e+00 4.864071257911293800e-01 1.615931934835348194e-01 2.654926609320764375e-12 2.499732844312807472e-09
1.000000000000000000e+00 3.101774533882220464e+00 5.078545162887476705e-01 1.699632392769957479e-01 2.714063539680519858e-12 1.608757339456128618e-09
1.000000000000000000e+00 5.033908394337569092e+00 5.202286802420962308e-01 1.888472405790236897e-01 3.404959917488681859e-12 1.982594926161044143e-09
1.000000000000000000e+00 5.607178191846543314e+00 4.752708726143965445e-01 1.616933883578503817e-01 4.199141272592653342e-12 2.096072149342974620e-09
1.000000000000000000e+00 4.431480445470830531e+00 4.942013042703888304e-01 1.560029748146985751e-01 5.094987188630194354e-12 1.672624017925051430e-09
1.000000000000000000e+00 2.657568636817455143e+00 4.953758287673973859e-01 1.648812975084141819e-01 5.683373869115157687e-12 2.008582690679171423e-09
1.000000000000000000e+00 2.737186871095473428e+00 5.058801225972066051e-01 1.713979595436006254e-01 5.839835837428139800e-12 3.327956387866288024e-09
1.000000000000000000e+00 5.403897704175300909e+00 5.051277456002963850e-01 1.845057333569648517e-01 3.216604483265008143e-12 4.489209628707305151e-09
1.000000000000000000e+00 2.779341116622082719e+00 5.067367242669241767e-01 1.719371234027201323e-01 1.800031551738037573e-12 5.746218598621800470e-09
1.000000000000000000e+00 3.730842739478166248e+00 4.967526955911043540e-01 1.594371985041054818e-01 1.840850974558411098e-12 6.652682409010805734e-09
1.000000000000000000e+00 2.781919482814977584e+00 4.939621974818039218e-01 1.632430131348595048e-01 2.529937839885439430e-12 1.200505366488326094e-08
1.000000000000000000e+00 7.431662677731720734e+00 4.715063589755797424e-01 1.447865787197041842e-01 2.047764465251709105e-12 6.929049346248283840e-09
1.000000000000000000e+00 3.750210614400753428e+00 4.996986524042753564e-01 1.609227808292008344e-01 2.941346688959108118e-12 1.122350810530936677e-08
1.000000000000000000e+00 3.585571307656219009e+00 5.010938840428341701e-01 1.623643641416402106e-01 6.134665884459935756e-13 1.138309909184829578e-08
1.000000000000000000e+00 2.908582246778453673e+00 4.928109208517307827e-01 1.689670264727025917e-01 4.507848167843677706e-13 1.052510425286738446e-08
1.000000000000000000e+00 2.571122714989784619e+00 4.969083895306541931e-01 1.666168917522785065e-01 7.649524551349674926e-13 1.630895004111512610e-08
1.000000000000000000e+00 2.674459575134997547e+00 5.049057204956564071e-01 1.712059494380676894e-01 5.633336142017523018e-13 3.082869128147790425e-08
1.000000000000000000e+00 3.306102955008539013e+00 5.057847285315817398e-01 1.668926588889996510e-01 1.369484526135928325e-12 2.678480799954853770e-08
1.000000000000000000e+00 2.896543385134075166e+00 5.059141081392968253e-01 1.695923095526215008e-01 7.302060561932731218e-13 1.443684377687410002e-09
1.000000000000000000e+00 3.166430173949398963e+00 4.873042574644564362e-01 1.602301160768302424e-01 7.993479080690295649e-13 6.879935413531512329e-10
1.000000000000000000e+00 2.643067146031755410e+00 5.046296502864165978e-01 1.716663381768267771e-01 1.040544589996915714e-12 1.479095235265449456e-10
1.000000000000000000e+00 3.530997446176046939e+00 5.132641082141008448e-01 1.731943431934998556e-01 5.858338520559669443e-13 1.107850298886060423e-10
1.000000000000000000e+00 3.149263138827447683e+00 5.002213790053526843e-01 1.754604437872479550e-01 1.034683432167987062e-12 7.922639484179743027e-12
1.000000000000000000e+00 3.815493563144865874e+00 4.813646618554406342e-01 1.601716550299951969e-01 8.683728433999847542e-13 1.027163285876728202e-11
1.000000000000000000e+00 3.312615554855681488e+00 5.081923641603028896e-01 1.689690514657447018e-01 9.263054232562086585e-13 1.116553452652470407e-11
1.000000000000000000e+00 3.271378464097836058e+00 4.889343676555688578e-01 1.590417624441713140e-01 1.296093455389209278e-12 1.649525924802959086e-11
1.000000000000000000e+00 2.770775232996256499e+00 4.929749281230944025e-01 1.678887514098864608e-01 1.812968614803250191e-12 1.658292367119628860e-11
1.000000000000000000e+00 3.252280541066272956e+00 4.863772106281647467e-01 1.597977945587740756e-01 1.216318983877413835e-12 2.959217728106737188e-11
1.000000000000000000e+00 4.071841092328420508e+00 5.021761226419656499e-01 1.613159516529137083e-01 1.158126566281219152e-12 3.101994619208741113e-11
1.000000000000000000e+00 4.126685493572184171e+00 4.985122577484044082e-01 1.590012435185220452e-01 1.910389817466572328e-12 1.219847310688147828e-11
1.000000000000000000e+00 2.881098674888345812e+00 4.896905562975558124e-01 1.644428212814103563e-01 2.171271396772612564e-12 6.041681690067709506e-12
1.000000000000000000e+00 2.596642980349407548e+00 5.031768767903309625e-01 1.706552959305842332e-01 8.583376932836925175e-13 3.007674405543321756e-12
1.000000000000000000e+00 2.618061800591169774e+00 5.028273458160471554e-01 1.696865126306500715e-01 9.052761237567218318e-13 5.402768018372625379e-12
1.000000000000000000e+00 3.758473256817456587e+00 5.021578541942598450e-01 1.787895867861071519e-01 7.568273632624676735e-13 6.161269908567552277e-12
1.000000000000000000e+00 3.545645418090485279e+00 5.154725789477222486e-01 1.766351636084617927e-01 1.026334141083257249e-12 9.078284549282035670e-12
1.000000000000000000e+00 4.618917042284753194e+00 5.064301240959663275e-01 1.625046750152405184e-01 1.042106739813637930e-12 3.560056510005619985e-12
1.000000000000000000e+00 4.592604597461976468e+00 5.044998471212674973e-01 1.823303175671888987e-01 7.142563261494645245e-13 5.167123797025758685e-12
1.000000000000000000e+00 4.299197477727005889e+00 5.030895227251651614e-01 1.611784497854990283e-01 4.519304977166562813e-13 3.464203167121798900e-12
1.000000000000000000e+00 4.853538065005290392e+00 5.161565865162656142e-01 1.875585811618165066e-01 2.360624902960338749e-14 1.795639957402796732e-12
1.000000000000000000e+00 4.189903886403379296e+00 5.163025233744475972e-01 1.730344560027985146e-01 2.125643386888667336e-14 1.471498054272661126e-12
1.000000000000000000e+00 3.227704948316749700e+00 5.131247207998931303e-01 1.776426799880193863e-01 2.130972539035350761e-14 2.087587128384056420e-12
1.000000000000000000e+00 4.034824611723957233e+00 5.069970825608007825e-01 1.819517052685915015e-01 2.443511792501526498e-14 1.679195012931637326e-12
1.000000000000000000e+00 3.943792919735982672e+00 5.169208505930441566e-01 1.836854348021065564e-01 2.140891481902115629e-14 1.777781065818859988e-12
1.000000000000000000e+00 2.939925880370586775e+00 5.097570540168044895e-01 1.746634911067243001e-01 1.467202380317091538e-14 7.684948412697052534e-13
1.000000000000000000e+00 2.561355889626450555e+00 4.987508661149109290e-01 1.674838062671893946e-01 4.733961945977775499e-15 1.153225663085541127e-12
1.000000000000000000e+00 2.866745805143142256e+00 5.071088171964702740e-01 1.762052864471836955e-01 8.242628217101898500e-15 6.187799685328010685e-13
1.000000000000000000e+00 4.419390589391804625e+00 4.898572044747439014e-01 1.544518676380977340e-01 1.850242260386340776e-14 6.822407909227049288e-13
1.000000000000000000e+00 3.471635317216764882e+00 5.153694093508814911e-01 1.778948361465535200e-01 1.002027901976155552e-14 9.674514891003668216e-13
1.000000000000000000e+00 3.736883042569615121e+00 5.027429922332417034e-01 1.628459555426013394e-01 1.904602252619527311e-14 1.095491820578523790e-12
1.000000000000000000e+00 3.395567426669789501e+00 5.027625966769865284e-01 1.642250558038279573e-01 1.026302641676764530e-15 5.518370526253518247e-13
1.000000000000000000e+00 4.761421968958994277e+00 4.823205622206802046e-01 1.669627534668379765e-01 3.251892488053618658e-16 4.452002004154634540e-13
1.000000000000000000e+00 3.063655602110900489e+00 4.986536652272798298e-01 1.741562774615023346e-01 3.501037762213158537e-16 6.074629262327322528e-13
1.000000000000000000e+00 2.577249246054300613e+00 4.962937493299274250e-01 1.685389014353380066e-01 5.384716953595667862e-16 2.704221765719120746e-13
1.000000000000000000e+00 2.590809509403347199e+00 4.987627380587174031e-01 1.707599653154331654e-01 7.883465852675741294e-16 2.166153988556662137e-13
1.000000000000000000e+00 2.575414933757023128e+00 5.025303829523869448e-01 1.716900840138153583e-01 1.016252616185883771e-15 3.025137463419011112e-13
1.000000000000000000e+00 2.629725902361989220e+00 4.958337334529875351e-01 1.653580796443501755e-01 4.642342157536741416e-16 4.052470825081110622e-13
1.000000000000000000e+00 2.533299348506131032e+00 4.992206572074189275e-01 1.685048278343024564e-01 8.510730997390646096e-18 6.137940004387785614e-13
1.000000000000000000e+00 2.988723934151154449e+00 5.103769806185488589e-01 1.763123948408585884e-01 2.564310060722793160e-18 3.334720871093086069e-13
1.000000000000000000e+00 4.530255857427788690e+00 4.770335007127806670e-01 1.567236685194271228e-01 1.221187809496284008e-18 2.056945827339388444e-13
1.000000000000000000e+00 3.237584022631026848e+00 4.863144318798094945e-01 1.637047313823628558e-01 1.328382257743255647e-18 1.701981360881012018e-13
1.000000000000000000e+00 2.891308542127493997e+00 5.034154919517306315e-01 1.756039826584701036e-01 1.189821405055130544e-18 6.677350534340470382e-14
1.000000000000000000e+00 3.140560814967885861e+00 4.979260420431032563e-01 1.624905340137693388e-01 8.696178611964222446e-19 6.529520206292772718e-14
1.000000000000000000e+00 2.884879439712549676e+00 4.904753957019598043e-01 1.622743602629734272e-01 6.549541452376501289e-19 6.415477833129843928e-14
1.000000000000000000e+00 2.741965973018273495e+00 4.921171952036245134e-01 1.639167807978922087e-01 1.368409800627588969e-20 5.933531464237695833e-14
1.000000000000000000e+00 9.427105763575733377e+00 5.425261344457940060e-01 1.893716657702645412e-01 2.039794157488471486e-20 9.552690576664793869e-14
1.000000000000000000e+00 2.808374678069646357e+00 5.062293394655162926e-01 1.755640398110351885e-01 1.959986214887511235e-20 1.119642508710648707e-13
1.000000000000000000e+00 3.149617032473337908e+00 5.026563147063919379e-01 1.653122529241925209e-01 3.246141268422707417e-20 1.510626703949668790e-13
1.000000000000000000e+00 3.670917269041524378e+00 4.961132361469910990e-01 1.593542934054323901e-01 1.508657589908482714e-20 1.412742829380835626e-13
1.000000000000000000e+00 3.161109380190916696e+00 5.048812081647420236e-01 1.777107641529920290e-01 1.122320440854937359e-20 2.818631218692045934e-13
1.000000000000000000e+00 5.817011205274445373e+00 4.752432634218080043e-01 1.490636763575089452e-01 2.356762829674850059e-21 3.798154448131789030e-13
1.000000000000000000e+00 6.005800471858369072e+00 5.049126237878341916e-01 1.855762493689466774e-01 2.521011926663102836e-21 6.180909922483765974e-13
1.000000000000000000e+00 5.232334202061970529e+00 4.911706656765274515e-01 1.755605347155437534e-01 1.046001182848859250e-21 6.264097256677146867e-13
1.000000000000000000e+00 5.215429217827259656e+00 5.146375383986210306e-01 1.881851999752608695e-01 1.303324463043251614e-21 1.574463501184088790e-12
1.000000000000000000e+00 5.142449483629912166e+00 4.777302691408661373e-01 1.631236200464207808e-01 1.634930276035319866e-21 2.359870984214538657e-12
1.000000000000000000e+00 5.219882796652839829e+00 5.164177989034284266e-01 1.887431284484160643e-01 1.057120128236790658e-22 3.531967889183220798e-12
1.000000000000000000e+00 4.489004468642919576e+00 5.224580039536833587e-01 1.848764408886003630e-01 1.111707430394443264e-22 1.410015064922666673e-12
1.000000000000000000e+00 4.954461966725911992e+00 4.815632931983366283e-01 1.513419185427782587e-01 8.925533742428200554e-23 9.322022279011559395e-13
1.000000000000000000e+00 5.389162359422148718e+00 5.023667067501068617e-01 1.577357735463804922e-01 1.573414494894971762e-22 1.048892190056619623e-12
1.000000000000000000e+00 6.155895001993158644e+00 4.808457666351395599e-01 1.477883656191089357e-01 1.622171854364983770e-22 4.373370828699566547e-13
1.000000000000000000e+00 2.629573136754260076e+00 4.965276839652353336e-01 1.696581354979008194e-01 2.112925472488445028e-22 2.424848944574418169e-13
1.000000000000000000e+00 7.877117676426259152e+00 4.691562151424767957e-01 1.608019377568912223e-01 2.052300698433058116e-22 2.083097466474854500e-13
1.000000000000000000e+00 5.614947544269526247e+00 5.011930192757337865e-01 1.564897727023182583e-01 7.084726065605273425e-23 2.051859783381794060e-14
1.000000000000000000e+00 4.138724631459392178e+00 5.201973757932701892e-01 1.833595396067548011e-01 1.043457004067583537e-22 9.487398830966355116e-15
1.000000000000000000e+00 2.762212586086461474e+00 4.929960936861139675e-01 1.678128361686489212e-01 9.211507019449529980e-23 1.752533488105512616e-14
1.000000000000000000e+00 3.748639161004590825e+00 5.177059972643835994e-01 1.795014700982686950e-01 5.798990661257318432e-23 1.203563728190307306e-14
1.000000000000000000e+00 3.665201255605885944e+00 5.097499169477937020e-01 1.816206876650310609e-01 9.500998979428139390e-23 1.511260687927130613e-14
1.000000000000000000e+00 3.355625090793973975e+00 4.854573582375255048e-01 1.592388512813471269e-01 1.325813641523770827e-22 1.999610961900818086e-14
1.000000000000000000e+00 2.558000872835317629e+00 4.989901229115526471e-01 1.676790910388397116e-01 1.129536211473756407e-22 3.212483206834138745e-14
1.000000000000000000e+00 3.494443244566530993e+00 4.962082925295717706e-01 1.743864612767496713e-01 8.258106961429775835e-23 3.531680709856622184e-14
1.000000000000000000e+00 6.061632286653438229e+00 5.083713498617092874e-01 1.601203809336504691e-01 9.327727978124057502e-23 3.132965820655218627e-14
1.000000000000000000e+00 6.501286231706307817e+00 4.906587449823921476e-01 1.776144797245056972e-01 1.431634889655028802e-22 8.404985805424333109e-15
1.000000000000000000e+00 2.725054033280995824e+00 5.011523521726179986e-01 1.670186572095112287e-01 2.028858640951265869e-22 6.919911318832402857e-15
1.000000000000000000e+00 3.700463272715242891e+00 5.144129931593144356e-01 1.735148843616940162e-01 2.765413296534707320e-22 6.233408688201099629e-15
1.000000000000000000e+00 3.742374525253001405e+00 4.856214245295107368e-01 1.563566317756472646e-01 1.616888475233197867e-22 5.157317061011964664e-15
1.000000000000000000e+00 6.798445502133334983e+00 4.808922838065589622e-01 1.462585374809666494e-01 3.398345230249695529e-22 8.662372898953968718e-15
1.000000000000000000e+00 4.537611116213674300e+00 5.191292012545257739e-01 1.747942178063153496e-01 1.670196360710090307e-22 4.562156529735058498e-15
1.000000000000000000e+00 3.850109557070667599e+00 4.811167192350487287e-01 1.599711850410152625e-01 1.496591601680210340e-22 4.849378893271213028e-16
1.000000000000000000e+00 3.704328951952702731e+00 5.108941234850600255e-01 1.820867412889345394e-01 1.661570005995171292e-22 3.676561268243626238e-16
1.000000000000000000e+00 2.660746500859176411e+00 5.006211108651877906e-01 1.672735035464263942e-01 8.311234132560144502e-23 1.334997530285978398e-16
1.000000000000000000e+00 2.575500076789032811e+00 4.967004509356249264e-01 1.664831673319522587e-01 2.095230539943060364e-22 1.230158528404133081e-16
1.000000000000000000e+00 2.745502151436837401e+00 5.068930954928604349e-01 1.737856474363621007e-01 4.599173614429509986e-22 3.032318292365792079e-17
1.000000000000000000e+00 4.731208109826851249e+00 5.143646711363284441e-01 1.687526175644943338e-01 5.589746409228538192e-22 3.696125300352331217e-17
1.000000000000000000e+00 3.934085227178799826e+00 5.184383945578870945e-01 1.780999195661170098e-01 2.405506037598576724e-22 3.001753283505623825e-17
1.000000000000000000e+00 4.578762759692686757e+00 4.954687091243016872e-01 1.561394562219921844e-01 4.507728240800829509e-22 5.378254626867775446e-18
1.000000000000000000e+00 4.610936172337157579e+00 5.212755215781131879e-01 1.774464759404953684e-01 4.816622066799499198e-22 4.688170844892629347e-18
1.000000000000000000e+00 2.932045479726433257e+00 5.095925149357690698e-01 1.743865984993822893e-01 5.719207481610045023e-22 5.672264268837429471e-18
1.000000000000000000e+00 2.948862480899575367e+00 4.962851136283968900e-01 1.627636862850586064e-01 8.876344298179849851e-22 8.425984970417518150e-18
1.000000000000000000e+00 3.349402556361757544e+00 4.864381456544085713e-01 1.587889415060782239e-01 3.815566077790018537e-22 1.386731775822120518e-17
1.000000000000000000e+00 2.824228727336941969e+00 5.081506408738295510e-01 1.747960707571265260e-01 4.337663981237076029e-22 8.994594582562120971e-18
