1.000000000000000000e+00 4.164673670516111088e+03 4.972712639918603350e-01 1.743417655602139404e-01 1.650407225774392157e-22 1.598171477146131024e-15
1.000000000000000000e+00 3.270777182696790987e+03 8.738356899242218923e-01 2.880563382713616227e-02 2.451920863900142623e-03 4.336220820152964645e-02
1.000000000000000000e+00 1.296724653376066954e+03 5.834477255067179735e-01 2.681248397427611618e-02 1.790647970561122168e-03 5.445691519816862197e-02
1.000000000000000000e+00 9.302613393227537699e+02 5.982017052819950109e-01 3.373802966307600654e-02 1.105152288287547567e-03 7.507164073683615657e-02
1.000000000000000000e+00 8.057442328529003817e+02 3.316671875318599749e-01 5.178029159311704765e-02 6.746225549927326991e-04 7.475142584851747485e-02
1.000000000000000000e+00 7.443539111085932802e+01 4.801199738558649122e-01 9.075117102562529903e-02 5.668625464895468745e-04 8.536559635680107672e-02
1.000000000000000000e+00 2.235193685405481290e+01 4.806815840745218837e-01 1.226507761393719198e-01 8.909230218064203384e-04 6.605077094066816312e-02
1.000000000000000000e+00 8.758526079484282079e+00 5.016402433055593413e-01 1.467975242839814898e-01 1.171713032700768750e-03 3.588957165210002187e-02
1.000000000000000000e+00 7.008886853313488707e+00 4.644067975239272172e-01 1.456174671620076577e-01 1.232481907016798805e-03 4.240037303664404011e-02
1.000000000000000000e+00 2.985528331585613593e+00 5.192779901191586500e-01 1.814698939223232665e-01 9.975934935374010121e-04 1.891112132383695327e-02
1.000000000000000000e+00 2.658229463053732200e+00 5.144755793111825959e-01 1.791168543698532789e-01 7.287757109557130037e-04 2.148803065690808520e-02
1.000000000000000000e+00 2.934845771333102871e+00 4.812967590148796715e-01 1.570624334054145366e-01 9.459576235876399498e-04 3.512785108730957784e-02
1.000000000000000000e+00 3.888053180062883030e+00 5.252886484870212813e-01 1.825570679216538261e-01 8.600494048479981075e-04 4.278915112729819725e-02
1.000000000000000000e+00 5.264242780392258680e+00 5.257677772819835393e-01 1.790436962755949102e-01 1.399463558907826149e-04 7.308299331218670591e-02
1.000000000000000000e+00 3.416934883962042147e+00 5.145810380064196332e-01 1.740742905564936216e-01 1.371614468070312710e-04 5.988687515911245152e-02
1.000000000000000000e+00 5.152275168731532240e+00 4.956213330023104269e-01 1.539589700966875752e-01 1.022229839986172728e-04 6.779317509486007531e-02
1.000000000000000000e+00 2.864168031129820324e+00 5.074057153115834051e-01 1.709153455230191243e-01 3.590675158498147102e-05 4.702101852035784485e-02
1.000000000000000000e+00 3.303975327951216734e+00 5.102382467386793463e-01 1.707475787485264740e-01 2.657466944319461098e-05 4.365513012478005467e-02
1.000000000000000000e+00 3.036462405034908940e+00 4.890481883751663372e-01 1.661471903774357772e-01 4.041775771931276605e-05 4.103625225134027721e-02
1.000000000000000000e+00 2.788452299149938973e+00 5.086323042074034628e-01 1.745609510892623950e-01 5.045660781083695921e-05 2.915019561494067504e-02
1.000000000000000000e+00 2.556137931442630240e+00 5.011257838784057839e-01 1.708743915049361628e-01 2.939583019335039761e-06 1.008192620744339726e-02
1.000000000000000000e+00 3.162518863050259199e+00 5.100471082911132159e-01 1.783310407358567606e-01 2.488491144808392613e-06 1.017762973768626851e-02
1.000000000000000000e+00 5.146002101447550992e+00 4.946596826914755884e-01 1.775116861070515362e-01 4.214151515311546992e-06 9.312456737019272207e-03
1.000000000000000000e+00 6.304292203223804236e+00 5.272881957632344907e-01 1.937622807860994723e-01 5.296411273396420250e-06 1.985707653721047877e-02
1.000000000000000000e+00 2.810561052006473659e+00 4.907151803364163678e-01 1.636803416948359735e-01 4.893992141460144973e-06 1.332761030693246224e-02
1.000000000000000000e+00 2.823158611929190709e+00 5.070582485075388890e-01 1.758281595015903087e-01 4.743673429430146270e-06 1.864668485955219349e-02
1.000000000000000000e+00 8.264783864862531360e+00 4.961026540895413506e-01 1.837281514230380275e-01 2.859075122927642998e-06 2.276204076145877178e-02
1.000000000000000000e+00 2.686482279985209054e+00 5.057817659904695340e-01 1.738246008998860503e-01 3.981535627497093649e-06 3.558007521501398152e-02
1.000000000000000000e+00 3.493897785299413083e+00 5.123594698849025519e-01 1.813556490899852214e-01 4.736421256097521557e-06 3.291873450076797381e-02
1.000000000000000000e+00 3.082332665525215454e+00 5.072893424108575466e-01 1.778786472010505937e-01 2.791641901163576822e-06 2.235958623780054388e-02
1.000000000000000000e+00 3.053260363087808127e+00 5.104623231018512453e-01 1.732871658397079351e-01 5.596983227022218714e-06 1.657683961466430156e-02
1.000000000000000000e+00 2.737175996518141918e+00 4.990655288365629660e-01 1.653473322104435372e-01 8.471069313175574737e-06 8.631197320329641459e-03
1.000000000000000000e+00 3.903886904491183696e+00 4.973517712046583994e-01 1.588279170572599874e-01 1.362488109641771326e-05 3.606821877352237374e-03
1.000000000000000000e+00 2.769721032128687366e+00 5.077724040860883692e-01 1.740183036934772609e-01 1.063396565411691203e-05 4.342325263416242989e-03
1.000000000000000000e+00 4.211176201751518633e+00 4.922654357610320996e-01 1.547809661429254968e-01 9.407488308510237901e-07 6.808414696423299717e-04
1.000000000000000000e+00 2.836932179116995023e+00 5.070260468479159677e-01 1.703469010160907626e-01 1.516593973823011797e-06 3.109460044960124362e-04
1.000000000000000000e+00 3.200835335800826797e+00 4.924368157555396586e-01 1.682925258628286402e-01 1.616442156676970251e-06 2.480721490427920031e-04
1.000000000000000000e+00 3.676929257713841270e+00 5.148520025301104308e-01 1.789323391962845955e-01 1.755806427061071400e-06 3.347714508364036745e-04
1.000000000000000000e+00 3.677803689170990875e+00 4.875034097268828859e-01 1.658676387222411397e-01 1.878625512226321175e-06 2.989924776296601469e-04
1.000000000000000000e+00 3.636283590798773169e+00 4.828258600794537170e-01 1.600942576384380422e-01 1.114768264841628425e-06 2.193820323140908371e-04
1.000000000000000000e+00 3.385241565450037626e+00 4.873822928325045045e-01 1.652760557481229575e-01 7.757120325578138270e-07 3.513619086621600678e-04
1.000000000000000000e+00 2.800789815089595347e+00 4.956310317441641189e-01 1.624257283744041380e-01 1.199625433605367836e-06 1.418395633922085589e-04
1.000000000000000000e+00 3.900472581134896366e+00 5.168831260241211201e-01 1.808754330446430969e-01 1.313807223534165309e-06 2.027609630568646330e-04
1.000000000000000000e+00 5.735884845772686091e+00 5.284861180645888945e-01 1.821283708604919394e-01 2.790556418944861969e-06 6.725614491651538693e-05
1.000000000000000000e+00 3.212782278640005540e+00 4.978034436683781427e-01 1.732973381829600035e-01 4.332325673818783833e-06 4.472632754032066318e-05
1.000000000000000000e+00 2.639661866469827700e+00 4.994586138962539001e-01 1.659617428252727345e-01 4.979773093430124885e-06 3.579148391436971988e-05
1.000000000000000000e+00 6.291591341226881795e+00 4.923116270593001498e-01 1.500379654256225048e-01 3.442306462256114806e-06 2.288679801688966791e-05
1.000000000000000000e+00 8.840588318211624497e+00 4.637459132074470136e-01 1.550465602304400559e-01 2.654218204431528879e-06 5.475556393936811063e-06
1.000000000000000000e+00 3.184363163746061431e+00 4.921444826579120524e-01 1.693480297709070437e-01 2.027340395111263440e-06 8.349290836009707047e-07
1.000000000000000000e+00 2.552845407244765497e+00 4.971513165517503774e-01 1.680084600018384722e-01 1.794107108129259194e-06 9.783845873358965465e-07
1.000000000000000000e+00 2.597473633245318325e+00 5.034721918212825553e-01 1.705099955850210847e-01 3.655033883103077911e-06 7.164213587498064904e-07
1.000000000000000000e+00 6.408031618496412563e+00 5.326270152562425642e-01 1.901927340761565832e-01 4.090528792854464279e-06 8.640034615360681626e-07
1.000000000000000000e+00 4.370241009180168668e+00 5.142003605177505321e-01 1.845899829177665152e-01 2.190722886702814847e-06 8.264657156103225845e-07
1.000000000000000000e+00 4.352297241812312478e+00 4.822856418385509381e-01 1.648599642483135896e-01 3.501367963912165957e-06 1.147542135766258065e-06
1.000000000000000000e+00 3.747681791095839987e+00 4.942759227613411355e-01 1.733601239372636049e-01 3.562797955679659131e-06 1.549884004478862213e-06
1.000000000000000000e+00 4.341320327454354810e+00 5.021282972031746450e-01 1.598426980600539116e-01 5.599469336771188842e-06 2.625202741254670162e-06
1.000000000000000000e+00 3.648618094852828175e+00 5.049086128727808820e-01 1.640889840509235920e-01 3.407815637744374335e-06 1.630224751904662288e-06
1.000000000000000000e+00 4.790729517504149548e+00 5.205370116855266849e-01 1.872674003779747076e-01 4.490354839821607985e-06 2.775538586015513345e-06
1.000000000000000000e+00 4.823686831921908613e+00 4.849934116119658523e-01 1.515409295860021821e-01 8.717271341503686943e-06 2.241876457563481171e-06
1.000000000000000000e+00 6.927749042478197339e+00 5.031970495203474947e-01 1.541718472511820204e-01 1.401712118475676697e-05 2.471494017894439023e-06
1.000000000000000000e+00 7.570363015538021045e+00 4.681490955728882519e-01 1.451290490663825483e-01 2.378753507588002823e-05 4.559021285294698769e-06
1.000000000000000000e+00 4.655777817126577567e+00 4.864988178736823765e-01 1.522541638311472323e-01 2.077013634892679774e-05 3.594262447889491620e-06
1.000000000000000000e+00 2.992310137534336612e+00 5.093306727468002171e-01 1.768055803646479407e-01 3.125155954403974673e-05 4.268619035022693499e-06
1.000000000000000000e+00 3.716183103428483570e+00 4.936234327478622452e-01 1.574875301409491279e-01 1.797390613358835172e-05 3.799860787076755568e-06
1.000000000000000000e+00 3.501024694626501343e+00 4.889553967446833571e-01 1.571128127161871557e-01 2.473235778680774218e-05 2.048273597202395752e-06
1.000000000000000000e+00 4.814114582428960176e+00 5.124853061811324162e-01 1.858994912303425229e-01 1.836704263924707512e-05 1.866991172374335445e-06
1.000000000000000000e+00 6.551837821116284211e+00 4.826195961602969264e-01 1.704203409930596658e-01 7.649918620641354299e-07 2.317215312941678378e-06
1.000000000000000000e+00 3.132530059935511701e+00 4.870817502318385839e-01 1.604646877541792138e-01 1.327139811412095571e-06 3.011070386398232752e-06
1.000000000000000000e+00 4.246780119491175398e+00 5.121929974263572660e-01 1.678034644820744770e-01 1.932246863794167249e-06 3.564880744714827180e-06
1.000000000000000000e+00 4.672659799443141360e+00 4.764937784856968506e-01 1.552332654901136533e-01 1.256004123672547281e-06 3.540101801645570254e-06
1.000000000000000000e+00 5.454598265100640830e+00 4.822750835913131584e-01 1.680533118748044341e-01 4.464940699129011540e-07 1.836205199108052821e-06
1.000000000000000000e+00 5.283803900474466353e+00 5.013602558443157609e-01 1.572368507414316774e-01 1.048324318293718309e-08 1.580234376421153994e-06
1.000000000000000000e+00 3.041867145185932930e+00 4.912291126265417862e-01 1.606644138360831808e-01 2.354783708487517407e-09 2.106100492589579113e-06
1.000000000000000000e+00 5.389562874186252017e+00 5.177604650976691536e-01 1.698080792256049798e-01 1.751066558705630892e-09 2.716350015498400958e-06
1.000000000000000000e+00 8.725912563041340775e+00 5.224344948813964828e-01 1.658024583071308622e-01 1.822556314965507173e-09 1.969510059597676308e-06
1.000000000000000000e+00 6.257600823439136484e+00 4.866302085367794628e-01 1.486333248308753241e-01 1.775247607177361912e-09 2.824274936317258661e-06
1.000000000000000000e+00 3.477711226751424967e+00 5.012356596619298443e-01 1.772425525493789844e-01 3.520556797145755294e-09 2.634282274978223731e-06
1.000000000000000000e+00 2.596239106491266657e+00 5.002364728340182864e-01 1.715493180766793635e-01 3.039943784623279570e-09 1.517754847391526688e-06
1.000000000000000000e+00 2.681473695665297807e+00 4.976880784197381669e-01 1.652845816380106303e-01 3.898231179232914859e-09 1.647185643261464452e-06
1.000000000000000000e+00 4.095200251169538674e+00 5.010925166864816926e-01 1.791694596132125394e-01 1.478547639497837116e-09 1.624865359684984232e-06
1.000000000000000000e+00 3.443457392524389427e+00 4.946860675250976946e-01 1.730701954477895654e-01 2.226667052807591635e-09 1.419898574985964421e-06
1.000000000000000000e+00 3.276558259950741014e+00 5.130548346959457051e-01 1.753142815310143321e-01 1.818480809970605310e-09 1.239470826170392323e-06
1.000000000000000000e+00 2.762372676833956042e+00 5.052182666526254806e-01 1.749618503735475006e-01 9.251074729073476612e-10 1.360446572478602085e-06
1.000000000000000000e+00 3.864005928955411839e+00 4.993807002561058694e-01 1.602987403979069247e-01 8.537117828275172742e-10 7.082006154015387839e-07
1.000000000000000000e+00 4.361102428839845224e+00 5.144031358501226503e-01 1.701264094538717520e-01 1.067224958656409426e-09 4.239961611304958898e-07
1.000000000000000000e+00 3.313454090107833316e+00 5.097889319298040123e-01 1.705453669848856213e-01 4.688192302342539542e-10 3.536058933050930411e-07
1.000000000000000000e+00 3.233912007440200131e+00 4.872570280118058150e-01 1.595357626106044535e-01 1.179057749806981092e-10 1.863165261645952449e-07
1.000000000000000000e+00 2.956970240811505057e+00 5.030587772532709723e-01 1.758721028630000072e-01 4.291065088737070459e-11 2.451455640945800664e-07
1.000000000000000000e+00 5.517514326473706987e+00 4.893143043835615491e-01 1.747965225259800470e-01 2.688057879952052268e-11 3.321559535709364318e-08
1.000000000000000000e+00 5.860491817895203681e+00 4.798232639764706264e-01 1.675431405308201449e-01 4.678516444551832846e-11 5.157274756062117384e-08
1.000000000000000000e+00 5.015848249288128002e+00 4.918308167716445300e-01 1.534226106137074608e-01 5.586322852404530757e-11 7.188771416911016404e-08
1.000000000000000000e+00 3.402780240249782207e+00 5.135463837660746433e-01 1.803150397484499234e-01 7.944871695332373309e-11 1.037702149038926982e-07
1.000000000000000000e+00 3.243404674441363600e+00 5.083638094558428078e-01 1.792162788449307986e-01 9.824543358055223154e-11 1.063516133479402343e-07
1.000000000000000000e+00 3.318650916299001885e+00 4.956992206417056290e-01 1.605988407749842917e-01 6.740729532695631919e-11 1.416858389820850023e-07
1.000000000000000000e+00 3.034270133931658897e+00 4.944757826741755236e-01 1.711565664863856362e-01 8.588766173420278515e-11 7.183928929462629080e-08
1.000000000000000000e+00 2.809913038987656098e+00 5.078965996981510411e-01 1.736322547591920562e-01 1.634653397159483783e-10 6.750198562008779654e-08
1.000000000000000000e+00 3.492742314056387798e+00 4.960507784416645083e-01 1.742704815973502297e-01 1.952812846026395801e-10 4.376842571616425095e-08
1.000000000000000000e+00 2.629517995193248581e+00 5.028628679389300915e-01 1.695226492768452664e-01 8.439796350122103933e-11 3.442149293227296869e-08
1.000000000000000000e+00 2.760480144652492474e+00 4.986100725723954241e-01 1.723382500655341876e-01 1.002817274621073025e-10 2.774063256911677051e-08
1.000000000000000000e+00 4.606653822489103156e+00 5.079397063958432934e-01 1.636598639422235935e-01 1.132296210877566127e-10 1.731631582923590376e-08
1.000000000000000000e+00 4.816915835658805101e+00 4.923796487972623703e-01 1.541615098380587079e-01 1.472075791077308718e-10 1.572208416937472024e-08
1.000000000000000000e+00 4.547838902134508920e+00 5.126024589255379071e-01 1.677401053765354144e-01 1.389940810027096627e-10 6.561739490869036913e-09
1.000000000000000000e+00 3.492293677681062469e+00 4.836742968057765046e-01 1.595613880753351255e-01 1.817213322881985791e-10 5.195358693257246063e-09
1.000000000000000000e+00 3.289739945454091430e+00 4.964446605419852721e-01 1.737464344601774846e-01 3.086912278489330456e-10 4.722785022397977704e-09
1.000000000000000000e+00 2.572505021814316617e+00 4.964145007302794288e-01 1.665322451636259693e-01 8.306938513188743872e-11 4.492908004468479849e-09
1.000000000000000000e+00 4.206303473857017750e+00 5.009475166967306548e-01 1.601299210625141967e-01 5.380279971857001890e-11 4.636290212346932077e-09
1.000000000000000000e+00 4.048070217262711878e+00 5.191563940875777439e-01 1.783249932907457480e-01 3.961227671897068803e-11 1.506536545540695981e-09
1.000000000000000000e+00 4.390101537483687366e+00 5.084864115050026223e-01 1.647723911860682067e-01 6.384880197357355475e-11 2.103569291489282389e-09
1.000000000000000000e+00 2.534015849587470726e+00 4.990451105817604316e-01 1.697195529081328702e-01 5.617090558820850573e-11 3.747233326693428055e-09
1.000000000000000000e+00 4.368133015450295531e+00 5.112596992594887757e-01 1.846177514243744211e-01 3.403419053535029684e-11 5.978710817620295116e-09
1.000000000000000000e+00 3.935389347320635167e+00 4.807549693466182106e-01 1.603785496529496757e-01 5.179050402166735939e-11 4.020086935120307233e-09
1.000000000000000000e+00 3.713132691650716133e+00 4.998097167669091068e-01 1.611179191539079958e-01 9.086090668692971281e-11 3.078792314899955347e-09
1.000000000000000000e+00 4.689431580512291475e+00 4.781064703969576390e-01 1.615551003001091113e-01 7.966136711395311866e-11 4.421704006267309869e-09
1.000000000000000000e+00 4.972428535988195897e+00 4.824968151101791114e-01 1.677770084098705594e-01 1.053999784721144908e-10 1.618293842724917757e-09
1.000000000000000000e+00 4.742416908780907825e+00 5.224610647382975648e-01 1.872006107703532707e-01 1.497983279645440727e-10 1.655466757383941134e-09
1.000000000000000000e+00 3.274740754300724532e+00 4.909924925317694089e-01 1.695002997433285863e-01 1.835121771796625219e-10 3.378454457174329176e-09
1.000000000000000000e+00 2.535764174334662613e+00 5.007748207276125907e-01 1.700667080637212336e-01 1.331995772247805130e-10 3.396531749033553393e-09
1.000000000000000000e+00 3.137283344261874607e+00 5.117472106503706542e-01 1.749292731998804695e-01 1.441984613155682797e-10 2.104479866151284322e-09
1.000000000000000000e+00 3.002153258641400146e+00 5.082661062795272855e-01 1.712158838621263002e-01 1.039076996163789611e-10 1.740025879957420762e-09
1.000000000000000000e+00 2.737226629368043618e+00 4.959251381751468291e-01 1.702953600412353552e-01 1.647595592207280984e-11 2.680076511771071526e-09
1.000000000000000000e+00 2.656741459044377862e+00 4.978859888663095812e-01 1.709803256282796668e-01 3.309384281412871730e-11 8.873835951903624644e-10
1.000000000000000000e+00 2.936793191541037462e+00 5.084586602713132564e-01 1.768462542554587735e-01 3.412135901545807679e-11 1.621667053543951250e-09
1.000000000000000000e+00 3.399724026314955960e+00 4.856096564535546944e-01 1.642653447271562039e-01 1.950539458403645116e-11 2.384683851609951621e-09
1.000000000000000000e+00 3.004589062089859652e+00 5.100108673495717948e-01 1.736986349927900630e-01 1.744527744113585289e-11 1.686911572226723146e-09
1.000000000000000000e+00 3.212239114514586547e+00 4.934146800406266631e-01 1.602344668764434932e-01 2.191678623917813641e-11 1.246588673013066183e-09
1.000000000000000000e+00 2.821745406593842986e+00 4.913438126492802316e-01 1.628576241011431558e-01 1.513897511687398869e-11 1.132305234461720656e-09
1.000000000000000000e+00 2.836266826993786960e+00 4.974338072035269231e-01 1.640107154849800297e-01 2.113505205194054559e-11 8.921938455415971913e-10
1.000000000000000000e+00 3.539065880890460480e+00 5.077355322254457626e-01 1.674109881908557029e-01 1.072446144376484962e-11 4.761919717396303879e-10
1.000000000000000000e+00 4.970403879440792316e+00 4.867518695507453974e-01 1.519789735466731961e-01 1.460747852953811260e-11 1.002773333930842082e-10
1.000000000000000000e+00 4.031519766220124978e+00 5.122811849096582382e-01 1.837658041370963113e-01 1.572651283544431787e-11 1.861926241285218643e-10
1.000000000000000000e+00 6.718653308838733906e+00 4.897845774492275428e-01 1.487231681999428845e-01 2.141954856139926446e-11 2.356109271165692387e-10
1.000000000000000000e+00 7.414169756481711282e+00 4.753435747534591194e-01 1.665917504018786244e-01 3.508555837581762690e-11 1.210677280795179406e-10
1.000000000000000000e+00 4.578427352802491690e+00 5.088974034306976701e-01 1.644950197817051096e-01 3.507003817836905658e-11 1.234349708708800928e-10
1.000000000000000000e+00 5.280830641047257856e+00 4.774105013587295332e-01 1.505763176369686041e-01 2.195655345559892723e-11 1.903196933619183163e-10
1.000000000000000000e+00 3.445435230439306551e+00 4.953252772749111577e-01 1.598906044478865807e-01 1.387867432212865207e-11 3.480708140053681287e-10
1.000000000000000000e+00 4.043126863634217472e+00 5.186371971234260414e-01 1.773333040952781436e-01 8.936462445143879776e-13 2.121048921951488925e-10
1.000000000000000000e+00 3.466923585837750288e+00 5.063940483581105267e-01 1.666188794487651059e-01 1.171333477062754596e-12 2.990320812991664182e-10
1.000000000000000000e+00 3.476434047496857360e+00 5.151123195212291561e-01 1.768885825652513621e-01 8.066148802011306654e-13 3.784071103981826076e-10
1.000000000000000000e+00 4.234519060510798738e+00 4.999547500284129975e-01 1.789576335528554052e-01 8.657893547929275320e-13 4.117461831729141197e-10
1.000000000000000000e+00 2.900771061612034352e+00 5.008123639624800782e-01 1.744941183228006787e-01 6.086026694496348323e-13 6.068434440385395266e-10
1.000000000000000000e+00 3.546392991910868098e+00 4.954471176732366255e-01 1.595324627393732986e-01 1.091491442256023009e-12 6.871360690504875800e-10
1.000000000000000000e+00 4.093958096478665709e+00 5.084137472592272777e-01 1.657329851679977262e-01 5.842815550284379074e-14 4.081225660202337974e-10
1.000000000000000000e+00 3.614948473870361667e+00 5.026914700228984900e-01 1.785844493375490505e-01 8.606341440888028171e-14 5.370719182896154442e-10
1.000000000000000000e+00 3.796988237149812040e+00 4.836981056954053337e-01 1.563389211466359729e-01 9.811835208460888768e-14 3.636706668437824953e-10
1.000000000000000000e+00 4.297618476461230408e+00 5.190089579718946133e-01 1.760025212229403002e-01 1.049918617577186854e-13 5.025916773181478533e-10
1.000000000000000000e+00 4.446206575500994518e+00 4.954854770306825196e-01 1.565283663050862639e-01 6.263898990288742720e-14 4.978373081930207672e-10
1.000000000000000000e+00 3.454164639520985070e+00 4.852585277982782164e-01 1.583457925916157971e-01 3.347466005164627096e-14 6.999198961422183935e-11
1.000000000000000000e+00 2.576657988428302737e+00 4.959485417101107685e-01 1.664599202280528933e-01 5.534871841282842064e-14 1.416469736739475762e-10
1.000000000000000000e+00 3.790361375759689899e+00 5.147968545047996169e-01 1.734258193509744805e-01 5.300494164069738609e-14 1.158818151575919936e-10
1.000000000000000000e+00 4.566713765622055554e+00 4.768730115246260226e-01 1.573114330963286400e-01 6.835666267655012808e-14 6.420140505651265503e-11
1.000000000000000000e+00 4.188114442553316330e+00 5.208532090785223945e-01 1.811797919113991850e-01 6.005831239165977069e-14 1.051853276684790177e-10
1.000000000000000000e+00 6.868819479770877479e+00 5.346145730694104037e-01 1.924211602056875581e-01 5.753271157339405643e-14 1.452652837910761988e-10
1.000000000000000000e+00 8.832669607604431761e+00 5.237452402852125211e-01 1.987302333428666024e-01 2.577085376159106103e-14 1.045777112707679245e-10
1.000000000000000000e+00 1.252644587278801147e+01 5.520331487521084046e-01 1.947203508330364596e-01 3.987645558415119467e-14 7.667536456567813733e-11
1.000000000000000000e+00 3.804631484770566896e+00 5.167246375109361134e-01 1.761309059613516692e-01 2.962224028207125672e-14 8.869303091644983821e-11
1.000000000000000000e+00 4.152299187213430720e+00 5.206304874551201944e-01 1.824511450823096126e-01 2.391438366735612047e-14 9.753071392053059692e-11
1.000000000000000000e+00 3.408996833718612063e+00 4.995373489025908831e-01 1.761420329514101768e-01 2.668946903765526751e-14 1.628906047378359094e-10
1.000000000000000000e+00 3.793518522412500094e+00 4.819860088772003892e-01 1.573975199539937864e-01 2.460088944362162391e-14 6.846783673543956351e-11
1.000000000000000000e+00 4.251724983719171291e+00 4.817092110431915319e-01 1.542298436614397139e-01 6.691358759545101146e-15 4.681937748565129105e-11
1.000000000000000000e+00 3.004142309299350888e+00 5.033837028746992459e-01 1.762802300615168849e-01 6.742092689189772971e-15 5.740583043281985351e-11
1.000000000000000000e+00 2.549608315091613342e+00 4.987835973494541553e-01 1.677595814758106596e-01 4.595417401357444738e-15 3.634848522114565784e-11
1.000000000000000000e+00 3.422556825733165553e+00 4.866093444393644329e-01 1.658049679176118452e-01 1.850952911336949334e-15 4.441238699580550911e-11
1.000000000000000000e+00 4.550086799509522884e+00 4.771468756482047380e-01 1.554834684197523020e-01 1.302366998325529968e-15 4.755305713235521861e-11
1.000000000000000000e+00 3.536102884024018067e+00 5.154516137884843641e-01 1.806092570473644687e-01 2.574322619870632246e-15 1.381696133316708385e-11
1.000000000000000000e+00 3.778568241331585753e+00 4.931101035282834388e-01 1.577042550641493124e-01 4.120296707199246503e-15 2.754232889222879607e-12
1.000000000000000000e+00 3.656451686291180891e+00 4.944908949109815266e-01 1.737772391324710897e-01 3.513851350360103809e-16 1.918356670460068903e-12
1.000000000000000000e+00 4.441961670391958883e+00 4.954450724462601263e-01 1.766955642781336544e-01 4.985334408045447509e-17 3.507610049725542708e-12
1.000000000000000000e+00 7.411547816369084885e+00 4.836546009855876016e-01 1.738778671427820832e-01 6.948522175526672239e-17 3.696843768023052617e-12
1.000000000000000000e+00 8.008771689363269886e+00 5.311895006131549524e-01 1.769919785549868285e-01 7.779683216855511630e-17 5.768229730532335592e-12
1.000000000000000000e+00 7.820547029589950405e+00 4.877484680444960086e-01 1.458617121420507368e-01 2.180986455340776239e-17 2.449709912297134378e-14
1.000000000000000000e+00 3.492025790325444135e+00 5.089912961094494870e-01 1.806449067006387632e-01 2.620350089880903873e-17 2.951298323979745010e-14
1.000000000000000000e+00 4.001432067368474677e+00 4.813266135157312497e-01 1.559607413957706523e-01 4.597310802350726913e-17 2.472416325021204346e-14
1.000000000000000000e+00 5.790589468094532677e+00 4.752978038774224312e-01 1.624010230538864008e-01 4.607450996012308492e-17 2.688710969933628008e-14
1.000000000000000000e+00 5.771429638693882147e+00 4.769256329878772682e-01 1.488754805268438786e-01 4.332093487561075329e-17 3.439375128446140500e-14
1.000000000000000000e+00 4.478939943807390023e+00 4.779969146338801100e-01 1.598527817756999758e-01 7.406194910683612370e-17 3.596633918858582005e-14
1.000000000000000000e+00 6.489932152262936960e+00 5.320026442159361268e-01 1.928230943534208763e-01 8.770074408518296991e-17 2.998473527294800777e-14
1.000000000000000000e+00 2.556309095612958160e+00 4.972412410808015881e-01 1.670504603539437471e-01 1.556950516246708668e-16 1.595867207316284931e-14
1.000000000000000000e+00 4.505436997528292409e+00 4.852109163669651171e-01 1.531454153901210535e-01 4.107596419538661799e-16 1.590925605538825605e-14
1.000000000000000000e+00 2.623166341705587712e+00 5.023558077176033532e-01 1.727648303486031267e-01 3.719835028451279203e-16 1.150422781710161694e-14
1.000000000000000000e+00 2.619588769171294018e+00 4.974487583654781386e-01 1.659845411142905069e-01 5.305355685386693382e-16 1.081323184920749658e-14
1.000000000000000000e+00 4.250634629882166671e+00 5.212982231487132134e-01 1.828101256665214114e-01 6.192203246757001424e-16 5.475749695408282790e-15
1.000000000000000000e+00 3.874527792871599097e+00 4.809359203625627188e-01 1.581106332678902104e-01 3.215851441617119812e-16 1.129005820881038259e-15
1.000000000000000000e+00 5.926890221741594189e+00 4.711156153739717856e-01 1.517275571625257280e-01 3.990966739693740570e-16 1.059502431499528454e-15
1.000000000000000000e+00 5.464609689499624778e+00 4.941578607906806364e-01 1.532475924183959448e-01 4.144644439699319773e-16 1.239111254188401662e-15
1.000000000000000000e+00 3.344769999913638436e+00 5.085108564008363752e-01 1.690913062039036963e-01 1.462502780860055792e-16 1.891512629270122386e-15
1.000000000000000000e+00 3.167719712642291352e+00 5.125139690252132896e-01 1.767082980677907311e-01 5.894109772259494191e-17 2.283242330435016928e-15
1.000000000000000000e+00 3.851632817093645578e+00 5.174951725100367383e-01 1.826957049217321494e-01 9.843906063152664039e-17 1.929416912500706687e-15
1.000000000000000000e+00 4.143141930499632863e+00 4.978428631892767298e-01 1.774491199226724825e-01 1.531654919344001466e-16 3.437847882109512697e-15
1.000000000000000000e+00 2.961423470287657622e+00 4.927006027431959367e-01 1.615363130746632070e-01 4.569621497205255550e-17 3.898697982423849673e-15
1.000000000000000000e+00 3.129733780974031099e+00 5.001748202956771694e-01 1.637975598047366199e-01 5.864268357516603929e-18 3.693145474719080020e-15
1.000000000000000000e+00 4.322291285440908126e+00 4.789866057252918918e-01 1.605579832322279188e-01 2.694701164419007756e-18 2.472153897199293950e-15
1.000000000000000000e+00 3.456110541360372768e+00 5.125348950271659820e-01 1.727962334494237140e-01 6.349058044270686101e-19 7.391893007063196423e-16
1.000000000000000000e+00 3.663536848838118143e+00 5.167925847666614558e-01 1.780704126266394183e-01 9.634837247185196059e-19 6.506328831201544783e-16
1.000000000000000000e+00 4.491725364595117398e+00 4.955716205988145995e-01 1.564358259424707409e-01 6.931380356638401448e-19 9.539917056937574470e-16
1.000000000000000000e+00 3.369813362619613617e+00 5.123927777647500070e-01 1.732848650971417770e-01 8.035897218324919616e-19 1.459415610937012098e-15
1.000000000000000000e+00 3.130994191272540306e+00 5.099786523113473136e-01 1.721560370380351701e-01 5.504947756282345413e-19 1.154316529001062106e-15
1.000000000000000000e+00 4.142529073607577494e+00 5.066817170381442414e-01 1.642041201224671010e-01 6.952090395297232826e-19 3.185955624845454461e-15
1.000000000000000000e+00 3.807632514705848070e+00 4.932916052355509895e-01 1.734181698529007054e-01 1.050085983881635761e-18 2.923727910188108876e-15
1.000000000000000000e+00 5.482750004234111074e+00 4.766110848013607737e-01 1.499754338103526652e-01 9.697726084377571648e-19 1.520397624224211751e-15
1.000000000000000000e+00 4.503630801279740581e+00 5.104661484111835401e-01 1.847397147741531853e-01 1.102116604759079549e-18 2.944758829998027812e-15
1.000000000000000000e+00 4.080561412016481704e+00 5.014045830497965150e-01 1.793537344320805804e-01 1.672986965064521422e-18 5.207534007886369186e-15
1.000000000000000000e+00 3.993775291020885909e+00 4.816043132311083053e-01 1.626925281745969509e-01 2.437410852991204559e-18 2.317366820189145777e-15
1.000000000000000000e+00 4.582700900238568131e+00 4.777822728559973919e-01 1.541505546963710671e-01 2.137771221755692784e-18 5.796990990028706030e-15
1.000000000000000000e+00 3.162937718459522429e+00 5.124641031291852222e-01 1.766925520344267142e-01 3.287560030760784761e-18 1.012960483388976612e-14
1.000000000000000000e+00 2.946412281070585060e+00 5.076268122748034406e-01 1.709908386247226686e-01 4.467051673350150610e-18 1.400084775382695113e-14
1.000000000000000000e+00 3.987200311672215669e+00 5.096970271339316128e-01 1.672153438512684054e-01 3.383032178452922139e-18 1.485776746614588328e-14
1.000000000000000000e+00 3.201137604145112725e+00 4.869391755715974934e-01 1.600376030217520729e-01 3.002533005385539610e-18 1.973956408461569387e-14
1.000000000000000000e+00 3.112291491044880676e+00 5.021418518301961065e-01 1.651500311150987388e-01 6.863071926872151792e-19 3.567212872370523188e-15
1.000000000000000000e+00 3.115340411406812393e+00 5.059107794705448580e-01 1.778314134064417074e-01 1.634090928126040328e-19 5.135878084879079155e-15
1.000000000000000000e+00 3.651746907156659283e+00 4.898024818818583204e-01 1.701173896765628135e-01 1.800146184759007732e-19 6.977240787185633416e-15
1.000000000000000000e+00 4.926391688538206637e+00 5.251889014272469458e-01 1.829146376826637221e-01 7.396910685545435411e-20 8.048340752435415569e-15
1.000000000000000000e+00 4.318192842999613035e+00 5.209229886775199603e-01 1.791936343451147051e-01 2.820277550259193409e-20 5.889014925948575773e-15
1.000000000000000000e+00 2.796266751585149812e+00 5.077139492955995426e-01 1.745105560292349034e-01 2.354641958616778118e-20 9.868872637373668347e-15
1.000000000000000000e+00 2.568015581116345203e+00 5.022763830263510254e-01 1.703391695260558780e-01 3.421281726247005253e-20 1.063038384205591182e-14
1.000000000000000000e+00 2.887070881845370529e+00 5.073895472839692333e-01 1.713254856240543356e-01 7.502832849577489831e-21 1.947891449394935087e-14
1.000000000000000000e+00 3.683673236934160045e+00 4.954339945105099563e-01 1.745206006956648570e-01 9.498131146268006566e-21 1.769067466539242589e-14
1.000000000000000000e+00 2.546608209080375218e+00 5.002110381812117090e-01 1.687573641615523756e-01 3.385325271667775444e-21 1.877971411039908717e-14
1.000000000000000000e+00 3.325643654048289655e+00 4.910266109327381945e-01 1.590071170876089790e-01 3.523915845023539787e-21 2.934168712171568752e-14
1.000000000000000000e+00 2.913495941315078497e+00 4.891781170019973701e-01 1.631547733258731092e-01 2.777494918034159860e-21 4.172488047524653521e-14
1.000000000000000000e+00 3.648459980709436667e+00 5.114208012433060224e-01 1.819430800641789747e-01 6.499801284801034303e-22 4.587295219538317228e-14
1.000000000000000000e+00 3.403660563424451002e+00 4.859531658239057972e-01 1.584971873575792278e-01 3.259083849831324163e-22 5.209178428162823041e-14
1.000000000000000000e+00 3.266413302597506174e+00 4.854727379626083694e-01 1.618279465338124667e-01 5.252981724276852719e-22 2.934700550599037818e-14
1.000000000000000000e+00 3.138673613211551583e+00 4.961571521525102724e-01 1.729020979186289275e-01 5.707754540404117514e-22 4.570068365359729907e-14
1.000000000000000000e+00 4.563108963394374662e+00 4.885790412091661206e-01 1.536434107208157207e-01 4.299020259298018893e-22 2.406225989817628677e-14
1.000000000000000000e+00 2.913192022732239650e+00 4.913924898250996987e-01 1.617952021201134738e-01 4.825086198604302082e-22 2.188359484111965888e-14
1.000000000000000000e+00 3.564217786218703665e+00 4.830085113030035959e-01 1.601093900434964190e-01 6.655221692208412941e-22 4.384578087874492835e-14
1.000000000000000000e+00 3.426144449755360810e+00 4.852660180779245769e-01 1.586041600531840623e-01 6.174565218890381745e-22 2.613404549919020465e-14
1.000000000000000000e+00 3.405458087187167582e+00 5.145246803350845832e-01 1.766694861169850750e-01 8.488553242708298377e-22 3.149192481828702077e-14
1.000000000000000000e+00 3.292037985710783765e+00 4.909729162662661017e-01 1.591715178331100100e-01 1.234832737476022452e-21 3.714648574143845614e-14
1.000000000000000000e+00 4.221384141545694746e+00 4.796240846697227278e-01 1.609637599112700712e-01 6.966452071394215513e-22 6.058994310234364702e-14
1.000000000000000000e+00 3.847971365389120546e+00 4.817840613639740033e-01 1.570002480621444374e-01 1.591029936458273171e-21 6.232213723486814420e-14
1.000000000000000000e+00 3.667607894984968198e+00 5.032339877852068932e-01 1.634362163232074006e-01 2.886357510981534943e-21 3.683842387014962370e-14
1.000000000000000000e+00 2.753782209008020398e+00 4.914622145243075502e-01 1.649710693934503536e-01 3.962474774318088789e-21 2.881838962000053026e-14
1.000000000000000000e+00 5.558800153112961162e+00 5.088042726019146311e-01 1.866323196269730478e-01 5.763161195570998563e-21 4.197115760633562262e-14
1.000000000000000000e+00 6.437847039035034413e+00 4.691950723313150218e-01 1.507054112225143516e-01 5.161813152596594931e-22 4.047088718495608935e-14
1.000000000000000000e+00 2.686402469820080352e+00 4.973475181646373477e-01 1.709002381978676210e-01 8.978237014968488725e-22 3.259232314397080836e-14
1.000000000000000000e+00 2.862993091478097440e+00 5.054970208908206031e-01 1.694705778655098138e-01 2.035281522918386907e-22 3.344983937973089050e-14
1.000000000000000000e+00 2.910937199307332079e+00 5.084803673579718630e-01 1.725396443450553374e-01 2.489201042329787894e-22 2.735850671413358254e-14
1.000000000000000000e+00 2.746306021761013572e+00 5.069087083090231260e-01 1.737837481745319601e-01 4.511056985546446656e-22 4.874338493750278383e-15
1.000000000000000000e+00 2.835966423058550845e+00 4.904406681012846159e-01 1.632115919368696266e-01 1.095946236536224851e-22 4.403018668989244895e-15
1.000000000000000000e+00 2.600814580881190885e+00 4.958277472326307334e-01 1.685551006929698892e-01 1.193723770820224357e-22 4.796482795065305536e-15
1.000000000000000000e+00 3.300768465068766311e+00 4.972712639918603350e-01 1.743417655602139404e-01 1.650407225774392157e-22 1.598171477146131024e-15
