1.000000000000000000e+00 7.742408371581549886e+01 4.819142051465841181e-01 1.573536712057764797e-01 1.289247640532641463e-12 1.295586046607169082e-17
1.000000000000000000e+00 2.995182180753451107e+01 5.439117535076248844e-01 1.499109350772864502e-01 2.247949761876824604e-03 5.475753485344329700e-03
1.000000000000000000e+00 1.879320985497968977e+01 5.022671964992166949e-01 1.964692343922619655e-01 2.568005331576464143e-03 6.799929238975660137e-03
1.000000000000000000e+00 1.576703440922895716e+01 5.403204313224270194e-01 1.680365683632781826e-01 8.730009699869467447e-04 5.453878298509896166e-03
1.000000000000000000e+00 1.104416881236451964e+01 4.665600461840359037e-01 1.357635076368863825e-01 6.420970636528190202e-04 5.106489965929903417e-03
1.000000000000000000e+00 6.045484537267006075e+00 5.306350888215867201e-01 1.934050865050693513e-01 4.743523202012595919e-04 6.481556075636688181e-03
1.000000000000000000e+00 4.668431286355307464e+00 5.260243855408914815e-01 1.873220259528193821e-01 4.275969477689396951e-04 1.741306209945469793e-02
1.000000000000000000e+00 6.250106421935928580e+00 4.935145965070656393e-01 1.792149407380639603e-01 1.659574274818338365e-04 3.304138436447147387e-02
1.000000000000000000e+00 2.796573093157505241e+00 5.073215048752751644e-01 1.692718139032233227e-01 2.162178335103621778e-04 3.987913590677039793e-02
1.000000000000000000e+00 2.669843911407017156e+00 4.974559749673024833e-01 1.613820997095482546e-01 4.079785519381195873e-04 6.195504665461860905e-02
1.000000000000000000e+00 3.349977399080500629e+00 4.856165465973547590e-01 1.666998658164735025e-01 5.582663008258294951e-04 5.472664956812390430e-02
1.000000000000000000e+00 2.338518123121068548e+00 5.157012792394429779e-01 1.755163321138665244e-01 1.122556794378280418e-03 4.844005253661745614e-02
1.000000000000000000e+00 2.215591905421527841e+00 5.072821168250399859e-01 1.748302559932454203e-01 5.794871409408150660e-04 2.106372147518790344e-02
1.000000000000000000e+00 2.427823144798019861e+00 5.019145278283747569e-01 1.748111955227792946e-01 5.948691248625416787e-04 1.292959007208025965e-02
1.000000000000000000e+00 2.563296192032711751e+00 4.972519279363338818e-01 1.733764736481063218e-01 8.468598510921649964e-04 1.382944240492581245e-02
1.000000000000000000e+00 1.990378169284229948e+00 4.880271813063684627e-01 1.627885351623126475e-01 1.491469085820842444e-03 8.440756811411081334e-03
1.000000000000000000e+00 1.779763988723838564e+00 4.934584581535866321e-01 1.635264375148625937e-01 1.055386426073192090e-03 1.158035585342854883e-02
1.000000000000000000e+00 4.176276368979415565e+00 5.263646607945621225e-01 1.809456647395643603e-01 1.102817591367832818e-03 8.845596782611125919e-03
1.000000000000000000e+00 1.992254284404555431e+00 4.951613641770205021e-01 1.586290214729491332e-01 1.732843979078570792e-03 8.779014916081448461e-03
1.000000000000000000e+00 1.072389718024622018e+00 4.945542931831714006e-01 1.662927366147179953e-01 2.676771387288555057e-03 1.527602496906376242e-02
1.000000000000000000e+00 1.523116567894293505e+00 5.157886542736094260e-01 1.755041416021687617e-01 3.070293359104677832e-03 1.374049786287086586e-02
1.000000000000000000e+00 1.483822945599837961e+00 4.867529447490863137e-01 1.568000308209848703e-01 3.583543634701781382e-03 1.906731859160062242e-02
1.000000000000000000e+00 1.026249159084611229e+00 4.976474472929747761e-01 1.680190152688953720e-01 4.061931502749287042e-03 2.968869900947576287e-02
1.000000000000000000e+00 2.794160138001154259e+00 5.088580051866696818e-01 1.620234929778416044e-01 4.077186884706470414e-03 4.377062429435416013e-02
1.000000000000000000e+00 7.235361345876025752e+00 5.144095861229984745e-01 1.548622855112271324e-01 4.520247759067557748e-03 3.560227347944987936e-02
1.000000000000000000e+00 6.171407592357799565e+00 5.068414962732198381e-01 1.836839397920135286e-01 5.773440644638837445e-03 1.941572671127393332e-02
1.000000000000000000e+00 6.485480476821109619e+00 4.974593179204267468e-01 1.716302041995647620e-01 8.406632610560203778e-03 2.386840144493408006e-02
1.000000000000000000e+00 2.534212160425321603e+00 5.155978695322955829e-01 1.804325207817265020e-01 1.248136544971009676e-03 1.144280864558833155e-02
1.000000000000000000e+00 1.926280639929956129e+00 5.032721964095444589e-01 1.622286411483923885e-01 1.992643208718485742e-03 1.058212130548449870e-02
1.000000000000000000e+00 2.750737139554277011e+00 5.059149520855830140e-01 1.793451308467825245e-01 1.462892920849377578e-03 7.220774058184387112e-03
1.000000000000000000e+00 4.365730945170846589e+00 4.933860730352289670e-01 1.747796461689667125e-01 2.899653849155221265e-03 6.742361017061191536e-04
1.000000000000000000e+00 3.546105871433648637e+00 4.849279489911928476e-01 1.667523754807907210e-01 2.193263132388786115e-03 8.974725263437507723e-04
1.000000000000000000e+00 7.674517893921686706e+00 5.438213447158514180e-01 1.895699824008385825e-01 4.547460316170844410e-03 2.525529977467782811e-04
1.000000000000000000e+00 7.720074135254183290e+00 4.783401123836743540e-01 1.434022866639839688e-01 1.054416770760614047e-04 3.614184097445000631e-04
1.000000000000000000e+00 7.551073336839027483e+00 5.309760086264851964e-01 1.769010330139531295e-01 9.480876311954001645e-05 8.308895881036567222e-05
1.000000000000000000e+00 5.177425164928923351e+00 5.226011532797696368e-01 1.883290323397538990e-01 8.456295227318587793e-05 5.897200692014729331e-05
1.000000000000000000e+00 5.023603359164200199e+00 4.815814801557558589e-01 1.645753666122232450e-01 2.950102637736021726e-05 1.896234873170333081e-05
1.000000000000000000e+00 4.132726927929337712e+00 4.967694909235951251e-01 1.736339754158064130e-01 2.803423281216213317e-05 1.679856124487835199e-05
1.000000000000000000e+00 3.491000154734374306e+00 4.924307523402977060e-01 1.565965524045408452e-01 4.504744950306462326e-05 2.130470241044614706e-05
1.000000000000000000e+00 3.386614806049440762e+00 4.974448235019173770e-01 1.722120196011390769e-01 5.399875511131744160e-05 1.339639573182289256e-05
1.000000000000000000e+00 2.993658525524597991e+00 5.063554980138315065e-01 1.742081098802712724e-01 5.312709638512434345e-05 1.278452586339511595e-05
1.000000000000000000e+00 2.740527915085089194e+00 4.954723322624247639e-01 1.673109242565805066e-01 5.855226804923880881e-05 8.310187795854167880e-06
1.000000000000000000e+00 3.527026403501623442e+00 4.921104442560668701e-01 1.705261126547084338e-01 8.540170512244586948e-05 2.809481909335242377e-06
1.000000000000000000e+00 3.821179840066624145e+00 4.938134377007891707e-01 1.727549927150578701e-01 9.800440931798317268e-05 2.432798257401082121e-06
1.000000000000000000e+00 3.235460110885136853e+00 4.948650366822184843e-01 1.590234757942712296e-01 1.272289330872796516e-04 2.401566394637703444e-06
1.000000000000000000e+00 3.002840878962269144e+00 5.053577500561245994e-01 1.651515437962803035e-01 1.462385908241592685e-04 3.492537853464614518e-06
1.000000000000000000e+00 3.163863596069681705e+00 4.976505142024291173e-01 1.733760823895570957e-01 2.427855173067274572e-05 4.604331426117903996e-06
1.000000000000000000e+00 3.052238101707077433e+00 4.910570908063668361e-01 1.598610003682092995e-01 2.373254487206937489e-05 5.981390015484146154e-06
1.000000000000000000e+00 3.504034774093408355e+00 4.840890129539264231e-01 1.617525630414624882e-01 2.226028832392481791e-05 1.001189707678140377e-05
1.000000000000000000e+00 2.611590555844811590e+00 5.040228521001743900e-01 1.703235608020766678e-01 1.947594675552918091e-05 7.099000511523844960e-06
1.000000000000000000e+00 2.645053622701686535e+00 5.041544673192551729e-01 1.724876221482174177e-01 1.811919768624790914e-05 1.101553316839463420e-05
1.000000000000000000e+00 2.881631722443159127e+00 5.089120900942660786e-01 1.728018642443796271e-01 2.027853100882102199e-05 1.178582466558508705e-05
1.000000000000000000e+00 2.867276112220505269e+00 5.070089827142092442e-01 1.694281136874025151e-01 2.171802509814944079e-05 1.948818740904851253e-05
1.000000000000000000e+00 3.145025604350521142e+00 5.047690172631772443e-01 1.645509756539732804e-01 2.944303487966926783e-05 1.493905612451236463e-05
1.000000000000000000e+00 3.516974709387827414e+00 4.890459132218963889e-01 1.682796996522761823e-01 8.287891658256504347e-06 8.489995693916032644e-06
1.000000000000000000e+00 3.167576759924290108e+00 5.054279177187928074e-01 1.773775008924762253e-01 4.947951873696817700e-06 8.131757365885639057e-06
1.000000000000000000e+00 3.019703752736992985e+00 4.935165947785363771e-01 1.607316202371311398e-01 1.067805219567672745e-06 8.023135813417299776e-06
1.000000000000000000e+00 2.724353520193483646e+00 4.943913983147046332e-01 1.677481668219486244e-01 9.095315899812287601e-07 6.702187200612637878e-06
1.000000000000000000e+00 3.153433064790197360e+00 5.036685005075343113e-01 1.655823096253690452e-01 1.802299580113794903e-07 3.346077859436140942e-06
1.000000000000000000e+00 2.719254535525160499e+00 5.063854551540898363e-01 1.731963782253079509e-01 1.860094071198182654e-07 4.506666950047808394e-06
1.000000000000000000e+00 3.241160417649139092e+00 5.060400898688496296e-01 1.669178719553722490e-01 2.711733642296572995e-07 7.554060682338208939e-06
1.000000000000000000e+00 2.652642276051255799e+00 5.015482918404128299e-01 1.721468537310624214e-01 3.739838314538433680e-07 1.148606335932020957e-06
1.000000000000000000e+00 4.764247146459174687e+00 4.953326354639110418e-01 1.764738533252855346e-01 4.856511890295915555e-07 9.418357405558055238e-07
1.000000000000000000e+00 6.895749559323541611e+00 5.277861710607688606e-01 1.943098134102886343e-01 4.694546411936044798e-07 1.043234984684712932e-06
1.000000000000000000e+00 3.001264223224129335e+00 4.885231516616673764e-01 1.614523675148213933e-01 1.996669026608727598e-07 8.248559347171470722e-07
1.000000000000000000e+00 2.666269465614862888e+00 5.049627526264468536e-01 1.727143533212784077e-01 3.095935670446653480e-07 1.092063607260249716e-06
1.000000000000000000e+00 3.713817261276679993e+00 4.822972749060489561e-01 1.606801546727662511e-01 1.052222971964655131e-07 1.898300999916533293e-07
1.000000000000000000e+00 3.569512885830996129e+00 5.162396401434770077e-01 1.790615274673600099e-01 1.895278767837418530e-07 1.088295572967953917e-07
1.000000000000000000e+00 3.570947625507289391e+00 4.981352745298081586e-01 1.603897867289293955e-01 1.284799278467623430e-07 1.462677191825331745e-07
1.000000000000000000e+00 4.617806330388466662e+00 5.204734811269676742e-01 1.757406918321750833e-01 1.478644052673808455e-07 1.589357036541973165e-07
1.000000000000000000e+00 3.821977772361473402e+00 5.079706602120852565e-01 1.810852530413677164e-01 1.577759249678830670e-07 5.879178703878203502e-08
1.000000000000000000e+00 4.129889814846718465e+00 5.143498866156469562e-01 1.840886854402378203e-01 1.273503176513520548e-07 5.090280202323695165e-08
1.000000000000000000e+00 3.828449480534732441e+00 5.155129781600803485e-01 1.825933028502950417e-01 1.654658835244715313e-07 3.283757705776912282e-08
1.000000000000000000e+00 3.402858069408762010e+00 5.119881677027124933e-01 1.800985203652504252e-01 1.468592225987603274e-07 4.903728951711129202e-08
1.000000000000000000e+00 4.251047402041714385e+00 5.052106786345109679e-01 1.811038297118190976e-01 2.369288035803844247e-07 2.469309706706223811e-08
1.000000000000000000e+00 2.970972662169024670e+00 5.102148005355923166e-01 1.749743536314253833e-01 2.612196091691996126e-07 1.017115293258635637e-08
1.000000000000000000e+00 2.681050460583620509e+00 5.014662358398814801e-01 1.670837626447005675e-01 3.368881905970921525e-07 1.317859750496234996e-08
1.000000000000000000e+00 2.824037650601134875e+00 4.998610364724705990e-01 1.646937086843903719e-01 6.248740493142263866e-07 6.530263129795205211e-09
1.000000000000000000e+00 4.580483988028699827e+00 4.804251423917414998e-01 1.633197579195468374e-01 6.653070437193526171e-07 9.505147298532863215e-09
1.000000000000000000e+00 8.828370874433433713e+00 4.884822406469254696e-01 1.782867789590686924e-01 8.091842978067973142e-07 1.349532842020558867e-09
1.000000000000000000e+00 6.326124860032526165e+00 5.033994848174206949e-01 1.558211668828976271e-01 3.634593284899392598e-07 1.302730485604169925e-09
1.000000000000000000e+00 4.704580349030294428e+00 4.776865169077306184e-01 1.530754436691717790e-01 3.455114344730375025e-07 2.179158605212487024e-09
1.000000000000000000e+00 4.497892891256520365e+00 4.779377089521409383e-01 1.544585124134073839e-01 4.443863991523175255e-07 2.020578624420852433e-09
1.000000000000000000e+00 4.062047675281087677e+00 5.156168812221623154e-01 1.831609367586491954e-01 6.504684957134036735e-07 1.434111673488750988e-09
1.000000000000000000e+00 2.600192823961263500e+00 5.019301484534761659e-01 1.683667050138319687e-01 6.460170891153210863e-07 4.090420846101244953e-10
1.000000000000000000e+00 2.824356356504656773e+00 5.075862389768323046e-01 1.718747182595678213e-01 1.029755459794401042e-06 7.205999672299842426e-10
1.000000000000000000e+00 4.422574062875158418e+00 5.145425000429287854e-01 1.693826929348260235e-01 1.291201726860982027e-06 9.102357985261367781e-10
1.000000000000000000e+00 2.620459511600945479e+00 4.998976182873648977e-01 1.706513203712804461e-01 8.031963789325258711e-07 1.459453574128654005e-09
1.000000000000000000e+00 2.871399491538048299e+00 5.076997215684064813e-01 1.711316065796931740e-01 9.569767300624337201e-07 1.349571001004667135e-09
1.000000000000000000e+00 3.908643071416522119e+00 5.129708875249561206e-01 1.699347540658430744e-01 6.720557559490809397e-07 9.775563572428171814e-10
1.000000000000000000e+00 3.933501991367488682e+00 5.173990244119917037e-01 1.753960784185324695e-01 8.495394547211183766e-07 1.460558629719962210e-09
1.000000000000000000e+00 4.644481754940594342e+00 4.783953632798564892e-01 1.528663044319180930e-01 7.142535141670637180e-07 8.875150198686655321e-10
1.000000000000000000e+00 5.221257419785453990e+00 5.165500829840486974e-01 1.872744580514958956e-01 8.007532203814629300e-07 9.624404455371707329e-10
1.000000000000000000e+00 5.334844400606934656e+00 5.270164214649875056e-01 1.831525323325534083e-01 1.182167248990507279e-06 9.335837762053234998e-10
1.000000000000000000e+00 5.286984895692176778e+00 5.201475502281366348e-01 1.878103973952129913e-01 1.088852731947288210e-06 9.522904485327792536e-10
1.000000000000000000e+00 4.746426856442803377e+00 4.892952055984083337e-01 1.722285823964512519e-01 4.171614465181845971e-07 5.282100380408735404e-11
1.000000000000000000e+00 2.599146167772418803e+00 4.976317129015473961e-01 1.693528006435292832e-01 4.244759881206883296e-07 5.219225189022671300e-11
1.000000000000000000e+00 2.607078613624874031e+00 5.008556853599755998e-01 1.672916698291940785e-01 7.688896157329419284e-07 4.768116465948736320e-11
1.000000000000000000e+00 4.777190708274280162e+00 5.219348036592569295e-01 1.863267637809865318e-01 5.435831634389652827e-07 7.878807281503366426e-11
1.000000000000000000e+00 7.318156867655363662e+00 5.355297987705985863e-01 1.932152966895580859e-01 6.726210228527808585e-07 8.586833545601889271e-12
1.000000000000000000e+00 6.900910788720304723e+00 5.102395575689202545e-01 1.590459053806201617e-01 1.122489322640092068e-06 5.957671168395202996e-12
1.000000000000000000e+00 2.866539427225325287e+00 4.911499814330498870e-01 1.660139717507829460e-01 1.390940876655114063e-06 8.795464352097898310e-12
1.000000000000000000e+00 2.983482775979043655e+00 5.038325428523883209e-01 1.664708208175059156e-01 2.052365141706430246e-06 1.134819567164350906e-11
1.000000000000000000e+00 2.820626009777347676e+00 5.064022883245186124e-01 1.702404084775072657e-01 2.530443571277742238e-06 1.343214848808239069e-11
1.000000000000000000e+00 2.749655391161389240e+00 5.038716079152525396e-01 1.739587501258379743e-01 2.435636693547692389e-06 2.538626002870966365e-11
1.000000000000000000e+00 4.124569237451832571e+00 4.820606694132987813e-01 1.635056884867813198e-01 3.155019241800546182e-06 1.678233086352344550e-11
1.000000000000000000e+00 3.658419175903675047e+00 5.051442177114583432e-01 1.792499798017487544e-01 2.986190439945644985e-06 2.186908710665728933e-11
1.000000000000000000e+00 3.937550577119177664e+00 5.160763727426709302e-01 1.734889329666707003e-01 1.683775848818112205e-06 4.383359221550938252e-11
1.000000000000000000e+00 3.888616708446980930e+00 4.808942582582840242e-01 1.588722194854775283e-01 7.832593334294738181e-07 1.386165340524185238e-11
1.000000000000000000e+00 2.554810249481669349e+00 4.981818211293833065e-01 1.688899826402951720e-01 5.043343281080348108e-07 1.095431114689239943e-11
1.000000000000000000e+00 3.496217771272610353e+00 5.153219660224908072e-01 1.775646729911795618e-01 8.236385012268342031e-07 1.301148921922976241e-11
1.000000000000000000e+00 2.866129231989678061e+00 5.076218082520425057e-01 1.711768800580732441e-01 6.443180523873570238e-07 3.635837535722718218e-12
1.000000000000000000e+00 3.749143595255561845e+00 5.079572936399980865e-01 1.804539761447816471e-01 4.171385767658248391e-07 1.618672347129867201e-12
1.000000000000000000e+00 2.571253434228081947e+00 4.983243311045243984e-01 1.665312470041802884e-01 3.145759420948267665e-07 1.362618938850541882e-12
1.000000000000000000e+00 3.272077731100619058e+00 4.924098904661813880e-01 1.699947058798331190e-01 3.492860049193910905e-07 4.845881263777354343e-13
1.000000000000000000e+00 3.053397172423796935e+00 5.112343866384190250e-01 1.760942002141178409e-01 1.510277236184755277e-07 7.322776398907335574e-13
1.000000000000000000e+00 3.463833333470286213e+00 5.050165403743492876e-01 1.650942910435699296e-01 2.103345513874067142e-07 5.839995601048921603e-13
1.000000000000000000e+00 5.299736077539125567e+00 4.790010827082042955e-01 1.646870285950224611e-01 1.178948492895597278e-07 8.183626191848462386e-13
1.000000000000000000e+00 3.865546799643192255e+00 5.178017602502348327e-01 1.770196321374039872e-01 2.346696867524036924e-07 6.533236054737470850e-13
1.000000000000000000e+00 4.037437816075019725e+00 4.900633915284962061e-01 1.554991877200551653e-01 1.200673948007546261e-07 8.586137122536627824e-13
1.000000000000000000e+00 3.444219220979025664e+00 4.861018084866269295e-01 1.579612130113318413e-01 4.952183051118117131e-08 9.514296746677493868e-13
1.000000000000000000e+00 3.424513962191346295e+00 5.143510788128773381e-01 1.799657174143685645e-01 1.557604763910141181e-08 1.639300224217714757e-12
1.000000000000000000e+00 2.730695430131800272e+00 4.928123546411803946e-01 1.668693121126807455e-01 2.954098427117923372e-08 1.062478917920978945e-12
1.000000000000000000e+00 5.259407791122157505e+00 4.815015126995902395e-01 1.673768119152149181e-01 1.844238610971442860e-08 9.719973496511882585e-13
1.000000000000000000e+00 4.219734146894227322e+00 4.834204653446841360e-01 1.660261517114428320e-01 5.095468688030277138e-09 1.323993028610905932e-12
1.000000000000000000e+00 3.162705718151782808e+00 5.078858725820097897e-01 1.785495462887828622e-01 3.704047456462304548e-09 1.201736097525779657e-12
1.000000000000000000e+00 3.288377998430636495e+00 4.859209540437795516e-01 1.596500947071760879e-01 4.963010016662820773e-09 1.628735165672941863e-12
1.000000000000000000e+00 2.776502591214928817e+00 5.064991690942790559e-01 1.714640492831024654e-01 4.933001133430100548e-09 1.875346349445027639e-12
1.000000000000000000e+00 3.469704948944099865e+00 5.142402189821683178e-01 1.750253011763397981e-01 4.185812848802149955e-09 7.789894782126499412e-13
1.000000000000000000e+00 4.799955993006312482e+00 5.207678413129447348e-01 1.754673902112571515e-01 6.945835319416644017e-09 9.422973925278322071e-13
1.000000000000000000e+00 6.097807082436997206e+00 5.217547483622249072e-01 1.716669114156940956e-01 5.483841589554618462e-09 1.490397431927540007e-12
1.000000000000000000e+00 4.543916677037917573e+00 5.229764228141228211e-01 1.846933022861515783e-01 5.103174413890456517e-09 1.057051726671603387e-12
1.000000000000000000e+00 2.639146503383084763e+00 5.004697349208245827e-01 1.721404522829075301e-01 9.217124763986361857e-09 1.658664687724668800e-12
1.000000000000000000e+00 3.391957722121352603e+00 5.147670747725526796e-01 1.776988919793177080e-01 1.391454400871062321e-08 2.387624339354416106e-12
1.000000000000000000e+00 4.013087848689886883e+00 4.821645481603978323e-01 1.634554629934265590e-01 7.714633910433330671e-09 2.259775220722548846e-12
1.000000000000000000e+00 2.732913348874375536e+00 4.919088997090855231e-01 1.644221109367640654e-01 7.200851467903005887e-09 3.683798886406347554e-12
1.000000000000000000e+00 2.660779616592051422e+00 5.052440771398721830e-01 1.727599872575143747e-01 6.815462261138047590e-09 6.832028946923758640e-12
1.000000000000000000e+00 2.765151828845024529e+00 5.046503528414102435e-01 1.748049821739546261e-01 1.283353182629630059e-08 6.797106482705014829e-12
1.000000000000000000e+00 2.761385753601018678e+00 4.913773890628355678e-01 1.646499872240653473e-01 1.016856335016732925e-08 6.470902758684801689e-12
1.000000000000000000e+00 3.492318947136562990e+00 4.865349573573831687e-01 1.576706007273473709e-01 1.924938886905601278e-09 9.891127519285994521e-12
1.000000000000000000e+00 4.917740788249189698e+00 5.248923146200989986e-01 1.866786617867551290e-01 2.202141026539315626e-09 1.752088311546790964e-11
1.000000000000000000e+00 3.216323383164509053e+00 5.110905573317064965e-01 1.792170570251681583e-01 5.319402465342732955e-10 3.597723571444304386e-11
1.000000000000000000e+00 3.243957401380985317e+00 4.857965916832805986e-01 1.624764789601932657e-01 5.556809819772335069e-10 2.392247307582478965e-11
1.000000000000000000e+00 3.235200589841765062e+00 5.132121071906964316e-01 1.770974495994453723e-01 2.579989579625980144e-10 3.701196471878345905e-11
1.000000000000000000e+00 4.041420901064657123e+00 5.172554538940774549e-01 1.751206593605657835e-01 2.677514621607627687e-10 5.520939116730765727e-11
1.000000000000000000e+00 5.552815719522711468e+00 5.062826982416358534e-01 1.853715762073731566e-01 4.308725269278200120e-10 6.734667206678060133e-11
1.000000000000000000e+00 4.064006349653531025e+00 4.843017741406563936e-01 1.664702460087061076e-01 3.946752109880546676e-10 7.436901058651340327e-11
1.000000000000000000e+00 3.260355013645404032e+00 4.858657353482973562e-01 1.601856752289115560e-01 2.472144756512084807e-10 9.425123616401319120e-11
1.000000000000000000e+00 3.805278380808993166e+00 4.863268330951406315e-01 1.560244075935380836e-01 3.695882540087477973e-10 2.476273523340336503e-11
1.000000000000000000e+00 4.409176638565236672e+00 5.175348859554712577e-01 1.734107202096725198e-01 4.908148802382393987e-10 1.540474362487733223e-11
1.000000000000000000e+00 4.320363089798457068e+00 5.217962249008430975e-01 1.825589296478056511e-01 5.981917685504844752e-10 1.442798552237557083e-11
1.000000000000000000e+00 3.840464613162414942e+00 4.931970657856437623e-01 1.734114486827464385e-01 1.064083719514899865e-09 2.284180140549380876e-12
1.000000000000000000e+00 3.818167654951717171e+00 5.169785030007187920e-01 1.764216551680342637e-01 6.225711816786470779e-10 3.176749180487254153e-12
1.000000000000000000e+00 2.673165633569007493e+00 4.929514656626775015e-01 1.653872249495824953e-01 2.066322322597538254e-10 7.623565335984188834e-13
1.000000000000000000e+00 4.452472847271021550e+00 5.055030890707855606e-01 1.623267995727731561e-01 3.395375003562158464e-10 7.683100076300330034e-13
1.000000000000000000e+00 3.530684594656483100e+00 5.155463201612524582e-01 1.770384675343690817e-01 3.730586568075069506e-10 4.157554534255337785e-13
1.000000000000000000e+00 3.841192551140301781e+00 5.184200484881972271e-01 1.809751929141348581e-01 4.465072284049712075e-10 3.161290366061630257e-13
1.000000000000000000e+00 5.243554256175232631e+00 5.068460641287036994e-01 1.610219746819264441e-01 6.873707267544856468e-10 2.196355026696539257e-13
1.000000000000000000e+00 2.533488386986289420e+00 4.988805511600559184e-01 1.695716681729956266e-01 5.165006782498778896e-10 3.041250335436194150e-13
1.000000000000000000e+00 5.082251217478399141e+00 4.763801027521442633e-01 1.609481025298920009e-01 4.562368566002681301e-10 1.363368384356999736e-13
1.000000000000000000e+00 5.503606296771297757e+00 4.748084695190564197e-01 1.505574734776504164e-01 4.115865654475320325e-10 2.400581653784608382e-14
1.000000000000000000e+00 4.905142660709556068e+00 5.212985684633556493e-01 1.758153946855992578e-01 1.735843640057117811e-10 1.650548571749815830e-14
1.000000000000000000e+00 4.712491806901753399e+00 5.013783601409040891e-01 1.809555462296862094e-01 1.292823704982321083e-10 2.081282591178167643e-14
1.000000000000000000e+00 3.850800116081990687e+00 5.077512216033504000e-01 1.661031344582989400e-01 9.951399565101343698e-11 2.695546939790556905e-14
1.000000000000000000e+00 3.418846285339774305e+00 4.990638906901943561e-01 1.759005692439400692e-01 1.137495215399240466e-10 2.553940674461059261e-14
1.000000000000000000e+00 3.013746450910754326e+00 5.055052675038186338e-01 1.683256546099836382e-01 1.505673873909360529e-10 2.927768521833898034e-14
1.000000000000000000e+00 5.993663444325942891e+00 5.156476544125335737e-01 1.904059485213867031e-01 1.806697409680437710e-10 2.198851198865765304e-14
1.000000000000000000e+00 3.080915376567326280e+00 5.006031692637982200e-01 1.643018283112879230e-01 2.229027089847251088e-10 2.521786940974158396e-14
1.000000000000000000e+00 3.174003711442867637e+00 4.979695648629152704e-01 1.623368899420115363e-01 2.690200192634752328e-10 2.783060751385935928e-14
1.000000000000000000e+00 4.314242548923917120e+00 4.844344674206199075e-01 1.675798525709058795e-01 1.202002067187137744e-10 4.078854720359365135e-15
1.000000000000000000e+00 3.474209024674737911e+00 4.916435273618060542e-01 1.584489614678985248e-01 7.637711270268214871e-11 2.094419642757445039e-15
1.000000000000000000e+00 3.551566525706678412e+00 5.050678016305035767e-01 1.794717752448603820e-01 6.692253530184678394e-11 2.716045093913855012e-15
1.000000000000000000e+00 5.874242438202237793e+00 5.055418140357074153e-01 1.856577434285446304e-01 3.050370630002406757e-11 1.693633113081621725e-15
1.000000000000000000e+00 3.951498295323024657e+00 4.858538339208967605e-01 1.553524898847077895e-01 3.921748674050622160e-11 1.173280425422901556e-15
1.000000000000000000e+00 3.943853151902326104e+00 5.191534546200078371e-01 1.816063721946155063e-01 5.768882944868618309e-11 1.274084783790409907e-15
1.000000000000000000e+00 2.662006896279614843e+00 5.009030455699953199e-01 1.674558107244774607e-01 8.452000235666101958e-11 3.546369743274261974e-16
1.000000000000000000e+00 2.709497335134504858e+00 4.971990193558271098e-01 1.649080114625335880e-01 9.791599122042423535e-11 1.631095511742131801e-16
1.000000000000000000e+00 4.650217569992562083e+00 4.806194676158452306e-01 1.647236835752426132e-01 1.168382155428244469e-10 9.954064653432975809e-17
1.000000000000000000e+00 3.467619571354289221e+00 5.145218022817810155e-01 1.804967304835681519e-01 1.652005991161395173e-10 1.871409041457036789e-16
1.000000000000000000e+00 3.662858909882258374e+00 5.001286214062017343e-01 1.614874181381172891e-01 1.066942292790054491e-10 1.155220484822274545e-16
1.000000000000000000e+00 3.515117656825974546e+00 4.833939134862823006e-01 1.605718996109490315e-01 1.167433260120390932e-10 1.299212194047604199e-16
1.000000000000000000e+00 4.043089188550000657e+00 4.972848380751178632e-01 1.768217460669646857e-01 1.104996325032546560e-10 1.249049378462027427e-16
1.000000000000000000e+00 3.502883173554423024e+00 5.150887695455631521e-01 1.763999920433376722e-01 1.103481637962258386e-10 8.787020033321489515e-17
1.000000000000000000e+00 2.911246106448150961e+00 4.900570094829918566e-01 1.620832942817741762e-01 4.318792635388530131e-11 8.872165913040376580e-17
1.000000000000000000e+00 3.195938556170359490e+00 5.127780270329710399e-01 1.775612239635445677e-01 6.023536983423068490e-11 9.186685311380996021e-17
1.000000000000000000e+00 4.220421728913989590e+00 4.812610608814433255e-01 1.635774049568143595e-01 1.034143275836329249e-10 7.427036447849859302e-17
1.000000000000000000e+00 3.476329489729811151e+00 5.138994570065871237e-01 1.808827925998363617e-01 1.499080112624503702e-10 1.356498548328565180e-16
1.000000000000000000e+00 2.526974512493437075e+00 4.995586210616870249e-01 1.691723621984495274e-01 1.014743370611097019e-10 1.401544985501651373e-16
1.000000000000000000e+00 2.731222807601479285e+00 5.039325190691884560e-01 1.692366609057848748e-01 7.333099646529206741e-11 5.047358552040196696e-17
1.000000000000000000e+00 3.158676283851377775e+00 5.059613566379789207e-01 1.780840609486295245e-01 4.108850673436843467e-11 7.566480058883611815e-17
1.000000000000000000e+00 2.567502810866701513e+00 4.996466647217295831e-01 1.678823589929287485e-01 9.004948613044655299e-11 7.767770658851181894e-17
1.000000000000000000e+00 4.073702322659650044e+00 5.173373956790695560e-01 1.750327443948761219e-01 5.284564949960506934e-11 4.235185506879749551e-17
1.000000000000000000e+00 3.835390190786400311e+00 5.066995589363856300e-01 1.811772277997976133e-01 3.296295668054725740e-11 6.483931580847576849e-17
1.000000000000000000e+00 4.173892933963434970e+00 5.208219612801698872e-01 1.820679493870079602e-01 2.676718323689643735e-11 8.770287217692125277e-18
1.000000000000000000e+00 4.403843078944680300e+00 5.186589809364895443e-01 1.861144782341535298e-01 5.632624650859242488e-12 1.225059723805446606e-17
1.000000000000000000e+00 3.515108541960910049e+00 5.099577944938912255e-01 1.809976715920243173e-01 1.026812376597293015e-11 1.443785121895745628e-17
1.000000000000000000e+00 3.804240225071219061e+00 4.819142051465841181e-01 1.573536712057764797e-01 1.289247640532641463e-12 1.295586046607169082e-17
