1.000000000000000000e+00 3.541756102441369762e+02 5.030185654272730789e-01 1.747243338424875336e-01 2.802621653836107787e-16 1.459790120434103108e-19
1.000000000000000000e+00 2.597755400703471764e+02 5.113772021960324432e-01 2.588799249047096795e-01 6.860880901901756160e-03 2.237920813275533216e-02
1.000000000000000000e+00 2.645993074714232307e+01 5.132120854499107043e-01 1.283104471665156565e-01 3.457421494664213689e-03 2.801301605221881430e-02
1.000000000000000000e+00 7.410363701326422969e+00 5.228566097723564843e-01 1.620355794689095907e-01 2.826544950590845467e-03 4.567328421464132704e-02
1.000000000000000000e+00 5.098452523566747274e+00 5.158703090448675255e-01 1.610981494334056408e-01 2.308474829929819342e-03 3.064019847928929965e-02
1.000000000000000000e+00 1.695288375618106969e+00 4.951762445243529376e-01 1.683992022619733020e-01 4.331981681188151398e-03 3.539036870806525070e-02
1.000000000000000000e+00 2.264953042556072660e+00 4.984929787254795963e-01 1.583616655159308106e-01 1.811696768363297259e-03 1.434475476301916991e-02
1.000000000000000000e+00 1.380662760092757457e+00 5.062107354205764853e-01 1.649046056301037011e-01 3.317173455711901892e-03 8.251379182272328833e-03
1.000000000000000000e+00 1.196502978412891993e+00 5.010649465102127165e-01 1.688513813058780122e-01 4.826883336401130604e-03 1.428061606911302725e-02
1.000000000000000000e+00 3.340171653510949579e+00 5.215170917420159924e-01 1.760607162166603346e-01 5.501821245269516991e-03 3.983856101312219927e-03
1.000000000000000000e+00 2.437282185642745347e+00 5.169380458786783095e-01 1.717706487374314472e-01 3.913695320874716575e-03 2.128354104305283431e-03
1.000000000000000000e+00 4.320747553766871363e+00 4.788433815914583391e-01 1.476411325533263930e-01 1.981891948896909346e-03 2.843184876901904724e-03
1.000000000000000000e+00 2.645093326177780035e+00 4.989602992769234802e-01 1.572602149373650005e-01 2.269729142398541153e-03 2.125959842964098012e-03
1.000000000000000000e+00 2.160470696631811904e+00 5.023316994977166106e-01 1.631981280242525978e-01 1.450843817349068039e-03 7.861005987117840061e-04
1.000000000000000000e+00 1.421131930581098324e+00 4.990983720852372185e-01 1.634221748320051348e-01 2.536923442430314996e-03 5.110951465328835222e-04
1.000000000000000000e+00 2.605248226785452204e+00 5.125300735737450264e-01 1.667989663476140416e-01 2.667109428602793854e-03 5.071753073586955781e-04
1.000000000000000000e+00 2.450840583835457664e+00 5.172808913095748862e-01 1.740344399181891211e-01 2.319493238819837766e-03 1.523360890711989704e-04
1.000000000000000000e+00 4.042816234673742848e+00 5.243549605316173423e-01 1.740337835394759891e-01 2.392119202478081019e-03 1.594008143389289973e-05
1.000000000000000000e+00 3.217914043434923599e+00 4.842632283688740880e-01 1.633709491994577712e-01 3.040203264467445342e-03 3.871276631233979440e-06
1.000000000000000000e+00 2.505990035679694472e+00 5.011550407710682054e-01 1.673059667115143201e-01 5.226846133163516941e-03 3.324407516274010966e-06
1.000000000000000000e+00 2.697246054172846463e+00 5.037317533076314247e-01 1.589995846926082756e-01 3.376211560676599388e-03 5.230155487409461143e-06
1.000000000000000000e+00 2.258645359377102757e+00 5.174068033835290681e-01 1.757399321312522189e-01 2.803665640017462962e-03 3.780860687314519314e-06
1.000000000000000000e+00 3.854601620501999726e+00 5.010379836768047435e-01 1.764122936348356541e-01 3.492235906070836633e-03 1.116324268409236508e-06
1.000000000000000000e+00 4.394055497911636188e+00 5.114685761047361723e-01 1.824368468121513043e-01 3.994409387452977668e-03 1.386586739338465320e-06
1.000000000000000000e+00 4.071751949074374544e+00 4.874791876848604266e-01 1.481378671407727332e-01 2.303512020437875965e-03 1.963213804015712670e-06
1.000000000000000000e+00 4.376048724712109816e+00 4.850365240912348774e-01 1.679285796849846746e-01 8.187210499801648739e-04 4.125979015036013907e-06
1.000000000000000000e+00 5.284389449682248774e+00 4.724688916223856450e-01 1.566274191190975551e-01 1.140046425041370834e-03 3.505407876048829033e-06
1.000000000000000000e+00 2.442197713143995141e+00 4.997245392458223301e-01 1.655015819835476132e-01 1.844028709078876505e-04 4.597949594993659186e-06
1.000000000000000000e+00 2.636239188912436138e+00 4.925687137756586398e-01 1.664298860596555296e-01 2.865983254834188589e-04 6.823283734508373965e-06
1.000000000000000000e+00 2.394748384445524181e+00 4.993315840288986007e-01 1.703086663072441720e-01 3.981443158542307520e-04 5.208364416943676506e-06
1.000000000000000000e+00 6.301487368944735046e+00 5.343057436792137960e-01 1.848663473441559957e-01 7.228982800998508956e-04 4.052591218465073682e-06
1.000000000000000000e+00 7.011073962142750027e+00 5.121408832271097111e-01 1.888465579538319838e-01 6.217083141692732835e-04 3.039521542021795300e-06
1.000000000000000000e+00 4.416975790886386477e+00 4.927065931414031930e-01 1.732927207558425664e-01 5.120652571160701043e-04 3.205912212770551718e-06
1.000000000000000000e+00 2.378367340692490117e+00 4.933149299619599137e-01 1.630305531592688983e-01 3.601876000510654619e-04 3.490829175396065145e-06
1.000000000000000000e+00 4.607230709847154770e+00 5.250982091097103899e-01 1.836942574698204600e-01 2.623835713587539136e-04 1.015011953912343500e-07
1.000000000000000000e+00 2.818706206952633408e+00 5.059025412447769599e-01 1.669456793148662299e-01 3.551830552505480781e-04 7.549962900245002819e-08
1.000000000000000000e+00 2.599006363854396540e+00 5.056793320825238025e-01 1.686841681889157119e-01 3.007830050811959315e-04 1.230701954649361685e-07
1.000000000000000000e+00 3.294106836843889052e+00 4.852900642980148560e-01 1.632321290919765688e-01 1.562865358338395394e-04 1.745095168410980092e-07
1.000000000000000000e+00 4.445444768635105959e+00 5.130006075186550607e-01 1.850502963012202184e-01 2.212167382589156879e-05 2.193006914942247230e-07
1.000000000000000000e+00 3.339476119721198177e+00 5.142461775848170547e-01 1.767837685478411136e-01 7.592261084332534971e-06 1.720785287523997235e-07
1.000000000000000000e+00 2.820846758315673775e+00 5.050932895069847328e-01 1.751846159510966339e-01 8.885804513690266073e-06 8.818825536887686025e-08
1.000000000000000000e+00 3.131485083777466372e+00 5.017137976789708409e-01 1.757882370755593782e-01 1.789478016729850957e-05 1.213186802649744117e-07
1.000000000000000000e+00 2.602764118809240301e+00 5.002136176734176543e-01 1.671103215405875253e-01 3.787759988165020322e-06 1.710746187869760140e-07
1.000000000000000000e+00 2.803897080883061221e+00 4.960193526721548563e-01 1.630162804581335168e-01 1.843157009260297670e-06 7.947560933068363546e-08
1.000000000000000000e+00 2.700093286446296759e+00 5.058098112261286694e-01 1.730058904698901778e-01 2.083109162194236514e-06 1.776808978677122094e-07
1.000000000000000000e+00 3.502837539794207977e+00 5.139990389784252489e-01 1.737949122772391164e-01 1.957628481231436066e-06 1.107099145309118562e-08
1.000000000000000000e+00 5.170698800134926110e+00 4.765838730559876502e-01 1.610092639744983012e-01 2.444952071272068446e-06 1.196995896145756153e-08
1.000000000000000000e+00 2.639382265355879387e+00 4.972281113629709592e-01 1.698395663632236985e-01 4.971800073600814165e-06 6.868606410999686086e-09
1.000000000000000000e+00 4.382184570571481252e+00 5.172863513521418488e-01 1.726928005187631510e-01 4.683738855882691089e-06 1.000796583223739737e-08
1.000000000000000000e+00 2.637007936838201339e+00 4.974783872629927606e-01 1.699891149683905589e-01 4.768159270378824680e-06 3.172547870344126980e-10
1.000000000000000000e+00 2.920337109842023438e+00 5.094812685607731373e-01 1.736790774746040933e-01 7.290314424949109859e-06 4.412892731095015192e-10
1.000000000000000000e+00 3.208306034585828304e+00 5.026024481777994213e-01 1.764700857884777818e-01 5.449135246181853959e-06 5.515522575701137922e-10
1.000000000000000000e+00 3.524349914036459808e+00 5.135168030919849969e-01 1.806041712712310454e-01 2.513852535831727126e-06 5.543644333360360805e-10
1.000000000000000000e+00 3.507057174661491583e+00 5.131533582390468418e-01 1.725949198714755994e-01 2.651434429499788394e-06 1.023849853197295731e-09
1.000000000000000000e+00 3.531335190275634695e+00 4.864880086673881165e-01 1.657358721199263807e-01 3.542527726219676256e-06 8.251477307415617420e-10
1.000000000000000000e+00 2.795704619228913668e+00 5.066827676939613667e-01 1.748661119712340839e-01 4.341632348304924338e-06 5.434732925536320345e-10
1.000000000000000000e+00 3.404232301435237140e+00 5.126182931660591136e-01 1.726709576078981900e-01 2.513698001953719729e-06 2.070813306025049707e-10
1.000000000000000000e+00 2.998863126916404109e+00 5.103138641927420505e-01 1.761676920855451689e-01 3.165244895297204917e-06 9.558272196345410275e-11
1.000000000000000000e+00 2.982779467432222997e+00 5.048643331964580705e-01 1.673854493521900744e-01 3.686349595340480760e-06 8.053717419513752644e-11
1.000000000000000000e+00 3.476288972982360281e+00 4.914407831360261270e-01 1.578100160745697644e-01 1.364377429689354571e-06 1.303374968282086830e-10
1.000000000000000000e+00 5.121439557782838214e+00 4.800988440823114045e-01 1.503651408262526579e-01 1.316861103841881166e-06 2.149972551122811920e-10
1.000000000000000000e+00 2.702980596606606500e+00 5.048943170657691493e-01 1.699625965408910755e-01 1.643823640648089929e-06 3.574867490501438715e-10
1.000000000000000000e+00 4.443293476212660131e+00 4.874598253861509578e-01 1.532216517136794076e-01 2.494605803670917636e-06 1.986836132892529796e-10
1.000000000000000000e+00 4.353651714318184318e+00 4.866896321042293860e-01 1.691836175553206589e-01 2.698129038472645799e-06 1.959399214466488610e-10
1.000000000000000000e+00 3.854196990021229841e+00 5.094076731225540833e-01 1.668162343773542111e-01 1.177518963615955393e-06 3.510513848721066169e-10
1.000000000000000000e+00 2.907773436927281629e+00 5.052580306627407758e-01 1.749719493351540311e-01 9.049104700135318598e-07 3.934170749048446788e-10
1.000000000000000000e+00 4.125706845216163821e+00 5.056204680545268726e-01 1.630766923126769075e-01 1.723800275191997549e-07 4.979441647397036145e-10
1.000000000000000000e+00 4.142537849596627630e+00 5.041537324147038479e-01 1.620342012368364837e-01 1.261880165236450290e-07 2.206977942033536463e-10
1.000000000000000000e+00 3.038490463368556327e+00 5.031014352444201920e-01 1.658092222098489221e-01 1.599641519447481842e-07 2.248273011515418147e-10
1.000000000000000000e+00 5.146960306322378997e+00 4.838699362395020853e-01 1.506302308283691549e-01 2.705535859882741877e-07 3.287661190646172117e-10
1.000000000000000000e+00 3.261160832374921714e+00 5.024310488663359386e-01 1.641155405393602551e-01 2.730885764315644926e-07 4.395803273137884163e-10
1.000000000000000000e+00 3.132223419879456738e+00 5.018822143560076610e-01 1.758057997445442444e-01 1.155738609995116575e-07 4.209175974914915474e-10
1.000000000000000000e+00 6.751259574698762478e+00 5.258491810496190855e-01 1.945270011338442739e-01 5.033744514185153129e-08 6.020154757971494692e-10
1.000000000000000000e+00 6.149854579600273929e+00 4.726248355302882231e-01 1.596086037901553456e-01 7.501049712759359973e-08 1.156103247825763174e-09
1.000000000000000000e+00 5.090020139972392776e+00 4.751245814267513468e-01 1.581291814995766654e-01 1.143101879470569364e-07 1.205093509913407367e-09
1.000000000000000000e+00 5.081140931494510404e+00 4.981894317998253885e-01 1.793275967996680320e-01 1.739506334601524609e-07 2.975007573865648865e-09
1.000000000000000000e+00 4.351010967038935640e+00 5.203150952819858288e-01 1.848829832310848187e-01 1.366006394621636563e-07 1.397412312616723817e-09
1.000000000000000000e+00 3.859198942471914417e+00 4.855332770871752524e-01 1.665418686125565151e-01 6.319762271266272402e-08 1.859400430145120425e-09
1.000000000000000000e+00 4.633687696127446465e+00 4.856960534133841767e-01 1.694099797910147143e-01 5.786536944071029369e-08 2.106484721150133724e-09
1.000000000000000000e+00 6.867466043828001965e+00 4.687036632352682419e-01 1.482427323065846070e-01 7.561235824462956453e-08 3.966707986687438383e-09
1.000000000000000000e+00 4.616457109844537499e+00 4.784718346534191369e-01 1.612636477270110169e-01 7.574938055916558495e-08 1.671655567060385711e-09
1.000000000000000000e+00 3.591805349816216797e+00 4.866817756962673602e-01 1.569334780928557382e-01 5.799065412601923436e-08 4.344119456461327296e-10
1.000000000000000000e+00 3.654973220525366440e+00 4.848138082728334908e-01 1.568376703123750548e-01 2.721941740021964404e-08 1.819528493640931747e-10
1.000000000000000000e+00 3.738840284986868934e+00 4.920062741515463522e-01 1.719744006483012178e-01 2.536914762399318873e-08 4.114519070787337977e-10
1.000000000000000000e+00 2.742666290564352405e+00 4.922859499177266729e-01 1.662616974292826511e-01 4.038773111098787291e-08 3.439220130326003046e-10
1.000000000000000000e+00 3.702499387496067662e+00 5.033268507033742400e-01 1.630730325536659253e-01 6.467887069351523800e-08 6.417862746542625596e-10
1.000000000000000000e+00 5.604294050409458272e+00 5.198101587946917235e-01 1.709517662788830883e-01 8.577699095390942498e-08 9.239607868628046020e-11
1.000000000000000000e+00 3.700641600512917240e+00 5.057367597530912917e-01 1.648343269884509354e-01 4.642262748571357527e-08 7.895511236516529241e-11
1.000000000000000000e+00 5.772495705178119607e+00 5.265761552338957818e-01 1.912359354955009694e-01 3.841704053294074786e-08 9.719828133918067396e-11
1.000000000000000000e+00 4.675347926532794851e+00 5.210883571110767054e-01 1.869257448355980122e-01 4.563151486779478872e-08 1.865575108832606635e-10
1.000000000000000000e+00 5.709650203534139656e+00 4.818479487279925255e-01 1.489326400801357086e-01 2.245992144618844725e-08 1.640601253459845645e-10
1.000000000000000000e+00 5.901740723769263397e+00 5.264496055842946554e-01 1.918221737599929977e-01 3.700160370299026168e-08 1.513376447223855414e-10
1.000000000000000000e+00 7.226983177574791917e+00 5.353432738624921416e-01 1.945644206281764432e-01 2.148498336993421629e-08 6.274280162934855847e-11
1.000000000000000000e+00 5.782605915952475861e+00 4.871616230576469864e-01 1.497915979446164947e-01 3.378192849465502661e-08 7.781408289621442290e-11
1.000000000000000000e+00 6.140330635056726827e+00 4.701512199664792391e-01 1.537713419715306118e-01 5.363188119809061099e-08 7.920868259079064845e-11
1.000000000000000000e+00 4.359503680689162053e+00 4.896030395917671529e-01 1.719027571867293991e-01 6.131239910387047722e-08 8.596784826427620525e-11
1.000000000000000000e+00 3.175435831925594421e+00 4.968849373970630201e-01 1.732353028628951241e-01 5.368164825280395541e-08 1.023081705595213906e-10
1.000000000000000000e+00 3.990458031537681638e+00 4.959607000300334523e-01 1.755164828039878500e-01 4.167812889746894059e-08 9.728698131153120133e-11
1.000000000000000000e+00 5.485379771419947481e+00 4.726899414380234532e-01 1.545859019472736740e-01 3.422852188465438328e-08 1.646717361235399210e-10
1.000000000000000000e+00 8.852687990293505393e+00 4.937599095999645749e-01 1.830134923810683989e-01 9.701495940334987218e-09 2.990649024991970358e-11
1.000000000000000000e+00 8.194595402325983713e+00 4.750048495637520518e-01 1.675374242044429529e-01 9.418108312465436608e-09 2.705320201007789988e-11
1.000000000000000000e+00 5.811699604409250597e+00 4.978664727527736811e-01 1.809440974350353115e-01 1.683223178449193107e-08 4.502305791628784644e-11
1.000000000000000000e+00 3.028227219753431676e+00 4.903115534154648403e-01 1.671242136891547270e-01 1.140348944052269157e-08 3.504288787129609516e-11
1.000000000000000000e+00 3.094664779060810833e+00 5.035937337622925503e-01 1.766656833106820534e-01 1.656093663502623661e-08 3.372666891790230395e-11
1.000000000000000000e+00 4.908732831685902021e+00 5.234242447690746758e-01 1.787574584772110287e-01 2.161507887547238323e-08 8.043365460161598468e-13
1.000000000000000000e+00 4.062654437595177193e+00 4.907276503377205890e-01 1.557557375482964135e-01 8.559609412130682876e-09 4.282161050452489405e-13
1.000000000000000000e+00 8.360692648667537696e+00 4.873607735661103502e-01 1.446221176872090342e-01 9.847954950888528898e-09 1.781834824555809514e-13
1.000000000000000000e+00 3.078833652803673715e+00 5.115150871309166458e-01 1.755734028877313502e-01 6.682220928551018121e-09 2.149571291758886739e-13
1.000000000000000000e+00 3.444509048918127370e+00 5.097299587853748593e-01 1.804748519382085858e-01 6.930911443527434184e-09 2.609255405336760903e-13
1.000000000000000000e+00 3.511200715364721781e+00 4.868363656828232910e-01 1.574859671751819568e-01 7.922030712805968123e-09 5.403407189194665163e-13
1.000000000000000000e+00 5.109253232290703828e+00 5.177634333514989917e-01 1.885898590955375487e-01 7.442505721191597655e-09 4.531184399869340098e-13
1.000000000000000000e+00 5.342131074423233983e+00 5.267646291114566059e-01 1.820733583495229291e-01 7.020153526348980914e-09 4.437536642781018167e-13
1.000000000000000000e+00 3.080410339896648697e+00 4.880898308018399856e-01 1.646980923907580552e-01 5.152057523926035975e-09 5.695902294536249617e-13
1.000000000000000000e+00 3.050823719466986272e+00 4.973363921196979343e-01 1.625560674943251904e-01 3.562311221005406118e-09 3.125091131580943646e-13
1.000000000000000000e+00 5.135616794533324203e+00 5.167769244900860537e-01 1.696469072422502333e-01 2.121436006312110237e-09 6.025270325461573465e-13
1.000000000000000000e+00 4.304882390203544240e+00 5.197961134338819900e-01 1.852766768744016634e-01 1.108384014404526791e-09 4.569817336547829981e-13
1.000000000000000000e+00 3.207462689996321004e+00 5.128261061738061954e-01 1.778951845993648195e-01 2.866338169201500805e-10 4.729432304784890360e-13
1.000000000000000000e+00 6.583494241727884777e+00 5.331301968516536371e-01 1.921731449559832827e-01 1.852837109533037243e-10 5.049722972549123132e-13
1.000000000000000000e+00 5.753749631680245002e+00 5.288546552414975510e-01 1.834384385288742869e-01 2.952001598378418530e-10 6.277929508275174426e-13
1.000000000000000000e+00 4.293439026768597344e+00 4.794052224042562038e-01 1.611401802544558670e-01 8.475805574215419553e-11 6.179211122944589387e-13
1.000000000000000000e+00 4.631575166294918056e+00 5.180734906243255056e-01 1.871128833450210471e-01 3.780033624353441375e-11 1.350731693343194967e-12
1.000000000000000000e+00 2.954770444639731153e+00 4.888411258624938416e-01 1.623638357433755952e-01 1.092772920425576576e-11 1.268182811843649110e-12
1.000000000000000000e+00 2.912518878259356292e+00 4.938533711940505389e-01 1.699232537837023771e-01 1.316463928352125593e-11 4.457732928871133072e-13
1.000000000000000000e+00 3.484198031229889914e+00 5.117499268103515853e-01 1.716549012811276476e-01 1.095364716860806791e-11 3.724285331417525387e-13
1.000000000000000000e+00 4.135737505158785687e+00 4.901098158375959413e-01 1.720162835613411878e-01 3.615296710187312740e-12 5.498741868363775440e-13
1.000000000000000000e+00 3.609948895446330575e+00 4.929486937992194617e-01 1.582931791626833451e-01 3.572628099939855739e-12 6.454137119215001474e-14
1.000000000000000000e+00 2.853491810668342676e+00 4.949933624186984571e-01 1.629127010439034851e-01 3.232075123029398610e-12 8.236780627780227523e-14
1.000000000000000000e+00 2.778584469838185633e+00 5.030380055987685450e-01 1.746350437420038926e-01 2.357169932941042629e-12 6.824645970233306192e-14
1.000000000000000000e+00 2.958707332864447093e+00 4.889502836219325466e-01 1.645733795527931087e-01 2.739123504632403025e-12 6.883578985279817710e-14
1.000000000000000000e+00 3.280229389608841473e+00 5.135039743293998704e-01 1.765200790514255824e-01 2.475791948914497314e-12 8.364434729495769629e-14
1.000000000000000000e+00 4.720109019650604587e+00 4.769401362239275577e-01 1.538817175349189714e-01 1.952194816899169788e-12 9.265820035819100499e-14
1.000000000000000000e+00 5.184454500827408552e+00 5.236890869026217255e-01 1.893355442937079136e-01 2.811655320199795664e-12 8.731424476179269128e-14
1.000000000000000000e+00 4.710394725897113055e+00 4.840258598147924585e-01 1.523095296712116964e-01 2.414736391231936206e-12 8.888315998129323774e-14
1.000000000000000000e+00 3.479385755666295488e+00 5.002811873669980036e-01 1.768246953072981353e-01 4.349748408808841834e-12 1.121311702439319495e-13
1.000000000000000000e+00 2.586749127925375369e+00 5.025730810981137164e-01 1.720676285657867233e-01 1.959971609867807792e-12 1.343731553711148602e-13
1.000000000000000000e+00 3.630995896791306521e+00 4.843675696777189899e-01 1.642727608950210194e-01 1.781350601556903982e-12 1.192817732498436843e-13
1.000000000000000000e+00 3.202057663609982896e+00 5.066597572596375221e-01 1.681920024716972717e-01 9.307018573289364689e-13 1.923807398452831237e-13
1.000000000000000000e+00 4.333819722862655155e+00 5.111342785014998391e-01 1.671813065938201615e-01 9.220136676612955372e-13 2.203696925271032041e-13
1.000000000000000000e+00 4.412723834445829496e+00 4.946325221734557132e-01 1.760784866108409119e-01 1.089622136239761032e-12 2.040828999784807658e-13
1.000000000000000000e+00 3.441423905262271710e+00 4.841974832622358837e-01 1.619428185538202836e-01 1.882127183764394365e-12 1.760649582284658690e-13
1.000000000000000000e+00 4.696038306726120659e+00 5.239854596647373075e-01 1.826827332374390545e-01 1.939772143639882135e-12 2.414087540772426728e-13
1.000000000000000000e+00 3.175397786715393078e+00 4.963801707436462651e-01 1.615730639535762625e-01 2.095428512115779491e-12 4.276508548819067694e-13
1.000000000000000000e+00 4.055917599552961939e+00 5.119102438768513563e-01 1.689612903562236479e-01 5.515786643099771968e-13 4.864989467148428033e-13
1.000000000000000000e+00 2.598520481050416109e+00 4.950283745875140307e-01 1.660780827846997376e-01 8.790145704314267722e-13 6.699632565707918562e-13
1.000000000000000000e+00 2.909219465200543198e+00 5.072377115473397646e-01 1.709031179380685328e-01 1.367472167123366560e-12 1.397823396620646240e-12
1.000000000000000000e+00 3.590016270295881107e+00 5.048376657744642060e-01 1.795143060378271149e-01 1.078322894901430008e-12 1.792939966282768240e-12
1.000000000000000000e+00 3.242460867444025840e+00 5.016139627135047796e-01 1.641518136452793375e-01 1.204269545804788350e-12 1.433032718422329402e-12
1.000000000000000000e+00 3.355044466354601518e+00 5.029666393009125658e-01 1.777481295635578162e-01 1.563533521273827927e-12 1.275683150928091471e-12
1.000000000000000000e+00 5.314837797801921226e+00 5.111379437523085878e-01 1.871192418580908123e-01 1.334030527473242386e-12 2.025224844617323810e-12
1.000000000000000000e+00 5.516519311998218988e+00 4.814055772943238720e-01 1.682031281889754537e-01 1.033666598122282070e-12 2.444470115346196462e-12
1.000000000000000000e+00 2.806769107675520125e+00 5.025058181116481837e-01 1.746543839047116353e-01 1.424017428937113702e-12 3.454943612419143382e-12
1.000000000000000000e+00 4.017577859156181042e+00 5.028121877676782203e-01 1.799235665477078305e-01 1.031354943153646873e-12 4.366335204854738573e-12
1.000000000000000000e+00 4.362637330716745865e+00 4.931698686994279712e-01 1.749376412254879110e-01 1.811147332022215396e-12 4.544123773044157681e-12
1.000000000000000000e+00 3.964149764154673683e+00 5.137063324285726651e-01 1.711956248088038757e-01 2.645633380066016605e-12 7.681288634194596672e-12
1.000000000000000000e+00 2.664582160623571561e+00 4.931187068392955952e-01 1.656336420831241718e-01 1.450507389324713935e-12 8.201259625036805416e-12
1.000000000000000000e+00 3.385183376223425800e+00 4.857959241105052062e-01 1.587232104771883756e-01 2.225347778447933890e-12 6.011057199795591912e-12
1.000000000000000000e+00 6.830993128855828544e+00 4.997144114598909281e-01 1.840581003022856155e-01 1.719937334507024787e-12 7.925632827045083340e-12
1.000000000000000000e+00 3.161859743245422738e+00 4.982124609299329876e-01 1.625341613903899807e-01 2.085050103437973807e-12 6.803261744204583638e-12
1.000000000000000000e+00 3.646678193302694382e+00 4.844075514977330688e-01 1.571440156094560114e-01 1.647725092590533587e-12 5.773433879701785663e-12
1.000000000000000000e+00 4.229905605102116439e+00 4.952639633753401771e-01 1.570776308877649963e-01 1.936293054362436011e-12 6.133373770696560455e-12
1.000000000000000000e+00 2.999033079199334040e+00 5.078115566887092536e-01 1.774787132917374777e-01 2.981261211236634746e-12 7.005718807092545329e-12
1.000000000000000000e+00 2.855303254272984148e+00 5.083176594473052257e-01 1.732688228708399447e-01 2.369875585980228364e-12 1.278797078147758284e-11
1.000000000000000000e+00 2.888309226628683390e+00 4.901966020460142293e-01 1.623582862877683830e-01 3.378325266887636071e-12 1.203282561592672981e-11
1.000000000000000000e+00 2.996957934051481143e+00 5.017308732377142588e-01 1.655064493425737748e-01 5.384755160976784670e-12 9.624511247452897300e-12
1.000000000000000000e+00 2.984914383646814606e+00 4.924982336158170715e-01 1.613309838730051515e-01 3.533999646076413649e-12 9.627364086623471907e-13
1.000000000000000000e+00 2.974214828881684092e+00 4.978186375276564823e-01 1.633256503777470725e-01 1.168251756214953875e-12 1.826454611580210696e-13
1.000000000000000000e+00 3.834872360830575477e+00 4.980881021957768717e-01 1.597423021096388285e-01 4.254859635657794357e-13 2.558219531306390868e-13
1.000000000000000000e+00 3.439941998432844983e+00 5.009512389698222989e-01 1.628604548877932434e-01 4.499218628310855330e-13 2.382140462769475239e-13
1.000000000000000000e+00 3.482094355295940247e+00 4.917894517565730705e-01 1.711044977886232166e-01 3.123236612389218778e-13 8.821511480484265707e-15
1.000000000000000000e+00 2.718937064831460582e+00 4.954925747694420846e-01 1.697773827910432076e-01 3.770349272434113376e-13 1.061843631442487751e-14
1.000000000000000000e+00 4.615540813105229567e+00 4.812131173238338722e-01 1.526328278824626850e-01 2.118639771719422712e-13 7.808119791425304018e-15
1.000000000000000000e+00 3.765476491426480443e+00 5.119924326891172051e-01 1.703542127915993187e-01 3.547160081577360211e-13 2.354201260521855198e-15
1.000000000000000000e+00 4.499728688682951727e+00 5.007895155760854200e-01 1.591561707270674475e-01 2.769810168722301652e-13 3.210125060190975004e-15
1.000000000000000000e+00 5.669466102328922119e+00 5.117774756772753841e-01 1.881834160795644306e-01 3.893346691826734066e-13 3.340856265153660144e-15
1.000000000000000000e+00 5.537461058925588375e+00 4.845642965722711804e-01 1.710699188879579724e-01 4.492534041178806561e-13 5.979163345448643442e-15
1.000000000000000000e+00 4.336205650891750807e+00 5.212995416002085269e-01 1.845238903115785090e-01 5.407993045436392665e-13 6.787438551206591912e-15
1.000000000000000000e+00 4.330791826257700095e+00 5.188388315739290713e-01 1.857091082923527647e-01 4.676925287192946811e-13 6.427765010998687681e-15
1.000000000000000000e+00 4.335367537511735314e+00 4.971162117469912212e-01 1.576376843122946625e-01 4.793746791129830096e-13 5.318940782107467412e-15
1.000000000000000000e+00 5.142570519759487091e+00 5.048435876673864620e-01 1.599444524810136048e-01 8.816317253940975778e-13 4.618266336833331549e-15
1.000000000000000000e+00 3.724899308554052269e+00 4.822050013564534443e-01 1.580331082217810434e-01 7.842090270831824693e-13 2.579069207356649047e-15
1.000000000000000000e+00 3.014203715545207274e+00 4.883678021900964006e-01 1.643856438954422183e-01 2.373529945422749487e-13 7.778631132556469166e-16
1.000000000000000000e+00 3.718727479764244226e+00 5.161565607954963220e-01 1.821826080443106899e-01 3.642143668136709761e-13 7.634372540752890011e-16
1.000000000000000000e+00 3.554356369098502277e+00 4.860627730446561157e-01 1.659643694909094247e-01 5.791602495588701641e-13 7.033182175054846376e-16
1.000000000000000000e+00 3.331320053370076639e+00 4.880751323216130366e-01 1.586586968399897324e-01 4.622079611733906564e-13 1.071955877208302234e-15
1.000000000000000000e+00 4.197848958435829836e+00 5.188750973164761859e-01 1.764776340909115226e-01 5.934225850249818922e-13 1.226102351830376915e-15
1.000000000000000000e+00 4.788470883800668432e+00 4.963066659058977814e-01 1.780849688529622943e-01 3.554994080787991067e-13 1.636818351346131716e-15
1.000000000000000000e+00 2.552897057765793676e+00 5.015619802096654700e-01 1.699504818562268260e-01 5.377589448530174970e-13 9.910991966309612629e-16
1.000000000000000000e+00 5.961788278187864165e+00 4.912018090220886535e-01 1.508823302229636010e-01 1.275956218864822591e-13 2.067527472540111165e-15
1.000000000000000000e+00 2.783147709564098182e+00 5.035468153011455339e-01 1.748424350303280084e-01 1.389270259285329254e-13 9.454174704063520631e-16
1.000000000000000000e+00 4.225401768315420803e+00 4.828790326103655772e-01 1.541726090245309766e-01 1.014647197921189070e-13 9.196711614697466725e-16
1.000000000000000000e+00 4.314339296847670369e+00 4.799331150901006704e-01 1.621896173385234674e-01 6.790253138168813859e-14 4.147166626617216836e-16
1.000000000000000000e+00 3.899836704991543890e+00 5.149092161518721289e-01 1.835922701760838993e-01 6.705693109073385738e-14 2.151001525053754774e-16
1.000000000000000000e+00 3.484354667442488562e+00 5.047409640503780492e-01 1.652529834897892291e-01 1.393191751797831895e-14 2.682339834946201311e-16
1.000000000000000000e+00 3.438205611646636406e+00 4.911196218621601828e-01 1.703694713225879787e-01 1.449260212826282738e-14 2.732999931250598794e-16
1.000000000000000000e+00 5.415186656108240015e+00 5.051658467851918299e-01 1.845488268688187661e-01 1.312915149155309011e-14 5.861692420725507937e-17
1.000000000000000000e+00 4.648732900896387576e+00 4.790993328302130538e-01 1.627999110295143825e-01 1.096263301394865969e-14 9.248737534487566935e-17
1.000000000000000000e+00 4.004022383973406818e+00 4.985595190368672380e-01 1.594217777584000795e-01 5.473999691160556644e-15 2.069294548968763223e-16
1.000000000000000000e+00 4.593670435349711312e+00 5.133954811584762190e-01 1.683171179377124516e-01 4.995275056698345241e-16 2.991350032391833047e-16
1.000000000000000000e+00 4.355622246233054717e+00 4.786214529644783333e-01 1.600736882355532353e-01 2.219936726224269365e-16 5.002417185174511076e-16
1.000000000000000000e+00 3.745425993876918547e+00 4.920594879776953867e-01 1.574608618508549218e-01 2.579959684676955125e-16 3.202090430287759847e-16
1.000000000000000000e+00 3.152056257870457845e+00 5.103332008111212126e-01 1.787613032483837960e-01 4.451679656191659450e-16 2.501875263765748824e-16
1.000000000000000000e+00 4.337668007419260618e+00 5.065292913086288928e-01 1.634450650025269791e-01 3.576795800609557780e-16 1.580571441088058591e-17
1.000000000000000000e+00 3.907712546983668211e+00 5.130813422131138557e-01 1.707990004220399927e-01 1.975929357572857478e-16 2.401464699275555622e-17
1.000000000000000000e+00 2.802470962127657117e+00 5.056060135608071437e-01 1.701757343317318594e-01 1.896936161987786911e-16 3.385162152878921422e-17
1.000000000000000000e+00 2.649665295038211354e+00 5.039401697950167680e-01 1.733532766855372109e-01 2.268850401256592121e-17 6.558936469044049169e-17
1.000000000000000000e+00 2.702550462487514515e+00 4.982835594769326470e-01 1.654812768599445427e-01 2.746092362058518715e-17 2.547540174999941717e-17
1.000000000000000000e+00 2.529430136657587980e+00 4.982131647884580627e-01 1.684196387640875814e-01 2.057652588888703510e-17 1.521933744141705348e-17
1.000000000000000000e+00 2.642391581835759506e+00 5.001923729224392323e-01 1.721834904827418966e-01 3.114151458051942715e-17 8.398995515212495030e-18
1.000000000000000000e+00 7.112492661363200241e+00 5.338847142271156976e-01 1.845407332953382384e-01 2.791069028734837096e-17 1.312961570820538296e-17
1.000000000000000000e+00 6.335273108718383561e+00 4.782566573486342065e-01 1.471498734413418386e-01 4.899456779105746567e-17 6.589287285124379749e-18
1.000000000000000000e+00 6.105632531171803379e+00 4.962352934946703265e-01 1.527348014398083043e-01 7.099326050188261459e-17 3.453865241781542885e-18
1.000000000000000000e+00 4.210362046952215387e+00 5.183585938431792828e-01 1.850906708781239196e-01 1.295342805564431308e-16 1.660186687915058398e-18
1.000000000000000000e+00 3.242955868397725094e+00 5.097146377658104965e-01 1.794393165517533528e-01 1.111398304540322698e-16 3.001780710456704928e-18
1.000000000000000000e+00 3.298136923787255093e+00 4.980653814005150948e-01 1.748314772329331024e-01 1.804122212386695182e-16 2.240723141793056039e-18
1.000000000000000000e+00 3.217489679898287491e+00 5.074883422966003366e-01 1.788593730472206045e-01 4.417716241361869857e-17 4.299235541920565215e-18
1.000000000000000000e+00 3.505744386929670497e+00 5.135252581429610164e-01 1.812147831054463920e-01 4.411965152889696343e-17 5.804969314872785732e-18
1.000000000000000000e+00 3.960193824048796607e+00 4.917133946797386246e-01 1.727258473393967209e-01 5.085230232843548094e-17 4.930708145364621804e-18
1.000000000000000000e+00 4.092868974993217890e+00 5.149295343793570678e-01 1.719216997140824432e-01 7.066608367944698012e-17 6.025333280984103796e-18
1.000000000000000000e+00 4.639262184345568585e+00 5.219084807468723497e-01 1.867509814412049163e-01 6.792429388129662192e-17 3.610797723608379561e-18
1.000000000000000000e+00 2.562870063730417591e+00 4.963663029192333376e-01 1.681776917440765406e-01 9.796280003632101190e-17 6.633347226619090706e-18
1.000000000000000000e+00 2.542747322570890312e+00 5.002020572834212642e-01 1.688698104001889744e-01 1.191717366392887112e-16 8.580530977909968908e-18
1.000000000000000000e+00 4.442103873319022789e+00 5.112845797278220417e-01 1.669322441833522574e-01 1.109337198800426980e-16 1.508599338243506145e-17
1.000000000000000000e+00 3.347410215099310804e+00 5.111875240633813045e-01 1.802302545934892641e-01 1.659982089570616772e-16 1.156007031082423427e-19
1.000000000000000000e+00 3.728723661313562587e+00 4.899658818520709058e-01 1.569256799588846507e-01 1.345902262559160304e-16 3.700631582274993788e-20
1.000000000000000000e+00 2.837363186951527005e+00 5.013280898235507044e-01 1.662525213666486978e-01 1.606009132531489451e-16 3.909507116210631577e-20
1.000000000000000000e+00 3.361917573434769491e+00 4.847221447302018649e-01 1.618201639843412920e-01 2.886828208575790463e-16 7.104198744982215967e-20
1.000000000000000000e+00 2.790448568530771833e+00 5.030185654272730789e-01 1.747243338424875336e-01 2.802621653836107787e-16 1.459790120434103108e-19
