1.000000000000000000e+00 7.880703345349438393e+01 2.780456369811473150e-01 2.589561089936171512e-01 2.321908435175660534e-01 2.489012973791396299e-01 2.138990460233758106e-01 2.225743082859158728e-01 2.087438046526747526e-01 2.462997263629956302e-01 1.446060436635001334e-01 2.217256982348148331e-01 2.496143192768179309e-01 1.412636446582187788e-01 3.353022192359418341e-01 3.378805853841609363e-01 2.611944966336360863e-01 2.600230727721699053e-01 2.777147449506717214e-01 2.571412057161822640e-01 1.725310859733044377e-01 3.252863356599912728e-03 1.240037403916814662e-02
1.000000000000000000e+00 2.467132342600367068e+01 2.631656941211888978e-01 2.696663705544875556e-01 2.415074097786373830e-01 2.378026242553986924e-01 2.270910779512550492e-01 2.188699054982962133e-01 2.266583996146578905e-01 1.934981040035921029e-01 1.929856856540154431e-01 1.759758675703046726e-01 2.465078135558413375e-01 2.403800529712589173e-01 2.999154656679225428e-01 2.972101312535384565e-01 2.459392123132763119e-01 2.412596904185011493e-01 2.508987152271026644e-01 2.357525610638348257e-01 1.698331982502832849e-01 3.301428166727764322e-03 2.372860361444031202e-02
1.000000000000000000e+00 4.293948763738248076e+00 2.457432787734684099e-01 2.773129433909732877e-01 2.327829792006286813e-01 2.430279163160922740e-01 2.290611091354560480e-01 2.277410076965661889e-01 2.241407102922174099e-01 1.833115060271557351e-01 2.007424858704038861e-01 1.870391906042965791e-01 2.597387659495786760e-01 2.197416095147671777e-01 3.139507652276931071e-01 2.905293177215358402e-01 2.515638978830561090e-01 2.418738441039823273e-01 2.648219546925091317e-01 2.480494774184213991e-01 1.701360601363825220e-01 3.364900126089496145e-03 2.304108288543026128e-02
1.000000000000000000e+00 7.151240360614787406e+00 2.500557368648854140e-01 2.855704415760730308e-01 2.270940742124807343e-01 2.342184441546243667e-01 2.292898447883638668e-01 2.319585506962380250e-01 2.307355782278429079e-01 1.853908174548010157e-01 1.975591941305076538e-01 1.823816401398243303e-01 2.662859768451933951e-01 2.276110124903192589e-01 3.022639741023628868e-01 2.899350038077971869e-01 2.570870729425281942e-01 2.499761401734970634e-01 2.595468523504420033e-01 2.374399761254622487e-01 1.699044854406135396e-01 3.395771429482401585e-03 2.226589054343640003e-02
1.000000000000000000e+00 6.921735145393173916e+00 2.545803752071121862e-01 2.869298507037121859e-01 2.230236072128437552e-01 2.458398367121422678e-01 2.351613643459647962e-01 2.229094679032035398e-01 2.259051346400544613e-01 1.905558060300353573e-01 1.976567198459467933e-01 1.852922777562615864e-01 2.547747456901138241e-01 2.222307659349506692e-01 3.143122742558337457e-01 2.953635537947145728e-01 2.498503244241825072e-01 2.452773929577037604e-01 2.451422752163890384e-01 2.376516668384069941e-01 1.701380890803502466e-01 3.584491022509979970e-03 2.345257766838486010e-02
1.000000000000000000e+00 8.356822481338197051e+00 2.414672153357529938e-01 2.925974840294198742e-01 2.179622474015278644e-01 2.382397068736809287e-01 2.279041514814196256e-01 2.242508091794337133e-01 2.320723982984727873e-01 1.838776517249547104e-01 2.058323263310635198e-01 1.707889238112434427e-01 2.523401641119723537e-01 2.125068917139920355e-01 3.127973520728569712e-01 2.983116550211710183e-01 2.341286786241027484e-01 2.369505121136810111e-01 2.468953259982140658e-01 2.416171228984506369e-01 1.667587196670645144e-01 3.588691371389448898e-03 2.215337751954970028e-02
1.000000000000000000e+00 7.480157770249466154e+00 2.345582579252682431e-01 2.918148595706192561e-01 2.221416566177065732e-01 2.320364594042915729e-01 2.142783694315024412e-01 2.258576435448096942e-01 2.343982149817147864e-01 1.879510578303667523e-01 2.111337362794101780e-01 1.758396383732501178e-01 2.403491443416775619e-01 2.202328071187908687e-01 3.171626802437180759e-01 2.944481696342244881e-01 2.288203920911961731e-01 2.454219023849030790e-01 2.400816958662325140e-01 2.285448054475994750e-01 1.654384309719476864e-01 3.783787316582257199e-03 2.238213094025208807e-02
1.000000000000000000e+00 7.499057831434209120e+00 2.440536237517384743e-01 3.062982225481222787e-01 2.277501693373920888e-01 2.419816168084016894e-01 2.230933901731179114e-01 2.235156537226552775e-01 2.290892413751127732e-01 1.903368225807565428e-01 2.181803543482788987e-01 1.765502759587138093e-01 2.415928197146061107e-01 2.243219131624764329e-01 3.254057583260581143e-01 3.029859040648608670e-01 2.313335386175038588e-01 2.514598687168646540e-01 2.474935564585210579e-01 2.213306908284367047e-01 1.707952750753655158e-01 3.835709709200497888e-03 2.213207888372040535e-02
1.000000000000000000e+00 7.042193840020269491e+00 2.350915596415622533e-01 3.079608515843090255e-01 2.348280872444686862e-01 2.442830518572782494e-01 2.249854542403151303e-01 2.202522998825093836e-01 2.255774171705524633e-01 1.833084269017244972e-01 2.247359259843360324e-01 1.842809981445145406e-01 2.490982492253298319e-01 2.304436489327029991e-01 3.240860573566172187e-01 2.953750597478069784e-01 2.435206087359687854e-01 2.517640041368980897e-01 2.483285773382199191e-01 2.289800805749456214e-01 1.704337071979229734e-01 3.804275518694450863e-03 2.158038811706730620e-02
1.000000000000000000e+00 6.964635930480337578e+00 2.368439924089416893e-01 3.086271181658284402e-01 2.383864508926879511e-01 2.363266388213124958e-01 2.271647139134027604e-01 2.151794733693797868e-01 2.282480564332401984e-01 1.791639315000076171e-01 2.266500004873460150e-01 1.855297779033894812e-01 2.447437286393981948e-01 2.300812165110560636e-01 3.249806400343799861e-01 2.928839133694742802e-01 2.389948629060048291e-01 2.480636122443738434e-01 2.652513683507470854e-01 2.425996125411874205e-01 1.710465698016755687e-01 3.759718309340329395e-03 2.183782502358730046e-02
1.000000000000000000e+00 6.524259560218260035e+00 2.424671480705218318e-01 2.962809184532580464e-01 2.340337031632324094e-01 2.330570939283044540e-01 2.191605878820777897e-01 2.269704122488891418e-01 2.311002182851833731e-01 1.693833845128751292e-01 2.207399972886561201e-01 1.915383256338853701e-01 2.482046227439280439e-01 2.375539954483582017e-01 3.239433860320077851e-01 2.970263852346372579e-01 2.311101097030799634e-01 2.404623925134629914e-01 2.692437870297582081e-01 2.477342730833297924e-01 1.704108520203236332e-01 3.892041261545924839e-03 2.262951891526739784e-02
1.000000000000000000e+00 6.651979952564292198e+00 2.480258873374400763e-01 2.907022526258903339e-01 2.289976791648790921e-01 2.476826081825847237e-01 2.171598758007513286e-01 2.285313371792056236e-01 2.291390599407257811e-01 1.716141039933539447e-01 2.235299832461485336e-01 1.845571549383308585e-01 2.468986296045299345e-01 2.298207800774291210e-01 3.310541603356779716e-01 2.960332518475327634e-01 2.305033774832956628e-01 2.463589950468836332e-01 2.679838753818924446e-01 2.474334337652904225e-01 1.702054988556593040e-01 3.825121612545078365e-03 2.223699830963889873e-02
1.000000000000000000e+00 1.212451744289928790e+01 2.470028158107500649e-01 3.007276029157193720e-01 2.126566612916674648e-01 2.560263017321380286e-01 2.302034378122196356e-01 2.320111559971135551e-01 2.312485212887571973e-01 1.718575183702329423e-01 2.355860488514353868e-01 1.912421941327619723e-01 2.400331399664453191e-01 2.315866331643236242e-01 3.197758460431120997e-01 2.853329272126672311e-01 2.445598519603404131e-01 2.602981702292062050e-01 2.739131896439023772e-01 2.482231818544716195e-01 1.719682030460795430e-01 3.700529412774320077e-03 2.207245895364804214e-02
1.000000000000000000e+00 1.153730611676541074e+01 2.608960596608135285e-01 2.978598869766246882e-01 1.964943197230967775e-01 2.425327902617689380e-01 2.417059517569440097e-01 2.298713814220587348e-01 2.273503029534658382e-01 1.793659177182899411e-01 2.245928233059986956e-01 1.876012520550885132e-01 2.385243011280461789e-01 2.392167504908030151e-01 3.287171051727041382e-01 2.911009016560021090e-01 2.482609580169252428e-01 2.574619719564733566e-01 2.737109790689561395e-01 2.468276008615535588e-01 1.701832137220065100e-01 3.733300659044206955e-03 2.014441663257166351e-02
1.000000000000000000e+00 1.127092340632770906e+01 2.682630614963873450e-01 3.034004857958805257e-01 1.969916994629989926e-01 2.520461583489204127e-01 2.502799590945875563e-01 2.318247676081336139e-01 2.215377409057188163e-01 1.838622635610225042e-01 2.220557373879762375e-01 1.914250246977887704e-01 2.369225810209739658e-01 2.491811550642490103e-01 3.288588004867402659e-01 2.824905328757191247e-01 2.390337813808801060e-01 2.588975582310990009e-01 2.783962634054018004e-01 2.543033976226412030e-01 1.736155991073272120e-01 3.661369398192547333e-03 1.858349100377223312e-02
1.000000000000000000e+00 1.240286926293146585e+01 2.566915287316843819e-01 2.914061539778807775e-01 2.042687788084106837e-01 2.498876919750595837e-01 2.369936994964204624e-01 2.293338718171220592e-01 2.317091733771500239e-01 1.844943079310571443e-01 2.155458455580996080e-01 1.936162127075360673e-01 2.482045159114037725e-01 2.361901577290611565e-01 3.236264331932739990e-01 2.792802166546639597e-01 2.371860758242672063e-01 2.722211031912795121e-01 2.681773711959810624e-01 2.546523924565106678e-01 1.715306578752047451e-01 3.635541563636266078e-03 1.704307541739125131e-02
1.000000000000000000e+00 1.433387591344598455e+01 2.599164194403814632e-01 2.991064130678971478e-01 2.041190812639513130e-01 2.449371163156338349e-01 2.373093918441160910e-01 2.283849116386197642e-01 2.225129445042775822e-01 1.886832986429129722e-01 2.159968113957949909e-01 1.968935061833584355e-01 2.447408947705643489e-01 2.410328809839585862e-01 3.146642207290926696e-01 2.773858235581581066e-01 2.369799365864131979e-01 2.714404722506025269e-01 2.665068075980445150e-01 2.592433207502986559e-01 1.702900662104440688e-01 3.631704028415196333e-03 1.633095412595381504e-02
1.000000000000000000e+00 1.178086345906778121e+01 2.533820229811910574e-01 2.914684452484673782e-01 2.147633317392793062e-01 2.381075244607518682e-01 2.303184396989701177e-01 2.240243062319278167e-01 2.234822512937270911e-01 1.923793684706079643e-01 2.036441887026795017e-01 1.918926992064851345e-01 2.387933123760707099e-01 2.408190778136519716e-01 3.074171086050159762e-01 2.753662799975150066e-01 2.366203619084253362e-01 2.560610598437173535e-01 2.603710220436171729e-01 2.545638222968718556e-01 1.685375774430837581e-01 3.868548106251053394e-03 1.665225750267191468e-02
1.000000000000000000e+00 1.158264915269995399e+01 2.439037338657241705e-01 2.986399252200674370e-01 2.030101223329141003e-01 2.410412221103156727e-01 2.218494910816067034e-01 2.251784183734731049e-01 2.187446994974993619e-01 1.863853340096796318e-01 2.024089635569968904e-01 1.935340924217258674e-01 2.433141460986560090e-01 2.411593034746378483e-01 3.053915551999580869e-01 2.675781864264168419e-01 2.369520807934413220e-01 2.638658674801891979e-01 2.475244094247531501e-01 2.501297219110351633e-01 1.664263714041721021e-01 3.982272595750665188e-03 1.623624393345096673e-02
1.000000000000000000e+00 1.378056563814507385e+01 2.480405744539612156e-01 2.802066202616542712e-01 1.968782302195483391e-01 2.401696853888893590e-01 2.244337807872363866e-01 2.220204508362690621e-01 2.178585944232702132e-01 1.800135301969705837e-01 2.098322093854805281e-01 1.779689359535542581e-01 2.389290779929554576e-01 2.265308801882175427e-01 3.097000684221090094e-01 2.798474821423289072e-01 2.296193347769917015e-01 2.580846240136058789e-01 2.412501881169469842e-01 2.305520834934670638e-01 1.612563714921574631e-01 3.934413911343117611e-03 1.622658883981399625e-02
1.000000000000000000e+00 1.407682480339884989e+01 2.578485949277048439e-01 2.818637392257169472e-01 1.983143320103178397e-01 2.373451233720870190e-01 2.396206471904072932e-01 2.310524837520512853e-01 2.193988120532837094e-01 1.780212452036046278e-01 2.083571026060277442e-01 1.792616340851523882e-01 2.346455188672344205e-01 2.203544744489398521e-01 3.023503972880821622e-01 2.777860695890859710e-01 2.356729155953315169e-01 2.492652057087617889e-01 2.444738820057277273e-01 2.326442715177108878e-01 1.651733091896248617e-01 3.736781571777749496e-03 1.485377216938268269e-02
1.000000000000000000e+00 1.085192638486772942e+01 2.434636167452604028e-01 2.843393431644083980e-01 2.054183283534938009e-01 2.360013201473703526e-01 2.335565676216521669e-01 2.322703120526653786e-01 2.023096380646938475e-01 1.782320526560313700e-01 2.155053900195471328e-01 1.735482622637994354e-01 2.376786395117165551e-01 2.134250890567487291e-01 3.041537757711273438e-01 2.890842939130242040e-01 2.401193508579911318e-01 2.529829329768857882e-01 2.359408642728746675e-01 2.283877937183081963e-01 1.665497387772183202e-01 3.772936485370797545e-03 1.332714039136486533e-02
1.000000000000000000e+00 1.441472443870263476e+01 2.466177431887273674e-01 2.798455677430560784e-01 2.059450028401866584e-01 2.254488044370530631e-01 2.245308788045534965e-01 2.307858642752845246e-01 2.105069695485369541e-01 1.781111740924340714e-01 2.144048661204757678e-01 1.774992514704208380e-01 2.255801875412876967e-01 2.136115549653090917e-01 3.018869080690119722e-01 2.798752040670097752e-01 2.263578443286915765e-01 2.541149378357586697e-01 2.307791058339191403e-01 2.117888030294085289e-01 1.628225568985713634e-01 3.882538913778425804e-03 1.292982517824016984e-02
1.000000000000000000e+00 1.328984508294989020e+01 2.463205529010570050e-01 2.802273420815344362e-01 2.088045510684038708e-01 2.304644957038752551e-01 2.229843605575267396e-01 2.257845399922915608e-01 2.161222009678253064e-01 1.781342270229804292e-01 2.077583875975371752e-01 1.835810280581716414e-01 2.195497948208528227e-01 2.106796233482534919e-01 2.962133602559798851e-01 2.902093125064100776e-01 2.304635727187326899e-01 2.581902747958266797e-01 2.270434414782938615e-01 2.204940228191311080e-01 1.639865453105348314e-01 3.791488234498679132e-03 1.274630291473236900e-02
1.000000000000000000e+00 1.159210251755837717e+01 2.434585235062557695e-01 2.854582005904981457e-01 2.081118380066707962e-01 2.323957732911475504e-01 2.190182623138767215e-01 2.329296105840839570e-01 2.089973242048568103e-01 1.843479869170875085e-01 2.038318888085720315e-01 1.800095866230362884e-01 2.256632675716302439e-01 2.120877983925897881e-01 3.013574536699790696e-01 2.882613849227461111e-01 2.309183962431686499e-01 2.527694532922431514e-01 2.288026544998107148e-01 2.334633174170883396e-01 1.630016924925500599e-01 3.895659866486234427e-03 1.370618100803486401e-02
1.000000000000000000e+00 1.121434471421479806e+01 2.395178729045047139e-01 2.935602846768878282e-01 1.990115060511438716e-01 2.262862874478960562e-01 2.093410672449403931e-01 2.356100319281729805e-01 2.097595877001236231e-01 1.920230249671217582e-01 1.990697071300520926e-01 1.892458447374878727e-01 2.318052501783038899e-01 2.174689122918990192e-01 3.046866639077596139e-01 2.957877235553726392e-01 2.181373143280793958e-01 2.594924768864534936e-01 2.178956449011244523e-01 2.319494579118411004e-01 1.623299336835772877e-01 3.901665634168974186e-03 1.409598669068725697e-02
1.000000000000000000e+00 1.016243433209281477e+01 2.478715417121845621e-01 2.880393991273096921e-01 2.094369380548407322e-01 2.342203787657420322e-01 2.101328412584233807e-01 2.284394810854762647e-01 2.141637628533508142e-01 1.962383710530647141e-01 1.874451450023667531e-01 1.829758562686006895e-01 2.265338103523288626e-01 2.399180483670058928e-01 2.947203694718534273e-01 2.960492858345614708e-01 2.299630294202710257e-01 2.606531049356400342e-01 2.174566981583856973e-01 2.357914072796672977e-01 1.648907293483798941e-01 3.869300585730203051e-03 1.424755138467392185e-02
1.000000000000000000e+00 1.425726285854542041e+01 2.442301836963517159e-01 2.906592590826159728e-01 2.313896175769010466e-01 2.296974342145054193e-01 2.117735423607451095e-01 2.307881193419213661e-01 2.163400725511973599e-01 2.049093811026845291e-01 1.905566433950883487e-01 1.707267670746584476e-01 2.250252616908253178e-01 2.413063464367558308e-01 3.015574616086753035e-01 3.060774868596344844e-01 2.360793977062902727e-01 2.584037119886363754e-01 2.168864645232804755e-01 2.237892257571833521e-01 1.683441933728788975e-01 3.900610703430996279e-03 1.482150581845703002e-02
1.000000000000000000e+00 7.312582677915977492e+00 2.542732124894387380e-01 2.926280525275676281e-01 2.105503385132935223e-01 2.337410363024814142e-01 2.099643308594913438e-01 2.354469857525566534e-01 2.099204968132760696e-01 2.074662474976649296e-01 1.921573238301759468e-01 1.729510695858546832e-01 2.200044499932721498e-01 2.425201021428032011e-01 3.073481343593605919e-01 3.096623671087078700e-01 2.310981121664767157e-01 2.505999213985575791e-01 2.275441867521176553e-01 2.335159177482436510e-01 1.654370716446558753e-01 3.645427772842499328e-03 1.569778331247842496e-02
1.000000000000000000e+00 1.083171414219342310e+01 2.566993050807893639e-01 2.908290677035820782e-01 2.051644351667538113e-01 2.432599923380804607e-01 2.022225124773188720e-01 2.311615684052356068e-01 2.013404175686079045e-01 1.943357601443956861e-01 2.033343661856027440e-01 1.721729554714513388e-01 2.161590266922061299e-01 2.434230918070146021e-01 3.053717850389535138e-01 2.917113323203582853e-01 2.191020448009822763e-01 2.533600432780430123e-01 2.342398052830478306e-01 2.304648267624010705e-01 1.626495568123532687e-01 3.651266977165315477e-03 1.558449629191004451e-02
1.000000000000000000e+00 7.412929459837689805e+00 2.521200062560021715e-01 2.859810333583652220e-01 1.999505832748486034e-01 2.506811214658207776e-01 2.065694696078045900e-01 2.236572422319119402e-01 1.962800546056026330e-01 1.881519242828068317e-01 2.030718845860137456e-01 1.784526916439649613e-01 2.128442742636137419e-01 2.415099264970217430e-01 2.943732554987482097e-01 2.799466465555411898e-01 2.126511679326058557e-01 2.457167126869238827e-01 2.330871111258227824e-01 2.421352447449322820e-01 1.619973294707990896e-01 3.683738510212861746e-03 1.712948569038550903e-02
1.000000000000000000e+00 6.103314684701111936e+00 2.501371620817203212e-01 2.879466700141579683e-01 2.053053414434679036e-01 2.398263233949274598e-01 2.119390786171999053e-01 2.217270070510598545e-01 2.073745108049105945e-01 1.832895846624813807e-01 1.966257715788387872e-01 1.783340184119121541e-01 2.218268393136657302e-01 2.405118823517991555e-01 3.103391576990691680e-01 2.940119911254646112e-01 2.162087805968301302e-01 2.460666929848691065e-01 2.287978687759904262e-01 2.354397648976712387e-01 1.617886485755634929e-01 3.675938822318276962e-03 1.693722495976886580e-02
1.000000000000000000e+00 8.927100977351699385e+00 2.454554584331537226e-01 2.907836865163702655e-01 2.124677305647218462e-01 2.297341346856399957e-01 2.105410721607174629e-01 2.124337905344478861e-01 1.941097466559688345e-01 1.784984852622447382e-01 2.023696010918762112e-01 1.909844041560744554e-01 2.125774230282004296e-01 2.260325927532583767e-01 2.930627291811642166e-01 3.055221181285371901e-01 2.003179635031678008e-01 2.364631796569758859e-01 2.256553818132744360e-01 2.437272177308451582e-01 1.592118190786022403e-01 3.688882859728956527e-03 1.576017361385414692e-02
1.000000000000000000e+00 1.195440247026317415e+01 2.470825209156748137e-01 2.900530585458043209e-01 2.080199451043123759e-01 2.270755782483449003e-01 2.234316083389715490e-01 2.117597444337023793e-01 1.962101046124346271e-01 1.948040550625859402e-01 2.008159934957562398e-01 1.818646122601512982e-01 2.299479983341615463e-01 2.221115813025680841e-01 2.896380524229141828e-01 3.037749812094798219e-01 1.978441209864932882e-01 2.513905387359513521e-01 2.236270361610704638e-01 2.499928654869039701e-01 1.603963728107341558e-01 3.752092894584402490e-03 1.464369001107232969e-02
1.000000000000000000e+00 1.252234439697563317e+01 2.317822887906275386e-01 2.915537423959049801e-01 2.077735025060074292e-01 2.353026032991891725e-01 2.351684933474662564e-01 2.106372900053085084e-01 1.932488890538296700e-01 1.971512986024831493e-01 1.982352544497560931e-01 1.819762737745565517e-01 2.391663716445451560e-01 2.315685581334281096e-01 3.001160023516650233e-01 3.077590709086028276e-01 1.933672866643211807e-01 2.525195322560911393e-01 2.195286482692443975e-01 2.376365483030783154e-01 1.633928106552886284e-01 3.754933046074728029e-03 1.445175499907426671e-02
1.000000000000000000e+00 1.222976655458777984e+01 2.255223789562271763e-01 2.900982853996424971e-01 2.181433746917488536e-01 2.361032633654674140e-01 2.352311078341805806e-01 2.115078607513669884e-01 1.851153451105091441e-01 1.970510545448563022e-01 2.029916972997898306e-01 1.836057448510692858e-01 2.345593954968131500e-01 2.237800848529266640e-01 3.091948189193760022e-01 3.031928415613677763e-01 1.963647403322082707e-01 2.591112780454375430e-01 2.292263657803879917e-01 2.275859365407556234e-01 1.633160404984303482e-01 3.890852910215172530e-03 1.484566970516588806e-02
1.000000000000000000e+00 1.218458389672616349e+01 2.323639430678119955e-01 3.055150717831345841e-01 2.212245900992872438e-01 2.422782964019099539e-01 2.332460237830189798e-01 2.140933133698765256e-01 1.782207358256455432e-01 2.080520039804916177e-01 2.015967958283801931e-01 1.786703394372410325e-01 2.305917578951304781e-01 2.320543205772487294e-01 2.956904085003870253e-01 3.075711749611226842e-01 1.981088665754090761e-01 2.672997200253278693e-01 2.310634764995869173e-01 2.490024501971562221e-01 1.660562255899062645e-01 3.921955597250142977e-03 1.497491327011749550e-02
1.000000000000000000e+00 1.196013328843100609e+01 2.330921126525368758e-01 2.964022339013033247e-01 2.218325097010102331e-01 2.372610616339221878e-01 2.157203024803034663e-01 2.184286803881342887e-01 1.857601193236921300e-01 2.032174519777852628e-01 2.111550140285413379e-01 1.750338315961172397e-01 2.163545699531870259e-01 2.248932229604202193e-01 2.879241962758843365e-01 3.023878231044344611e-01 1.942010897771068167e-01 2.641285929873414817e-01 2.521304567883420056e-01 2.474418633630773301e-01 1.641981586740624832e-01 3.837228670361127105e-03 1.455070965973916282e-02
1.000000000000000000e+00 1.232501795632780350e+01 2.334973128846381529e-01 2.913575233048017465e-01 2.202009946460680989e-01 2.311681567742689403e-01 2.219259567554240919e-01 2.228710165597318771e-01 1.964045587676757354e-01 1.970828391845663163e-01 2.029948098768585840e-01 1.786438917615417177e-01 2.122276672984922674e-01 2.402675284641049014e-01 2.718661360575833630e-01 3.083356624405526047e-01 1.926318129248633104e-01 2.501471367233855658e-01 2.570322911753517015e-01 2.391742439631823480e-01 1.620030288251270156e-01 3.769103021432543884e-03 1.526429484964299775e-02
1.000000000000000000e+00 1.222064521811814153e+01 2.285400199798490184e-01 2.839372428364274614e-01 2.114533809870137726e-01 2.374602450797478059e-01 2.267199858131959400e-01 2.277279580304261697e-01 1.992375227323344433e-01 1.918511752550668137e-01 1.953660822424023724e-01 1.800025838722316418e-01 1.927791124702676884e-01 2.588767151231463060e-01 2.562828789049125811e-01 3.251007600467910597e-01 1.816994455622431559e-01 2.581573894572818384e-01 2.471916981377618172e-01 2.461331995645086590e-01 1.624716310708062827e-01 3.870786238477079422e-03 1.492309591441370528e-02
1.000000000000000000e+00 1.280256937460045208e+01 2.337009328657217999e-01 2.778498880419005834e-01 2.210398248536826760e-01 2.422706346106001107e-01 2.186531885407078657e-01 2.219368769506141481e-01 1.979657812922828164e-01 1.953224314140839524e-01 1.959909734750664156e-01 1.808441249955025920e-01 2.033812988352477757e-01 2.625904827389262119e-01 2.591312008498008468e-01 3.165259703765820332e-01 2.035408347256507655e-01 2.446312166002034827e-01 2.653446279903433069e-01 2.507966767857272017e-01 1.634000023482592712e-01 3.998999065559606832e-03 1.376229997318932641e-02
1.000000000000000000e+00 1.150606629511722012e+01 2.311636343236984636e-01 2.833016656930996691e-01 2.244507857328533473e-01 2.492657594828410761e-01 2.228161115380852264e-01 2.163361016304740092e-01 1.978146107375838847e-01 2.016845530236482942e-01 1.952956835985159567e-01 1.914746239360717028e-01 2.184381218806163427e-01 2.595184608256083658e-01 2.626276787084750319e-01 3.255757200687557917e-01 1.992899957972131542e-01 2.470844530535601657e-01 2.712904124211728552e-01 2.503920116673954421e-01 1.666339514209481121e-01 3.927916657608192773e-03 1.477782138747687872e-02
1.000000000000000000e+00 1.233618539817417492e+01 2.311422331047535694e-01 2.764156983873145013e-01 2.297017131186665506e-01 2.385767181345312682e-01 2.067044953327994705e-01 2.059347754162277888e-01 1.882969316121267389e-01 1.933021538934493466e-01 2.019813853412706639e-01 1.928361243157570293e-01 2.080826262473421950e-01 2.562855228759446380e-01 2.488133041437267656e-01 3.328972927528721093e-01 2.019117180345970930e-01 2.386204860183079590e-01 2.591452429828506321e-01 2.463681035756511151e-01 1.610036959429602121e-01 3.932239724318379280e-03 1.509148174080003971e-02
1.000000000000000000e+00 1.000952831370524798e+01 2.386542776622005146e-01 2.634858645922628639e-01 2.429430415710841507e-01 2.326331031594096599e-01 2.063366704116487704e-01 2.077711555976517188e-01 1.948631010066388392e-01 1.869516109948931581e-01 1.938761099547912370e-01 1.888298562083660925e-01 2.135996815315737984e-01 2.479431632087573112e-01 2.651090172356133090e-01 3.299173777725231682e-01 2.097897754196872688e-01 2.311256757530437966e-01 2.484725720552254102e-01 2.421906833523131686e-01 1.605395700139507498e-01 3.912667496123708837e-03 1.357221955423520456e-02
1.000000000000000000e+00 1.184557768208749806e+01 2.397188955773922603e-01 2.616728093226367013e-01 2.424840524657509433e-01 2.218954839663144218e-01 2.093855779134925210e-01 2.204727586386243388e-01 2.048621696529316361e-01 1.866989876322618092e-01 1.839295069409390970e-01 1.881360160402128223e-01 1.989909193773622131e-01 2.423811132508957022e-01 2.777779501914887650e-01 3.395277689899676710e-01 1.756258179199701452e-01 2.343292573593306616e-01 2.555728231477850665e-01 2.504619475110117510e-01 1.605354175866365862e-01 4.001169727054748604e-03 1.357960847734448334e-02
1.000000000000000000e+00 1.121315076680681422e+01 2.468407592121799887e-01 2.636603502117894626e-01 2.400623814061099426e-01 2.247523536787257858e-01 2.078201976509959914e-01 2.171239849164501301e-01 2.134924225847354695e-01 1.852066181208668338e-01 1.761715394488020947e-01 1.863864013326902991e-01 2.104694251563357099e-01 2.431834629989223506e-01 2.803945270271604451e-01 3.368642862950860795e-01 1.828562995926883705e-01 2.248771650672822808e-01 2.575741370670394659e-01 2.549503135110384178e-01 1.626934415383210764e-01 3.924847370585569581e-03 1.411124121664331446e-02
1.000000000000000000e+00 1.284342537010645913e+01 2.420831718895400941e-01 2.609519861553681319e-01 2.374995980143618790e-01 2.260163877951934241e-01 2.009581607446437879e-01 2.305476510554719527e-01 2.248707928251102439e-01 1.877481221326526284e-01 1.712015655497507172e-01 1.791549072826609246e-01 2.279950533833114690e-01 2.256151689230340152e-01 2.703900186462515065e-01 3.376490835973467441e-01 1.807443216004126219e-01 2.286409929278249709e-01 2.531578141512735303e-01 2.478038634610527646e-01 1.627050433779820005e-01 3.982945998421741872e-03 1.353491220481395536e-02
1.000000000000000000e+00 1.178016394080167828e+01 2.494412560239896715e-01 2.695583496544844970e-01 2.292851777250278222e-01 2.322831952672088918e-01 2.071119664526393789e-01 2.407029998508283808e-01 2.122145339798041930e-01 1.907195820640498751e-01 1.745845126099264399e-01 1.968437401824680577e-01 2.294132511809027497e-01 2.280521314057963878e-01 2.733500617638267571e-01 3.559364324632045551e-01 1.887474897606756796e-01 2.352329769492821909e-01 2.544937436158437039e-01 2.486475775863189464e-01 1.643066271031593528e-01 3.876306742395346523e-03 1.201666029075631505e-02
1.000000000000000000e+00 1.577152265171929990e+01 2.577475602822228429e-01 2.539860783386083676e-01 2.338282785496991478e-01 2.267750373100993477e-01 2.058702234604059267e-01 2.477063476479107462e-01 2.042069128067968697e-01 1.917665267829532783e-01 1.818879304415150500e-01 1.911370620639555873e-01 2.216685313777516930e-01 2.300111491531915131e-01 2.742926250716860581e-01 3.626845142095487806e-01 1.994611420834019877e-01 2.380283237056520229e-01 2.481125450599669380e-01 2.473995373070637660e-01 1.636677394792213913e-01 3.926971025977563437e-03 1.242506773150590070e-02
1.000000000000000000e+00 1.833648913434711858e+01 2.671823047637182924e-01 2.462855558296059288e-01 2.393372794044941743e-01 2.226028778003135977e-01 2.150177782305328078e-01 2.551491492369908909e-01 1.959755804420056091e-01 1.967986701796000937e-01 1.783193971252466092e-01 1.896189967843469604e-01 2.158908586277388519e-01 2.236536469122081539e-01 2.798817186653774769e-01 3.718093400419318351e-01 2.020320194903856281e-01 2.459624535744152907e-01 2.530878445788609654e-01 2.347961821328708731e-01 1.652248138532327326e-01 3.839160054136194107e-03 1.215656975143384298e-02
1.000000000000000000e+00 1.766519788037195227e+01 2.614285231194726222e-01 2.456717284388719169e-01 2.374899476400111065e-01 2.282960665484166929e-01 1.914590483149880007e-01 2.591114199109192384e-01 2.057100907272128576e-01 2.012291277974763148e-01 1.709458208655464384e-01 2.071046610584616754e-01 2.158950607344786166e-01 2.146134288900993503e-01 2.782380622355065114e-01 3.526641417300234171e-01 2.119009958271795280e-01 2.355456461748501595e-01 2.456300737215749985e-01 2.345685117256748886e-01 1.634743536067475300e-01 3.991431932821766157e-03 1.385018561127894857e-02
1.000000000000000000e+00 1.703481721822926431e+01 2.595121441392547745e-01 2.505292537932483632e-01 2.368735399681540510e-01 2.422820695090378562e-01 1.805445004053554403e-01 2.556810939604494681e-01 2.076178020557101211e-01 1.952037217208789088e-01 1.733080303434193503e-01 2.038036015579492155e-01 2.177567578690172700e-01 2.209645017853005267e-01 2.616931485773554833e-01 3.456598557247706482e-01 2.307127364457358110e-01 2.334569869204400627e-01 2.294127525649079791e-01 2.393855218125250095e-01 1.626023263833260568e-01 4.194182628855625851e-03 1.421737610432495524e-02
1.000000000000000000e+00 1.369604088889636628e+01 2.475874469496673336e-01 2.474278499575738866e-01 2.404957048011006626e-01 2.560319182831813367e-01 1.878581307931971867e-01 2.430711123899041426e-01 2.137733859428371519e-01 2.093863099323135524e-01 1.748884840343723490e-01 2.183057806286496094e-01 2.187655726534984968e-01 2.355060347341211280e-01 2.678741900325530279e-01 3.552415634428707225e-01 2.207993426823549876e-01 2.343694972190901726e-01 2.275566611657663663e-01 2.347526517449791128e-01 1.660661260788240945e-01 4.096644355519919907e-03 1.511406365996894284e-02
1.000000000000000000e+00 1.268701375491171923e+01 2.706027093638496139e-01 2.400408763534477852e-01 2.361432285427678968e-01 2.500680470190218552e-01 1.791566748050456848e-01 2.506248235017731196e-01 2.085380611338048529e-01 2.130503345081624644e-01 1.672034470987054933e-01 2.183175431748240747e-01 2.101769135368223851e-01 2.406724723341002181e-01 2.877880197284889419e-01 3.702293670119832236e-01 2.212974250294089396e-01 2.392101642215638535e-01 2.411830576156417105e-01 2.453353873721337564e-01 1.663295172048292192e-01 4.189864801523062073e-03 1.505671917490952055e-02
1.000000000000000000e+00 1.567632876140896592e+01 2.633919194728671087e-01 2.314285613181636947e-01 2.385958230983215023e-01 2.626794935998686409e-01 1.882633501140417165e-01 2.464879243926801078e-01 2.006357805659921278e-01 2.044860415535139642e-01 1.690207866176108020e-01 2.214239579404669866e-01 2.071356237239160847e-01 2.419146479573756614e-01 2.919633662859649759e-01 3.551638718247669413e-01 2.111095488610917892e-01 2.548261410598502419e-01 2.635901730417701816e-01 2.443124165058029595e-01 1.667766464490449407e-01 4.016611939792445046e-03 1.518324941227302063e-02
1.000000000000000000e+00 1.280272782079403449e+01 2.658921150250875276e-01 2.436128791291192752e-01 2.277330860798228995e-01 2.625698105441833796e-01 1.949395816993233221e-01 2.497577233729576796e-01 2.055949993991700864e-01 2.132586958913107456e-01 1.676150174432289308e-01 2.169514100398345635e-01 2.103470988377204032e-01 2.407676962096769457e-01 2.985079464779136216e-01 3.333815258400222858e-01 2.166616958740990029e-01 2.561042746698632966e-01 2.515407316328862053e-01 2.502946903750997154e-01 1.689205206060211129e-01 3.980240504673091852e-03 1.514901379137892530e-02
1.000000000000000000e+00 1.273467217327745615e+01 2.740051463635838624e-01 2.509161885992358676e-01 2.238531691482290864e-01 2.611184347151387919e-01 1.950619331602549689e-01 2.424854772445532436e-01 2.162863798801034909e-01 2.143238234263599440e-01 1.614691724292803277e-01 2.254877163680879815e-01 2.062206770784735799e-01 2.385347110906997636e-01 3.026522952174618974e-01 3.402517117107842770e-01 2.083325195534065088e-01 2.483905253007285818e-01 2.637927190047424375e-01 2.603476703208574272e-01 1.704708871281698512e-01 3.928360719833201391e-03 1.307067492646146745e-02
1.000000000000000000e+00 1.252943431363365967e+01 2.667824895075108227e-01 2.496679135493493906e-01 2.186364913938148857e-01 2.652117908143174496e-01 1.875179547715737916e-01 2.477192183139561577e-01 2.152980575309073052e-01 2.120151347198813152e-01 1.583515434587214887e-01 2.251864633890711398e-01 2.114970585551054771e-01 2.371438890995413995e-01 3.182134264458362782e-01 3.506162162428523854e-01 1.999625200232992561e-01 2.558487490605818038e-01 2.523580403243351755e-01 2.521944552180944710e-01 1.668320726883187610e-01 3.982813994573956157e-03 1.300145058330944015e-02
1.000000000000000000e+00 1.387855197557132669e+01 2.572320158385292821e-01 2.467034316431511443e-01 2.272282312323251341e-01 2.522795314782132481e-01 1.932888377973275285e-01 2.432994490257836540e-01 2.181720282864843818e-01 2.190462129141542424e-01 1.515682664166167204e-01 2.216657959350825657e-01 2.047799974019119118e-01 2.309136929844307351e-01 3.270048494346337598e-01 3.394742476240399931e-01 2.059063954102788863e-01 2.590128610831823330e-01 2.439126484210426549e-01 2.612661703692029658e-01 1.672277645844767180e-01 4.105604914413844668e-03 1.281855028971242913e-02
1.000000000000000000e+00 1.326011597608303738e+01 2.642389432320465525e-01 2.611495342241665907e-01 2.362786285618456716e-01 2.524148745154200513e-01 1.880137089684087159e-01 2.348955691233610421e-01 2.167485746322304341e-01 2.317457463655734351e-01 1.445041999193084348e-01 2.224200097441323964e-01 2.046074892255075883e-01 2.305648566017640400e-01 3.162461811798572553e-01 3.198292617608621269e-01 2.135165393750748375e-01 2.627980094404604450e-01 2.449296996248672420e-01 2.745782371483538320e-01 1.685506744027857051e-01 4.057667115459744241e-03 1.313557053994674623e-02
1.000000000000000000e+00 1.213986070337091050e+01 2.536041230558900850e-01 2.646225067092528027e-01 2.340128680188768018e-01 2.380973948128301543e-01 2.086215178815751525e-01 2.344203641428241336e-01 2.133279603438137662e-01 2.347799013355011399e-01 1.497853501760101347e-01 2.203127644958618736e-01 2.089902607531992640e-01 2.376647088278990294e-01 3.093094343177105743e-01 3.098153361628562807e-01 2.211029848874050130e-01 2.654530110636129647e-01 2.471634186996078120e-01 2.698272201399151138e-01 1.700369466734586998e-01 3.916430432782812450e-03 1.280845140800476734e-02
1.000000000000000000e+00 1.216671383322358047e+01 2.614727316708974070e-01 2.560196111452125445e-01 2.406156037679945403e-01 2.320947351245895018e-01 2.124824133391564618e-01 2.299240522910198647e-01 2.135054631775851752e-01 2.359051601367530004e-01 1.403800425332919766e-01 2.251877707794845695e-01 2.111670583888638486e-01 2.372288524738694615e-01 3.127045466445285693e-01 3.221169371258916225e-01 2.287877326734326089e-01 2.618223794697029927e-01 2.436742572514654093e-01 2.703472474502502942e-01 1.690403762503892571e-01 3.895539374496690115e-03 1.213258814843910446e-02
1.000000000000000000e+00 1.225853644134207343e+01 2.637119078571443787e-01 2.720455378279144631e-01 2.283177797912221418e-01 2.383855516990286694e-01 2.016249721439282716e-01 2.289958440323225375e-01 2.262082633921789210e-01 2.278189540840129812e-01 1.447750085561828604e-01 2.287229436391478576e-01 2.097768595680302717e-01 2.357311867581268205e-01 3.159495970208266447e-01 3.179022889923231454e-01 2.248515297427135795e-01 2.577478965662022836e-01 2.461218678198993093e-01 2.565379991743007015e-01 1.690620721361665857e-01 3.772829411603313612e-03 1.292742648431623349e-02
1.000000000000000000e+00 1.253536735805781710e+01 2.679411221458624648e-01 2.746937091463739211e-01 2.353411649169179221e-01 2.409539045718621653e-01 1.962171342528596096e-01 2.354517884433116048e-01 2.229847915295408156e-01 2.222334182176710915e-01 1.434905226342270690e-01 2.382824640651603210e-01 2.149285878280362827e-01 2.389491360420448463e-01 3.191318633028376595e-01 3.229086791552928659e-01 2.214386968628146712e-01 2.607764684766371022e-01 2.348845524619552760e-01 2.643225209122422315e-01 1.709539783547632807e-01 3.616369326615205288e-03 1.232524906443310635e-02
1.000000000000000000e+00 1.236004998162181145e+01 2.660538446327885831e-01 2.602960673309916428e-01 2.523529212245414488e-01 2.427290213803733887e-01 2.092665602680035264e-01 2.343964871954754836e-01 2.289743356275053821e-01 2.098849778002150890e-01 1.375986467430510840e-01 2.472797071084284481e-01 2.250164935761488350e-01 2.298050458226059412e-01 3.212578418786425360e-01 3.161505624333656450e-01 2.272963502976631245e-01 2.511840592523468252e-01 2.440742128510325348e-01 2.559324093037604886e-01 1.724435841984192919e-01 3.647769751341580022e-03 1.231727501880361050e-02
1.000000000000000000e+00 1.782375553594846096e+01 2.756152110890092710e-01 2.584516004625095342e-01 2.433470092239403693e-01 2.458209398143750835e-01 2.220548053108707676e-01 2.417973933620122251e-01 2.406320856870530489e-01 2.004371000642462264e-01 1.418283139593165543e-01 2.483110720429538565e-01 2.179496467671617477e-01 2.342054462978622464e-01 3.227957507968316486e-01 3.215824508136283510e-01 2.278045483665862847e-01 2.611390585321262670e-01 2.613927399241989247e-01 2.669009590307689916e-01 1.741379638478166014e-01 3.599332965644228867e-03 1.120185176992597939e-02
1.000000000000000000e+00 1.581542419563554347e+01 2.624484208939357188e-01 2.585448868026571367e-01 2.421256405235137077e-01 2.359594760722026896e-01 2.228503238550293419e-01 2.450785041176674617e-01 2.384540785056067924e-01 2.070765013324340487e-01 1.510739532845236099e-01 2.473269689986131725e-01 2.132543321841647022e-01 2.323832596564927855e-01 3.262092468868316164e-01 3.279234678197449071e-01 2.243096785778201097e-01 2.670490691877420719e-01 2.628144402847428784e-01 2.643948122685262359e-01 1.730242580853945111e-01 3.585024382212189872e-03 1.166623098205753044e-02
1.000000000000000000e+00 1.330793763822971343e+01 2.556332518305178825e-01 2.603656845133767717e-01 2.493034639506842010e-01 2.304442087163370845e-01 2.198075665335182394e-01 2.411914324540910537e-01 2.298175135112960066e-01 2.102047244789834735e-01 1.466029884557661089e-01 2.489256925554203526e-01 2.217597491864669312e-01 2.307398848148553283e-01 3.207208400667240777e-01 3.329769965880790550e-01 2.104643284817919180e-01 2.594376116793181142e-01 2.523657207687003967e-01 2.753171834555955266e-01 1.705768284899786547e-01 3.647942245781262034e-03 1.264799007114254630e-02
1.000000000000000000e+00 1.204016640713826902e+01 2.514776713182845236e-01 2.830224049086959570e-01 2.360200275841163875e-01 2.362201280566770534e-01 2.074599271448383242e-01 2.413031950269579895e-01 2.228858422429281505e-01 2.143047714676282745e-01 1.427231279553443921e-01 2.438028769527015027e-01 2.427246939344387677e-01 2.422796564048965429e-01 3.215664092048914902e-01 3.253330797501475802e-01 2.119383626267442866e-01 2.678230267607761284e-01 2.671514892597712798e-01 2.718654433290091932e-01 1.708247939147978234e-01 3.747410746166899599e-03 1.160098426022482081e-02
1.000000000000000000e+00 1.280223887153741202e+01 2.507879277149990815e-01 2.876100905767634552e-01 2.409471750463253459e-01 2.405699937347923201e-01 2.109346393795885899e-01 2.336963544859806952e-01 2.197980933773871770e-01 2.216984557227549835e-01 1.404906847584108665e-01 2.476566934807843123e-01 2.318641441709247408e-01 2.398577886952976967e-01 3.172527437369999648e-01 3.172876252705576494e-01 2.075948267946132464e-01 2.785223051401019556e-01 2.686382088321760953e-01 2.660596949146284418e-01 1.706137937513209080e-01 3.999034868077960478e-03 1.060399775705138901e-02
1.000000000000000000e+00 1.713313968305539348e+01 2.560962130907997181e-01 2.716742151761367685e-01 2.419990370457386630e-01 2.463821873773797133e-01 2.022361856470780705e-01 2.235289809006675843e-01 2.143939142581197943e-01 2.303448729807863748e-01 1.453955029689321665e-01 2.497902780139169832e-01 2.462737943623935222e-01 2.384171168145945707e-01 3.020463460024670477e-01 3.236734241494472752e-01 2.106402792604678831e-01 2.705638764004610342e-01 2.752317305288646265e-01 2.778630994544693533e-01 1.709466375797356885e-01 3.834639841888185831e-03 1.028496099254739768e-02
1.000000000000000000e+00 1.653349635421197661e+01 2.661704388587978753e-01 2.787507378191225182e-01 2.428362349496827888e-01 2.533371947424489234e-01 1.989376476792499571e-01 2.226431668209173653e-01 2.154671372935799412e-01 2.276500771130966494e-01 1.449333010299342084e-01 2.512539589028263687e-01 2.479344365644396420e-01 2.365915134438075218e-01 3.091712869492265203e-01 3.164199841912946898e-01 2.204212594248442514e-01 2.738276119829718969e-01 2.811972962565714163e-01 2.856312603551279805e-01 1.747024087474722542e-01 3.736753791350312312e-03 1.017584692311020514e-02
1.000000000000000000e+00 1.466590854794210586e+01 2.649446390464470502e-01 2.738425394316043593e-01 2.379229216674010883e-01 2.582654172856977959e-01 2.014271037000007758e-01 2.167914289640064107e-01 2.266560201302895983e-01 2.294845439917686247e-01 1.398733560554739075e-01 2.537983701043444174e-01 2.557230094160207190e-01 2.200242449588092342e-01 2.968917947665433155e-01 3.103187589281564129e-01 2.281680478543741120e-01 2.782138881478473658e-01 2.731176953327892898e-01 2.913969482211796191e-01 1.737394424495880829e-01 3.547891986696501479e-03 9.642955055176335652e-03
1.000000000000000000e+00 1.322054913907064133e+01 2.617556752997715064e-01 2.588827077952055022e-01 2.443095143101418343e-01 2.640248762307687014e-01 1.968677613430658280e-01 2.013180777325303261e-01 2.433639171316471228e-01 2.121487550899150420e-01 1.544173425134476030e-01 2.435317147629846579e-01 2.501763283287630202e-01 2.357356809430755373e-01 3.215580786813740932e-01 2.970014815188316559e-01 2.389462803966079796e-01 2.815461066772458332e-01 2.634514572224816997e-01 2.990002427408688934e-01 1.739174432403379211e-01 3.346464504265932779e-03 9.680469168843351332e-03
1.000000000000000000e+00 1.665238557452288148e+01 2.654716759213114341e-01 2.510951314932948764e-01 2.431143654466777215e-01 2.751205985393416764e-01 1.786705810999767441e-01 2.113545609790508095e-01 2.408690396535084766e-01 2.078344705978071860e-01 1.470637473129995654e-01 2.353626871733381365e-01 2.596857190540298177e-01 2.365330490075389369e-01 3.148606905575521697e-01 2.918435305056961138e-01 2.382405063038824933e-01 2.754387095979525801e-01 2.657272019376345495e-01 2.934163343882767450e-01 1.713524004917160171e-01 3.221401270461329586e-03 9.416770411410037636e-03
1.000000000000000000e+00 1.705420733586045046e+01 2.594442492503937769e-01 2.563433997436861955e-01 2.374823574415079186e-01 2.838410987607718483e-01 1.741392471094669603e-01 2.199914361238331784e-01 2.397830878620941242e-01 2.171630868300236106e-01 1.479921512171317455e-01 2.349762468431773332e-01 2.506463791941356267e-01 2.320781089874832670e-01 3.363214391516340940e-01 2.882605545050592744e-01 2.362394758118746829e-01 2.827962157005199373e-01 2.623596344823888593e-01 2.860336301812226312e-01 1.744894083877084612e-01 3.292169645052069656e-03 8.911635795242917740e-03
1.000000000000000000e+00 2.252832627080174177e+01 2.446190793434642741e-01 2.696859369032502673e-01 2.291909806715347053e-01 2.855645448447650669e-01 1.665004933215831207e-01 2.210010462119210706e-01 2.408975772259736581e-01 2.126479999697465095e-01 1.511979018778185635e-01 2.360011597611639811e-01 2.419111686721303611e-01 2.239029965131588140e-01 3.419237139351234411e-01 2.755132780829996353e-01 2.198010414383048672e-01 2.697546598077122382e-01 2.647311821742520666e-01 2.832984503931560427e-01 1.696320215029234468e-01 3.383700452157800687e-03 8.646298259675345640e-03
1.000000000000000000e+00 2.030401793269184552e+01 2.484875298473220584e-01 2.710821353980152337e-01 2.382220166185158028e-01 2.777834729904862243e-01 1.667830129354654356e-01 2.199975982387706863e-01 2.546116501563892021e-01 2.003336476360820240e-01 1.549221810561686452e-01 2.336729730258088611e-01 2.411277260377015508e-01 2.165526139092101565e-01 3.356058034560063241e-01 2.865525862361349985e-01 2.259407004135583208e-01 2.757264437672797830e-01 2.452254201356470487e-01 2.837755687704192065e-01 1.732087060451052707e-01 3.340796420595925319e-03 8.571429138997666008e-03
1.000000000000000000e+00 1.996014392904741186e+01 2.478967699474320663e-01 2.860827472747854427e-01 2.354868962705737312e-01 2.895440368161916744e-01 1.646525627586983842e-01 2.196662665860266150e-01 2.436938476076211391e-01 2.045098172024260030e-01 1.569890324460718745e-01 2.341307416018975907e-01 2.417306158178246234e-01 2.184512271020724594e-01 3.316330216686942944e-01 2.887866976564867905e-01 2.306897628594823113e-01 2.884322443533717251e-01 2.352776542158777628e-01 2.818207858264701327e-01 1.718503900601207890e-01 3.104895839590811682e-03 8.039596021972265569e-03
1.000000000000000000e+00 1.926731940561677447e+01 2.527877151937895639e-01 2.769267730192064847e-01 2.316271637773175684e-01 2.828644900717434685e-01 1.771494753649160980e-01 2.145430270385468574e-01 2.425303995179839966e-01 2.067902169856455086e-01 1.471508239900174153e-01 2.460232191041839267e-01 2.393132630727972388e-01 1.954064301231470679e-01 3.422640208820905694e-01 2.860313493493766845e-01 2.294992954274547858e-01 2.851316129888227802e-01 2.287967742358626433e-01 2.783817755325584953e-01 1.714163182670472574e-01 3.186643766221497996e-03 9.164177364622454539e-03
1.000000000000000000e+00 1.823370535216728427e+01 2.603960105792877955e-01 2.726534543977139902e-01 2.230457440031264338e-01 2.845074874907940754e-01 1.778710792562128717e-01 2.053859427355668732e-01 2.559020574009894244e-01 2.037230808622083611e-01 1.386109578942139597e-01 2.449102581944686829e-01 2.334176460931615127e-01 1.995115116054518578e-01 3.505849123485957897e-01 2.754753133488550554e-01 2.265513024913463624e-01 2.861408815748713308e-01 2.301502342794601585e-01 2.578686327674738488e-01 1.701356746458509428e-01 3.324743676034449136e-03 8.658813202349168250e-03
1.000000000000000000e+00 1.848618754706761891e+01 2.649575888300479964e-01 2.708072492281147770e-01 2.255887955031642411e-01 2.901622046555532575e-01 1.764583671358494477e-01 2.040098171692413254e-01 2.484454479572751895e-01 2.117483555329452150e-01 1.315681422074553575e-01 2.399744616141810394e-01 2.361541710040194753e-01 2.086828217454337886e-01 3.432920043338547611e-01 2.870332393167996932e-01 2.322744629108536296e-01 2.749077806831154991e-01 2.324351143350275040e-01 2.593852845502735982e-01 1.725913888150932551e-01 3.368935930124258415e-03 9.576326947492646430e-03
1.000000000000000000e+00 1.651169994925655615e+01 2.705406113404297819e-01 2.664573335010073096e-01 2.068440192840147185e-01 2.812061882488044451e-01 1.794173511934263887e-01 2.028706832588254017e-01 2.472185686391369652e-01 2.123088705865485981e-01 1.328434654653723457e-01 2.351338369075497148e-01 2.343353159655719997e-01 2.102530228489901676e-01 3.282172028453679280e-01 2.866828852321639531e-01 2.343345282154793985e-01 2.705156435173760032e-01 2.335529362030205613e-01 2.546798254603168110e-01 1.694757529676937102e-01 3.345895358979620975e-03 1.047099942576257270e-02
1.000000000000000000e+00 1.790900432721280566e+01 2.600518256463578148e-01 2.676833513537158482e-01 2.250461608258534640e-01 2.896417588791997955e-01 1.843199556351824420e-01 2.251606653128422897e-01 2.515583082383583413e-01 2.150209721204787150e-01 1.178135658907921435e-01 2.406622997644930484e-01 2.330402091819125387e-01 2.069474821838789835e-01 3.385825410863887441e-01 2.903663935595787726e-01 2.331234558357902775e-01 2.711614746565506051e-01 2.388553960128250442e-01 2.597285431981601334e-01 1.718052101079363680e-01 3.343026456210077772e-03 1.091743388968073603e-02
1.000000000000000000e+00 1.708629969933303983e+01 2.448523719821536493e-01 2.836961738153257473e-01 2.287933691126815550e-01 2.863028753037051843e-01 1.737137551206587860e-01 2.382637954696349425e-01 2.484235954135171343e-01 2.163621921287652849e-01 1.274399118113407336e-01 2.426732157183667249e-01 2.361675592657145883e-01 2.108562363680105689e-01 3.417718507528306193e-01 2.938012178210117620e-01 2.295586807233461479e-01 2.756509953721583139e-01 2.448045682861766659e-01 2.677874943879121616e-01 1.718979406376066610e-01 3.372080440546609565e-03 1.260211117498037312e-02
1.000000000000000000e+00 1.812414805201124679e+01 2.490383606432266805e-01 2.799634443723568178e-01 2.374792401356739524e-01 2.754981922938604111e-01 1.758275949353265144e-01 2.439069475303071444e-01 2.359688195050950454e-01 2.253260036264074506e-01 1.208688261807132208e-01 2.437384382800416582e-01 2.393244181300897555e-01 2.019713186585962161e-01 3.512070016564957653e-01 2.921641565840837895e-01 2.352586107920933423e-01 2.602172111417122013e-01 2.517620808686408806e-01 2.613512581306691729e-01 1.727017104257496938e-01 3.209255272524342770e-03 1.349048377226198109e-02
1.000000000000000000e+00 1.982847371164526606e+01 2.564239236074762340e-01 2.743197878263518019e-01 2.300189608646447115e-01 2.583556480848161474e-01 1.684229615883067466e-01 2.556759932714691708e-01 2.300334413531845146e-01 2.182030995087836656e-01 1.153638524029291651e-01 2.381300381646891395e-01 2.373214044603184358e-01 2.007035270272375660e-01 3.485532488525664996e-01 2.761416694800432614e-01 2.378153258816781412e-01 2.610017803544750215e-01 2.406919840167886515e-01 2.762277271335197848e-01 1.687299548437744545e-01 2.982041794810114371e-03 1.363570300261980790e-02
1.000000000000000000e+00 1.685105033109791250e+01 2.573661719575456308e-01 2.694980517311040824e-01 2.433356690115884013e-01 2.667775195682693390e-01 1.808638889478547951e-01 2.510665071734532461e-01 2.184434420752564276e-01 2.224667009877758783e-01 1.252744676995756201e-01 2.338194086829799290e-01 2.546187524632023691e-01 1.897427797360201895e-01 3.589744509281151963e-01 2.594079763484659629e-01 2.287251485054061506e-01 2.691893829623024370e-01 2.469773860440116764e-01 2.791703985822218126e-01 1.721573147482627353e-01 3.219054919429962993e-03 1.474221576609629353e-02
1.000000000000000000e+00 1.648452036948462052e+01 2.517962765161039784e-01 2.703999475109932771e-01 2.500870884083308265e-01 2.637973350123177241e-01 1.880321382770490934e-01 2.516062186838337600e-01 2.165416798265839826e-01 2.315600853831411010e-01 1.304017209283481749e-01 2.380878527544351975e-01 2.432465125318787613e-01 2.028651167039650649e-01 3.420566539076134727e-01 2.763635297085322295e-01 2.376876375981775424e-01 2.654712770477850592e-01 2.323314620098214933e-01 2.754475650115078555e-01 1.719307720377384330e-01 3.279635953271288224e-03 1.345653244473327299e-02
1.000000000000000000e+00 1.179901460069345553e+01 2.498433520221166326e-01 2.751742749957584722e-01 2.440894815651176997e-01 2.528845154546654483e-01 1.861381046340558620e-01 2.540027706636047156e-01 2.193274210078353381e-01 2.273472232999767251e-01 1.227608741149012889e-01 2.383638142672520610e-01 2.483078838218654161e-01 2.067722241388872950e-01 3.355758173143002510e-01 2.619987388864216116e-01 2.491082775613074063e-01 2.653162314268303623e-01 2.374743804137333936e-01 2.736184659213852788e-01 1.722338952295341952e-01 3.265074587748405689e-03 1.396382284275173025e-02
1.000000000000000000e+00 1.597886397498517042e+01 2.599336678916992494e-01 2.646866797197519605e-01 2.314377457826576889e-01 2.600606281541995024e-01 1.830900063316025506e-01 2.459206721251709915e-01 2.059693559589508560e-01 2.282539270713028756e-01 1.237127755673729235e-01 2.362513365926562636e-01 2.492448802846353451e-01 2.080900737425268043e-01 3.217454286600545110e-01 2.803515488837143854e-01 2.339905290332069676e-01 2.689585453478089416e-01 2.454006279073468466e-01 2.728266742493651864e-01 1.720920147433031289e-01 3.277572103531131882e-03 1.175618817108212838e-02
1.000000000000000000e+00 1.642241083622898046e+01 2.573810466819272946e-01 2.593651633553769598e-01 2.228363858547156851e-01 2.692187433173129363e-01 1.903842646125631088e-01 2.435858740168535541e-01 2.140742657362420531e-01 2.329953282922811175e-01 1.159254007248816665e-01 2.443876081363237640e-01 2.569516283804740286e-01 1.937171761138928860e-01 3.303792571276158996e-01 2.897949764267769845e-01 2.304164261278133508e-01 2.666208820948052227e-01 2.328919003730702542e-01 2.704139458238826177e-01 1.697651950200299575e-01 3.377010270066652369e-03 1.205226980289785151e-02
1.000000000000000000e+00 1.608076251956141078e+01 2.630853162056597805e-01 2.625828494954274284e-01 2.259565735579948109e-01 2.826162771048060796e-01 1.956602107678910851e-01 2.394553796870236562e-01 2.129895808262566859e-01 2.367538229410447448e-01 1.247191210858761556e-01 2.349460981195292397e-01 2.450474158056992480e-01 1.913490212829777048e-01 3.293579323392728520e-01 3.025671075888998196e-01 2.325257616421038676e-01 2.581376303181459608e-01 2.275848409711081211e-01 2.638951342753092510e-01 1.704763690672328746e-01 3.435358841136302872e-03 1.223869387394218092e-02
1.000000000000000000e+00 1.624921946290209362e+01 2.709460288228157654e-01 2.800733334987673961e-01 2.287319693364183448e-01 2.829420334012770488e-01 1.909575244904984370e-01 2.345293328838522484e-01 2.120030237324707911e-01 2.271980265784047104e-01 1.332808079606616347e-01 2.298864833904395166e-01 2.576975646918188145e-01 1.936457500251075603e-01 3.453992787999286551e-01 3.046096594592718199e-01 2.319352860823777618e-01 2.713689656325121713e-01 2.282045534177297719e-01 2.749725525275406035e-01 1.717642171509416171e-01 3.314172462641456172e-03 1.187774344767205704e-02
1.000000000000000000e+00 1.531448231937837967e+01 2.650725399897816414e-01 2.784836635656109394e-01 2.216324042027855712e-01 2.867064854744507119e-01 1.992276623013692627e-01 2.350317582229497493e-01 2.247186544022324040e-01 2.363481093279753420e-01 1.408566373370943592e-01 2.324181707589043910e-01 2.493818837417853818e-01 1.947500196983679432e-01 3.463893982072326350e-01 2.924278352654435253e-01 2.263075264146512111e-01 2.695755466712774773e-01 2.287321738401561222e-01 2.798331328628672621e-01 1.727982381042242610e-01 3.151980166363693627e-03 1.079533475002102637e-02
1.000000000000000000e+00 1.537880942744678059e+01 2.551244888284746049e-01 2.752032910212658390e-01 2.310860145683382161e-01 2.810421990676899573e-01 1.987978683550917780e-01 2.457151607325906983e-01 2.157168778918427954e-01 2.290571231128006868e-01 1.483404249504420014e-01 2.382775506079315431e-01 2.671613613067959081e-01 1.934817705989746728e-01 3.465641326484799056e-01 3.120704808340289405e-01 2.310878841313704357e-01 2.836603768915121893e-01 2.233913163198017471e-01 2.836617819581411237e-01 1.755652800911468858e-01 3.089876330051287163e-03 1.302003997101264590e-02
1.000000000000000000e+00 1.695835926908340952e+01 2.685030087060219506e-01 2.753583800273370352e-01 2.320703098208551640e-01 2.702662764453326316e-01 1.893542405466595302e-01 2.474547771629121151e-01 2.222627292087884510e-01 2.343677636188225555e-01 1.577894680261471283e-01 2.362220683463639170e-01 2.762175541653164590e-01 1.905967999873016405e-01 3.238872526913271765e-01 3.194972432706169041e-01 2.369030815788633060e-01 2.772019986487873622e-01 2.250991394564101356e-01 2.738870877118778080e-01 1.751549416933299019e-01 2.998858348697681919e-03 1.352123506412312125e-02
1.000000000000000000e+00 1.622788939478693493e+01 2.657813363125884343e-01 2.929558599338231151e-01 2.298525826076280032e-01 2.817849348582807112e-01 1.937996368453117069e-01 2.601905785386497416e-01 2.136193815028958054e-01 2.431255325376863174e-01 1.616504983213477853e-01 2.343368461720663765e-01 2.722087293471187608e-01 1.846465142139047666e-01 3.132060947840436538e-01 3.185211938039601565e-01 2.344018351955449442e-01 2.839639216066882632e-01 2.417765144963027746e-01 2.823082006408772493e-01 1.751585491585912202e-01 3.053831639564267338e-03 1.354857833508453513e-02
1.000000000000000000e+00 1.595399678012865152e+01 2.582118392962817754e-01 2.958804428163642197e-01 2.274055647701202776e-01 2.731522579097600545e-01 1.935765764385225518e-01 2.460542272014328291e-01 2.160025954663316317e-01 2.278903890841208202e-01 1.641619915979463384e-01 2.283443777824870624e-01 2.682634242909042177e-01 1.888848712683413589e-01 3.142276280496794638e-01 3.225432658657464424e-01 2.294440399220411819e-01 2.724447434849252003e-01 2.489285415040884131e-01 2.908039970837485444e-01 1.766310839267123400e-01 3.000110362638057446e-03 1.480796860419113584e-02
1.000000000000000000e+00 1.762186324978356211e+01 2.549824893367804157e-01 2.964106882571324597e-01 2.307910516340125895e-01 2.634389112806628241e-01 1.954349464537520065e-01 2.454418229580920263e-01 2.109445550631680044e-01 2.187787419404377265e-01 1.662789508645942660e-01 2.228433747809558108e-01 2.711902588435422534e-01 1.822859610147337939e-01 3.211989772997118631e-01 3.249283954472728109e-01 2.246831845501533476e-01 2.740379850396822414e-01 2.430014679308970527e-01 3.099777733300458915e-01 1.732842825236514117e-01 3.073514354342243762e-03 1.236399991554969907e-02
1.000000000000000000e+00 1.665869702478683934e+01 2.365474207503587833e-01 2.908893717766150022e-01 2.389154316511809262e-01 2.601055339462792215e-01 1.896503088802522496e-01 2.463287385514206229e-01 2.169339913972017364e-01 2.149289822725614363e-01 1.718204939331468561e-01 2.137652314718869739e-01 2.761553073285126780e-01 1.645200925816700521e-01 3.278949210736627484e-01 3.198595486912366725e-01 2.338694317386091626e-01 2.672606994168393868e-01 2.489243054159129831e-01 3.049587595746245938e-01 1.730469271006778442e-01 2.914439230234033666e-03 1.374123638176581383e-02
1.000000000000000000e+00 1.272008606435754530e+01 2.341702637751099658e-01 2.856233098796717718e-01 2.455678265629746004e-01 2.519757603167518956e-01 1.927342937739303375e-01 2.467463190537270423e-01 2.191795699276220533e-01 2.178691288540210436e-01 1.629511333600373590e-01 2.215394314414922960e-01 2.683237428678507674e-01 1.786235419213612341e-01 3.118910595815246323e-01 3.207957939164950978e-01 2.194726860751576303e-01 2.595157677232662885e-01 2.464465176935503876e-01 2.969960463240470805e-01 1.706092674475761517e-01 3.230531146437754745e-03 1.295742396181604264e-02
1.000000000000000000e+00 1.761344598064333766e+01 2.376029379062649105e-01 2.687536626454109512e-01 2.488163701622287394e-01 2.603302558374734343e-01 1.897693589842101847e-01 2.526295358011829140e-01 2.146951872367083014e-01 2.222252667260593006e-01 1.687755157841267784e-01 2.219284159042904381e-01 2.689840050504561653e-01 1.723674370324219662e-01 3.144573094152802728e-01 3.317025249519096608e-01 2.347152097391174697e-01 2.558566012003124501e-01 2.427520746785105377e-01 2.875822296813637102e-01 1.709491136392451982e-01 3.053712208195653519e-03 1.158901199430386816e-02
1.000000000000000000e+00 1.867457506237733966e+01 2.416188303066699183e-01 2.474146090505313089e-01 2.599780034426038000e-01 2.564672926840297906e-01 2.040672968441348822e-01 2.402196569117490965e-01 2.006464559240677126e-01 2.242504827806477696e-01 1.673295471262422618e-01 2.273213891040819778e-01 2.768157683471195174e-01 1.658087369652773702e-01 3.099461660897022131e-01 3.411972851928792294e-01 2.368410607866806572e-01 2.563255850345285136e-01 2.483668412682994431e-01 2.773758477473873829e-01 1.695430664842798030e-01 3.242639635078523909e-03 1.183584366224797041e-02
1.000000000000000000e+00 1.963183637461806086e+01 2.382640958053844904e-01 2.400402744618317652e-01 2.703645349907183304e-01 2.441767813639892648e-01 2.096107038518313093e-01 2.341118127800582427e-01 1.973064706203096486e-01 2.395093528398968552e-01 1.738244870247414309e-01 2.183752056391261298e-01 2.633871397609190979e-01 1.553874070920750472e-01 3.101017434553476337e-01 3.521072329580272053e-01 2.227000766916450991e-01 2.472987366667327991e-01 2.480737117717539686e-01 2.690652805952519211e-01 1.692355234929059371e-01 3.189981889093256202e-03 1.254881199893455833e-02
1.000000000000000000e+00 1.890271742063043092e+01 2.479618442274373336e-01 2.488306538810767798e-01 2.716420115401567137e-01 2.513966411673502765e-01 2.260979263124730521e-01 2.197918536529374633e-01 2.003859128476027374e-01 2.485347067118834075e-01 1.733229213248622946e-01 2.111421457857454997e-01 2.707748404189757041e-01 1.687463390539928609e-01 3.057811441378538442e-01 3.394232916432209923e-01 2.314919606289180809e-01 2.479055878645144706e-01 2.474174056383054987e-01 2.729653594521025961e-01 1.725184689002846328e-01 3.271515330551282540e-03 1.192345008174589167e-02
1.000000000000000000e+00 1.820847871420795627e+01 2.596060407114174629e-01 2.514624579980061503e-01 2.724856516299197784e-01 2.471570986587223739e-01 2.098999524447163201e-01 2.123906173366968686e-01 2.051213629810030858e-01 2.547749928105366712e-01 1.734908230605115287e-01 2.075495349950482182e-01 2.822763517938577382e-01 1.731432962478230697e-01 3.015692396531198249e-01 3.424667137558320418e-01 2.273429865498902969e-01 2.577964278056535385e-01 2.437866310694508931e-01 2.666376007967707351e-01 1.730017079151401904e-01 3.343283894052567502e-03 1.266780689427115733e-02
1.000000000000000000e+00 2.160839756660470456e+01 2.679763020211636260e-01 2.426702644720279967e-01 2.661443043613532233e-01 2.511634556775397820e-01 2.079583336568882612e-01 2.149718901087188105e-01 2.114504084336970291e-01 2.559602453196359040e-01 1.683892193427509731e-01 2.041716810933843218e-01 2.782419447822648828e-01 1.694166308067171223e-01 3.078782603398950712e-01 3.651374270460537308e-01 2.350342669646071081e-01 2.537663433402679858e-01 2.539237611559612140e-01 2.536321413535485569e-01 1.725411143586438045e-01 3.291534572165488205e-03 1.332359569003494469e-02
1.000000000000000000e+00 2.045040550077769126e+01 2.621380264753700451e-01 2.486551819625716364e-01 2.591116327782201911e-01 2.542878643036078357e-01 2.135139092356825585e-01 2.123303698373057435e-01 2.010025114750447761e-01 2.558270221514785114e-01 1.628892686238587462e-01 2.049956785597151221e-01 2.692787585332436229e-01 1.630978380247598558e-01 3.307599627699561173e-01 3.711454543429785757e-01 2.289445015211627188e-01 2.602846976652261057e-01 2.671089081133303789e-01 2.443708962721056754e-01 1.735138403128936302e-01 3.226178401757462053e-03 1.351863868639209022e-02
1.000000000000000000e+00 1.990333899494256187e+01 2.618133842841115499e-01 2.469531855604833459e-01 2.558400435570820641e-01 2.652949547483725024e-01 2.271386970169810005e-01 2.162055076235374629e-01 2.027717360825433968e-01 2.530792939573908162e-01 1.659072706231728700e-01 1.984156757784505676e-01 2.701842587494174275e-01 1.541965912508602432e-01 3.393731306480510246e-01 3.668378162538583620e-01 2.373159960322976381e-01 2.487835499223088331e-01 2.501670329309220175e-01 2.524666426308486700e-01 1.739135758916409147e-01 3.473492314249713823e-03 1.391780242106721577e-02
1.000000000000000000e+00 2.020492158692272611e+01 2.706321600354479329e-01 2.640933702629220114e-01 2.433602375828392284e-01 2.595188247948891358e-01 2.173934013787582886e-01 2.126311578074249198e-01 2.017758107955720803e-01 2.500003553241109122e-01 1.675507187746893834e-01 2.091996638470266234e-01 2.682173080539836940e-01 1.500329215214170342e-01 3.548419552484727291e-01 3.465097865985640180e-01 2.280331246206034335e-01 2.585241639607228636e-01 2.571536490806654029e-01 2.571841946874569573e-01 1.758490408434918162e-01 3.286219031090200238e-03 1.395012578935092735e-02
1.000000000000000000e+00 1.805331355583533792e+01 2.643724533833080592e-01 2.560431305527093859e-01 2.325780108966162829e-01 2.571335925242811404e-01 2.221621185197259485e-01 2.221918067491119309e-01 1.982133372520641090e-01 2.464828673200440412e-01 1.592217665736358201e-01 2.100086793707766075e-01 2.608569002538050352e-01 1.458582456091822299e-01 3.560431741592142707e-01 3.415954721314759523e-01 2.325467013748865330e-01 2.482450160196716660e-01 2.582294830596485458e-01 2.617006618714776689e-01 1.726036001660746777e-01 3.270053547630319760e-03 1.306360754888249640e-02
1.000000000000000000e+00 1.741084958734203880e+01 2.589129290698157781e-01 2.693683190785178261e-01 2.302063233987240998e-01 2.599817315165848797e-01 2.096609385298089656e-01 2.122013382898041700e-01 2.029699316744046356e-01 2.451833804902842084e-01 1.491255851254102982e-01 2.095153119265188990e-01 2.430985250695508471e-01 1.363159350025440752e-01 3.540741731947062987e-01 3.385902983632900765e-01 2.454057613791540693e-01 2.535386001296927594e-01 2.571916267799716493e-01 2.580839696487878254e-01 1.694830162925894668e-01 3.233330309253416683e-03 1.418409747812534975e-02
1.000000000000000000e+00 1.648471911069613327e+01 2.638931156908034259e-01 2.640262288092751763e-01 2.297144371906197080e-01 2.588087857083986032e-01 2.204661225104913858e-01 2.063841987142878975e-01 2.009601137548887306e-01 2.482237460730529754e-01 1.516239891701459674e-01 2.182530098145234465e-01 2.534924382286735667e-01 1.384187677336461419e-01 3.465269199198542371e-01 3.390750470218119039e-01 2.578220402387951804e-01 2.486163517015221314e-01 2.644848394751644904e-01 2.563078633890464864e-01 1.735834882999094664e-01 3.244274586671705689e-03 1.345913035702628324e-02
1.000000000000000000e+00 1.969912076540009949e+01 2.780456369811473150e-01 2.589561089936171512e-01 2.321908435175660534e-01 2.489012973791396299e-01 2.138990460233758106e-01 2.225743082859158728e-01 2.087438046526747526e-01 2.462997263629956302e-01 1.446060436635001334e-01 2.217256982348148331e-01 2.496143192768179309e-01 1.412636446582187788e-01 3.353022192359418341e-01 3.378805853841609363e-01 2.611944966336360863e-01 2.600230727721699053e-01 2.777147449506717214e-01 2.571412057161822640e-01 1.725310859733044377e-01 3.252863356599912728e-03 1.240037403916814662e-02
