1.000000000000000000e+00 1.526065320890488586e+01 2.551103980201541166e-01 2.778426922396156074e-01 2.570349792776999154e-01 2.539940950616997872e-01 2.360367734160635778e-01 2.139730046476229774e-01 2.537409379249330743e-01 2.083610967211129705e-01 1.948860557453883091e-01 2.066821176595670939e-01 2.593012237779987461e-01 2.404034122757136571e-01 3.467666523942314338e-01 2.844116153248437140e-01 2.715794004817962404e-01 2.342449951433530908e-01 2.697064518014256618e-01 1.003979878219813104e-01 1.773090044491143769e-01 3.016263428573379840e-03 2.912947231602945608e-02
1.000000000000000000e+00 8.027969655565202700e+00 2.635854863897477696e-01 2.600994819931033986e-01 2.372011723009948558e-01 2.168440021428901798e-01 2.424409175310303921e-01 2.027332104989700845e-01 2.322396082175215148e-01 2.067995027473522596e-01 1.899753117263609237e-01 1.893354622074682747e-01 2.405538473506875774e-01 2.378719410135104184e-01 2.877742123989650014e-01 2.832025779905444907e-01 2.492827903337279105e-01 2.491734055234828549e-01 2.447003079043346685e-01 2.479257226192535801e-01 1.662642276216247939e-01 3.479448604753856804e-03 2.333400767404052514e-02
1.000000000000000000e+00 8.839960949357276832e+00 2.578166476199316715e-01 2.626534985672536737e-01 2.513772550571710118e-01 2.210665399181458435e-01 2.336427338387961627e-01 2.058283927563108184e-01 2.413766540302549612e-01 2.024230169760601328e-01 1.932056140989090454e-01 1.891112063234917096e-01 2.473910052871471366e-01 2.367205235612366010e-01 2.739886972669697274e-01 2.875157617596154624e-01 2.600624927064125180e-01 2.524758792197456247e-01 2.284940740855254115e-01 2.564248823381289899e-01 1.686449313421617968e-01 3.502266608562351526e-03 2.208453757408051013e-02
1.000000000000000000e+00 8.697005897072173752e+00 2.589798210603140305e-01 2.548916832953133649e-01 2.417070958422293803e-01 2.334221146260899715e-01 2.262442240365764301e-01 2.111611806376086642e-01 2.322150990626637435e-01 2.005734774067983173e-01 1.988044829014221082e-01 1.899881240712952279e-01 2.337479051027425703e-01 2.203879707467153171e-01 2.741915953529239225e-01 3.110706810477885664e-01 2.641785966124867158e-01 2.576114154918030530e-01 2.219157336005616876e-01 2.538222293376045102e-01 1.692194800109493857e-01 3.531403379555960245e-03 2.289263416955636399e-02
1.000000000000000000e+00 9.524879141653833869e+00 2.540198524639253330e-01 2.614576682588491963e-01 2.406460701072670183e-01 2.171252320766800525e-01 2.263200534619757287e-01 2.037386574147237450e-01 2.222021164615209932e-01 1.946761323679691846e-01 1.903356151758346659e-01 1.873100958112579595e-01 2.296701976408038470e-01 2.166370548344710434e-01 2.685100140538906888e-01 3.102635078064215346e-01 2.506883777263272384e-01 2.602598997676519588e-01 2.201408726080965328e-01 2.427568476455283231e-01 1.629384892333416157e-01 3.619534443146246901e-03 2.193309801290986225e-02
1.000000000000000000e+00 9.086981022340120617e+00 2.528374612894211393e-01 2.706835429365897494e-01 2.418487637008227276e-01 2.181257392691831609e-01 2.251970424000653281e-01 1.961107335220662051e-01 2.206330337452672430e-01 1.894669103978402491e-01 1.919552399222098360e-01 1.809386718828300822e-01 2.378629330406749065e-01 2.331016674746405892e-01 2.773997869382118231e-01 2.972146206921982281e-01 2.494523425997308141e-01 2.530751594827741480e-01 2.227319360740983578e-01 2.222215694034070377e-01 1.638385014870501477e-01 3.569302475022012502e-03 2.152438254436456894e-02
1.000000000000000000e+00 7.673079975627642213e+00 2.374499459433533910e-01 2.778446295545935474e-01 2.404122286703385680e-01 2.243895042937807116e-01 2.198672256212065856e-01 1.955318687983426396e-01 2.304576646272860352e-01 1.798110415090953540e-01 1.815791775807213959e-01 1.935691797419468174e-01 2.263469671866033261e-01 2.146499281752579091e-01 2.639003658463588975e-01 2.891243568355617022e-01 2.464539068637909003e-01 2.478198566614753240e-01 2.377883511653778315e-01 2.210769633720518212e-01 1.627687105728319317e-01 3.763587030439064559e-03 2.047275901489620589e-02
1.000000000000000000e+00 8.453089477175600663e+00 2.394812639028805479e-01 2.833102104671112453e-01 2.272841748446358112e-01 2.338855500477454441e-01 2.256227064452508979e-01 1.931013256585697446e-01 2.246222082565803024e-01 1.843605610470109013e-01 1.924446459843695834e-01 2.035810884541336685e-01 2.250139189919608262e-01 2.213872989298189264e-01 2.811947545722224273e-01 2.938043292986594057e-01 2.693555838176064920e-01 2.515259523301427436e-01 2.335774876466539807e-01 2.087007416278502392e-01 1.657059477345605158e-01 3.733445030535360865e-03 2.181667499645694938e-02
1.000000000000000000e+00 1.497282437889527529e+01 2.531722392142435329e-01 2.779706846716736846e-01 2.292595292835912235e-01 2.362955990384883187e-01 2.069772034838861796e-01 1.845065591083080436e-01 2.379684173075318487e-01 1.866601779771795422e-01 1.916395107233586359e-01 2.100072243966469854e-01 2.118434677290511881e-01 2.275486511722512317e-01 2.959096895918042480e-01 2.782052731311718263e-01 2.597037586136808351e-01 2.503535382524524344e-01 2.295666851251365603e-01 2.304709806763654278e-01 1.636209232419646442e-01 3.909650421393507519e-03 2.123476013388508193e-02
1.000000000000000000e+00 1.383355982733008638e+01 2.541177500841477199e-01 2.781577803981524766e-01 2.236303345907541817e-01 2.387646681417928129e-01 2.136610285132322928e-01 1.833511256269551304e-01 2.455764808345558270e-01 1.835195758407553723e-01 1.994735777568522328e-01 2.045581042908996561e-01 2.132432313580397698e-01 2.481013173229892343e-01 3.058012310586328275e-01 2.807989962093903058e-01 2.609364566321142331e-01 2.514415944244196011e-01 2.339737847942830740e-01 2.362489591430934344e-01 1.671239910550453012e-01 3.739150299820010511e-03 2.045747450669652134e-02
1.000000000000000000e+00 1.241197737244105603e+01 2.517069342894716066e-01 2.789843752417304201e-01 2.193956501245355462e-01 2.296321624697094388e-01 2.265622271386032727e-01 1.920685076078648412e-01 2.475339181618183837e-01 1.907689064078308683e-01 1.937667965467926301e-01 2.071226649596654146e-01 2.094432284804421118e-01 2.482163508257428930e-01 3.134840230491059421e-01 2.867197538985928884e-01 2.646542457267514470e-01 2.480788513109642712e-01 2.302537357975193710e-01 2.400250554398197789e-01 1.662830068132580275e-01 3.643053997374919462e-03 2.071279914665757199e-02
1.000000000000000000e+00 1.379736291147908211e+01 2.639115779031957487e-01 2.707241635378975220e-01 2.142669298902432906e-01 2.429375212576997123e-01 2.255053245137594864e-01 1.840331431257185568e-01 2.543935858354135493e-01 1.966049548474871622e-01 1.817507804897373624e-01 1.986239559078203099e-01 2.097499702373370190e-01 2.552028396963753609e-01 3.238143730290420907e-01 2.889272692124957298e-01 2.636516677811660547e-01 2.490936720085670519e-01 2.341183358918945689e-01 2.292091522193444586e-01 1.666160842322155500e-01 3.661156136384375627e-03 1.858171472363794735e-02
1.000000000000000000e+00 1.246740200476259552e+01 2.719250760231762820e-01 2.566991064618073803e-01 2.164324675050028624e-01 2.551097906276272864e-01 2.207854299690096000e-01 1.817900402487006850e-01 2.574788451256773691e-01 1.925172384774665180e-01 1.743048872104315805e-01 2.054038092788943726e-01 2.158527424124571104e-01 2.488018097413506879e-01 3.271435165975088433e-01 2.865464151358669276e-01 2.605828905276658114e-01 2.396702463682111317e-01 2.409970407181842855e-01 2.281688096855764847e-01 1.682319040791957487e-01 3.451704068691582254e-03 1.794008911973574844e-02
1.000000000000000000e+00 1.218200187136467250e+01 2.707202202451995388e-01 2.583845365853688070e-01 2.176665996569531192e-01 2.619894170928291355e-01 2.194501926919069090e-01 1.837011490107739176e-01 2.588799793228810375e-01 2.099934726077395397e-01 1.760575764969076751e-01 1.994558767351177764e-01 2.075571663860237837e-01 2.511154734241995423e-01 3.246024609895040158e-01 2.885376531728706673e-01 2.683032593953114664e-01 2.312826664093236284e-01 2.373257195189904800e-01 2.319974659716637078e-01 1.680225977335603194e-01 3.450141357441880233e-03 1.659872156640452429e-02
1.000000000000000000e+00 9.952816894620530874e+00 2.610293353774035818e-01 2.481491990113544877e-01 2.368174424651157683e-01 2.664385643312994767e-01 2.131569903742121241e-01 1.834177246944501682e-01 2.368599089228995147e-01 2.099919706159301402e-01 1.724492396474678335e-01 2.078682873358681238e-01 2.062557473075230519e-01 2.512824629446420155e-01 3.268989539393725718e-01 2.837533922512560647e-01 2.606492548020105104e-01 2.313281111936590362e-01 2.427836732320645952e-01 2.345048566418391489e-01 1.674293562132156410e-01 3.355368730679869974e-03 1.722590653897317775e-02
1.000000000000000000e+00 1.013710420514324007e+01 2.596212336392317299e-01 2.626587889249207830e-01 2.413957686447643913e-01 2.701096746246798852e-01 2.189100356479171394e-01 1.897087329045394066e-01 2.296828159472776298e-01 2.045875723381966049e-01 1.793109410349028598e-01 2.033612756173492353e-01 2.042017077901251698e-01 2.491932408651244546e-01 3.233879565361347241e-01 2.869180290496125552e-01 2.638954453768092567e-01 2.271784582765540295e-01 2.517293067114718119e-01 2.397548951253574978e-01 1.697455646911889549e-01 3.253345173799375000e-03 1.831707383765213137e-02
1.000000000000000000e+00 8.566966450597297111e+00 2.576071617453952745e-01 2.472719893979417882e-01 2.445315911060602365e-01 2.677557359237675572e-01 2.159672951542943309e-01 1.987385459286145073e-01 2.388917125402558461e-01 2.008073245891372760e-01 1.809510187920356783e-01 2.087720601481236060e-01 2.145132254881634559e-01 2.467545319598289377e-01 3.103396146502164776e-01 2.954666652067601817e-01 2.666990614741368559e-01 2.247311970171562145e-01 2.551815766768856797e-01 2.196580898575734575e-01 1.696928569549467636e-01 3.185898898279513648e-03 1.891897870518787286e-02
1.000000000000000000e+00 8.058839007220740314e+00 2.485322817713134236e-01 2.499763949222641168e-01 2.549054063440577278e-01 2.543519932756859170e-01 2.201137019512736936e-01 1.915727796117191462e-01 2.501575552037961225e-01 1.910278612497132433e-01 1.806169118076841329e-01 2.103829932778892853e-01 2.042310066166707627e-01 2.442142953467378863e-01 3.005733788078011059e-01 2.724143316186389829e-01 2.680967263538311940e-01 2.265940896737223265e-01 2.650874163068388523e-01 2.275506755487031740e-01 1.677387621033733789e-01 3.141254062914369902e-03 1.943764275855154600e-02
1.000000000000000000e+00 6.292887386685910300e+00 2.547997393569791935e-01 2.527794995847484905e-01 2.376711901613155487e-01 2.460994002250264656e-01 2.163699780702216524e-01 1.832406049932165382e-01 2.310161200953204375e-01 1.858700761886884767e-01 1.828677567271184690e-01 2.095657514075645877e-01 2.068490527071646934e-01 2.566851063784311160e-01 3.109327104420424592e-01 2.793841246023513469e-01 2.666553301964941225e-01 2.193668936220399268e-01 2.711815079305285314e-01 2.227947842465292649e-01 1.671915646613787998e-01 3.082817431979968572e-03 1.917448529068764562e-02
1.000000000000000000e+00 7.250830536981892394e+00 2.512642340280930031e-01 2.504365793704838583e-01 2.412895264997105271e-01 2.513550571477449758e-01 2.188739867297875008e-01 1.841583999847456465e-01 2.329178209310867054e-01 1.850148797907807952e-01 1.985809361179623478e-01 2.049132587709677211e-01 2.090527604154396313e-01 2.435025539795886429e-01 2.978432386243219931e-01 2.924417372142889548e-01 2.616314938810335167e-01 2.228155014503746256e-01 2.809492322499660411e-01 2.308187077560435174e-01 1.681603684630085249e-01 3.080984746206847334e-03 1.663724585098006609e-02
1.000000000000000000e+00 7.196159109691057765e+00 2.521821269949549027e-01 2.536389596570510774e-01 2.370359788271543811e-01 2.559050142532739991e-01 2.234366898684288782e-01 1.797101408019086133e-01 2.424410251671450245e-01 1.766503566301817485e-01 1.880629176167407657e-01 2.054002662550994951e-01 2.073585660437449185e-01 2.450393395246621142e-01 2.822051972493440086e-01 2.994195335289483451e-01 2.531073412903656061e-01 2.211002756091378085e-01 2.841443882534930854e-01 2.335699414333873847e-01 1.653143792343519936e-01 2.993194695758991455e-03 1.644996405873436554e-02
1.000000000000000000e+00 1.097781235580097103e+01 2.601001771362803083e-01 2.502782725969564526e-01 2.329125530229213537e-01 2.522417176466249522e-01 2.101893482488706999e-01 1.854617677876382320e-01 2.406231904084974449e-01 1.788561487019767193e-01 1.820502965629709202e-01 2.104641486127495076e-01 2.013172875407526485e-01 2.388566019458649436e-01 2.930433856630202394e-01 3.047691691220921206e-01 2.425361633428280428e-01 2.206901195999798337e-01 2.746690409125038257e-01 2.320611854982966016e-01 1.648727299759277787e-01 2.786916276585293690e-03 1.591041611248098994e-02
1.000000000000000000e+00 8.290965650275079923e+00 2.543095552423494388e-01 2.563954321384270818e-01 2.350237277422526916e-01 2.454936579946432051e-01 2.130340715083852976e-01 1.768115316353432998e-01 2.481033351072239879e-01 1.896245066044762451e-01 1.744459214002278824e-01 2.084720776355404592e-01 2.125131707318511365e-01 2.357537595091478144e-01 2.935440680785911249e-01 3.063144638212871307e-01 2.494933067123010217e-01 2.040195410104487239e-01 2.858285196122198335e-01 2.289614154123713885e-01 1.629254927068744807e-01 2.893665344368730272e-03 1.663443492312428884e-02
1.000000000000000000e+00 8.519753382103512962e+00 2.475954247247351969e-01 2.584091139715730123e-01 2.404641135761655113e-01 2.313169253766437505e-01 2.187652196234118329e-01 1.804772970416900213e-01 2.646917371682951936e-01 1.890592589412684876e-01 1.785727244027355831e-01 2.097923064711837426e-01 2.177597350740286264e-01 2.304524281924421047e-01 2.887771142880395381e-01 3.002172296882285041e-01 2.455618697840273312e-01 2.106496515795488744e-01 2.879706239539344681e-01 2.316413788756735981e-01 1.642620039822935696e-01 3.047421169140760670e-03 1.611209761419445455e-02
1.000000000000000000e+00 1.027202775410093238e+01 2.522833162211993718e-01 2.506373597932267661e-01 2.526147663440804214e-01 2.340623681666577083e-01 2.235821349758602694e-01 1.827677240843036954e-01 2.568617388585273664e-01 1.813682059209805741e-01 1.873570043604744773e-01 2.104393640814085364e-01 2.166256431301876451e-01 2.304794040607545946e-01 2.935692536305168909e-01 3.110691514870985719e-01 2.396237662827987724e-01 2.074875059978518455e-01 2.806150024130183440e-01 2.418609099228485881e-01 1.664748594523428604e-01 2.981935991983169446e-03 1.569047684321090569e-02
1.000000000000000000e+00 1.004399673209698918e+01 2.505650858608345355e-01 2.533560329504647712e-01 2.541529750589212044e-01 2.407874933788620164e-01 2.136043927322026359e-01 1.833945717870729686e-01 2.564007884595713160e-01 1.772257495368651514e-01 1.859086971044657810e-01 2.187981474105901436e-01 2.024161022529922804e-01 2.349575682888705719e-01 2.980062069379350032e-01 3.095785524113457976e-01 2.464837960849657339e-01 2.105629678195376775e-01 2.738828897146118879e-01 2.445745965736966510e-01 1.670491533174622012e-01 3.205639343035888902e-03 1.711350361158872277e-02
1.000000000000000000e+00 9.020108604854875978e+00 2.433642524480959246e-01 2.571083537755398662e-01 2.473618475082681456e-01 2.403441325188720723e-01 2.227547643252501819e-01 1.801526616191127250e-01 2.613902428578958603e-01 1.835452581348465118e-01 1.752243282051305362e-01 2.141420741704791464e-01 2.090945582266996727e-01 2.395653546023162328e-01 2.860805562383852418e-01 3.087118770157569192e-01 2.455968781051748595e-01 2.128790494181193593e-01 2.774146846510427422e-01 2.402446770158268297e-01 1.665489972545307895e-01 3.092427676931003028e-03 1.763263011556011686e-02
1.000000000000000000e+00 8.732640198810504018e+00 2.369283285847450238e-01 2.631972446248102560e-01 2.499683771966600410e-01 2.472805375689907659e-01 2.270825860724317580e-01 1.854733217496774833e-01 2.484877001934840124e-01 1.829900969130258404e-01 1.803752926876237006e-01 2.003300182736986734e-01 2.099403199795513708e-01 2.440099606456448966e-01 2.948222441855976039e-01 2.981847354439873810e-01 2.441356148052274966e-01 2.092325309590906957e-01 2.826110517137859213e-01 2.188386239688409340e-01 1.684658508347607886e-01 3.156712736099077411e-03 1.806206782141668230e-02
1.000000000000000000e+00 9.203426462705722955e+00 2.360244448667578598e-01 2.704926759826384308e-01 2.449088978043367504e-01 2.393480804934597361e-01 2.305112242574168524e-01 1.840424348722551062e-01 2.504614343249809694e-01 1.689492420993475574e-01 1.673193198483479971e-01 1.890368484909525360e-01 2.150446100359826584e-01 2.454546623869575117e-01 2.978892380746526736e-01 2.954618961519693832e-01 2.400727123208509228e-01 2.210623155482720759e-01 2.806191650658564907e-01 2.110640504396916195e-01 1.628991700318279390e-01 3.130612877568710040e-03 1.866740527033960984e-02
1.000000000000000000e+00 9.663433835927859761e+00 2.343479614050221760e-01 2.626944678767068608e-01 2.302048521754732902e-01 2.468339160222175199e-01 2.173506979625567381e-01 1.852685156338823580e-01 2.533895320915053873e-01 1.718421584572837890e-01 1.665874706116292070e-01 1.954052719765754509e-01 2.067123934036511346e-01 2.412132269729772016e-01 2.959449204324721139e-01 2.879849340845236916e-01 2.476592340128246084e-01 2.088916880926253994e-01 2.655438550577632895e-01 2.206315248055553402e-01 1.625936975230074522e-01 3.096727384608806682e-03 1.888247495525809463e-02
1.000000000000000000e+00 9.083688794677975409e+00 2.452749769948316394e-01 2.731871092126507694e-01 2.241015823004171847e-01 2.461207800401609136e-01 1.986619121087420947e-01 1.854807432797310751e-01 2.351445545132833936e-01 1.706494828712651068e-01 1.798702928769533027e-01 1.976071011514840270e-01 2.072878969387498549e-01 2.402562554504834302e-01 3.074954531773322897e-01 2.923205762803635088e-01 2.298618421827786362e-01 2.140084892885309176e-01 2.575585252453235219e-01 2.358238056227119905e-01 1.598168469710676276e-01 3.439404397187056754e-03 2.011565863989696681e-02
1.000000000000000000e+00 8.935523364685309389e+00 2.461103032167039073e-01 2.710105774345553109e-01 2.321752231963602475e-01 2.336222668378923339e-01 2.076147185788013161e-01 1.754847291430021439e-01 2.286906430119100830e-01 1.727570286570727642e-01 1.943060362237339356e-01 1.857795850735641796e-01 2.153565909996777439e-01 2.310361394432879356e-01 3.115370195660853714e-01 2.907833100962285977e-01 2.356078630464808754e-01 2.179819119220375578e-01 2.649216900356907156e-01 2.401852784395771268e-01 1.621936870383606788e-01 3.147813279794541876e-03 2.109310485115618167e-02
1.000000000000000000e+00 6.820261896390770850e+00 2.398155886190854735e-01 2.688799447852171509e-01 2.233224573422014636e-01 2.377998606557874539e-01 2.125994177880133618e-01 1.801983523085003425e-01 2.209423649922359900e-01 1.837069615319693872e-01 2.042236052888710407e-01 1.854159511609038691e-01 2.405838894382331949e-01 2.286602524850871732e-01 3.098399525530058929e-01 2.724605388262416050e-01 2.492111588818373691e-01 2.211724129156429908e-01 2.685610672305914215e-01 2.232482267370189677e-01 1.631720295331300363e-01 3.330898974793843406e-03 2.194338058217837339e-02
1.000000000000000000e+00 3.725386187189088094e+00 2.477421628554088429e-01 2.625937217878624441e-01 2.274349629845283105e-01 2.298256476785229541e-01 2.057355890618093597e-01 2.002142871204472818e-01 2.135379387242789528e-01 1.809629113251487176e-01 1.918332390177922286e-01 1.873565579024063787e-01 2.286452216440203467e-01 2.267937906195091613e-01 2.953012581028248151e-01 2.708798121415902371e-01 2.416334775211466945e-01 2.149030987001513959e-01 2.705083512928416756e-01 2.254559188283443427e-01 1.621479967996879434e-01 3.265714087770441813e-03 2.382101052930890930e-02
1.000000000000000000e+00 3.797635955680814579e+00 2.436710836738361641e-01 2.698416426455029771e-01 2.176093204933207126e-01 2.491406471909325959e-01 2.110706815309368600e-01 2.059160497209493457e-01 2.244968704922648273e-01 1.831107622510004806e-01 1.863880354848846677e-01 1.829116985631349668e-01 2.218708470342238281e-01 2.326258433109792689e-01 3.225361457485722005e-01 2.708471397175300499e-01 2.452662860381237264e-01 2.136243949941719067e-01 2.688234180372546245e-01 2.318002694360176696e-01 1.638138989226122222e-01 3.389749467200263780e-03 2.323120919180790209e-02
1.000000000000000000e+00 6.033398883060259621e+00 2.527101228989062087e-01 2.648029950878420524e-01 2.040299839896506651e-01 2.486720116587524121e-01 2.114161237655458880e-01 2.063884738859064205e-01 2.217929942729692516e-01 1.716553560814461921e-01 1.956105297141742527e-01 1.756119466730134415e-01 2.147079119997761798e-01 2.234947971310626003e-01 3.231182405867260576e-01 2.749271248125970679e-01 2.480088674337784516e-01 2.004417391858189790e-01 2.728392511684954447e-01 2.335696522459182745e-01 1.598722008508030035e-01 3.412350388597038420e-03 2.442398571160509999e-02
1.000000000000000000e+00 1.054925785680161532e+01 2.524078619165805448e-01 2.578785188151249130e-01 2.009019869241104039e-01 2.462287520896423165e-01 2.189302161495104704e-01 2.076065484783323478e-01 2.251326655319604853e-01 1.671113631128918753e-01 1.960520564537766297e-01 1.955017014048030799e-01 2.107174006324862847e-01 2.222198205673162064e-01 3.237806439408688619e-01 2.807811622566800946e-01 2.458265129637511315e-01 1.982104669692562882e-01 2.734156251201933507e-01 2.226263835819131121e-01 1.620736525533859884e-01 3.377588927364478123e-03 2.296118072424226803e-02
1.000000000000000000e+00 1.139442081820602404e+01 2.512998730384211621e-01 2.592884042089620422e-01 2.078661384480054164e-01 2.444897537834902490e-01 2.178113376753915420e-01 2.050252163725459764e-01 2.310333740712728068e-01 1.726332779211947055e-01 1.915091229845915510e-01 1.988992766974274629e-01 2.242463929283109447e-01 2.243888581033263996e-01 3.051323627029301488e-01 2.724439320750727256e-01 2.399129190364317765e-01 2.036854380338575798e-01 2.750951174377859743e-01 2.261573495465726003e-01 1.628987206314580216e-01 3.460859604076056695e-03 2.372657330710632728e-02
1.000000000000000000e+00 1.096830121733648689e+01 2.492296711462804459e-01 2.588427758393811451e-01 2.050551343027785522e-01 2.378470221681458774e-01 2.145080971978830242e-01 2.064125470100793835e-01 2.262546878588889143e-01 1.792270290381549336e-01 1.895328694575825201e-01 2.061283178253458526e-01 2.263277072010052016e-01 2.174650791897929092e-01 2.943445793130149979e-01 2.873071148986765522e-01 2.526112741007491280e-01 2.118027944070766388e-01 2.870229890032019449e-01 2.263077417088971977e-01 1.626888785906056845e-01 3.577208173690021691e-03 2.460141753224467931e-02
1.000000000000000000e+00 1.161852957526897967e+01 2.566167986264207834e-01 2.563851279064696120e-01 2.101727818091060629e-01 2.271494099261856248e-01 2.216611526393082177e-01 2.132787947814590024e-01 2.200227716762980512e-01 1.760971628547800538e-01 1.839381660592639967e-01 1.991556120839625965e-01 2.232465921791493002e-01 2.075889625761156709e-01 2.821385963825923660e-01 2.812159852189931031e-01 2.624694988479570057e-01 2.002260866397329586e-01 2.887396045130189992e-01 2.268532276988889929e-01 1.629032821764985484e-01 3.443590520801229678e-03 2.554798514889752500e-02
1.000000000000000000e+00 1.180487466585022638e+01 2.584604785118344572e-01 2.542053479381486403e-01 2.065396299895678189e-01 2.317684006499488025e-01 2.262509708182828261e-01 2.050638226489012728e-01 2.062629489067357158e-01 1.813947816037723981e-01 1.799841863994264823e-01 1.977037612309929804e-01 2.117759769980441797e-01 2.083107374949539903e-01 2.975609074665498399e-01 2.848443179484138055e-01 2.557952565480220986e-01 2.124169115569370936e-01 2.866902580011342905e-01 2.190309907105143505e-01 1.600198913594328975e-01 3.393625716634265325e-03 2.507898576180705649e-02
1.000000000000000000e+00 1.275973641754728760e+01 2.544275588763352247e-01 2.585033266179299627e-01 2.084170938859519484e-01 2.262279853319801026e-01 2.352068259692198515e-01 1.945125968985718934e-01 2.042411571575609153e-01 1.874633791868019483e-01 1.841624823374947428e-01 1.850528986111052987e-01 1.994084924821648286e-01 2.116899415568676002e-01 3.034085062511763797e-01 2.813524785053996280e-01 2.567511772506883005e-01 2.011185745176557738e-01 2.910097548584432148e-01 2.279571140017768449e-01 1.608661839225742907e-01 3.228435280134265162e-03 2.526949813720717405e-02
1.000000000000000000e+00 1.141099765810994526e+01 2.468992575965534841e-01 2.594076461056452065e-01 2.145561989965426575e-01 2.268971049350457236e-01 2.285856333964836062e-01 1.918924473823045707e-01 2.030261562047701029e-01 1.748811201843876728e-01 1.883020132631948729e-01 1.920215337736027872e-01 2.004917117944914062e-01 2.071332864338119861e-01 3.061917232620703921e-01 2.842829119430979046e-01 2.650175983603113572e-01 1.996120581711894049e-01 2.873257845413021427e-01 2.322862811495197133e-01 1.580092639506323893e-01 3.291553318506354551e-03 2.533354639330800268e-02
1.000000000000000000e+00 1.169101420719782070e+01 2.335800556586611343e-01 2.621716723556574702e-01 2.167046057580160612e-01 2.260262280166836779e-01 2.271457422315221464e-01 1.727333920715592719e-01 2.012715773673125486e-01 1.810374271099780830e-01 1.887058569168413025e-01 1.913428413331063893e-01 1.991850408938534434e-01 2.058043140186888165e-01 2.923439219866573180e-01 2.737063082131782066e-01 2.583358219265863842e-01 2.055416090674110352e-01 2.917504527646051504e-01 2.202797884871917911e-01 1.565671306961035347e-01 3.330792094656781499e-03 2.699714962438223495e-02
1.000000000000000000e+00 1.153763453501699487e+01 2.386312667134294629e-01 2.502792045300181178e-01 2.159434860803269574e-01 2.249803373965280906e-01 2.427111105783366085e-01 1.707562225375525711e-01 2.082409343237490718e-01 1.904779919335909399e-01 1.858047171752607030e-01 1.907561272694875965e-01 1.978850659574437898e-01 2.150630971248166101e-01 2.936524023272464312e-01 2.599522899257945552e-01 2.467037592538455504e-01 2.003702080703559374e-01 2.955634850841941108e-01 2.196907457049074031e-01 1.577876022743014695e-01 3.207174628225410197e-03 2.874997502064288724e-02
1.000000000000000000e+00 1.060161211827887939e+01 2.428262847269908320e-01 2.525174880999712657e-01 2.197945982997761560e-01 2.261600952623055161e-01 2.404378415595236074e-01 1.635191746353359954e-01 2.024898264925905078e-01 1.977306403322785511e-01 1.938320683838984093e-01 1.960164887750515672e-01 2.077273270301285280e-01 2.221886630835275267e-01 3.066295940235859718e-01 2.604373199039752840e-01 2.409484351599889274e-01 1.908853085901497382e-01 2.984610752690402546e-01 2.134279404619676690e-01 1.600632283766919850e-01 3.332939985679721478e-03 3.014369917880679872e-02
1.000000000000000000e+00 9.443635398120694191e+00 2.520182055568364055e-01 2.558183477114693849e-01 2.301518259848698289e-01 2.182555407884753940e-01 2.298874099502523360e-01 1.690312002679687231e-01 2.083842552979379981e-01 2.003828009332304927e-01 1.834429990185808546e-01 1.865194302802142545e-01 2.180637064157475991e-01 2.317617866015751205e-01 3.110544973853651696e-01 2.617501484572487547e-01 2.461244131329485552e-01 1.929273792408158494e-01 2.910778242918781733e-01 2.134998223026003950e-01 1.610323883237466114e-01 3.304606819768221918e-03 2.876468684177218779e-02
1.000000000000000000e+00 9.413931723065003254e+00 2.462256327808678702e-01 2.637816290990644963e-01 2.265362575758768093e-01 2.182609173478910758e-01 2.316173856263101516e-01 1.749177315298379998e-01 2.170964411025523844e-01 1.954892085040180194e-01 1.808763220591944609e-01 1.859856870902452108e-01 2.181522110653851265e-01 2.122147314918626793e-01 3.105720287994623297e-01 2.573416048380013921e-01 2.627006244859249606e-01 1.939712298970317494e-01 2.956823187644476714e-01 2.006552118639951532e-01 1.600292310285070518e-01 3.264194437024700059e-03 2.845470040113266125e-02
1.000000000000000000e+00 8.989925592169740298e+00 2.428704396856078696e-01 2.623058525321418366e-01 2.340442689616643868e-01 2.261142692438181390e-01 2.287576670563623293e-01 1.809546978084733970e-01 2.051564220280822637e-01 1.983183977740493598e-01 1.813225170991927537e-01 1.818535109833714081e-01 2.210565970441693007e-01 2.219221703296096748e-01 3.183734043878148623e-01 2.636957997453872604e-01 2.567312998680366665e-01 1.873708273073656505e-01 3.018894185629816262e-01 1.968544128651696368e-01 1.604917579177852494e-01 3.216431396486375046e-03 2.815752070249776667e-02
1.000000000000000000e+00 1.024672733216855747e+01 2.454333011609187987e-01 2.832258962444898498e-01 2.215004304828761539e-01 2.198675723895209266e-01 2.311069572728558230e-01 1.767168153236947647e-01 2.227267657487714270e-01 1.911922488384808216e-01 1.720316870244917862e-01 1.753344732811140116e-01 2.307209624350051169e-01 2.158583248238639118e-01 3.230030705357328502e-01 2.751661319125086047e-01 2.619533666880785039e-01 1.915668000809996607e-01 2.983726227732403924e-01 1.986589565192965201e-01 1.627408106229082940e-01 3.286077704627274158e-03 2.940749366134583903e-02
1.000000000000000000e+00 9.418468475561555309e+00 2.423085812012829854e-01 2.848942163474736389e-01 2.329183984983357603e-01 2.197752442600252598e-01 2.263668606008660267e-01 1.872060884872808750e-01 2.272550408223167617e-01 2.086550574891546661e-01 1.826728489970456393e-01 1.733493252795932360e-01 2.319482607292552012e-01 2.105935490307269675e-01 3.238618212813898500e-01 2.714171273162916398e-01 2.639930542902992339e-01 2.005141901427995310e-01 2.918525467470950985e-01 1.957160669969544298e-01 1.651310325491495978e-01 3.467341161441275799e-03 2.903636448743254772e-02
1.000000000000000000e+00 1.127811732354391872e+01 2.385096897003060878e-01 2.814778710377284776e-01 2.239871093838236016e-01 2.137208401323888729e-01 2.415033717245805289e-01 1.945410474223994435e-01 2.212178767585031847e-01 2.025216749749034761e-01 1.856547643618320087e-01 1.876618823399767988e-01 2.455409330202453222e-01 2.194761096250967269e-01 3.282519664425293526e-01 2.722356967728883914e-01 2.543386642635259154e-01 2.060658065634729808e-01 2.943654197804260741e-01 1.720021051931444334e-01 1.664221024726185716e-01 3.606823742995800622e-03 2.949498410719625721e-02
1.000000000000000000e+00 1.127383642524615048e+01 2.434987631680269604e-01 2.933857868929189983e-01 2.167486102996200592e-01 2.182658567404475169e-01 2.480037542181098564e-01 1.892009421184101814e-01 2.226699271026280902e-01 2.146453898572347474e-01 1.835764659128769072e-01 1.945121982856207743e-01 2.400365889994540702e-01 2.162319648084773949e-01 3.245432207467720542e-01 2.610069668885845462e-01 2.512190960481924806e-01 2.079436425882685291e-01 2.942470042354358717e-01 1.698976985766851577e-01 1.644544639570592048e-01 3.571275326824787776e-03 2.996121851891625845e-02
1.000000000000000000e+00 1.249414758753443166e+01 2.447654651434819917e-01 3.046550946821552364e-01 2.134939171556673732e-01 2.243395935167625810e-01 2.538021987958345438e-01 1.881701043545350727e-01 2.320806760900894217e-01 2.155922897074320221e-01 1.801882508834112551e-01 1.881353079222261027e-01 2.414610111570997530e-01 2.155585039389551205e-01 3.306903713452825078e-01 2.845550570148400737e-01 2.442460576088799906e-01 2.128981494741126468e-01 2.957500010247724465e-01 1.776911549832853321e-01 1.668601372843889763e-01 3.429739301174768943e-03 3.053919963683558031e-02
1.000000000000000000e+00 1.277332168435839499e+01 2.554271320836199455e-01 2.921530045114695273e-01 2.137294860779996308e-01 2.182309676632951390e-01 2.583720071367088256e-01 1.843335869541136429e-01 2.338378169525303640e-01 2.112726893186259447e-01 1.756838192776614682e-01 1.901408671230175873e-01 2.348162904712529642e-01 2.203081149248285187e-01 3.300263484017098015e-01 2.899113260789755731e-01 2.487053457756695507e-01 1.975789184582246172e-01 2.977467373939375883e-01 1.855186882491445532e-01 1.670160713078079617e-01 3.251721787885636893e-03 3.105352198405869277e-02
1.000000000000000000e+00 1.136527328539379056e+01 2.420082541881540261e-01 2.931555316739947181e-01 2.311444391482502247e-01 2.177018004481129365e-01 2.525956097174331116e-01 1.920903244358435347e-01 2.409208121929925783e-01 2.015016738796783780e-01 1.725287097228959676e-01 1.990044738495335974e-01 2.268899786840700705e-01 2.203329109104940342e-01 3.200600764242564344e-01 2.962666986930357904e-01 2.578633845177046302e-01 2.005242942225541058e-01 2.832340978376130525e-01 1.869698574753193288e-01 1.692518053170945780e-01 3.134473619678059333e-03 3.100905032774827624e-02
1.000000000000000000e+00 1.127103092784151528e+01 2.342142444958458247e-01 3.053960545481508304e-01 2.414652422167206935e-01 2.230300315889146567e-01 2.584754189711657157e-01 1.904336692327385228e-01 2.466699579439474432e-01 2.075023210624732939e-01 1.733631046339192405e-01 2.032599719297705776e-01 2.367837549808250452e-01 2.211121831946935845e-01 3.174219192137316958e-01 3.196950054804008068e-01 2.620651589604118814e-01 2.092526425258627865e-01 2.845509893092258435e-01 1.985348441517489348e-01 1.702511794257431654e-01 3.287697437613261182e-03 3.215799109699991887e-02
1.000000000000000000e+00 1.053472043592848806e+01 2.286622365109291510e-01 3.010507237976078332e-01 2.448659922803947120e-01 2.224271982862783825e-01 2.597215068480794864e-01 1.977310701470348653e-01 2.414308552487899329e-01 2.110808972674727835e-01 1.685727860181391313e-01 2.065536448906420408e-01 2.531430686890961956e-01 2.208351718687673326e-01 3.232847219295825747e-01 3.152543964354371231e-01 2.535867549336090487e-01 2.127412254530712254e-01 2.835155150306910010e-01 1.928784012395985403e-01 1.732042923229024645e-01 3.266364765371388562e-03 3.190961150180434552e-02
1.000000000000000000e+00 1.236817003318278019e+01 2.378418381707027296e-01 2.930511481908441018e-01 2.407978499397472605e-01 2.253258723461028235e-01 2.618758854174512152e-01 1.967061640025574987e-01 2.354603095773077914e-01 2.024990496455751909e-01 1.695130752738326085e-01 2.062024146112795553e-01 2.634211009037266127e-01 2.290817671987532278e-01 3.183455088506745301e-01 3.155374729131720235e-01 2.513558390512459773e-01 2.087767927883783237e-01 2.837850516503754306e-01 1.927239458700243380e-01 1.698713959380883654e-01 3.264725506584687399e-03 3.330332638929965616e-02
1.000000000000000000e+00 1.324638262548054080e+01 2.452377518745499918e-01 2.975864174074841495e-01 2.291861914010354107e-01 2.132679510579832960e-01 2.634488347863797042e-01 1.960682240918564523e-01 2.288297526217503985e-01 2.101574490257848427e-01 1.641298548179952466e-01 2.104043963210197876e-01 2.533540028906501318e-01 2.318434346528921441e-01 3.104055241164046519e-01 3.318963736152675814e-01 2.591055248308520298e-01 1.932083170349698509e-01 2.830453467583319282e-01 1.898077703978176267e-01 1.704620256678250900e-01 3.230589005692311496e-03 3.423858619122890218e-02
1.000000000000000000e+00 1.356507997517537589e+01 2.587085755906725626e-01 2.999726725166923513e-01 2.454142325657059365e-01 2.196140919400068336e-01 2.667303539620264341e-01 1.998914893685123373e-01 2.193766550562258333e-01 2.242529984616552230e-01 1.801354013501135776e-01 2.123943530244013778e-01 2.534795008047461828e-01 2.425032482070997863e-01 3.284899105443711553e-01 3.208722020921214724e-01 2.699057617856746583e-01 1.966951895851820897e-01 2.855973501932941860e-01 1.945755444631191711e-01 1.739375885827776913e-01 3.472601905074160222e-03 3.444868184579871068e-02
1.000000000000000000e+00 1.352799931642056741e+01 2.583978243363799776e-01 2.997309197083463661e-01 2.357465534609334834e-01 2.137865047902269555e-01 2.556417879693563822e-01 2.080084557002042644e-01 2.195109417965511733e-01 2.182008978810922872e-01 1.765059966544326453e-01 2.043814539242383710e-01 2.325810320072691229e-01 2.332356384956061901e-01 3.163857809607911187e-01 3.178944422677566495e-01 2.776998800886393837e-01 2.027866275586175937e-01 2.701757445198487151e-01 1.879783818546768570e-01 1.719342075599644415e-01 3.409121443765665473e-03 3.465993017955441846e-02
1.000000000000000000e+00 1.343481370538173891e+01 2.414098568611577622e-01 2.976162604534994260e-01 2.462167556842474736e-01 2.197526466493699981e-01 2.624225230674143705e-01 2.149018733582473695e-01 2.117756352217504412e-01 2.272204517151159564e-01 1.748446070215835813e-01 2.030867024343939453e-01 2.513723697412644231e-01 2.530069731638958097e-01 3.091591359700477382e-01 3.077810979637412014e-01 2.686057704215643049e-01 2.042973438691592092e-01 2.688700649458471981e-01 1.889621595851094793e-01 1.735299390377433582e-01 3.378066208729261621e-03 3.498774226934424358e-02
1.000000000000000000e+00 1.521874877995447051e+01 2.383317296274203301e-01 2.956636130582503408e-01 2.478778921286652615e-01 2.111723391545760053e-01 2.620242348033111623e-01 2.175906407563440448e-01 2.094828226065975629e-01 2.326781920700108919e-01 1.760991021609367713e-01 1.921432595846883085e-01 2.635359725926452179e-01 2.590466101358400164e-01 3.114579268932974876e-01 3.030873969179023186e-01 2.559196886905984458e-01 2.056852179564821748e-01 2.604806954960896537e-01 1.884968631698150376e-01 1.719724506311745560e-01 3.348309556241750411e-03 3.482709358043082487e-02
1.000000000000000000e+00 1.351336596989012939e+01 2.337105235256802804e-01 2.982148954488229586e-01 2.334031416511174184e-01 2.197271470878389699e-01 2.590538845823948666e-01 2.088664449022278047e-01 2.095598983345862698e-01 2.243233188229603048e-01 1.702885234042250673e-01 1.942408608952296556e-01 2.544805230865215262e-01 2.405308604986364507e-01 3.192686682339118120e-01 3.044739644643909005e-01 2.545829527663404090e-01 2.063320514577940135e-01 2.691451470800385604e-01 1.876143107314469649e-01 1.720084944860541809e-01 3.227197706451759296e-03 3.364299392159386670e-02
1.000000000000000000e+00 1.194638916620570868e+01 2.268006153103434008e-01 2.962256682845551548e-01 2.355917140550695399e-01 2.135991321165988666e-01 2.541382230871934711e-01 2.125143233904935036e-01 1.930141432179902361e-01 2.329296504276715529e-01 1.736652345312924561e-01 1.806226403400605085e-01 2.439014960217470718e-01 2.281459959326193887e-01 3.220531612517093523e-01 3.040730456508194401e-01 2.506315376817747076e-01 2.218122611460950355e-01 2.595858605686752196e-01 1.826988104073452579e-01 1.655566336156611140e-01 3.230142285261697159e-03 3.257886614548672483e-02
1.000000000000000000e+00 1.030957024146393408e+01 2.329684564162622373e-01 3.022111218536305266e-01 2.371635774054389467e-01 2.183185216804484907e-01 2.599688032971645413e-01 2.146454877150197893e-01 1.955627442030062058e-01 2.407660758589029171e-01 1.572537931783018483e-01 1.889711829301860824e-01 2.475414517152434157e-01 2.422740512303194760e-01 3.132639112810872706e-01 3.010495715546930295e-01 2.537340470270609272e-01 2.322700446688763798e-01 2.514637287157721612e-01 1.888555383952950917e-01 1.695601063895587624e-01 3.144367151178028771e-03 3.338662436420670315e-02
1.000000000000000000e+00 1.106586086750282405e+01 2.366446652261925687e-01 3.018275733586363585e-01 2.317875941381961069e-01 2.222457047511979256e-01 2.677208190651297892e-01 2.087897470978966885e-01 1.890000398049910824e-01 2.401143668470540338e-01 1.639427158336722312e-01 1.991043467975267267e-01 2.535950683153928020e-01 2.433341375793159345e-01 2.949209742007237178e-01 2.849454349690340726e-01 2.554716801420124361e-01 2.589285643979883367e-01 2.467356150613859989e-01 1.872883861834971075e-01 1.695836366707172693e-01 3.194785725866133592e-03 3.228893850040283342e-02
1.000000000000000000e+00 1.380846582085043295e+01 2.298668011993224569e-01 3.047595202786506086e-01 2.319563682105469093e-01 2.356699221292547497e-01 2.679738229945863859e-01 2.027008058909045285e-01 1.981973722418917672e-01 2.484908149195332594e-01 1.614394049138831999e-01 2.008711710119994442e-01 2.454506492166696474e-01 2.588073297973916276e-01 3.043853463137971005e-01 2.808577001972819009e-01 2.534657649316585104e-01 2.497213769700516450e-01 2.448264475629846060e-01 1.897900293170786123e-01 1.709659566090206972e-01 3.094183771275442734e-03 3.311196332132656378e-02
1.000000000000000000e+00 1.080386498021900898e+01 2.405964295082758664e-01 2.960733309777955347e-01 2.445829404730224532e-01 2.312061050944145268e-01 2.657139038826774047e-01 1.929655564123280154e-01 2.123429935034104876e-01 2.442116332427601566e-01 1.653114604619828065e-01 2.060127652774243756e-01 2.291298929852837729e-01 2.578119274593501098e-01 3.141398985532041777e-01 2.945219429130742639e-01 2.507091597641498137e-01 2.521357192482616694e-01 2.440637705529378199e-01 1.823655794044072576e-01 1.730343474945555127e-01 3.174705990646646200e-03 3.372059127714837484e-02
1.000000000000000000e+00 1.496093499890913847e+01 2.538461472110958295e-01 2.936864702972569185e-01 2.326818323653335741e-01 2.307522395655662861e-01 2.652952256135273079e-01 1.924802063129836260e-01 2.213588174164999034e-01 2.463687688866985637e-01 1.613446322584304315e-01 2.024981241719947811e-01 2.503097619153241693e-01 2.530218872922964102e-01 2.999256194877262249e-01 3.061399358105877933e-01 2.611870711118442490e-01 2.557986880510621508e-01 2.314341591213719129e-01 1.799150099204020747e-01 1.732527336243639970e-01 3.163027282690015173e-03 3.423807663813931146e-02
1.000000000000000000e+00 1.520499499934166643e+01 2.601973682375974817e-01 2.851193172270997112e-01 2.294386227795216782e-01 2.353473304802737587e-01 2.614562484393245789e-01 1.929877763028111926e-01 2.168645726139085128e-01 2.374611130454324648e-01 1.610914778200180919e-01 2.018247621302722561e-01 2.515456265899457811e-01 2.558953625841784985e-01 2.947166468412787954e-01 3.104231556233668643e-01 2.613450442305548238e-01 2.421916045819406949e-01 2.214060189190214245e-01 1.765619055315531261e-01 1.735784909028343925e-01 3.200441789835606256e-03 3.440869130324430286e-02
1.000000000000000000e+00 1.618324346816665127e+01 2.511411540163984712e-01 2.826375176437778136e-01 2.401112668174241183e-01 2.338815307529238663e-01 2.751658152250331946e-01 1.971996489684916809e-01 2.340270830158447946e-01 2.387932417276954489e-01 1.566164723994890318e-01 1.984745844258045122e-01 2.516460366603797683e-01 2.741052952465695136e-01 2.977989688163433235e-01 3.190059477668629739e-01 2.575829506201696706e-01 2.365800843576322254e-01 2.358357735505682562e-01 1.920474790615469274e-01 1.755880499708216969e-01 3.128361451185346538e-03 3.393377949248003317e-02
1.000000000000000000e+00 1.643745883852550449e+01 2.447446898898459344e-01 2.787233953418155608e-01 2.420829373891318359e-01 2.245644321387577358e-01 2.684814558214565494e-01 2.063337199534076294e-01 2.310050633854834612e-01 2.325436661112942061e-01 1.676395615005337736e-01 1.996461974834941866e-01 2.483479026170365422e-01 2.800380410297465539e-01 2.877069358657097786e-01 3.164503603390531605e-01 2.595125835074222898e-01 2.611462790111523380e-01 2.349039337686469053e-01 1.898747485069062213e-01 1.751431491540212937e-01 3.230088543962303903e-03 3.379724797605847264e-02
1.000000000000000000e+00 2.138679673923238767e+01 2.473455749086816702e-01 2.970794661954803129e-01 2.403529553227227722e-01 2.257151162947084455e-01 2.616083726646749597e-01 2.012368089440209895e-01 2.399134699115685054e-01 2.316760156764272882e-01 1.701935921058077006e-01 1.922423127516895980e-01 2.657600866337561096e-01 2.838360496740305328e-01 2.964561090870563853e-01 3.100470457493511578e-01 2.575633502057342872e-01 2.653784884098039920e-01 2.202444141136709888e-01 1.806496552326261884e-01 1.759474550063274412e-01 3.367352855046028444e-03 3.317138429936001415e-02
1.000000000000000000e+00 1.777567268752072138e+01 2.623524234683455303e-01 2.949856461344230185e-01 2.525068775552319345e-01 2.164537052338602330e-01 2.578652506097338093e-01 1.907587430095781245e-01 2.411590560676003525e-01 2.255721235681941716e-01 1.757495976848152397e-01 1.862994492061135765e-01 2.761321603989830287e-01 2.798913681223190175e-01 2.945832847203443960e-01 3.163531126482600486e-01 2.683222562213771756e-01 2.669184363082165445e-01 2.285261706497586087e-01 1.768779373304895652e-01 1.745731478022739536e-01 3.453386238439478360e-03 3.424298025691863145e-02
1.000000000000000000e+00 1.212747300060594391e+01 2.609073001507953848e-01 2.817588810669716115e-01 2.436635375232938938e-01 2.179255078560208281e-01 2.577094528511554850e-01 1.957224489131884348e-01 2.335649342798801764e-01 2.202928342314486865e-01 1.767037647591595817e-01 1.841529954230144983e-01 2.742465474090850508e-01 2.704300388523530052e-01 3.067363856538784517e-01 2.967197706418881475e-01 2.791954027296617014e-01 2.656740068602148064e-01 2.290554900829704088e-01 1.629488838980220344e-01 1.738678981155015457e-01 3.290017624225805709e-03 3.307912226948916262e-02
1.000000000000000000e+00 1.335186232462833722e+01 2.520872311392559628e-01 2.783841830119306859e-01 2.500527294237180342e-01 2.196211204985321630e-01 2.616084993470838005e-01 1.965684942128531620e-01 2.327686820348665309e-01 2.250562678177625009e-01 1.894814998123929284e-01 1.829171593946277707e-01 2.805038739507504375e-01 2.702295494452162661e-01 3.026184147980053862e-01 2.991568807492189785e-01 2.695424127427523686e-01 2.610999079364948461e-01 2.209454872394470415e-01 1.593946061464821540e-01 1.760318375907417299e-01 3.156165501177926255e-03 3.430077254875336934e-02
1.000000000000000000e+00 1.335271201295941701e+01 2.501696327068735348e-01 2.790503460901845867e-01 2.573689876413430278e-01 2.213734395677607325e-01 2.509292392206352584e-01 1.984069530876566012e-01 2.275570949282036404e-01 2.233572170083900355e-01 1.840840826974317335e-01 1.797909302393116415e-01 2.708379450881002737e-01 2.688820897966543444e-01 2.939022521942200039e-01 3.130246566479847892e-01 2.616434394971826061e-01 2.689507561475517061e-01 2.201866373775129282e-01 1.526286699004758551e-01 1.740202267325066388e-01 3.180232247148498566e-03 3.359316975295583568e-02
1.000000000000000000e+00 1.335521990911198742e+01 2.496069249420087843e-01 2.912315472041632214e-01 2.560547041256827638e-01 2.286017177520211496e-01 2.574251881023277289e-01 1.871245749645105982e-01 2.248629270760394983e-01 2.250407555595636544e-01 1.888334296981303839e-01 1.814458956792430189e-01 2.691031826286378048e-01 2.585047389089049630e-01 2.913491287146960373e-01 3.173070996697494595e-01 2.463599978421796011e-01 2.564478469527792792e-01 2.200791574372249482e-01 1.514161376904515632e-01 1.736262445310351732e-01 3.232795956230052285e-03 3.411645595368936051e-02
1.000000000000000000e+00 1.370279544384503367e+01 2.480948883726850906e-01 2.879575312961779598e-01 2.488389472988533913e-01 2.177862671616430656e-01 2.655541927341107944e-01 1.955977406942401020e-01 2.311825936460450426e-01 2.197537794267589162e-01 1.939695805766404324e-01 1.738834080174400665e-01 2.676591827029700665e-01 2.660157072144974100e-01 2.902099728207616081e-01 3.139835605358037296e-01 2.515539469538853323e-01 2.610423356641867199e-01 2.253523872435474751e-01 1.413963308593637613e-01 1.720956762498519754e-01 3.190207029924249302e-03 3.363389128959500679e-02
1.000000000000000000e+00 1.294521071628611075e+01 2.560345356913938941e-01 2.810657510157674177e-01 2.610659834318243000e-01 2.181112603533739425e-01 2.600979832450626139e-01 2.005551141490607703e-01 2.318652059141776967e-01 2.132325741652547346e-01 1.926856538718259015e-01 1.705064355469579351e-01 2.734248447949959027e-01 2.496244106987414169e-01 2.977935631201517608e-01 3.277646601199247223e-01 2.528100448471720108e-01 2.710360730759573955e-01 2.236189922863170976e-01 1.358452545967064329e-01 1.733331975754718035e-01 3.170047573465117896e-03 3.420395490204689026e-02
1.000000000000000000e+00 1.352892971397078270e+01 2.531469046829032399e-01 2.760352642556863634e-01 2.468844353353910059e-01 2.268764449502003455e-01 2.484986451279035391e-01 1.990946313380847765e-01 2.361388031936413334e-01 2.119739909839180314e-01 1.955116555571468628e-01 1.668474993170500076e-01 2.684405280719079911e-01 2.559708758309739429e-01 2.922566938577455531e-01 3.112292130315634231e-01 2.437972525509088106e-01 2.679768988514264483e-01 2.389806992430967558e-01 1.246793364915598362e-01 1.722581054888893959e-01 2.999957121107452336e-03 3.306066550847219093e-02
1.000000000000000000e+00 1.188904888326010756e+01 2.632027813226173740e-01 2.731112139365106106e-01 2.523746493936999125e-01 2.244926162364941635e-01 2.330829977592893121e-01 1.982077684339918211e-01 2.311783683057123673e-01 2.131277324409003304e-01 1.928276634915334631e-01 1.787416386352647657e-01 2.772340488674034376e-01 2.609770332938512460e-01 2.921708513549830522e-01 2.983058775280266750e-01 2.364064271043001542e-01 2.611849408415893303e-01 2.425788937002282541e-01 1.263216974305088336e-01 1.719628419860477486e-01 3.198439899438867539e-03 3.227824504634616704e-02
1.000000000000000000e+00 8.864771322251618457e+00 2.662639869884321775e-01 2.775042533125845479e-01 2.409959821394655477e-01 2.245019317210963927e-01 2.349203409759001715e-01 2.103598899798910238e-01 2.255377759956826433e-01 2.232277465795625693e-01 1.928043204930786625e-01 1.777841976224397158e-01 2.818411495687252466e-01 2.541666411990041730e-01 2.915750354638861341e-01 3.067070314096419503e-01 2.418301954097394901e-01 2.586728574600936081e-01 2.533267942474320411e-01 1.294726003596440855e-01 1.724248698456939954e-01 3.206664290326243210e-03 3.133754715174243838e-02
1.000000000000000000e+00 1.166837012055542466e+01 2.553874268194881725e-01 2.721351832109045188e-01 2.441204274038231425e-01 2.285036981491428698e-01 2.301463600046705360e-01 2.053100757872169946e-01 2.401970043507277719e-01 2.180542486572130123e-01 1.858847940188537440e-01 1.787300879539271969e-01 2.792526115870017644e-01 2.532337249191116135e-01 2.764656387157780060e-01 3.184630993823976963e-01 2.361519973154629914e-01 2.651604474565895098e-01 2.575429861703814605e-01 1.327021273911296317e-01 1.704795898946947219e-01 3.160218523484746231e-03 3.066717825049740040e-02
1.000000000000000000e+00 1.099857487067237471e+01 2.505295178678121903e-01 2.653881055443074177e-01 2.391257702851669609e-01 2.329955453792965647e-01 2.361905566982352433e-01 2.012159902300972303e-01 2.376340917720688173e-01 2.196551717559000749e-01 1.888328894161941385e-01 1.763008497668256680e-01 2.687900093690566705e-01 2.533997448630945781e-01 2.860275710875546107e-01 3.159941274060615313e-01 2.439666603769569397e-01 2.620921730972680663e-01 2.642416729331525937e-01 1.340981580476545698e-01 1.722032538668208101e-01 3.190141604425595582e-03 3.153963173656371133e-02
1.000000000000000000e+00 8.118867382450190462e+00 2.568406468137400256e-01 2.570401399448873914e-01 2.496469850289618209e-01 2.405681853387477143e-01 2.406632208499079884e-01 2.022346731204298642e-01 2.394993680498322119e-01 2.162047929600802998e-01 1.967955350559680572e-01 1.806573999921203544e-01 2.578654826402005940e-01 2.495482011556687252e-01 2.827677832344899223e-01 3.098574400128856210e-01 2.399150575043267064e-01 2.601206140425404989e-01 2.835308827060053494e-01 1.339504827888236826e-01 1.713604234392229753e-01 3.353922678885856018e-03 3.015722129246742669e-02
1.000000000000000000e+00 7.873992277292371611e+00 2.516715836687563046e-01 2.550578649290437538e-01 2.551179785854739146e-01 2.271189119126976463e-01 2.331890491477823513e-01 2.014883754260736737e-01 2.385448662503055206e-01 2.056378325931302875e-01 1.935436831436227467e-01 1.685539080481726071e-01 2.596079103568184610e-01 2.535821310119734662e-01 2.818731304740965116e-01 3.013481443117179692e-01 2.255229691834032824e-01 2.625720671799742778e-01 2.783663679376752742e-01 1.191972317492558109e-01 1.691311872374482161e-01 3.190463230969217429e-03 2.894193108299100703e-02
1.000000000000000000e+00 6.948459853287580756e+00 2.631768886356702919e-01 2.548350775412017710e-01 2.532130432772883299e-01 2.344093581786682312e-01 2.292136757143144188e-01 2.073762371611242716e-01 2.391987119254594951e-01 1.972649225408358298e-01 1.876927012222823210e-01 1.690919463976388870e-01 2.607628611160033860e-01 2.461806454847520753e-01 2.780741452120938373e-01 3.084557092899700148e-01 2.413885429294558571e-01 2.576017666748212087e-01 2.749330764638528990e-01 1.191162080696785835e-01 1.707175900974134131e-01 3.031901116117676712e-03 2.910879890901324832e-02
1.000000000000000000e+00 1.067187596600743760e+01 2.640317447792163708e-01 2.548334318734425952e-01 2.405892313539149119e-01 2.395250287712891724e-01 2.265004445681818024e-01 2.074447907545183545e-01 2.360237231082797094e-01 2.026574301165170178e-01 1.862645211241811816e-01 1.604131384864273535e-01 2.614841566544573448e-01 2.496524925187250388e-01 2.633096590558091643e-01 2.874859870194557687e-01 2.460217729073376214e-01 2.528263918097102270e-01 2.684958345069827224e-01 1.070591515023822105e-01 1.671598365366963879e-01 3.044847034262910049e-03 2.860430275789028337e-02
1.000000000000000000e+00 9.549516648487584192e+00 2.573278448609050417e-01 2.589097349784520441e-01 2.338868812704840705e-01 2.469523956334858661e-01 2.084805885255772984e-01 1.983484714098704416e-01 2.234738609616476746e-01 2.185708236075501465e-01 1.915801044456164337e-01 1.576678292142524584e-01 2.621973130732120905e-01 2.508994294495138222e-01 2.666590441632387676e-01 3.016517824235795397e-01 2.462122797170816502e-01 2.573406534049995087e-01 2.647261407798836008e-01 9.127276220175062349e-02 1.672211266839894739e-01 3.028222392872362799e-03 2.795070881849187269e-02
1.000000000000000000e+00 1.174049594016068276e+01 2.604906841247096039e-01 2.604302169799347366e-01 2.206521401599097765e-01 2.489821225721484121e-01 2.149021467923309947e-01 2.031096614678498946e-01 2.227290312861482657e-01 2.141602010475189277e-01 1.881817053740856560e-01 1.707715481730850693e-01 2.464032582076112476e-01 2.429457936392420692e-01 2.518752251308820633e-01 3.112403937163781831e-01 2.436591999728839331e-01 2.596490640547276518e-01 2.630020121426586144e-01 9.181925320011502523e-02 1.661765401950870968e-01 3.072844713989589163e-03 2.685141339837381069e-02
1.000000000000000000e+00 1.451655595960467160e+01 2.691570129660477706e-01 2.710247247821019889e-01 2.131988731518858760e-01 2.364280764785177125e-01 2.213587728235735796e-01 2.071019601504989482e-01 2.274538833227752466e-01 2.063057411002670039e-01 1.820368258360242908e-01 1.689226845192919324e-01 2.407573076700334491e-01 2.509649848728321420e-01 2.534146652337509464e-01 3.041290121354113252e-01 2.429365833837920652e-01 2.558692283022825920e-01 2.479561104027152574e-01 1.079933682717948568e-01 1.679496651364125459e-01 3.017387306738597043e-03 2.682541045459986215e-02
1.000000000000000000e+00 1.365740446598074875e+01 2.614545799456277630e-01 2.830718433036698012e-01 2.148844028074840262e-01 2.352720392504890623e-01 2.173056233127494408e-01 2.143404405528104018e-01 2.227150695992676788e-01 2.042887805562481895e-01 1.870877026700461243e-01 1.842067113845819171e-01 2.380491816081229395e-01 2.515976287335491834e-01 2.531557954769864671e-01 3.066965314817282628e-01 2.337152107780590682e-01 2.465267286349948905e-01 2.455406654613262185e-01 1.158460696498696541e-01 1.666645417652068695e-01 2.939193648202053765e-03 2.626880959720104963e-02
1.000000000000000000e+00 1.291868066584403607e+01 2.640146484416862616e-01 2.814801090890635682e-01 2.157356968739234382e-01 2.473943545987547510e-01 2.255621950385036933e-01 2.138495658857093307e-01 2.330292957899413597e-01 2.081827518515846076e-01 1.811377281237834536e-01 1.842946119015397288e-01 2.383357610401982962e-01 2.681333166294327386e-01 2.563148378691894602e-01 3.040933886853803836e-01 2.459292110832041467e-01 2.602068282166583035e-01 2.563057935550843713e-01 1.225524765485328238e-01 1.704430116961924979e-01 2.904594280835184894e-03 2.616357621223234717e-02
1.000000000000000000e+00 1.291683765175948295e+01 2.622715080502653340e-01 2.826678841853518254e-01 2.121772696586175233e-01 2.582897852936099636e-01 2.260503617937835164e-01 2.125158818724986465e-01 2.397550030327654236e-01 2.261113249939358250e-01 1.869850280547223631e-01 1.875017943129793918e-01 2.399511642474455586e-01 2.860702390177686238e-01 2.681384737619849079e-01 3.008031782507880059e-01 2.487796389995068080e-01 2.573443858903069481e-01 2.596160841090501270e-01 1.231843248344985375e-01 1.721906078081462399e-01 2.961591332662199833e-03 2.470522883988000851e-02
1.000000000000000000e+00 1.132591014537687713e+01 2.682976479602837694e-01 2.709678382976220545e-01 2.168118251734369173e-01 2.502792595217874227e-01 2.113074985293530716e-01 2.188739210910380373e-01 2.389584001844262118e-01 2.158688456160321179e-01 1.864961453294973481e-01 1.938422037015026800e-01 2.411992516773001916e-01 2.712609831550215622e-01 2.733689720949400437e-01 3.207732341454704317e-01 2.556385253917464739e-01 2.577203220228977965e-01 2.472606023238103912e-01 1.135117844571538054e-01 1.725433129314681568e-01 3.046946892422229894e-03 2.443814397038898689e-02
1.000000000000000000e+00 9.669120244812914322e+00 2.724986527504493772e-01 2.555413919966596503e-01 2.312372047509062278e-01 2.467375546018375221e-01 2.089786524218670283e-01 2.155268572747146838e-01 2.387047879929105887e-01 2.174515761845338679e-01 1.816070670837070522e-01 1.865409504794492135e-01 2.282206528722883210e-01 2.778259572146598577e-01 2.755542575741821154e-01 3.342308583431403690e-01 2.583252290275498408e-01 2.536129530273741883e-01 2.496488161551670137e-01 1.243174957701445177e-01 1.724882052665406007e-01 3.132855284986641852e-03 2.500040302659872760e-02
1.000000000000000000e+00 1.046919342113199036e+01 2.598872259799727136e-01 2.531874619270198523e-01 2.517011684812034411e-01 2.587254635417007287e-01 2.045495430831696382e-01 2.153905899242059274e-01 2.238394736357098569e-01 2.244517985815738803e-01 1.878128436543305968e-01 1.907717789261934860e-01 2.431882068397995256e-01 2.698226578670662179e-01 2.644907959345466075e-01 3.288067391275357187e-01 2.619233446497980511e-01 2.371446444400348297e-01 2.408863518499166911e-01 1.131749470097342392e-01 1.726363782637444499e-01 3.086222784320380788e-03 2.563429412823698544e-02
1.000000000000000000e+00 1.163661614820420809e+01 2.667499248919120713e-01 2.567440830612015557e-01 2.492322396738612666e-01 2.519703895528550008e-01 2.051144111861358810e-01 2.226730897591197578e-01 2.304423601656262199e-01 2.088566430604711366e-01 1.777391523022769926e-01 1.872419518264891725e-01 2.595734153005774258e-01 2.824537769011215005e-01 2.683563267546684727e-01 3.183618297852118806e-01 2.649079157499922843e-01 2.330755419420759700e-01 2.531551109330327232e-01 1.049915014649224071e-01 1.712240385773952378e-01 3.158622705282084289e-03 2.786759768765004544e-02
1.000000000000000000e+00 6.719464588166268015e+00 2.642946586503242545e-01 2.643122149305643376e-01 2.539120692150489411e-01 2.463403739665272485e-01 2.100516987104923405e-01 2.310256020264092880e-01 2.348279746823500325e-01 2.196585084865534387e-01 1.787825018337895477e-01 1.931157927269361030e-01 2.479464231723418899e-01 2.866714890876810862e-01 2.628372394344073992e-01 3.218287016529556843e-01 2.582585108937257568e-01 2.285728147128775756e-01 2.694480674378646468e-01 1.115921694308891349e-01 1.760351917675904709e-01 3.290923617082325628e-03 2.732543702902922103e-02
1.000000000000000000e+00 9.586881230497896311e+00 2.669961827168531032e-01 2.494522735587520468e-01 2.573125653826993653e-01 2.402143536836779947e-01 2.195435923844693549e-01 2.328973923443749539e-01 2.245465777119425299e-01 2.197237743535017662e-01 1.801401013423843400e-01 1.947636844800872957e-01 2.481580693618639089e-01 2.927430990561677437e-01 2.549542767968975276e-01 3.259620329145593298e-01 2.499147999442884460e-01 2.348988223173063550e-01 2.725583612836688929e-01 1.170960829980156603e-01 1.743561900327908476e-01 3.564114580454926483e-03 2.748054510476920578e-02
1.000000000000000000e+00 7.562878150991902970e+00 2.621866017836029239e-01 2.462346905345738912e-01 2.546918614865086306e-01 2.477006233850307382e-01 2.059666129989876360e-01 2.293856652124106610e-01 2.338262759663472523e-01 2.235200199930557352e-01 1.895105760593094324e-01 1.833717200438121642e-01 2.310006084184235420e-01 2.927794615530455724e-01 2.728492114542538927e-01 3.195281185503380805e-01 2.499643004476104491e-01 2.394246555510556596e-01 2.749702745015658034e-01 1.268023165616718462e-01 1.734894645722163120e-01 3.595865649898333238e-03 2.734900993504355005e-02
1.000000000000000000e+00 8.318222285226077872e+00 2.714992577607224233e-01 2.455927250418424301e-01 2.471243218630316818e-01 2.606525185576658576e-01 2.060065737462846713e-01 2.239065841823061620e-01 2.421978860602564398e-01 2.256418521735884530e-01 1.740621072823209936e-01 1.857099119554066757e-01 2.423558242747591573e-01 2.980835333983769542e-01 2.758533990770750677e-01 3.125189139068735300e-01 2.501230695506483914e-01 2.508491832294318380e-01 2.676081294349945128e-01 1.241835694159808962e-01 1.744429707983634614e-01 3.484890956830389262e-03 2.623295738367078730e-02
1.000000000000000000e+00 1.063932699632915302e+01 2.689723555202646055e-01 2.603472781229567157e-01 2.577220746639063420e-01 2.474986392270103752e-01 2.084238411410199443e-01 2.125847627047071087e-01 2.509457553395307849e-01 2.239043267692438499e-01 1.784922135726316195e-01 1.924597648473249378e-01 2.378846626506488093e-01 2.927393973331780530e-01 2.741976466113688615e-01 3.183667454692440946e-01 2.481123357115548878e-01 2.533885556091672320e-01 2.747975004871091587e-01 1.290951866655637714e-01 1.746278242203018194e-01 3.278496195294696748e-03 2.697449174435601754e-02
1.000000000000000000e+00 1.021667970844553963e+01 2.539506102425898026e-01 2.652792685105577197e-01 2.463733829395125530e-01 2.504247952006629085e-01 2.069502809132233445e-01 2.203810763018409224e-01 2.433337782364984880e-01 2.099014580651266670e-01 1.835437941461436351e-01 1.918126421978215701e-01 2.169647668927988937e-01 2.930352624599428246e-01 2.669734829546163146e-01 3.094029584822686196e-01 2.545319469611603824e-01 2.408371210744741919e-01 2.740187768011072555e-01 1.324097933635632607e-01 1.707880332333465423e-01 3.179390287462178881e-03 2.667743664661941308e-02
1.000000000000000000e+00 1.121732816281752321e+01 2.520430585508173227e-01 2.685142437937978466e-01 2.647901466372654111e-01 2.382737111107558203e-01 2.117655223958687383e-01 2.243242623467839869e-01 2.532894840691574667e-01 2.197512070355244485e-01 1.864528730513358989e-01 1.864076566694565229e-01 2.277259496940149119e-01 2.872645997978690025e-01 2.766168762019419747e-01 3.096606438681295259e-01 2.530204522147856405e-01 2.292955117898388406e-01 2.704199093717500335e-01 1.294093028173065874e-01 1.729023926301788971e-01 3.158757576422102642e-03 2.738682241607996379e-02
1.000000000000000000e+00 1.240666108383584998e+01 2.406732708105652763e-01 2.654213277162217888e-01 2.618401614111470210e-01 2.368111017967571563e-01 2.086699001334537673e-01 2.211639764021681442e-01 2.482161540118023590e-01 2.126084493391092178e-01 1.802120694155952552e-01 1.956456201903658265e-01 2.231647945352360496e-01 2.832566026762028399e-01 2.834594794073604929e-01 3.027412117006229031e-01 2.656409053062886438e-01 2.281708111258069216e-01 2.666327090262145538e-01 1.301060116369571473e-01 1.702838351563799035e-01 3.105593454184893496e-03 2.689272322218482988e-02
1.000000000000000000e+00 7.746332753854646924e+00 2.485848551070443391e-01 2.736544711731069279e-01 2.595602345922665699e-01 2.388264462222617901e-01 2.181998537110269587e-01 2.190580399529781230e-01 2.468949513196367906e-01 2.070478375953237471e-01 1.907709542411902548e-01 1.998250726038791614e-01 2.241729805920684160e-01 2.792843461408376360e-01 2.851398365254081968e-01 3.062322101122094686e-01 2.602132446681302280e-01 2.342564667416503488e-01 2.701886873445584203e-01 1.264367657061158390e-01 1.720423402681989511e-01 3.106432251503726816e-03 2.747761216936032286e-02
1.000000000000000000e+00 7.409540124478587231e+00 2.554396876299012131e-01 2.709198151317751546e-01 2.606324942507056708e-01 2.514700898333853685e-01 2.148810614698445087e-01 2.113804446014166116e-01 2.471764567367539522e-01 1.972211135114297909e-01 1.808894945937298271e-01 1.990567686814655179e-01 2.404742962167151776e-01 2.817900470154878212e-01 2.890805440123149772e-01 3.038970603741574794e-01 2.678199500810514722e-01 2.445408872093418617e-01 2.865183138821345010e-01 1.199021330030328319e-01 1.750430850111348025e-01 2.983366155733181875e-03 2.694974739726338497e-02
1.000000000000000000e+00 7.432084263076673025e+00 2.524903824281818920e-01 2.711301124495301695e-01 2.501012434509148896e-01 2.491571859497081765e-01 2.114449073991359618e-01 2.158435753768283005e-01 2.537233153747179837e-01 1.965727151737622636e-01 1.882523089233729130e-01 2.021006771243639977e-01 2.278055036272987888e-01 2.773599597754076718e-01 2.992783200861858228e-01 2.966799947418214400e-01 2.850106137141577012e-01 2.407602213686649006e-01 2.822270808557958421e-01 1.158369230018848062e-01 1.725036629802162158e-01 2.873751728983587380e-03 2.683671073857224129e-02
1.000000000000000000e+00 9.854311430517554982e+00 2.607010619878202817e-01 2.706780010757682264e-01 2.616235260460743617e-01 2.386325337967883375e-01 2.125096745941134901e-01 2.255207600634722420e-01 2.538892360729563258e-01 2.047628854380632857e-01 1.860479007216760683e-01 2.047554236316527498e-01 2.380434717101018727e-01 2.702090165735600014e-01 2.995350717388902684e-01 3.061148001085438053e-01 2.740124417516501820e-01 2.402676267869440219e-01 2.910202047698354222e-01 1.145342289336035435e-01 1.755323825766445800e-01 2.788816082324575493e-03 2.736071002840406372e-02
1.000000000000000000e+00 1.066958379696523451e+01 2.583833384878642114e-01 2.697025691530745561e-01 2.519092500051821060e-01 2.501322925905050676e-01 2.084439255144955316e-01 2.224463812866903645e-01 2.693480571688448011e-01 1.989989641715184665e-01 1.832842249410018831e-01 2.077132490656065089e-01 2.441664363167949936e-01 2.516525426908639562e-01 3.233889234721525896e-01 3.008688905493662191e-01 2.671675814613312938e-01 2.446632572498547431e-01 2.999111299444154888e-01 1.083034179270142283e-01 1.770494218381136742e-01 2.842575540669537749e-03 2.726789994516654048e-02
1.000000000000000000e+00 9.466097040234750182e+00 2.638198085277627114e-01 2.730876312974654940e-01 2.488176042468606963e-01 2.484033776366261492e-01 2.105428118567357343e-01 2.104908545993602886e-01 2.735358884568370730e-01 2.025108614855952172e-01 1.814036104279236616e-01 2.070126192576496327e-01 2.420038347191174610e-01 2.396295373479732094e-01 3.362863175112514869e-01 2.972724008711689070e-01 2.698940957620581393e-01 2.398859472406378868e-01 2.888367152561581719e-01 1.022855097441484618e-01 1.753021117621200442e-01 2.877420149487258834e-03 2.752850058285828683e-02
1.000000000000000000e+00 9.257257214385081312e+00 2.752756337882967808e-01 2.663173707066290863e-01 2.522208143081536846e-01 2.552256914836171231e-01 2.223893987804732020e-01 2.153998238651303465e-01 2.701735703340466532e-01 2.034877162321798716e-01 1.895965251834012266e-01 2.013208727721002844e-01 2.662209702534993339e-01 2.472298462843598998e-01 3.597564557500471105e-01 2.930095488719352548e-01 2.787866255954148387e-01 2.398511581791923364e-01 2.830192296816643194e-01 1.027628361070226926e-01 1.793224138658242317e-01 2.902508712190976590e-03 2.883550912767481739e-02
1.000000000000000000e+00 6.175394858009485510e+00 2.669840607614117900e-01 2.640612271897319063e-01 2.551973875916465628e-01 2.488698689472691739e-01 2.199432359030322470e-01 2.103139913538926153e-01 2.574418863574950977e-01 2.078011467801131329e-01 1.926187959496229729e-01 2.020952974616384290e-01 2.593529954157521300e-01 2.369265426197404156e-01 3.371443117254830368e-01 2.984322983863021417e-01 2.631278235286910738e-01 2.380093638359642438e-01 2.647091047210038406e-01 9.706992167825002904e-02 1.743560292279921486e-01 3.053029286039746215e-03 2.995744413805145542e-02
1.000000000000000000e+00 5.763086707167001776e+00 2.610608219771856642e-01 2.692434911476818127e-01 2.578922481854998838e-01 2.568925211073774806e-01 2.292220265596278950e-01 2.022407143928503792e-01 2.569668168087850812e-01 2.035179947790711763e-01 1.925433200039895210e-01 2.059497712543347792e-01 2.472052963489965172e-01 2.511372363575014033e-01 3.493357968774903899e-01 3.100443082272664186e-01 2.587652498466126438e-01 2.450881766439370613e-01 2.709194426760119234e-01 1.015326947524998885e-01 1.776382488078978028e-01 3.162890084690694794e-03 2.966513885227097663e-02
1.000000000000000000e+00 7.320025473673907435e+00 2.551103980201541166e-01 2.778426922396156074e-01 2.570349792776999154e-01 2.539940950616997872e-01 2.360367734160635778e-01 2.139730046476229774e-01 2.537409379249330743e-01 2.083610967211129705e-01 1.948860557453883091e-01 2.066821176595670939e-01 2.593012237779987461e-01 2.404034122757136571e-01 3.467666523942314338e-01 2.844116153248437140e-01 2.715794004817962404e-01 2.342449951433530908e-01 2.697064518014256618e-01 1.003979878219813104e-01 1.773090044491143769e-01 3.016263428573379840e-03 2.912947231602945608e-02
