1.000000000000000000e+00 9.783988386864040265e+00 2.366696637204116493e-01 2.678177162060123018e-01 1.759484121809522794e-01 2.336072083652651066e-01 1.684896540558424305e-01 1.993940956171900425e-01 2.053551420717730780e-01 1.712649478050530250e-01 1.141343013794915290e-01 2.336168498961075368e-01 2.135246365458831064e-01 2.133164072304011560e-01 2.611451218461626200e-01 2.775565813935943482e-01 2.142045937065242267e-01 2.077945334417301004e-01 2.392953174419182316e-01 1.157440637610776674e-01 1.501664561382101970e-01 3.758720725111967115e-03 3.103126248316728786e-02
1.000000000000000000e+00 9.300315928374413232e+00 2.527242774866503838e-01 2.583316930824672841e-01 2.338674787564730684e-01 2.451175954208806573e-01 2.278075682837668314e-01 1.879568967304625360e-01 2.112789928468309930e-01 2.025064008956228567e-01 1.900296994722066035e-01 1.833170571598841392e-01 2.705144203332917052e-01 2.330476319133054086e-01 2.598415375153606544e-01 3.001598791787757903e-01 2.410917666029399331e-01 2.380542671324724635e-01 2.404040659113410305e-01 2.503032874222964610e-01 1.654706978370178438e-01 3.386088969569265358e-03 2.371966013966446407e-02
1.000000000000000000e+00 9.275429166913134793e+00 2.604579709375408059e-01 2.536676811890521965e-01 2.220398486171170083e-01 2.437448699472867797e-01 2.309183157334000203e-01 1.823134720347157067e-01 2.258740798303990605e-01 2.025497697331526126e-01 1.891036332357537986e-01 1.828949053474142328e-01 2.567006905692000296e-01 2.443913757535217668e-01 2.632588289108350743e-01 3.060631646918741677e-01 2.373455607445008331e-01 2.186965601338714815e-01 2.406313795625376339e-01 2.324910906933232713e-01 1.658932942608522532e-01 3.343133791981620345e-03 2.452622211390195414e-02
1.000000000000000000e+00 7.746792303848128114e+00 2.535334646594517571e-01 2.637283527122941673e-01 2.339782543175977503e-01 2.346745693760165508e-01 2.245274689319507744e-01 1.879167544463188899e-01 2.259659877201478650e-01 1.899133812515234054e-01 1.870473904932223042e-01 1.889223814156333614e-01 2.603981872103979245e-01 2.310055628826247764e-01 2.761045074911936958e-01 3.228184944853057514e-01 2.376109864934184412e-01 1.978636805199169291e-01 2.581345249727502456e-01 2.419240760548191649e-01 1.640010223579756454e-01 3.407518375517150800e-03 2.449979690024442144e-02
1.000000000000000000e+00 7.695492186196715600e+00 2.606079151526598525e-01 2.593801592830345393e-01 2.359720323799777142e-01 2.288081892275019291e-01 2.154385485686614587e-01 1.994417047801470833e-01 2.366727908534321245e-01 1.858330756495431002e-01 1.981712211912422805e-01 1.841672383860052109e-01 2.567333623085716332e-01 2.323297398577819917e-01 2.893504559674711651e-01 3.056054797281310131e-01 2.364090275612333314e-01 2.111072558324980641e-01 2.753660493926265440e-01 2.391358517310046561e-01 1.656066810478324658e-01 3.644355975544129149e-03 2.384938550356622070e-02
1.000000000000000000e+00 5.779082753315425869e+00 2.569423991544815267e-01 2.635320252008118702e-01 2.452155231312471428e-01 2.354357162472524023e-01 2.214467264267910296e-01 2.069346374908402064e-01 2.468750925897624238e-01 1.875317229980737466e-01 1.969560577203176566e-01 1.838840919787315953e-01 2.569967490495114193e-01 2.442793672926793225e-01 2.865426633519471689e-01 3.048795671746611924e-01 2.389050382796173155e-01 2.219813417871979444e-01 2.573639907840027941e-01 2.401906537004227515e-01 1.695381213108684559e-01 3.564027172829779995e-03 2.323123405505287536e-02
1.000000000000000000e+00 5.628071248212529909e+00 2.560461909363456190e-01 2.630117700681960935e-01 2.588619692292515873e-01 2.240063591167125445e-01 2.279631196446053054e-01 2.159275329833470480e-01 2.378186141142388244e-01 1.957188179832629882e-01 2.040796942889099574e-01 1.807941370490752930e-01 2.434451222142614002e-01 2.373979478088338868e-01 3.082147478840211452e-01 3.107026672516056687e-01 2.339054191094692703e-01 2.265558478927728880e-01 2.499836235384733374e-01 2.319089515934010526e-01 1.709877720292255765e-01 3.630277262359113064e-03 2.457982155384363931e-02
1.000000000000000000e+00 5.320485424440823508e+00 2.578440691015512209e-01 2.622536288516385539e-01 2.613070508653637658e-01 2.200758976679297041e-01 2.277350643504707228e-01 2.079345817686306108e-01 2.320272477966942304e-01 2.001111218551747950e-01 2.098348456977401910e-01 1.780122360902231526e-01 2.423642877049342337e-01 2.385673685168488711e-01 2.929117042520056891e-01 3.088757783172813576e-01 2.389486193757780486e-01 2.330348426274198026e-01 2.499668364376757268e-01 2.311174769193159173e-01 1.689166971636972270e-01 3.574444454600029901e-03 2.408135927879955299e-02
1.000000000000000000e+00 4.937062168472388102e+00 2.515182544596305525e-01 2.525557933058419913e-01 2.566627093730519116e-01 2.195941254056861802e-01 2.360027151184879435e-01 2.119304538752366240e-01 2.406499859331244773e-01 1.939366042281235880e-01 2.045437044775685886e-01 1.809019631891417290e-01 2.364717187126778031e-01 2.467806072885265212e-01 2.907773160439169891e-01 3.116164060081429432e-01 2.351874222701414718e-01 2.302228944966733248e-01 2.536834105433767306e-01 2.284339235080613817e-01 1.681694596022662858e-01 3.541764378113118270e-03 2.395455670266552484e-02
1.000000000000000000e+00 4.683430478102287964e+00 2.495639240230652089e-01 2.614603857138607101e-01 2.540251306912527096e-01 2.329453978684529747e-01 2.295553292139531354e-01 1.965308777485491321e-01 2.398629494220777536e-01 1.990627462174638096e-01 1.998054176478543109e-01 1.746427948267665342e-01 2.287959349443255408e-01 2.457433822626346742e-01 2.931044611453126336e-01 3.187120237203646123e-01 2.240264169042950060e-01 2.405484576501828453e-01 2.471231566128128110e-01 2.314065207441639849e-01 1.682592311702371946e-01 3.683096736490716790e-03 2.459106940995379326e-02
1.000000000000000000e+00 6.076727149419751228e+00 2.449310602544002013e-01 2.609038952110043774e-01 2.547614249558489696e-01 2.382297363013645697e-01 2.302895580149408872e-01 1.985070939976817106e-01 2.302380851382335447e-01 1.893087337317730101e-01 1.961307210762839315e-01 1.734706317225465366e-01 2.354691684868760182e-01 2.391529453726404519e-01 2.959703663150942687e-01 3.122174035199435926e-01 2.328568083158057411e-01 2.356518447244750070e-01 2.442117348345228256e-01 2.305463587549629323e-01 1.660595356342408069e-01 3.660607895521817909e-03 2.426933684319623405e-02
1.000000000000000000e+00 9.157911549217999436e+00 2.390040278528951512e-01 2.586812659986038598e-01 2.665683348605332181e-01 2.292508638316006209e-01 2.208732686943809531e-01 1.885850275996334979e-01 2.212780112771692564e-01 1.809051131902645881e-01 2.003299288088366270e-01 1.740624520765196859e-01 2.291249299214000723e-01 2.394007619266270703e-01 2.956637125429472657e-01 3.012875747147579775e-01 2.366039769819688054e-01 2.301246781954520981e-01 2.509776309980626396e-01 2.290988174089781393e-01 1.636287994385023647e-01 3.637408958246693327e-03 2.455987354174878762e-02
1.000000000000000000e+00 1.001530470886895507e+01 2.311812048576395717e-01 2.743980642980258233e-01 2.729191662583378419e-01 2.170382828377112883e-01 2.237405763035678063e-01 1.997702319907683766e-01 2.106527718162188867e-01 1.802523196003057160e-01 2.158833711026358348e-01 1.764371647578768521e-01 2.248265557530534364e-01 2.403872732660036760e-01 2.945217890760740143e-01 2.933920099898277289e-01 2.492905722692780879e-01 2.306976833156292039e-01 2.428925025106251079e-01 2.259221828778129881e-01 1.650919541689673808e-01 3.878694579793984330e-03 2.476396038117756673e-02
1.000000000000000000e+00 1.065516254131603446e+01 2.410930919078848322e-01 2.715787102503008366e-01 2.682965102892423959e-01 2.164428119944014073e-01 2.283366769226467530e-01 2.091061855756922438e-01 2.131013964387993009e-01 1.771343926199358543e-01 2.091077483945028570e-01 1.740104475244100835e-01 2.236657869847407665e-01 2.306707666861541328e-01 2.873815327329957148e-01 2.903678581002439585e-01 2.508789051623566690e-01 2.298492119255118593e-01 2.378464578331827839e-01 2.350368512450730085e-01 1.656722926021752529e-01 3.638009202648445541e-03 2.457850277507083944e-02
1.000000000000000000e+00 8.968516233357524570e+00 2.461848772074001213e-01 2.693070211079864329e-01 2.580296368809677499e-01 2.108855052595055846e-01 2.281347841412664501e-01 2.127034870102103570e-01 2.138164354234431686e-01 1.831797845493230437e-01 1.946049614163835040e-01 1.807794689163916835e-01 2.251302667346159747e-01 2.313449195651145762e-01 2.940982798528837261e-01 2.806907833014382070e-01 2.525726204038407641e-01 2.199103347692593080e-01 2.270319349312951152e-01 2.255445181984945535e-01 1.624036516627603011e-01 3.783481208663755976e-03 2.407330400444949656e-02
1.000000000000000000e+00 8.685386270918916907e+00 2.436233199218308665e-01 2.622422260088599355e-01 2.569241392658021539e-01 2.180142610941165626e-01 2.353757703358768938e-01 2.114803287803070087e-01 2.107280346130579740e-01 1.824402367694070715e-01 1.991606287866460601e-01 1.850533732295522316e-01 2.104316861319813214e-01 2.262751627608486360e-01 2.999050155169584175e-01 2.925387496282448874e-01 2.482392763207063313e-01 2.309541428040349509e-01 2.348974926580046918e-01 2.128338782074961077e-01 1.627678939086540377e-01 3.766820573707384268e-03 2.381527669051885024e-02
1.000000000000000000e+00 9.594882663805222478e+00 2.423923063998296712e-01 2.563602934825465751e-01 2.594297635689229997e-01 2.173276532478316259e-01 2.343407867389779575e-01 2.154493437601441574e-01 2.105996406727516923e-01 1.867856325799985839e-01 1.977021890328864440e-01 1.866319325144513430e-01 2.141450263446727231e-01 2.201246387464730336e-01 3.002442841405482121e-01 2.947281319192685545e-01 2.380762501887698501e-01 2.409585232212547445e-01 2.356192267584767408e-01 2.072713969910613130e-01 1.639920252919356836e-01 3.646556129974699856e-03 2.258433144431110789e-02
1.000000000000000000e+00 1.025067720355706413e+01 2.555088795687225356e-01 2.577525181021207423e-01 2.590123492776304492e-01 2.133070432160857344e-01 2.385704486911897626e-01 2.127202375762458630e-01 2.067930698240537379e-01 1.876653624907257956e-01 1.827141183288815418e-01 1.831780971465164776e-01 2.072466861881135658e-01 2.257982590241006948e-01 2.994524559671177810e-01 2.965472665489960469e-01 2.495345373502811104e-01 2.436968787297915384e-01 2.351554174809699638e-01 2.049373942842084018e-01 1.642828891454846951e-01 3.585794503759842222e-03 2.224581243047727905e-02
1.000000000000000000e+00 1.132603771111452495e+01 2.562004162479063485e-01 2.631282830231791436e-01 2.642479427217913068e-01 2.051909749570605956e-01 2.324139124455108785e-01 2.131727051295534969e-01 2.229782455110787265e-01 1.844540791719385120e-01 1.991683632476382582e-01 1.862262786450731011e-01 2.148286842677017972e-01 2.354635885327872602e-01 3.077949613089955294e-01 2.952134617993731891e-01 2.413597295824780886e-01 2.465842472006642694e-01 2.438863801281350441e-01 2.032925949389123299e-01 1.655951432864523898e-01 3.539505354519728759e-03 2.176272173103343047e-02
1.000000000000000000e+00 7.865504590916920336e+00 2.534153284910906634e-01 2.688663846431808002e-01 2.529101432623578338e-01 2.019602790638906631e-01 2.418768641754421855e-01 2.091260409623993399e-01 2.269335346902473516e-01 1.920216355902266692e-01 2.020182347373267184e-01 1.771997968356255615e-01 2.215938922189158999e-01 2.299197139125322142e-01 3.090654206919576374e-01 2.745820470017692472e-01 2.537501382685156126e-01 2.445273074619214448e-01 2.422959526844117306e-01 1.965261625243235610e-01 1.660420283921917595e-01 3.640833393815399999e-03 2.156448682575865666e-02
1.000000000000000000e+00 1.016500591776583029e+01 2.403696431520828958e-01 2.706455140185904384e-01 2.490470532563149597e-01 1.942769512852697833e-01 2.597360863573406897e-01 2.035549812791969115e-01 2.198581216410998851e-01 1.967328313082682967e-01 1.989347891179185368e-01 1.728664053386604893e-01 2.316663942133816156e-01 2.376965727669839157e-01 3.118913991008708253e-01 2.772031849593137309e-01 2.471382649973974110e-01 2.470792589324143085e-01 2.430921238882534641e-01 2.134709802288793645e-01 1.659453337542173001e-01 3.727864086354440529e-03 2.130593184848361688e-02
1.000000000000000000e+00 1.209189518153452525e+01 2.406375906554104327e-01 2.592602025973247404e-01 2.474228214496836942e-01 2.006585994292325315e-01 2.490031488485445754e-01 2.078240987417018515e-01 2.106261102723307466e-01 1.868922029739863433e-01 1.928860707099670224e-01 1.701942119990644819e-01 2.203278375502067954e-01 2.434377215355134905e-01 3.085444550199027969e-01 2.716126729724266942e-01 2.350023327072828794e-01 2.402693132451470259e-01 2.450501567093949229e-01 2.116626687542711438e-01 1.624298209533306392e-01 3.537789884902936468e-03 2.171543045991776791e-02
1.000000000000000000e+00 1.283462897362506894e+01 2.351982560142118206e-01 2.642662853194236994e-01 2.569059216452320715e-01 2.050817647502962693e-01 2.571060401510423254e-01 2.080607914737465924e-01 2.099875676997803586e-01 1.845803895408233419e-01 1.958219348797134440e-01 1.710313752890879058e-01 2.143568301913599261e-01 2.604360164692894886e-01 3.239324304896566420e-01 2.806642124520470905e-01 2.352543113343767978e-01 2.310873599232408093e-01 2.339028090684232841e-01 2.141334049214149715e-01 1.617242973237336956e-01 3.496247725591437264e-03 2.203764229405503691e-02
1.000000000000000000e+00 9.170502145735802912e+00 2.466721837538670137e-01 2.547992135006706405e-01 2.515595870388592781e-01 2.054159193845764286e-01 2.501763633988896562e-01 1.978863743234942907e-01 1.972905560495121502e-01 1.805060551513897882e-01 1.917686481268632004e-01 1.824669510946462514e-01 2.107991762667623392e-01 2.457636425677469649e-01 3.055964206268374506e-01 2.662197355381314967e-01 2.383423575043640552e-01 2.386738936103628694e-01 2.179424546314768507e-01 2.138643418259259243e-01 1.617765128481506720e-01 3.615863128847917989e-03 2.362235044487935587e-02
1.000000000000000000e+00 8.810140247267222335e+00 2.433033941674326295e-01 2.582831471702471404e-01 2.377356340184730021e-01 2.094079082183168128e-01 2.416308359915641801e-01 2.033906271442062486e-01 2.008937020855911526e-01 1.785711039906313358e-01 1.905460766468027589e-01 1.749771158586627129e-01 2.258629729230388350e-01 2.393759289576145866e-01 3.051975327123574999e-01 2.565609606544648202e-01 2.471042425040815282e-01 2.525744352582278696e-01 2.076917680379992692e-01 2.193507072417729964e-01 1.604771061435534829e-01 3.688187538370223291e-03 2.393758377370917151e-02
1.000000000000000000e+00 8.643689989439028665e+00 2.398776876426000348e-01 2.544191051915780655e-01 2.325271845091514133e-01 2.026314856699430456e-01 2.457970247746452952e-01 2.007238797403529673e-01 1.961114399638087258e-01 1.780794534393883299e-01 1.864696847168153260e-01 1.802023105500489275e-01 2.237624654375307554e-01 2.445694424237964959e-01 3.144376036647326123e-01 2.426343839397749058e-01 2.341512320413048631e-01 2.505788202471044279e-01 2.102739843108529516e-01 2.252095673651294261e-01 1.597805792176540396e-01 3.608699976487922140e-03 2.320540585495799515e-02
1.000000000000000000e+00 8.384448562889872392e+00 2.462281053474029979e-01 2.586616002672451065e-01 2.270266519321000875e-01 2.064018153018702950e-01 2.508770791175433668e-01 2.056046536637151645e-01 1.920704137954326318e-01 1.735609583776213938e-01 1.870149085182344628e-01 1.818368202258617561e-01 2.366023977931286937e-01 2.383683981988713174e-01 2.989992363905822348e-01 2.495334914047825092e-01 2.418708200066094216e-01 2.475889527057708317e-01 2.102826965059378939e-01 2.141551972388257286e-01 1.583528780560133631e-01 3.591759174729332489e-03 2.333723732940910789e-02
1.000000000000000000e+00 1.093046930085350432e+01 2.471328314756387201e-01 2.544148397537858708e-01 2.220016844930880751e-01 2.115030377756258739e-01 2.537195969890060909e-01 1.947466365944557076e-01 2.092931300110382198e-01 1.727567378460704850e-01 1.881210356216013457e-01 1.752198198536897567e-01 2.334718674534579652e-01 2.397302127628199997e-01 2.792461512322252926e-01 2.620019037285822305e-01 2.513287339874676340e-01 2.528958467015423039e-01 2.052255167592720031e-01 2.172947054583568571e-01 1.595613728276189247e-01 3.648535103168624311e-03 2.232231040666606339e-02
1.000000000000000000e+00 9.591839294805788896e+00 2.486625479555156226e-01 2.577329071588698173e-01 2.252580875613588440e-01 2.163824480469029587e-01 2.484489191718733392e-01 2.023357491552015275e-01 2.081240447359732904e-01 1.747537673549524329e-01 1.811642678281293051e-01 1.804720005142516626e-01 2.312455047578281797e-01 2.422774718352922185e-01 2.898945566190953560e-01 2.666261968579555774e-01 2.378122794933691109e-01 2.475495389459171636e-01 2.205492906819871979e-01 2.134015308326735472e-01 1.614280085185045288e-01 3.833660337967084025e-03 2.285103973777558722e-02
1.000000000000000000e+00 8.872971916237492707e+00 2.564597950140967697e-01 2.643061491805432928e-01 2.198784712902935312e-01 2.157533282594686630e-01 2.446266727413728970e-01 1.949202729557248659e-01 2.087387853063455700e-01 1.764986704197341882e-01 1.769564608424669117e-01 1.853022979967642869e-01 2.208665816200960363e-01 2.368664221063707387e-01 3.036799657164200861e-01 2.613576429132216106e-01 2.356042459468747630e-01 2.453472077795093853e-01 2.239683690163130625e-01 2.181019354024912871e-01 1.608831945021554632e-01 3.836147923038229005e-03 2.184337586348567353e-02
1.000000000000000000e+00 9.706992953473244867e+00 2.494523852150307974e-01 2.738895427825082662e-01 2.206683612438007647e-01 2.217841715047898232e-01 2.308547558644045705e-01 2.075330535492619366e-01 2.031784736408253356e-01 1.824438936047687032e-01 1.864605064130948064e-01 1.865335265107861129e-01 2.222019720623606420e-01 2.444531463493213319e-01 2.993294364920975337e-01 2.662946103893431560e-01 2.384048687752181039e-01 2.499825953984762816e-01 2.155711800829926139e-01 2.226329698272223601e-01 1.618354921927028511e-01 3.938811355201017432e-03 2.025769291106718772e-02
1.000000000000000000e+00 8.981961561890967616e+00 2.531132895257667825e-01 2.714719901762549514e-01 2.140805935555618045e-01 2.243724202446498173e-01 2.402659797921587737e-01 2.023052917931417727e-01 1.985768237811793013e-01 1.780167204023874183e-01 1.849194457418799620e-01 1.904957448159335653e-01 2.035832795917118521e-01 2.457428079161527168e-01 2.834786888321804144e-01 2.757749831184292955e-01 2.300526642318166948e-01 2.408365616597266667e-01 2.201592095117022585e-01 2.368251978831698301e-01 1.589763795290442261e-01 3.947681415179112203e-03 1.920772932749072875e-02
1.000000000000000000e+00 8.503915372824163654e+00 2.510878557051857696e-01 2.678364238880984738e-01 2.180696882969058725e-01 2.121607682664838623e-01 2.251448099550732440e-01 2.041454216718097681e-01 2.090976952631045660e-01 1.783910527671967727e-01 1.886515615176979910e-01 1.852773104702746532e-01 1.960396770706853975e-01 2.426363613732490099e-01 2.703360864992865320e-01 2.630580624954006463e-01 2.423841331347938999e-01 2.439832359187107114e-01 2.199484605801754200e-01 2.422051846520650031e-01 1.588918703075426764e-01 3.878813219901325934e-03 1.815981824831747887e-02
1.000000000000000000e+00 7.530434626426097289e+00 2.447062932058375606e-01 2.509876880521793585e-01 2.258900687512123140e-01 2.078304771635626491e-01 2.397265157523471579e-01 1.948056538809907479e-01 2.185200891886877606e-01 1.841252079885541681e-01 1.859530119083459276e-01 1.713501018110516472e-01 2.010321237476031253e-01 2.463459063888877310e-01 2.723816807306144172e-01 2.472910120881045282e-01 2.325667817283541272e-01 2.442640474101419323e-01 2.231474620068142900e-01 2.311919430796589847e-01 1.569198693376243625e-01 3.746074733519543561e-03 1.788726006672605034e-02
1.000000000000000000e+00 1.033647859667261670e+01 2.458128662208530768e-01 2.516712691429793813e-01 2.252808510969498967e-01 2.011065113583625219e-01 2.218106721993241826e-01 1.852715584903906199e-01 2.186359260977356334e-01 1.907476115011781381e-01 1.839994257908117992e-01 1.669699198306309751e-01 1.963549030854190580e-01 2.461548483870066584e-01 2.836907089434417273e-01 2.516339627630876374e-01 2.305863101219812195e-01 2.370440288614202584e-01 2.204932185740390294e-01 2.324142040226056805e-01 1.548672792427137623e-01 3.595491505998661946e-03 1.800125878411871008e-02
1.000000000000000000e+00 1.057336590533016185e+01 2.321691320949321735e-01 2.629657459065487535e-01 2.279239953071484359e-01 2.056325767371129376e-01 2.221988197355938555e-01 1.798977066438690875e-01 2.210457215298259892e-01 1.894754905276600787e-01 1.907221886601391247e-01 1.751947204417396153e-01 1.942559387674675231e-01 2.446379009510201430e-01 2.779079253124622784e-01 2.637437859024456266e-01 2.353048021825834835e-01 2.412994917762701363e-01 2.369515342644593903e-01 2.275583004043159052e-01 1.589143411657629457e-01 3.519020707706024299e-03 1.821693278182482181e-02
1.000000000000000000e+00 1.101131404672266534e+01 2.368052915078296405e-01 2.532977789513676803e-01 2.274861789169738413e-01 2.157856801033941341e-01 2.230614320085108626e-01 1.841748042458555834e-01 2.286737833214346483e-01 1.861647386869643150e-01 1.873514069039950436e-01 1.754990502610155600e-01 1.918207838297439072e-01 2.453006707455468172e-01 2.684187557738277885e-01 2.804060338016460263e-01 2.250398393478198478e-01 2.318571318125068059e-01 2.494345373055984472e-01 2.187671521256144558e-01 1.582567411996010365e-01 3.589531707647618426e-03 1.708261997538664326e-02
1.000000000000000000e+00 1.316720390701069476e+01 2.494628427378968727e-01 2.554495397403337420e-01 2.347814424609023787e-01 2.121700182970624460e-01 2.127519388668448752e-01 1.940940136487459278e-01 2.137575429727281984e-01 1.745257343086264734e-01 1.832023531778708414e-01 1.598623600548905455e-01 1.925742345214162543e-01 2.474091007173608026e-01 2.715378846807104396e-01 2.887994668876656124e-01 2.162315536513119973e-01 2.249625942149778290e-01 2.448133510864021756e-01 2.082873194124978955e-01 1.562648220945357658e-01 3.680147432404414724e-03 1.817888109345105335e-02
1.000000000000000000e+00 9.213780417844024129e+00 2.571126753135065668e-01 2.470756795402685446e-01 2.321651726239373492e-01 2.162613921398228445e-01 2.133212681610009986e-01 1.953333938958512761e-01 2.130147229321806002e-01 1.805660743070467700e-01 1.800868161205582962e-01 1.661111955310706767e-01 1.847133673514824437e-01 2.589873412273787090e-01 2.802632746097077354e-01 2.836314914368084916e-01 2.123649994552074260e-01 2.167398986030715236e-01 2.500033915701811438e-01 2.235109348659580775e-01 1.580272177853067617e-01 3.703828237067783528e-03 1.725600041991844080e-02
1.000000000000000000e+00 1.029064035698899104e+01 2.431658724150071449e-01 2.536703576963063034e-01 2.359450578108099050e-01 2.199391509444067472e-01 2.023930477217722179e-01 1.907437900106337958e-01 2.217210520647482364e-01 1.786102297197532107e-01 1.852861301746976386e-01 1.703990202461835024e-01 1.975362987831641159e-01 2.610915151913745791e-01 2.751007413019156411e-01 2.772656878391305812e-01 2.096745181883376274e-01 2.114643270604201486e-01 2.410420642464725371e-01 2.264482941397962801e-01 1.557958439456919031e-01 3.679939126316341628e-03 1.743290981047743507e-02
1.000000000000000000e+00 1.106726983442970358e+01 2.481230018253992864e-01 2.583337684493748898e-01 2.312569207064829602e-01 2.185616765942836603e-01 2.064364339726799114e-01 1.955130373782029141e-01 2.114328089213057815e-01 1.805984394433222673e-01 1.777457317344227350e-01 1.742557747791685652e-01 2.102500034390240580e-01 2.659572356843598606e-01 2.736707895288933434e-01 2.898851892088666893e-01 2.206561710607994331e-01 2.069600230191027401e-01 2.355492837487686286e-01 2.247668547607826750e-01 1.599206938704606507e-01 3.385019705289733696e-03 1.705319565438199667e-02
1.000000000000000000e+00 1.020940465879306203e+01 2.480273106763466184e-01 2.625187872912422282e-01 2.209951582340624887e-01 2.242366710182929768e-01 2.226806110071110345e-01 1.987075254278458103e-01 2.131433555581424555e-01 1.781884081248962803e-01 1.685523968196136479e-01 1.713307692951829830e-01 2.157238072985204203e-01 2.709138685909241451e-01 2.734555877901161947e-01 2.959096455199206610e-01 2.085798062745856662e-01 2.104737649456356607e-01 2.344825278726406781e-01 2.226749428170844702e-01 1.597915054774549648e-01 3.468528285880493559e-03 1.769429768223107838e-02
1.000000000000000000e+00 1.037473119769023278e+01 2.367462952855708958e-01 2.685296851402382834e-01 2.268763313187252828e-01 2.257536843897328394e-01 2.255651461190999185e-01 1.989002819601184413e-01 2.155940325208367259e-01 1.711687191000589303e-01 1.671489923589024873e-01 1.748209372688583341e-01 2.176586564073844932e-01 2.641342507069481260e-01 2.717168183737674880e-01 2.909354842485033510e-01 2.048798963831591768e-01 2.070063971296256244e-01 2.435776303795510189e-01 2.007725350984375934e-01 1.588649661164936167e-01 3.557594683545181255e-03 1.744863402062561339e-02
1.000000000000000000e+00 8.244896170513776212e+00 2.306947723529289840e-01 2.569710717348491769e-01 2.292605526155621909e-01 2.237782554946539382e-01 2.081581196894254915e-01 2.006824577006239563e-01 2.049731329585855744e-01 1.810891783833560309e-01 1.623511535413367790e-01 1.786983948908600905e-01 2.237908852387230918e-01 2.572109589860603895e-01 2.585064496946199442e-01 2.954222762764694976e-01 2.127844101034242486e-01 2.138569739871847564e-01 2.564292710436190115e-01 1.842284046385313234e-01 1.571505024714824339e-01 3.730174992426219058e-03 1.715170322866080288e-02
1.000000000000000000e+00 1.182841979523590226e+01 2.320687787326840279e-01 2.631767862578596184e-01 2.376927920428446306e-01 2.345916788798169672e-01 1.942245960969158358e-01 2.001893409029420479e-01 2.090772270631990337e-01 1.825104201166721785e-01 1.624376592475781089e-01 1.820872268695831464e-01 2.269058643377512008e-01 2.471863207543874008e-01 2.534880888842007685e-01 2.978806929359507083e-01 2.110660783083884717e-01 2.164356640938523146e-01 2.502255936354131904e-01 1.855757354082715749e-01 1.563179544828802725e-01 3.860627867965803119e-03 1.818218124998674176e-02
1.000000000000000000e+00 8.352875398089398828e+00 2.315791823911995950e-01 2.605246221973314680e-01 2.344632376725736822e-01 2.313856427364352486e-01 1.946567267193259620e-01 2.002139466205500318e-01 2.086575555525900516e-01 1.853347533187524321e-01 1.688451856332102152e-01 1.808378842685051946e-01 2.442392618583598685e-01 2.427653428627213616e-01 2.575077122973422616e-01 2.854725347094846377e-01 2.004760774792359868e-01 2.189446675182443458e-01 2.503824622764809771e-01 1.863218754113930842e-01 1.580888144263654371e-01 3.810063425224972673e-03 1.993079884001525831e-02
1.000000000000000000e+00 8.165425353773335004e+00 2.460357661379849459e-01 2.670856668480112162e-01 2.306771791658789317e-01 2.237563698778593790e-01 2.028782255507494137e-01 1.982965074146632034e-01 2.095633513099287026e-01 1.934775828905313799e-01 1.674151404019780243e-01 1.826117399819493781e-01 2.386336068459438686e-01 2.490021128396746330e-01 2.502573756958143547e-01 2.839988969686284559e-01 2.158921186557878902e-01 2.139767805502026943e-01 2.527816637543697786e-01 1.727852459694502740e-01 1.595970316827226565e-01 3.839377704329837229e-03 1.991005814796826742e-02
1.000000000000000000e+00 6.627073601206519449e+00 2.436857795906682000e-01 2.454984429707611215e-01 2.568723098057600351e-01 2.257478809854666091e-01 2.121556289002526352e-01 2.058800526996824032e-01 2.025379559434026255e-01 2.040771023966947151e-01 1.683588019522044565e-01 1.719244546997988066e-01 2.466044494375617679e-01 2.339703079457254864e-01 2.538042064095554773e-01 2.957554704357305275e-01 2.187530144282447131e-01 2.135882358216591725e-01 2.511104587819694700e-01 1.636561794846911055e-01 1.609392254560069180e-01 3.705190479240002849e-03 2.062764866666914193e-02
1.000000000000000000e+00 7.631919534104194547e+00 2.380880965821138284e-01 2.432897966872867856e-01 2.405484643208113393e-01 2.253394578937274184e-01 2.037357988138722986e-01 2.021587971080772428e-01 2.039167080681695554e-01 2.010558581736244799e-01 1.616054635667777128e-01 1.668186712727038057e-01 2.608647270695882980e-01 2.217261639503854964e-01 2.454554211710937017e-01 2.927938670628211226e-01 2.101629748371758588e-01 2.110541263389560385e-01 2.486155595807722773e-01 1.685589226240153671e-01 1.567439474818453082e-01 3.603912331761459364e-03 1.949118445450821746e-02
1.000000000000000000e+00 6.612809830280198753e+00 2.381326792101856327e-01 2.440131554755324284e-01 2.384155956950048116e-01 2.255586866562189208e-01 1.941390441160985303e-01 2.107430626194385925e-01 2.036531638163624480e-01 2.102183694439890005e-01 1.575193985900925908e-01 1.718990635003897760e-01 2.549273615829424355e-01 2.196674921127055591e-01 2.555600441842274528e-01 2.968033040110215626e-01 1.966414172273248107e-01 2.174467037129793612e-01 2.455275311291374996e-01 1.555794524543546165e-01 1.560639593544619896e-01 3.600000337346325689e-03 2.194131066726150853e-02
1.000000000000000000e+00 5.961588229729464672e+00 2.507360592743947958e-01 2.590424911515239459e-01 2.213964455308468637e-01 2.215596721149080128e-01 1.954600459722275474e-01 2.142484395953072052e-01 1.999694494738882000e-01 2.084146252324155790e-01 1.716148045030498059e-01 1.820390835757644266e-01 2.470664675024402124e-01 2.152394259460722881e-01 2.656901624546747498e-01 2.994445587561240796e-01 1.941012805799549601e-01 2.027129432668759168e-01 2.485629026011883236e-01 1.601744140717677456e-01 1.587090479195731318e-01 3.496621907665170993e-03 2.193641948894215626e-02
1.000000000000000000e+00 4.279545391471478943e+00 2.455586532812842893e-01 2.568257685189821449e-01 2.232686243648574487e-01 2.204652506013085322e-01 2.023018122436701094e-01 2.099480124312969875e-01 2.014350658469121480e-01 1.990356696477183218e-01 1.568515001712603718e-01 1.748736037274588595e-01 2.391217688298977462e-01 2.228341027856201584e-01 2.718225900125069705e-01 2.945425700573582883e-01 1.878285409330622546e-01 2.060080757232480020e-01 2.526191222642784062e-01 1.489104698412578309e-01 1.585390821599274858e-01 3.377975358647742656e-03 2.287259493614282949e-02
1.000000000000000000e+00 4.492268680404817083e+00 2.384114930204633553e-01 2.545171292251230399e-01 2.135246024070017457e-01 2.239372842137904718e-01 2.002589102842117774e-01 2.030261185690956371e-01 2.079076547375499351e-01 1.917352729310093373e-01 1.614193685553560742e-01 1.736979153465522119e-01 2.273727796768660048e-01 2.215400244039267275e-01 2.798890790690458097e-01 3.166452880097973543e-01 1.902238776917003771e-01 2.095062731423971703e-01 2.563760003836276224e-01 1.619021550165337664e-01 1.547348115065199925e-01 3.352399725141343070e-03 2.323995341440639184e-02
1.000000000000000000e+00 5.717397404424517049e+00 2.393409767101343788e-01 2.597364356967401533e-01 2.154909746276480464e-01 2.198450578256128662e-01 2.050775091467058608e-01 2.055103421609573155e-01 2.187290776735546505e-01 1.756168075314753219e-01 1.574757389179567701e-01 1.726051587281077493e-01 2.257838275722602595e-01 2.134292812507286585e-01 2.837719088493729780e-01 2.946923818582256605e-01 1.863748620677685153e-01 2.094094352492250621e-01 2.492973525224572717e-01 1.617937423851367462e-01 1.558662748482951277e-01 3.327472908401999177e-03 2.253654628632111370e-02
1.000000000000000000e+00 9.536454559555325616e+00 2.358664111910233063e-01 2.440634882922559645e-01 2.308433054033366683e-01 2.291567443514810065e-01 2.002174118695297100e-01 2.086914972168172067e-01 2.134185009377573550e-01 1.885559946302585999e-01 1.575512845535192996e-01 1.762489322885321397e-01 2.228628439259781324e-01 2.058849966112519247e-01 2.826144387174586159e-01 2.931509907227885514e-01 1.953589678188716039e-01 2.167080284590048311e-01 2.441437491728392917e-01 1.511577918204926041e-01 1.567749807959522845e-01 3.292273241077869547e-03 2.244702171004089863e-02
1.000000000000000000e+00 9.770330771838825257e+00 2.382493516151297508e-01 2.472201286298168765e-01 2.295305906357987258e-01 2.160257533144405717e-01 1.967601957258484080e-01 2.003076642194998591e-01 2.036063953088405598e-01 1.866184237924809752e-01 1.635033654613686216e-01 1.826869623788568153e-01 2.301354954005468689e-01 2.026209180776700758e-01 2.919170658137978380e-01 3.129059211472725588e-01 1.960046194183716894e-01 2.172652991493599361e-01 2.341345430202811939e-01 1.497923560705459456e-01 1.539612517766122679e-01 3.402754440113012896e-03 2.341745585427301712e-02
1.000000000000000000e+00 7.076458582160604749e+00 2.398638990987378428e-01 2.492368375924389479e-01 2.152079669931023786e-01 2.289414571648196728e-01 2.043566421079812678e-01 1.963643201511394432e-01 1.978204534562381101e-01 1.967686676911739041e-01 1.711375457041642290e-01 1.771242545147491132e-01 2.239528857729096156e-01 2.051425479117840733e-01 2.943175541308623022e-01 3.033363409497022434e-01 2.000063579683723503e-01 2.040952030906817705e-01 2.241783616429996184e-01 1.556215136152104828e-01 1.561592770547029774e-01 3.569355216849304756e-03 2.355181853717591700e-02
1.000000000000000000e+00 6.281683336909738458e+00 2.498341414478365552e-01 2.427568101131132583e-01 2.211492290343408385e-01 2.345010127639224340e-01 2.039876574317774915e-01 2.038468986705401220e-01 1.948567349715571440e-01 1.999425080443231473e-01 1.734711952749021513e-01 1.642768913870732428e-01 2.259666479242626869e-01 2.133758845195961873e-01 3.002296672281288270e-01 2.971869956787756561e-01 2.012544682085708470e-01 2.044048526468084104e-01 2.258960300137308197e-01 1.593743259896411857e-01 1.580921517669743037e-01 3.560470148952553458e-03 2.483309312827622350e-02
1.000000000000000000e+00 5.717515476370813587e+00 2.503703632061484163e-01 2.390600740922244338e-01 2.229360665146796483e-01 2.253182715519061463e-01 1.948113080134077357e-01 2.044068934416895800e-01 2.005412432235785247e-01 2.148415976398523608e-01 1.711559341836690895e-01 1.621556448820131724e-01 2.235840067747995874e-01 2.195711603773594922e-01 2.969509998716463595e-01 2.864116975474694238e-01 1.995857261504713487e-01 2.044827931573338087e-01 2.424421071699990049e-01 1.512649326801952798e-01 1.568104087527009693e-01 3.521688425004328854e-03 2.664639628990200446e-02
1.000000000000000000e+00 9.643105719267053288e+00 2.421228821650893703e-01 2.488872068614197408e-01 2.219235013640099008e-01 2.226040582167261028e-01 1.939765582048088854e-01 2.082123288750881152e-01 1.938156518566583608e-01 2.120092677613006349e-01 1.723049944725713600e-01 1.585024481424877063e-01 2.322810350192915096e-01 2.249808184238500930e-01 2.878783421578471335e-01 2.811588026979687238e-01 1.880547493349934429e-01 2.072303334075215331e-01 2.626341368613900884e-01 1.478075051798575235e-01 1.567243103707938734e-01 3.498112210638114859e-03 2.620568686219587606e-02
1.000000000000000000e+00 8.336972304120520150e+00 2.328547756611061559e-01 2.634455918145271469e-01 2.179987367992867187e-01 2.225508816065221718e-01 1.887321135512801673e-01 2.024398965499072389e-01 1.857507075725129408e-01 2.178138805313987181e-01 1.726124667297928295e-01 1.668852962298804643e-01 2.224419441139375009e-01 2.145145344952511524e-01 2.807021892044825329e-01 2.841063189822454205e-01 1.750083685088761609e-01 2.034052550661886449e-01 2.492835941224003926e-01 1.452720401333068012e-01 1.544021078453164109e-01 3.452037078937326975e-03 2.678584305950818673e-02
1.000000000000000000e+00 7.464016766831001348e+00 2.322335307759918754e-01 2.513601623963772624e-01 2.254444855332461695e-01 2.289226334273752050e-01 1.933005195586489644e-01 1.958054131508870366e-01 1.830295922625733707e-01 2.192989176364429915e-01 1.587094376856932887e-01 1.704539064964798456e-01 2.305095191092035034e-01 2.150688432334985911e-01 2.767781022416981318e-01 2.925938291328704088e-01 1.770099925893870718e-01 2.018080538151215686e-01 2.531276913587823252e-01 1.253647068259428898e-01 1.534887078519117376e-01 3.356102227196373390e-03 2.820617534175771240e-02
1.000000000000000000e+00 5.225375392875529101e+00 2.283449929073556595e-01 2.533065149488234469e-01 2.161463278460442061e-01 2.358300945403686011e-01 1.833916674026206672e-01 1.900224942538592254e-01 1.979023301769550769e-01 2.161543325072653732e-01 1.502557384766021464e-01 1.683819447451874174e-01 2.305152342388916697e-01 2.129936477251507254e-01 2.686857675527855593e-01 2.798336761782920235e-01 1.751246700084101160e-01 2.103836574065923726e-01 2.391145252039946212e-01 1.401575467216163162e-01 1.524461845639905888e-01 3.278921645020724945e-03 2.800572651616328734e-02
1.000000000000000000e+00 5.403417680727498507e+00 2.278722799981733604e-01 2.539802685751245126e-01 2.118589670675881387e-01 2.265660442644270023e-01 1.862239792220813650e-01 1.972970467166066111e-01 1.964983358509066191e-01 2.000200657083777145e-01 1.434040118749045079e-01 1.615721442133553620e-01 2.184419395830625998e-01 2.096347350143441257e-01 2.844162384687105027e-01 2.835643853185076391e-01 1.874875284477499071e-01 2.046515429687918997e-01 2.318166715690592738e-01 1.443068524343947279e-01 1.515475385082608872e-01 3.318197860047169493e-03 2.733139206747238828e-02
1.000000000000000000e+00 6.107068830373950874e+00 2.291317094149099010e-01 2.581452133986055775e-01 2.122247520247955155e-01 2.162958118286531506e-01 1.843115127726985270e-01 1.921834419079557765e-01 2.116768805162367595e-01 1.900555782944201855e-01 1.456918857263378997e-01 1.602259739840725394e-01 2.148068812265007399e-01 2.002964791881506057e-01 2.949106600602293682e-01 2.774031361827934972e-01 1.913423947727724839e-01 1.966883061082596029e-01 2.348736268691326567e-01 1.566693993782693473e-01 1.509851804857544333e-01 3.131681794667769397e-03 2.765761587977454486e-02
1.000000000000000000e+00 7.370250757516640938e+00 2.257447561590902041e-01 2.511285920799623539e-01 2.104924694003726116e-01 2.206876643611267730e-01 1.907117833610887658e-01 1.813019325142920524e-01 2.040399923487048739e-01 1.914064768674019756e-01 1.379353890600031884e-01 1.492276343446788389e-01 2.211297556698400280e-01 2.007094348631362490e-01 2.797353666336417910e-01 2.861799364491872666e-01 1.896145538291474364e-01 1.873850536191409566e-01 2.334942247622174005e-01 1.548291988140584607e-01 1.482611280987768121e-01 2.986556116964074730e-03 2.822386140840665858e-02
1.000000000000000000e+00 5.899330494712529571e+00 2.350678690183411190e-01 2.396114346856134392e-01 1.988340710622374941e-01 2.286965799243929343e-01 1.976395913235353130e-01 1.796775870113877238e-01 2.024630949063252472e-01 1.919097001781241152e-01 1.401487261842633836e-01 1.549327553973671723e-01 2.251500754765696499e-01 2.052394122615135430e-01 2.690832337306360844e-01 2.792225847105020975e-01 1.910366462596884973e-01 1.799927065341954679e-01 2.346941517695232404e-01 1.614069682629352964e-01 1.469694058264773839e-01 2.946908607694019924e-03 2.832522075516891169e-02
1.000000000000000000e+00 1.023332542592694772e+01 2.383206772172343224e-01 2.439585122199365852e-01 2.053669799130504736e-01 2.260950288074446701e-01 1.824002347533020263e-01 1.819966443154343860e-01 2.064092317486839190e-01 1.886347169339073482e-01 1.490119634928085413e-01 1.660197143813020026e-01 2.281518223755616692e-01 2.098017555485276187e-01 2.706609959253158393e-01 2.705312378250088190e-01 1.880466281987622501e-01 1.956584275327089006e-01 2.501114854154983802e-01 1.605896999276540671e-01 1.506247309950801416e-01 2.975555465246944222e-03 2.708154837657932718e-02
1.000000000000000000e+00 1.217959644820716925e+01 2.396831031263892409e-01 2.369230159653055445e-01 2.012813485090946541e-01 2.307808422904753243e-01 1.933703047633921202e-01 1.779340690524355006e-01 2.175309717910431373e-01 1.983395950334037594e-01 1.473059515154638843e-01 1.687164413082083425e-01 2.262288553392596269e-01 2.078165014960804136e-01 2.661944839911907223e-01 2.771239078068279404e-01 1.858032878998911452e-01 1.907993464601541733e-01 2.519611913206947218e-01 1.418714779217444266e-01 1.490505785298122110e-01 3.236905044504763147e-03 2.834282395477298599e-02
1.000000000000000000e+00 1.198393119780153526e+01 2.412357706590659845e-01 2.342903817812613809e-01 1.908746122042733473e-01 2.461880580955494724e-01 1.950909813764830913e-01 1.739884373088576575e-01 2.081607711799193794e-01 2.028331844260506389e-01 1.498470570912774358e-01 1.612379893660729480e-01 2.133666551377275677e-01 2.041244011816065185e-01 2.519533821728582867e-01 2.924947490586737309e-01 1.896284730870008983e-01 1.858226522541382431e-01 2.528639720505153066e-01 1.434633132476443029e-01 1.502963006262322543e-01 3.293670184295933827e-03 2.798405398296902394e-02
1.000000000000000000e+00 1.121040674499820078e+01 2.489216099071249466e-01 2.286389129784432706e-01 1.884134721369657983e-01 2.347921568052160346e-01 2.085739718988715297e-01 1.819621549275368955e-01 1.921940834184569236e-01 2.051962013924682471e-01 1.545287556314107469e-01 1.611468846330250948e-01 2.062358523789585563e-01 2.040816876432749449e-01 2.525476295107586533e-01 2.931192391895595106e-01 1.784290037383812755e-01 1.865967756872826677e-01 2.548166508427921473e-01 1.415574528097285623e-01 1.484460350691840236e-01 3.312728711741775352e-03 2.768307349791106903e-02
1.000000000000000000e+00 8.840037436550094441e+00 2.474815560755722621e-01 2.408450340488142161e-01 2.004590396970005461e-01 2.160798574298039565e-01 2.078290444709227081e-01 1.794132186427089271e-01 2.137748909081942095e-01 2.006031506549756926e-01 1.431936034031988103e-01 1.578171037736663396e-01 2.338719529370944794e-01 1.994826634696161560e-01 2.664863606673517626e-01 2.924128290442489231e-01 1.793598932519110123e-01 1.970995909641057309e-01 2.603626502765386541e-01 1.529675569973517890e-01 1.503683415669338497e-01 3.267757664791811918e-03 2.720532043856376328e-02
1.000000000000000000e+00 9.161916223328390174e+00 2.495962850422786261e-01 2.405854810320471049e-01 1.937273780324835493e-01 2.205536648978525249e-01 2.091973966981097721e-01 1.757864482726518018e-01 2.181450275659864158e-01 1.982761425268818878e-01 1.386725440254381325e-01 1.739715588601954410e-01 2.237934647423350243e-01 1.919691911305107801e-01 2.725881040726457205e-01 3.005655586172778504e-01 1.800092791617486365e-01 1.993605050489181962e-01 2.580765920870773389e-01 1.462405647458932534e-01 1.512453393688858450e-01 3.379254197909836461e-03 2.841682248259495489e-02
1.000000000000000000e+00 5.872167897849164042e+00 2.452428272042775914e-01 2.383616409812800430e-01 2.161150501019327708e-01 2.230842277812202512e-01 2.036830377821574334e-01 1.781011709395085851e-01 2.214959976107360451e-01 1.950708029681043343e-01 1.397273162051792528e-01 1.848041347895074682e-01 2.197980094604030099e-01 1.970939283440255319e-01 2.830635868612106920e-01 2.928204210062641533e-01 1.871162172599414586e-01 2.144672043552403595e-01 2.512192524245315806e-01 1.444782755728468426e-01 1.523008431270136409e-01 3.276172898810172495e-03 2.955628053163593047e-02
1.000000000000000000e+00 5.527659391729818239e+00 2.411574370712883109e-01 2.462683019020889819e-01 2.136858503877723525e-01 2.217546480350431060e-01 2.090521277179499260e-01 1.743494099556679722e-01 2.168556216249090673e-01 1.892784709851421110e-01 1.411545209008060187e-01 1.967395385245716555e-01 2.153693139533510159e-01 2.008741551649653734e-01 2.833648575730139396e-01 2.870056272811410958e-01 2.002742275327574484e-01 1.987772845474634620e-01 2.398930730398777245e-01 1.341525856404600647e-01 1.531677915863326189e-01 3.250578368389798762e-03 3.032116960485291973e-02
1.000000000000000000e+00 6.389139815307175674e+00 2.369213208933662607e-01 2.534326861522064323e-01 2.104622110880398911e-01 2.072354168636390270e-01 2.012331262901934370e-01 1.679043444601454049e-01 2.164793239889196974e-01 1.854573061729690719e-01 1.353568263732657095e-01 1.939310239100374422e-01 2.090078355447477776e-01 2.074262073111833027e-01 2.700597193604912793e-01 2.822664996211978194e-01 1.984012334532139765e-01 1.982743240497522319e-01 2.405557031136879298e-01 1.267552017952772447e-01 1.503674161847940727e-01 3.492772673518146093e-03 3.078402722995339513e-02
1.000000000000000000e+00 6.436505813866032710e+00 2.227186434278485838e-01 2.514998312072670994e-01 2.107681276387305125e-01 2.197436878923779702e-01 2.032736688429500893e-01 1.635574674087652280e-01 2.172888713422738149e-01 1.923447621808857533e-01 1.273244339462431540e-01 1.875738899028315809e-01 2.163982513697209065e-01 2.049585256506085418e-01 2.685758887952677254e-01 2.807560812262776540e-01 1.871380238352642056e-01 2.042659411556898008e-01 2.253820707220904884e-01 1.222551061007484258e-01 1.479106956528478956e-01 3.503717941999236370e-03 3.134496815915421147e-02
1.000000000000000000e+00 7.230926943980156452e+00 2.368091561903312714e-01 2.477474991074580801e-01 2.064925749703481195e-01 2.143271739791750563e-01 2.015485839615770991e-01 1.735791197029890320e-01 2.064086474932523840e-01 1.920428932517562193e-01 1.227480811465356675e-01 1.996943965458136128e-01 1.937929228593567033e-01 1.975531805415407238e-01 2.491450043413491189e-01 2.783730055092739075e-01 1.958337146250774541e-01 1.971588933158325563e-01 2.226650245497598379e-01 1.197245101058523747e-01 1.485210649451007558e-01 3.429901864956185625e-03 3.256702781131407681e-02
1.000000000000000000e+00 9.277269364326894419e+00 2.254024056437458345e-01 2.413448446188971586e-01 2.047194968384136171e-01 2.051877833131608431e-01 2.003799618432841878e-01 1.868435084626070275e-01 1.926440631799039571e-01 1.869706848266901034e-01 1.283049656495931223e-01 1.998408750634560749e-01 1.770910549718200389e-01 2.030733577050187477e-01 2.505106790187026089e-01 2.773549492251540793e-01 2.062403645407346608e-01 1.874628399739614315e-01 2.263577280673840231e-01 1.197156631307501745e-01 1.454424184728041747e-01 3.507183096754003769e-03 3.206814544393141175e-02
1.000000000000000000e+00 9.085307384660600505e+00 2.287981304611597100e-01 2.414642365665987389e-01 1.978005397813790145e-01 2.039831435727899045e-01 2.091404009983302004e-01 1.970839154232002233e-01 1.965734048167560311e-01 1.898257032509338971e-01 1.271187940759372081e-01 1.937287223869107455e-01 1.841932829733538279e-01 2.115677521696725238e-01 2.478421705797092534e-01 2.655761069166341359e-01 2.100782212421296591e-01 1.765007402134074477e-01 2.361790558595857903e-01 1.274191988637756734e-01 1.459231910650259090e-01 3.559621973548487712e-03 3.053502059507381960e-02
1.000000000000000000e+00 9.459260444614850272e+00 2.253293506455051332e-01 2.355738363921367484e-01 1.937865306798238207e-01 2.112775435247407629e-01 1.951202417220373186e-01 2.017841144295280942e-01 1.890491091861801198e-01 1.815906057658702444e-01 1.246394970442041145e-01 1.847146061445440746e-01 1.929264275558550401e-01 2.089282636398531456e-01 2.594230307730638896e-01 2.485191810053223316e-01 2.007851872593985898e-01 1.845973420123542541e-01 2.459191728119580478e-01 1.243977392457261966e-01 1.442101254083986428e-01 3.343251269936229828e-03 3.053197355773993107e-02
1.000000000000000000e+00 1.001394500118876607e+01 2.320000075999734401e-01 2.288795104655723944e-01 1.865441399047085280e-01 2.027648339007601941e-01 2.007502481896247803e-01 2.032951464742866754e-01 1.908924878411055182e-01 1.834492684866138867e-01 1.181220678610745006e-01 1.772649419484213229e-01 1.944379368207218017e-01 2.017245114442509646e-01 2.778094128613127767e-01 2.375644863581511390e-01 2.004644423885724447e-01 1.879202834985658210e-01 2.435020128334232370e-01 1.285733144198266120e-01 1.431049260212254870e-01 3.171515516925197710e-03 3.074061242406718464e-02
1.000000000000000000e+00 9.235127836606240592e+00 2.356457063047916467e-01 2.247238206658943582e-01 2.085696362338995413e-01 1.994470634811807142e-01 1.919509298392317043e-01 1.986743732071848678e-01 1.885260939298839811e-01 1.786414407340886634e-01 1.132782056146831862e-01 1.834337735324977070e-01 1.853978481142690149e-01 2.012146612809207202e-01 2.828646827393211383e-01 2.496813362529431146e-01 2.120399698808239919e-01 1.741932981209610987e-01 2.415327327433639537e-01 1.325610075798481780e-01 1.444864281459314337e-01 3.208770183427990356e-03 3.004738590837150586e-02
1.000000000000000000e+00 8.918633237675189562e+00 2.314173523767873719e-01 2.370064202873566339e-01 1.985083479885297875e-01 2.086111290618856973e-01 1.908611173607216716e-01 1.986316818203121282e-01 1.978434316331467990e-01 1.812213597971640000e-01 1.146862871518403298e-01 1.844414924389999044e-01 1.805316789054853543e-01 1.931990923529665893e-01 2.833640017322925364e-01 2.541778256406617698e-01 2.082946809221198348e-01 1.779702017531825109e-01 2.568094306332925902e-01 1.406944830787955902e-01 1.449923022462847877e-01 3.195105164610940931e-03 3.060585265924410311e-02
1.000000000000000000e+00 1.118119534634115730e+01 2.375730692684781820e-01 2.454244572553201109e-01 1.905507799090778442e-01 2.068117516749264362e-01 1.905186497801986123e-01 2.086619384680529488e-01 2.031096052643757699e-01 1.666714555399017583e-01 1.169512076578384796e-01 1.922139280594487576e-01 1.776446440297861917e-01 1.835845353384757128e-01 2.710463128329909099e-01 2.571266868391457461e-01 2.038036883507085562e-01 1.772127995884253127e-01 2.563437567543309648e-01 1.267145791599669225e-01 1.452006331257819083e-01 3.258344810876149470e-03 3.010306506092631437e-02
1.000000000000000000e+00 8.763274122708226699e+00 2.325273156738164870e-01 2.448355361120066742e-01 1.953076560091011327e-01 2.207412971300656557e-01 1.876730659132865298e-01 2.129612840043380861e-01 1.998413755014549487e-01 1.773690899164307999e-01 1.221920383035073193e-01 1.911768813956577218e-01 1.753595626446136091e-01 2.049516714234591030e-01 2.562914572826963111e-01 2.696923801926459641e-01 2.204786454561036280e-01 1.815560647378200165e-01 2.592317899976558926e-01 1.354039207792118726e-01 1.469661145601235952e-01 3.213586715728120047e-03 2.990048543431203174e-02
1.000000000000000000e+00 1.081728651072432079e+01 2.356523200800814122e-01 2.343963566166661072e-01 2.066728181742212289e-01 2.206654742036530947e-01 1.911226922947551199e-01 2.024741347701740912e-01 2.107895824434912746e-01 1.794380060732891080e-01 1.210244103189122844e-01 1.919403116262489717e-01 1.778114065623720985e-01 2.166115230997457675e-01 2.574365997225897540e-01 2.664888219466141073e-01 2.209857129043318325e-01 1.848711667178299933e-01 2.598058570061708705e-01 1.310535660466130570e-01 1.505436986773512342e-01 3.158644249648122002e-03 3.154196391131700722e-02
1.000000000000000000e+00 1.241307537741496958e+01 2.296865702425155142e-01 2.319667139934819544e-01 2.159928383315898037e-01 2.272848132360965612e-01 1.919228664228271874e-01 2.124940578518590972e-01 1.951200299663487514e-01 1.703137011693702241e-01 1.233287089936279390e-01 1.923194966076278989e-01 1.819214384175148191e-01 2.161715038053292348e-01 2.519758144406655243e-01 2.797813494581293248e-01 2.202366931240219705e-01 1.820552063203041693e-01 2.546074045554714282e-01 1.274244796285030901e-01 1.499785772189822231e-01 3.074077037336094432e-03 3.153510902519018888e-02
1.000000000000000000e+00 1.144253385356510222e+01 2.405958808298422069e-01 2.265564146049528216e-01 2.122076744216231381e-01 2.219037966920589799e-01 1.784081098737953230e-01 2.173048523242814556e-01 2.020234395921244042e-01 1.750030363080779805e-01 1.239909303094976212e-01 2.006254843795667597e-01 1.720731649748308834e-01 2.169870205262739993e-01 2.615016105300295712e-01 2.717511840039834037e-01 2.236857068749261712e-01 1.859288351183205346e-01 2.539155517130571305e-01 1.314096541905907523e-01 1.485268094569626995e-01 2.976432198150102439e-03 3.276549070452770135e-02
1.000000000000000000e+00 1.050090160369382986e+01 2.446038380549663271e-01 2.340849893460153486e-01 2.086780333455929004e-01 2.223843847279610708e-01 1.761247531650840248e-01 2.222565453024808180e-01 2.003585094794712029e-01 1.835252240392846457e-01 1.274648618359512098e-01 2.067127848363821130e-01 1.790645756541039968e-01 2.208307407329227201e-01 2.512812509980838493e-01 2.761247917640560767e-01 2.251481456815123960e-01 1.878585998084933706e-01 2.617491225062292259e-01 1.222686414977366132e-01 1.490738120386636556e-01 3.285153995311184457e-03 3.224109598173364316e-02
1.000000000000000000e+00 1.150690832663785024e+01 2.396190924199610994e-01 2.349660800529632942e-01 2.139054333089146775e-01 2.297810664338750253e-01 1.789528319717168803e-01 2.172885181081843364e-01 1.916051732537884522e-01 1.848525080565106837e-01 1.302167668791160970e-01 2.090922487876561431e-01 1.888813626011800750e-01 2.061408082507952266e-01 2.419523216646876085e-01 2.838468738433741478e-01 2.110467692775025716e-01 1.882648514661809658e-01 2.498316455679725490e-01 1.085254317550477937e-01 1.502085707661988956e-01 3.182694790158038627e-03 3.348174039195296603e-02
1.000000000000000000e+00 9.412404866820496707e+00 2.284947582610828420e-01 2.339274135495680862e-01 2.126817044015969493e-01 2.357550290085286271e-01 1.799353061028164669e-01 2.206714185895343738e-01 1.927936308777334073e-01 1.803304534625708722e-01 1.314421713100909772e-01 2.083097186492330610e-01 1.827226389289983710e-01 2.165208920650428248e-01 2.528212680041428406e-01 2.838474817754790269e-01 2.117805153004199692e-01 1.964184737603753561e-01 2.235566433671334896e-01 1.026335337060668845e-01 1.482930338319845831e-01 3.273127503943682164e-03 3.235240976263922125e-02
1.000000000000000000e+00 9.844659891479528468e+00 2.379466529234073313e-01 2.400309645905036038e-01 2.118779552807584232e-01 2.456596615684165374e-01 1.788905035185990311e-01 2.165896539667631904e-01 2.071086894704271542e-01 1.737429408429113364e-01 1.321442012280379108e-01 2.105630207152963673e-01 1.937216283023720231e-01 2.184273518696414340e-01 2.587411396180608891e-01 2.789287086335656141e-01 2.321149698930778660e-01 1.972271361249424704e-01 2.349811313028087323e-01 1.065192282365511889e-01 1.521442915925894368e-01 3.352330904228759730e-03 3.170032260311272942e-02
1.000000000000000000e+00 1.154424431986956812e+01 2.402249700223410833e-01 2.451911704979763962e-01 2.015674611960754092e-01 2.365270888816143058e-01 1.817063537708669962e-01 2.140019713083572972e-01 2.005404085686449123e-01 1.730394623071540849e-01 1.146456602361903554e-01 2.214400227099310448e-01 2.024459016475686213e-01 2.190282539338467005e-01 2.650501091013252597e-01 2.795988379092712584e-01 2.422033115823856719e-01 1.943166719835529854e-01 2.309780844836714642e-01 1.101923187196626602e-01 1.523465018799477766e-01 3.269043976552686494e-03 3.135462507176129537e-02
1.000000000000000000e+00 1.180332081680821332e+01 2.374400664030023589e-01 2.592478884295359443e-01 1.847670541046951831e-01 2.461459454235894739e-01 1.826414051188387233e-01 2.137440909391264965e-01 1.998010411951979259e-01 1.715457196046356603e-01 1.143989534220807153e-01 2.231485635459003469e-01 1.920945163895042829e-01 2.189298144212439567e-01 2.507863719962075133e-01 2.814634395855725169e-01 2.314923826706071774e-01 2.048015458811966727e-01 2.361507940751674528e-01 1.139526582754710193e-01 1.509992640198585812e-01 3.545166752247047842e-03 3.167875602534608176e-02
1.000000000000000000e+00 1.073018700439198803e+01 2.353892236653129244e-01 2.598306244879521887e-01 1.843207474944723312e-01 2.457075246675726743e-01 1.870861213920238519e-01 2.035068266467927323e-01 2.057018253290427423e-01 1.736968858796508197e-01 1.224283739314241254e-01 2.272384957774448433e-01 1.948529955303028305e-01 2.140248644523022048e-01 2.614548942819288069e-01 2.784217587773417657e-01 2.243423078362794532e-01 2.043145508853770609e-01 2.341650904157225876e-01 1.077977600584192897e-01 1.507056450278328186e-01 3.643242741520228561e-03 3.126723079358147139e-02
1.000000000000000000e+00 1.268726731812893149e+01 2.366696637204116493e-01 2.678177162060123018e-01 1.759484121809522794e-01 2.336072083652651066e-01 1.684896540558424305e-01 1.993940956171900425e-01 2.053551420717730780e-01 1.712649478050530250e-01 1.141343013794915290e-01 2.336168498961075368e-01 2.135246365458831064e-01 2.133164072304011560e-01 2.611451218461626200e-01 2.775565813935943482e-01 2.142045937065242267e-01 2.077945334417301004e-01 2.392953174419182316e-01 1.157440637610776674e-01 1.501664561382101970e-01 3.758720725111967115e-03 3.103126248316728786e-02
