1.000000000000000000e+00 2.615339159200613750e+01 2.311811097992530484e-01 2.790047968971107739e-01 2.300378266709591779e-01 2.396785148858143755e-01 1.978235825406686743e-01 1.988815004202536263e-01 1.971381381523969745e-01 2.008289713269319487e-01 1.679354951174562294e-01 2.053797705957339792e-01 1.880556928771870973e-01 2.562524157760955879e-01 2.975064134995301646e-01 2.428326166305780909e-01 2.611794112574923332e-01 2.111309387359018019e-01 2.481749183270235137e-01 2.269056463227007436e-01 1.591071969841311162e-01 3.865679407265348519e-03 2.232897557028621499e-02
1.000000000000000000e+00 1.459278715858888198e+01 2.720731063697170993e-01 2.710639062230439378e-01 2.222546677331408427e-01 2.453330150662044740e-01 2.338836146741770095e-01 2.015459726693000220e-01 2.105599937636870866e-01 1.969484628594316555e-01 1.963990986470057765e-01 1.737781163740326207e-01 2.636618880460842029e-01 2.535395004220445947e-01 2.933365865910894654e-01 3.043571783004829778e-01 2.531138696286928669e-01 2.254210540945157382e-01 2.485500164416257485e-01 2.474335270996744218e-01 1.681527728203911776e-01 3.493053799571042492e-03 2.426923258194768271e-02
1.000000000000000000e+00 9.214555058811356503e+00 2.653676280705650203e-01 2.461843205869998497e-01 2.150295602995529465e-01 2.457856168313628797e-01 2.339088579207534435e-01 1.964195070626729711e-01 2.085603812946997537e-01 1.828886835136604994e-01 1.992774678128964583e-01 1.843588065847918123e-01 2.455093588895734813e-01 2.607316893790625478e-01 2.781468838704540536e-01 3.023549502507980602e-01 2.403228697224393251e-01 2.281074324585062596e-01 2.481195453217763525e-01 2.327893003236937708e-01 1.662102990647359446e-01 3.510109035736253772e-03 2.264976804794372259e-02
1.000000000000000000e+00 6.154665086108696670e+00 2.587694455819660733e-01 2.461286075628075221e-01 2.241135779035113851e-01 2.427834234144960190e-01 2.310193258736360777e-01 1.915723980825046746e-01 2.082828826084109075e-01 1.935902005859054809e-01 2.008250336323817442e-01 1.830998767695385665e-01 2.402182310075453853e-01 2.458787232713396664e-01 2.725764996961129727e-01 3.095498352239412498e-01 2.426090504887047083e-01 2.156780110108173498e-01 2.475258921487809016e-01 2.392347708360134106e-01 1.638178570015112190e-01 3.425323249909674201e-03 2.265567603875619229e-02
1.000000000000000000e+00 8.085083859370362447e+00 2.666524973383699870e-01 2.459626907811389152e-01 2.207277017983274303e-01 2.471910102566578227e-01 2.385002328006310124e-01 1.774802389017250404e-01 2.241287349190394518e-01 1.988678361453285193e-01 2.027443860664274733e-01 1.812195984090008705e-01 2.283378603562082887e-01 2.545286443543764432e-01 2.569043048946242358e-01 3.022132308745924534e-01 2.495895227516765624e-01 2.168015244449174039e-01 2.526111493401612673e-01 2.439792179038037523e-01 1.651170826450285012e-01 3.549148441027479527e-03 2.144972020926307760e-02
1.000000000000000000e+00 7.756650177941815549e+00 2.636169256920648518e-01 2.479742768359866067e-01 2.213062906660424878e-01 2.383080734736000850e-01 2.263245898693264091e-01 1.923624920901073065e-01 2.161038190533427494e-01 2.004742138123657702e-01 2.012522426953748389e-01 1.729221656399407836e-01 2.377357370740590670e-01 2.594698716224028701e-01 2.747920786357168632e-01 3.104488706883646310e-01 2.404489211623640488e-01 2.161749933361853671e-01 2.587448354076522516e-01 2.381286054582760214e-01 1.651504282583295125e-01 3.491400351020990892e-03 2.222433760024540919e-02
1.000000000000000000e+00 8.217946141150989092e+00 2.634561914771031410e-01 2.281836790356902567e-01 2.277892365938540553e-01 2.503436167292897863e-01 2.163834998756377914e-01 1.894878124566728439e-01 2.237802151326303834e-01 2.006987615439653483e-01 1.946715726100781141e-01 1.701994470398536241e-01 2.339630105732729282e-01 2.459976385255005782e-01 2.914325964284812942e-01 3.031771362274722215e-01 2.260604118334258728e-01 2.082479285015805259e-01 2.752578204004059170e-01 2.351992072470444617e-01 1.625431254007895232e-01 3.634059724933555273e-03 2.325627892325896062e-02
1.000000000000000000e+00 7.653919082500919124e+00 2.790126258368504364e-01 2.203941414172554125e-01 2.327585196410181245e-01 2.453129264940893672e-01 2.298126958071036452e-01 1.970620004452360574e-01 2.242538996522694672e-01 2.031697858246998556e-01 1.904691731815106037e-01 1.631779967306714041e-01 2.324750845544948652e-01 2.387336018038430374e-01 2.952687530670310423e-01 2.966955613668544323e-01 2.301414128714763530e-01 2.003330057843356327e-01 2.713730368897250278e-01 2.361297282233442429e-01 1.642654697085196291e-01 3.707531830126573839e-03 2.364614695999973232e-02
1.000000000000000000e+00 1.041970846816016660e+01 2.587454341291269833e-01 2.136821394063536106e-01 2.443228925240362170e-01 2.574724036214200429e-01 2.207847700360830168e-01 2.029396301857710194e-01 2.183528549827556675e-01 1.950699463033156444e-01 1.937703590424752764e-01 1.672655062429848072e-01 2.296478637867896411e-01 2.341472665102850292e-01 3.023645952977295770e-01 3.021726436611162359e-01 2.319354106124645598e-01 2.002641884575356579e-01 2.684264317194629546e-01 2.378356511050009336e-01 1.655821009592359228e-01 3.728707983010243459e-03 2.506471554623725118e-02
1.000000000000000000e+00 1.017772237806714131e+01 2.595911491998751375e-01 2.195289283560714344e-01 2.373831919444747696e-01 2.611213713768326672e-01 2.156690708270119772e-01 2.063591336460474379e-01 2.085675692281430127e-01 1.994868429646408092e-01 2.097898795310714770e-01 1.739946693041425907e-01 2.340674163776599037e-01 2.304529337817489421e-01 3.246043827095630996e-01 2.905319884957726084e-01 2.287063019524421537e-01 1.962313733867071530e-01 2.681189142243768364e-01 2.338677026707886297e-01 1.653397245695917006e-01 3.628298724883209734e-03 2.537179413224138064e-02
1.000000000000000000e+00 1.122636237704445783e+01 2.595749093465805624e-01 2.316783167386871345e-01 2.218099288084369736e-01 2.598583814183544338e-01 2.129310324993594072e-01 1.963342028548348273e-01 2.044349773104759405e-01 2.035086147329263351e-01 2.122652270994223878e-01 1.625693227872065105e-01 2.351971345375270805e-01 2.461678542966047600e-01 3.123194453931407155e-01 2.915017163120335875e-01 2.211330522179748848e-01 2.042487972790467676e-01 2.482678953269890076e-01 2.355712952933074478e-01 1.640720147037733057e-01 3.583348285183601215e-03 2.537192226852383672e-02
1.000000000000000000e+00 9.883475469735166996e+00 2.548474816360047912e-01 2.325262943701707496e-01 2.267896564487836275e-01 2.571028817768608032e-01 2.076618722216348467e-01 2.015232409206606790e-01 2.160837647294143460e-01 2.020781096337513627e-01 2.041090082308732179e-01 1.656619673450684394e-01 2.466839082382088488e-01 2.327953146266270867e-01 3.073531190622595943e-01 2.835675123146959020e-01 2.237834223473893769e-01 2.036098382999262657e-01 2.590888004819864032e-01 2.435028534615411022e-01 1.657130090866109073e-01 3.568577549902409059e-03 2.449240309470619020e-02
1.000000000000000000e+00 9.642581509973059184e+00 2.532478537032964994e-01 2.256963183799729211e-01 2.311936101508010322e-01 2.563762280716872510e-01 2.063451094345947756e-01 1.993021128110233631e-01 2.165503442461345351e-01 2.008325195124512352e-01 2.136080229348929216e-01 1.638346844656974333e-01 2.383324999282422085e-01 2.366794392926204749e-01 3.069325926466934251e-01 2.924428505806931367e-01 2.253168445164401290e-01 2.079663101965401883e-01 2.581450629463500346e-01 2.516240670387542289e-01 1.646473765886687091e-01 3.636160903343637566e-03 2.400110888708027398e-02
1.000000000000000000e+00 8.670118387610239452e+00 2.503045414583613959e-01 2.347492003554800533e-01 2.280435414789217796e-01 2.613672925205902109e-01 1.896269896656445075e-01 2.045861272233365780e-01 2.256099423514278113e-01 1.980505006377959176e-01 2.076882083876359641e-01 1.645440098745771240e-01 2.345530761341087789e-01 2.328724398861331812e-01 2.908542745025071152e-01 2.860447017113340040e-01 2.246901784434354454e-01 2.124355782167281492e-01 2.324535358275739705e-01 2.510135500644244400e-01 1.624788830513329008e-01 3.335882568668803536e-03 2.419305223256892207e-02
1.000000000000000000e+00 9.884586116594297422e+00 2.520339950014038322e-01 2.246541870545633868e-01 2.340509625507185276e-01 2.682047288701547294e-01 1.846813384223973953e-01 1.943491783269926665e-01 2.220820291498548649e-01 1.846901497367576805e-01 2.050049165711544941e-01 1.639862302790519866e-01 2.491237221409506319e-01 2.283781283241124727e-01 2.887426639170550535e-01 2.901801436568321457e-01 2.327331069067571090e-01 2.216503734775645551e-01 2.313918813572138355e-01 2.552810804604278561e-01 1.607430450632549856e-01 3.308340451704227733e-03 2.433391182632599695e-02
1.000000000000000000e+00 1.038679795169491982e+01 2.542121812965886241e-01 2.290422137045384776e-01 2.210680335837829913e-01 2.556878686314637550e-01 2.081664734077925960e-01 1.921296452290038870e-01 2.217141034008796863e-01 1.712421964608020764e-01 2.103396481937096218e-01 1.611464796705961156e-01 2.442055976432507824e-01 2.294733573489405043e-01 2.875890432931888507e-01 2.816892081509428936e-01 2.287395400447858052e-01 2.464456473875622500e-01 2.193547591482047643e-01 2.606720091509427961e-01 1.588894460721873569e-01 3.124455767823605852e-03 2.480746218825223212e-02
1.000000000000000000e+00 1.032212196206015875e+01 2.698758557338893360e-01 2.319854224760915240e-01 2.147319406357424409e-01 2.546029030248455616e-01 2.104866111515062421e-01 2.054270259830616174e-01 2.298581806585960896e-01 1.763492569940926236e-01 2.153377903287916340e-01 1.612723283950347197e-01 2.382563923793747374e-01 2.396172590216459897e-01 2.758947909116686859e-01 2.834413068086724108e-01 2.163465754428549048e-01 2.458592749246927001e-01 2.298350587799086187e-01 2.464380277493296856e-01 1.625721049663270412e-01 3.087723764097252601e-03 2.521762950415766188e-02
1.000000000000000000e+00 9.851520073981317793e+00 2.699575196775181873e-01 2.403739628689924857e-01 2.238013334860131098e-01 2.510126059915936958e-01 2.099209685413583326e-01 1.987514058577729559e-01 2.338872339406999068e-01 1.791644209092502216e-01 2.078146328301657964e-01 1.638084222136692858e-01 2.278215822898174980e-01 2.408438062885221997e-01 2.875795594394089938e-01 2.866230368666251582e-01 2.157032342782502776e-01 2.671150933922149528e-01 2.291395486963130057e-01 2.371324889477444964e-01 1.645113415793863498e-01 3.095173675746974110e-03 2.580808650478815663e-02
1.000000000000000000e+00 1.042551395458140107e+01 2.689696722816132257e-01 2.318043892934373296e-01 2.309744342622455648e-01 2.412548169324959801e-01 2.073890966559204796e-01 2.021576928115544902e-01 2.302542303608936525e-01 1.832931240453329336e-01 2.103794612751513915e-01 1.656996995928066985e-01 2.226709361016206978e-01 2.374882918608486604e-01 2.882898347531951400e-01 2.979125917384869426e-01 2.114982175050327262e-01 2.733719578838540998e-01 2.262043283233102775e-01 2.384704408346377535e-01 1.623984865637150554e-01 3.063002927758465103e-03 2.566387621570161842e-02
1.000000000000000000e+00 9.867253191813301072e+00 2.678528548539678145e-01 2.206968921118989957e-01 2.217805414067543501e-01 2.450642581182077284e-01 2.156496404537584510e-01 1.912406804235632363e-01 2.343080302635924816e-01 1.886921104276964578e-01 2.069233710235403589e-01 1.776732783376905600e-01 2.303061914620569695e-01 2.332940986136197159e-01 2.791564639340007870e-01 2.929090401729415594e-01 1.993790531458385362e-01 2.698441589973706312e-01 2.339054278007449139e-01 2.224781772565508353e-01 1.606841693632153623e-01 3.131606280877092304e-03 2.461161733517748876e-02
1.000000000000000000e+00 1.240311232206759762e+01 2.741535168056441485e-01 2.252427865746685909e-01 2.235543584816941098e-01 2.407507721463337802e-01 2.252539234408961200e-01 1.992024628524816654e-01 2.263045983063227684e-01 1.866816953773084431e-01 2.132423626906926051e-01 1.839736495054355991e-01 2.186430634573691134e-01 2.379637899995462325e-01 2.855983778144451368e-01 2.990425184187116558e-01 2.031678828537857029e-01 2.593159126001430281e-01 2.375568635709272569e-01 2.267434717250894072e-01 1.633434865965671390e-01 3.045588545159611579e-03 2.339113203711777264e-02
1.000000000000000000e+00 1.250185592908209387e+01 2.713591365701796265e-01 2.286226981314793683e-01 2.197619129937268267e-01 2.500942317466788856e-01 2.183622067776188058e-01 1.931181207948409473e-01 2.218393146679844274e-01 1.799762487916282128e-01 2.231961031677839047e-01 1.813715362866401559e-01 2.302636975048214518e-01 2.339306116910896682e-01 2.979192519840378472e-01 3.044958597180910664e-01 2.056690239821908073e-01 2.632483399431128079e-01 2.382136556102029679e-01 2.211810969011523131e-01 1.644876929683842526e-01 3.139964115341655360e-03 2.418068712500148071e-02
1.000000000000000000e+00 7.945736839161998688e+00 2.633252268820874820e-01 2.268973673005466041e-01 2.188591633185860974e-01 2.476955047352881190e-01 2.186793998694145091e-01 1.834546306935275206e-01 2.196509861806300312e-01 1.798104170573470995e-01 2.153688147969207156e-01 1.768370802003279008e-01 2.171305363643515063e-01 2.309015377035761041e-01 2.827647635856574415e-01 3.033127550287051388e-01 2.099765245792912238e-01 2.651879634354958881e-01 2.269183153036879452e-01 2.098929385987453877e-01 1.643708049488140088e-01 3.214942434487695101e-03 2.392217641763812186e-02
1.000000000000000000e+00 5.188251126484778375e+00 2.625706964217334738e-01 2.226751712439095920e-01 2.272411416201892131e-01 2.499373554452582469e-01 2.168831927567985429e-01 1.818599922332500562e-01 2.329180872115248768e-01 1.771780099943651432e-01 2.164010372513553715e-01 1.807206703841378326e-01 2.282528678441515524e-01 2.271583972753429270e-01 2.761461630745323803e-01 3.085818992343128953e-01 2.052386051243414444e-01 2.506018454171727861e-01 2.339269988567723446e-01 2.138566146265287182e-01 1.628783297473645475e-01 3.062892556530294290e-03 2.359781215678508764e-02
1.000000000000000000e+00 5.981505129557969980e+00 2.629536324364528110e-01 2.113624112915030440e-01 2.300931162858467771e-01 2.531382886929729459e-01 2.295597243536787457e-01 1.824661940187944642e-01 2.367566299025773702e-01 1.799463664241818528e-01 2.125418674719851964e-01 1.761107484085329411e-01 2.272714905478102343e-01 2.273760960380732665e-01 2.826784486653629025e-01 3.039476838689622040e-01 1.985308462587608014e-01 2.439802484821892159e-01 2.470048393239742957e-01 2.008349861790454938e-01 1.633003014333623271e-01 3.170562003052582092e-03 2.387808082280897665e-02
1.000000000000000000e+00 7.121097712181278183e+00 2.643020551635548165e-01 2.338937341321460917e-01 2.392676362644513555e-01 2.367405267939932112e-01 2.277239150454304362e-01 1.854014315250055445e-01 2.194629289268459349e-01 1.824163747490413212e-01 2.100987187887355390e-01 1.768407503077815413e-01 2.310122233545254533e-01 2.287816141271223624e-01 2.903954596033081481e-01 3.046504295667696316e-01 2.123054035185178434e-01 2.423908969030563187e-01 2.515740302248642424e-01 2.038175342693409331e-01 1.651470402771269275e-01 3.218268686531523728e-03 2.412824758346858445e-02
1.000000000000000000e+00 7.072989250457243138e+00 2.614504560216497353e-01 2.386260715240846597e-01 2.383994146442846296e-01 2.360676246697952230e-01 2.202242486381642828e-01 1.854884967416187413e-01 2.213515368395019001e-01 1.832606223048614535e-01 1.972697975752961408e-01 1.842901752361607304e-01 2.282657133427538065e-01 2.226245192551855601e-01 2.858915585353521971e-01 3.140500525881853022e-01 2.137422285621895235e-01 2.502245954373326087e-01 2.524061052439976471e-01 2.053398399761487414e-01 1.627922977611851174e-01 3.032071411815375102e-03 2.479290379564634897e-02
1.000000000000000000e+00 8.073121313799816789e+00 2.592082312027597646e-01 2.227141646590109769e-01 2.443924728684754022e-01 2.324574839314748897e-01 2.118408928515923828e-01 1.751239782610529150e-01 2.375961881375400209e-01 1.812911897285903184e-01 1.937916649915016054e-01 1.842321276408460939e-01 2.205627843224160500e-01 2.139446559786190305e-01 3.004024032558684776e-01 2.936014297811176399e-01 2.235074283925614913e-01 2.664919215335311842e-01 2.449000841907625348e-01 2.017661995803212149e-01 1.597695155180170745e-01 2.959880621493456761e-03 2.560255741608718702e-02
1.000000000000000000e+00 8.399136301075538213e+00 2.718850820014757641e-01 2.234739174366987546e-01 2.410071937139490472e-01 2.470610397440308470e-01 2.136416783276204878e-01 1.753754781922886863e-01 2.356775866846676504e-01 1.855750119421849531e-01 1.962154479435886112e-01 1.920106221885381492e-01 2.192425421986072265e-01 2.159259017109765866e-01 3.179992096400980905e-01 3.109113395270925451e-01 2.277817904298249374e-01 2.604771058357712721e-01 2.371798566997560809e-01 2.031974349029159466e-01 1.649675276566900106e-01 3.105989334819968164e-03 2.767760910373902664e-02
1.000000000000000000e+00 6.791851311156233528e+00 2.659658400154223945e-01 2.246131656173690205e-01 2.440983440893515488e-01 2.417362029470514206e-01 2.133630720655541324e-01 1.972363561367912743e-01 2.421390466671937691e-01 1.821325603760662881e-01 1.959050116143437326e-01 1.890014292260046580e-01 2.372581636749424849e-01 2.036813052356137022e-01 3.279985265507936454e-01 2.916522529396225472e-01 2.194041878995621753e-01 2.583006752913021842e-01 2.369065421803930038e-01 1.973401725952913244e-01 1.647690640401925088e-01 3.260822423139923300e-03 2.817597327327730355e-02
1.000000000000000000e+00 8.964394010677704472e+00 2.744826071888939456e-01 2.256024088923240800e-01 2.440297026393043189e-01 2.380438334271655076e-01 2.188146460417889905e-01 2.005565987850728704e-01 2.467227433912951573e-01 1.869390612963393039e-01 1.951016901444108109e-01 1.907492824940925924e-01 2.372101190778855284e-01 2.029918547664080197e-01 3.378462948322899506e-01 2.842338200372639956e-01 2.310086210453645705e-01 2.499951630976387507e-01 2.289071236883111482e-01 1.965381934572418554e-01 1.667092122039294799e-01 3.215914028193756196e-03 3.088842662647220058e-02
1.000000000000000000e+00 8.962161038615654718e+00 2.678298352069550248e-01 2.322323402052959840e-01 2.400041662519459829e-01 2.365244068415123802e-01 2.119963744532739891e-01 1.827247303774460763e-01 2.440816143732099097e-01 1.885792809938077463e-01 2.039563268643518612e-01 1.896586152589258834e-01 2.595823357973743861e-01 2.063164323773929998e-01 3.252322032507803939e-01 3.030359540071489444e-01 2.427584403309051564e-01 2.536984121400188696e-01 2.358569864657285575e-01 2.053392502384133456e-01 1.673669656281676077e-01 3.415997855803221735e-03 3.074984427634564962e-02
1.000000000000000000e+00 1.003448040729085733e+01 2.676970176149586211e-01 2.540787934121138125e-01 2.309980490400030118e-01 2.444769175846712994e-01 2.219964137359912160e-01 1.864659491477366204e-01 2.470291863585619696e-01 2.096511953811605322e-01 2.009231143306642597e-01 1.879755129237946631e-01 2.505881481859211224e-01 2.220579820309545038e-01 3.236850493531978623e-01 3.078610312375336111e-01 2.310833549707175527e-01 2.694421167001324058e-01 2.175678072631886673e-01 2.025299660098080212e-01 1.698684717027157953e-01 3.456419625043572093e-03 3.223392522838079005e-02
1.000000000000000000e+00 8.772918392165633961e+00 2.720694550346537399e-01 2.574628835792019954e-01 2.278893692263356530e-01 2.426526725459008105e-01 2.226488902129605540e-01 1.862526430767313668e-01 2.350823173955899070e-01 2.098269979787056594e-01 1.954576349912039157e-01 1.905249010822364086e-01 2.511564706863251839e-01 2.195499928520290023e-01 3.189018206119292320e-01 3.193593701255488249e-01 2.345239668273969014e-01 2.728376554102272533e-01 2.201740756661820231e-01 2.081032025268608476e-01 1.693025285024435667e-01 3.534575579373002568e-03 3.212750042105273068e-02
1.000000000000000000e+00 9.233803138766033314e+00 2.692984183331271764e-01 2.544563065364338073e-01 2.292688911390165785e-01 2.534332792218784713e-01 2.280872170228145923e-01 1.776202670238639092e-01 2.432841473615959538e-01 2.068086756312722263e-01 1.964865735290502458e-01 1.987289510372213797e-01 2.443113262454629231e-01 2.162362661941207576e-01 3.169272808914648243e-01 3.207971951342867278e-01 2.352752580591788156e-01 2.893458752051324412e-01 2.082199499935514231e-01 2.033015251071745855e-01 1.713311407093235095e-01 3.642711446644312980e-03 3.139709976024020188e-02
1.000000000000000000e+00 1.098172904438908937e+01 2.629729198591423400e-01 2.561199308096296368e-01 2.224249319875321040e-01 2.583879221006963323e-01 2.268806147606769463e-01 1.754446953333389791e-01 2.463377946478652603e-01 2.056975201736123970e-01 1.998273060275033430e-01 1.891695930473966114e-01 2.442199018488987738e-01 2.175204339427911637e-01 3.232610946106686534e-01 3.167992097146169472e-01 2.326297866758980648e-01 2.814384957137266996e-01 2.233766760803169438e-01 2.242060471333050531e-01 1.724773533886801435e-01 3.722982831342938614e-03 3.197832560670411245e-02
1.000000000000000000e+00 1.058387788042302269e+01 2.614788126463757356e-01 2.646366176809004656e-01 2.171044793746566004e-01 2.569171214970628059e-01 2.297995665661978215e-01 1.817945521525834995e-01 2.547203585892588440e-01 2.003381111736654008e-01 2.038639165380536633e-01 1.886924572965130165e-01 2.447830100582635005e-01 2.078864558783990735e-01 3.240805558221142024e-01 3.231154700803842705e-01 2.357899279310969876e-01 2.771733564458552790e-01 2.238927635232815794e-01 2.290835656499257134e-01 1.718234526271970875e-01 3.669782914787898982e-03 3.079505125090843676e-02
1.000000000000000000e+00 9.106448356781397635e+00 2.622361826479462921e-01 2.710855023548959797e-01 2.309431609672810137e-01 2.486897782094264486e-01 2.449813043854484340e-01 1.841106212836719491e-01 2.542837073674277804e-01 1.991782292237600782e-01 2.094440677050348754e-01 1.949226942441683041e-01 2.508599576080675631e-01 2.151185750600656532e-01 3.194102124192067516e-01 3.264450988931517084e-01 2.279635677532195204e-01 2.798685704908224214e-01 2.204231060775037887e-01 2.219688976005409486e-01 1.726520620549706619e-01 3.648095754435056598e-03 3.067076850930613996e-02
1.000000000000000000e+00 9.319849395231981859e+00 2.622084865237239715e-01 2.714424467489808812e-01 2.436443031751147070e-01 2.485262770166839219e-01 2.434812664229336066e-01 1.925012122363565781e-01 2.471374541776576728e-01 1.950239148258839927e-01 2.121177051346603837e-01 1.928786463706844978e-01 2.628096167504107017e-01 2.268646033736286816e-01 3.249149580676541360e-01 3.131444241103384929e-01 2.323953165482608718e-01 2.745832547646564481e-01 2.293527985862290897e-01 2.210460626132834672e-01 1.735168654075556760e-01 3.638609527631344112e-03 3.156374989693380706e-02
1.000000000000000000e+00 1.095209498335391451e+01 2.547052893423490949e-01 2.674008449485812955e-01 2.409788296336247970e-01 2.521501802020166827e-01 2.409891166098113713e-01 1.891501715001702999e-01 2.509826711414219202e-01 1.877966903808120647e-01 2.145941190018432754e-01 1.959935177202167811e-01 2.517074568116100530e-01 2.366899001170297556e-01 3.312996154038501118e-01 3.128645812781338242e-01 2.341441531109020591e-01 2.839097776486070313e-01 2.250403560492376664e-01 2.208946975061878149e-01 1.744436815747636149e-01 3.473388710174826061e-03 3.298208005613632865e-02
1.000000000000000000e+00 1.043932671351195829e+01 2.564357733712249732e-01 2.765435525865490574e-01 2.270596368482990512e-01 2.518185206165529655e-01 2.500964759393235481e-01 1.858853710425902306e-01 2.543897163482414792e-01 1.846084600817381738e-01 2.130682407030239645e-01 1.912506584547803701e-01 2.752791247688319842e-01 2.253698181698984560e-01 3.450421898718101232e-01 2.940544961827731285e-01 2.419707228489261785e-01 2.796767937722658415e-01 2.220813100439754106e-01 2.145232277021549561e-01 1.721709131436102991e-01 3.465762990445853640e-03 3.346335183576985839e-02
1.000000000000000000e+00 1.226404714674884033e+01 2.636383963104227401e-01 2.834724261459407035e-01 2.254806787784000843e-01 2.592543709168228516e-01 2.448666080839794756e-01 1.773813356976382261e-01 2.526763395424237446e-01 1.919448753680211561e-01 2.061338866052128405e-01 2.054595768481452811e-01 2.801985777876773165e-01 2.275783396215463605e-01 3.378279980176150388e-01 2.856900777937009250e-01 2.342573052703291192e-01 2.765521272127289820e-01 2.280742286654933171e-01 2.120048877083284267e-01 1.733407877871912806e-01 3.577200390111579757e-03 3.473397920922258880e-02
1.000000000000000000e+00 1.460623706109014108e+01 2.761133270513366766e-01 2.769154917147841344e-01 2.268514262721180175e-01 2.683938014975506547e-01 2.369884288398614869e-01 1.772590327200939397e-01 2.781664413839064487e-01 1.929300013130704483e-01 1.958478662852494445e-01 2.037151332381416102e-01 2.685028255115848861e-01 2.277889207338001099e-01 3.407026210806163857e-01 3.046377811647871803e-01 2.279636161620182955e-01 2.992795973562017431e-01 2.371147958593538552e-01 2.081954288351808846e-01 1.771996932638452149e-01 3.565823530060562366e-03 3.449839286494620072e-02
1.000000000000000000e+00 1.101721348400834088e+01 2.824479471116790319e-01 2.582277253625744340e-01 2.394920986314029165e-01 2.640626024753077172e-01 2.421952008373435827e-01 1.780561557440299425e-01 2.895304398389932365e-01 2.031889370447514109e-01 2.002719716759626123e-01 1.944353920174662353e-01 2.694833033143624879e-01 2.312440169188733907e-01 3.345605330191522286e-01 3.069641585025191799e-01 2.327655273589961105e-01 3.021004315684918118e-01 2.506819522449838522e-01 2.147285165100948356e-01 1.785079065656040020e-01 3.681262843750214911e-03 3.566354362546371448e-02
1.000000000000000000e+00 1.623692598848651869e+01 2.843554846597584063e-01 2.504140966389238887e-01 2.400247356393794551e-01 2.694976562711816070e-01 2.279410920641232741e-01 1.668432928638633739e-01 2.802692214996266307e-01 2.035497920849940467e-01 1.936189400502593416e-01 1.949939799338782642e-01 2.717494461987836618e-01 2.266811400274690580e-01 3.371773447740526453e-01 2.896322935076975358e-01 2.443072001808945792e-01 2.947947302947094284e-01 2.309208515810694806e-01 2.173566264665186543e-01 1.742469599062549113e-01 3.996192753147140980e-03 3.562890860664716386e-02
1.000000000000000000e+00 1.510256261247193521e+01 2.791220876582378163e-01 2.463508811283210420e-01 2.338557260606383970e-01 2.732812812658118040e-01 2.243041069890729655e-01 1.716795691091776987e-01 2.819718655566391674e-01 1.970755053843208926e-01 1.931520584378567940e-01 2.009506837837974069e-01 2.674129021183305199e-01 2.308767438860025167e-01 3.377768927630510065e-01 2.870105500789817410e-01 2.386826571845402922e-01 2.960201269346601771e-01 2.478208933534815916e-01 2.275107295311301348e-01 1.734898289897069401e-01 3.731374390017241569e-03 3.431478359967890523e-02
1.000000000000000000e+00 1.547257984361030481e+01 2.727320241795115341e-01 2.433594027610539723e-01 2.389274524545252076e-01 2.701048439613426555e-01 2.327445204402403545e-01 1.702765536904830845e-01 2.716336442924929817e-01 1.989614304715208448e-01 1.887909537712076369e-01 2.090497488328668940e-01 2.720188501592950003e-01 2.180940919198735006e-01 3.289467307119317563e-01 2.936205991017407646e-01 2.428785752637765416e-01 2.884543401370697757e-01 2.421807910817125042e-01 2.487126740907531774e-01 1.750339108002492150e-01 3.854182349430636603e-03 3.375975418470103517e-02
1.000000000000000000e+00 1.195142791487803002e+01 2.688626588486666136e-01 2.503870191817236801e-01 2.352310464755609509e-01 2.674008251432801742e-01 2.229635789746057251e-01 1.662789442803883633e-01 2.777492787474402647e-01 1.919259898359977345e-01 1.819450935482085363e-01 2.107765847546735904e-01 2.611528096551496425e-01 2.161108503587038376e-01 3.300549616350830773e-01 2.929297525480537012e-01 2.528021014809375133e-01 2.760713467644408947e-01 2.337406766225428034e-01 2.326305228613608500e-01 1.734995315455092613e-01 3.819855651537204001e-03 3.390710313894518962e-02
1.000000000000000000e+00 1.299256188559163228e+01 2.542523691387482132e-01 2.643018633697897801e-01 2.342057341932287928e-01 2.787163244204470813e-01 2.431255394804923975e-01 1.656299232422867862e-01 2.704155233354948451e-01 1.802492772505052687e-01 1.756100002860122300e-01 2.098757663503949822e-01 2.630120641784782776e-01 2.110426611565406896e-01 3.267560029914045594e-01 3.018697687577696631e-01 2.585629437079238757e-01 2.768849318498286527e-01 2.271399569907019134e-01 2.292705111981537536e-01 1.709116621571334926e-01 3.628385306743120518e-03 3.456051042881464613e-02
1.000000000000000000e+00 1.531270175603875572e+01 2.617878063502115937e-01 2.571448974486945094e-01 2.215575941382885994e-01 2.780649515927918758e-01 2.363069893737607952e-01 1.788828474502000554e-01 2.730818121401217269e-01 1.874371041738079335e-01 1.779079357041435938e-01 2.105098619443860064e-01 2.591433253470899478e-01 2.063643155812156516e-01 3.095243870215783066e-01 2.961000334462010053e-01 2.613358929133125508e-01 2.774907509589927268e-01 2.286406994251252434e-01 2.368886149969728072e-01 1.724896540079131069e-01 3.746373420869977648e-03 3.382727938859080713e-02
1.000000000000000000e+00 1.682043296158459711e+01 2.540135408305174702e-01 2.581320757680862221e-01 2.250413604982542393e-01 2.665504303797174290e-01 2.345707129770288057e-01 1.806980979630744555e-01 2.885891714435880884e-01 1.934762727972710039e-01 1.721507828386843741e-01 2.003194590188427937e-01 2.610934235860704611e-01 2.068311081417628094e-01 3.068740853407106450e-01 2.712673572697837376e-01 2.758589474544105302e-01 2.759340630409950479e-01 2.131805576753715292e-01 2.375773659750396727e-01 1.697311798999608934e-01 3.725459449314552553e-03 3.314415840138090069e-02
1.000000000000000000e+00 1.744252136104365647e+01 2.661660367980925868e-01 2.514438824935464334e-01 2.294538163873584558e-01 2.595325895657354387e-01 2.189242869353566767e-01 1.845960715569543997e-01 2.829007456564204270e-01 2.077128857666716011e-01 1.804063779835865244e-01 1.931694262648774585e-01 2.578364247554234545e-01 2.174365579945317373e-01 3.153027074076475422e-01 2.842743183879549718e-01 2.605080451572337474e-01 2.807107482107569774e-01 2.211073492922391581e-01 2.487643924851177246e-01 1.736869496109647582e-01 3.654541778008848617e-03 3.111344060810779244e-02
1.000000000000000000e+00 1.461868681664399539e+01 2.752705967091507722e-01 2.418097042500471361e-01 2.234533273097981387e-01 2.576023090617020062e-01 2.177789199235358741e-01 1.782331150686135568e-01 2.781990027648504338e-01 2.041884344663960349e-01 1.836961409784071131e-01 1.957766959386896266e-01 2.574404530935733848e-01 2.270780940738377773e-01 3.163002469647861470e-01 2.904917570821414774e-01 2.609182382503238973e-01 2.741470571826514213e-01 2.194117706762822029e-01 2.506580798509264740e-01 1.697240225578365846e-01 3.534955630006320765e-03 3.150201801607434293e-02
1.000000000000000000e+00 1.654398781294517207e+01 2.817944336771304736e-01 2.414447704821943708e-01 2.237332320937813479e-01 2.594795012473776197e-01 2.162296014227554908e-01 1.685491247751263189e-01 2.648918243706900877e-01 1.909758115284494462e-01 1.860562869051237966e-01 1.947381746481023357e-01 2.773420529923177891e-01 2.277835292168081394e-01 3.133016486568374059e-01 2.879178180640103446e-01 2.614019471699977615e-01 2.797544946282601308e-01 2.247017091444524217e-01 2.462569562099610476e-01 1.693442641034088036e-01 3.745558254794045631e-03 3.160840687134456456e-02
1.000000000000000000e+00 1.748811030210350381e+01 2.846182751610591977e-01 2.407184822995331042e-01 2.178776536585624590e-01 2.604644463123994003e-01 2.186610772279714565e-01 1.613851118197899559e-01 2.687707046896084528e-01 1.828842758320488870e-01 1.911209974012535728e-01 1.986095872750821556e-01 2.612486187106834445e-01 2.348842618730093423e-01 3.174065975743639578e-01 2.952863505444694447e-01 2.399042642784590673e-01 2.728113794836933281e-01 2.269711520654032200e-01 2.323483852944881467e-01 1.666325083906221027e-01 3.627033016885162098e-03 3.248486157095663296e-02
1.000000000000000000e+00 1.636626142042344867e+01 2.803818130243408979e-01 2.496693055847088172e-01 2.219184647901417951e-01 2.652499461564600813e-01 2.292035134300444976e-01 1.588497882253640525e-01 2.692951168086301084e-01 1.888880155908654046e-01 1.904348842140076992e-01 2.004469978228373694e-01 2.447082353459092974e-01 2.294538105439608566e-01 3.140041654255867343e-01 3.118489514778601812e-01 2.369952489824385389e-01 2.711536944459415066e-01 2.242317029743917112e-01 2.318319666644638455e-01 1.699311124886618007e-01 3.482384490393236262e-03 3.157030982776873329e-02
1.000000000000000000e+00 1.686546110364290740e+01 2.721740163228602571e-01 2.569959395177315309e-01 2.259601664794670672e-01 2.663216959004056084e-01 2.338198182528078428e-01 1.549013653367269649e-01 2.677061436108896242e-01 1.869147181849609984e-01 1.806195698893249268e-01 1.920620721272706111e-01 2.521747093671358741e-01 2.212628188171863741e-01 3.232216542850669949e-01 3.108581259019825294e-01 2.472393208106587748e-01 2.722348327239749177e-01 2.209021790078061209e-01 2.297697015123363051e-01 1.718382163745269531e-01 3.552110191083819590e-03 3.234939512569467990e-02
1.000000000000000000e+00 1.450584564130848797e+01 2.553481350394703475e-01 2.545662470216457085e-01 2.326991076696412475e-01 2.710778224609047826e-01 2.393082995673539992e-01 1.585674485224598529e-01 2.759033723427998241e-01 1.938943828916823708e-01 1.700729312759484690e-01 1.834325434804330301e-01 2.646811098217640712e-01 2.284159758768465331e-01 3.138620146859801285e-01 2.977579372101908928e-01 2.378502913452184009e-01 2.812675305071511977e-01 2.183725549590183612e-01 2.339660569585356453e-01 1.689972383736422501e-01 3.613416264751153663e-03 3.296390184928500028e-02
1.000000000000000000e+00 1.245653902219925691e+01 2.479919743053705383e-01 2.626537079960448717e-01 2.302618358698927392e-01 2.712188969390756377e-01 2.271093085881698559e-01 1.509571375477064825e-01 2.739995575635101877e-01 1.831329831317962953e-01 1.754222812789730801e-01 1.747034427074048990e-01 2.695264538325016224e-01 2.317644414434947842e-01 3.125193683187137972e-01 3.088652122580473613e-01 2.424207705697297432e-01 2.812641602443282651e-01 2.215059348878274936e-01 2.330237499810000057e-01 1.660037013752354573e-01 3.465103975523567501e-03 3.356820269428599512e-02
1.000000000000000000e+00 1.399393045967994986e+01 2.592657302943866537e-01 2.629389192157542410e-01 2.302461912759119489e-01 2.658716974648802078e-01 2.202921541066052702e-01 1.466321770788699130e-01 2.658782338159943470e-01 1.938130791011276888e-01 1.838855735656190205e-01 1.771604043448569143e-01 2.713706046498690072e-01 2.314048298278417182e-01 3.103716527558690874e-01 3.112322730208859078e-01 2.314672106820037378e-01 2.815916278096311509e-01 2.245942496672959365e-01 2.258456167373994461e-01 1.701792916569150327e-01 3.345261473766991765e-03 3.303217677002458219e-02
1.000000000000000000e+00 1.231307043698853754e+01 2.487749399403543227e-01 2.662222594905727102e-01 2.313313118746646302e-01 2.609681940378551501e-01 2.180998807578456711e-01 1.461879317867267325e-01 2.799266041818923023e-01 1.951049999280957681e-01 1.899675726156216382e-01 1.783283542666544430e-01 2.691915897218468134e-01 2.277910652272317760e-01 2.995866548066393742e-01 3.101330095402458076e-01 2.307488308457478765e-01 2.792732005668031592e-01 2.244894886050421701e-01 2.323046599706676540e-01 1.696098545375093192e-01 3.163181744835074412e-03 3.152714763750091853e-02
1.000000000000000000e+00 1.150671873538418311e+01 2.552879391546667431e-01 2.669502157445122759e-01 2.258780175303373716e-01 2.725038362638973477e-01 2.240661552912442400e-01 1.406655081587691591e-01 2.771747073236913717e-01 1.985097156218743608e-01 1.950827060223936926e-01 1.774588670617621711e-01 2.693235526459606954e-01 2.320212233410770264e-01 3.038001538823384973e-01 3.129349079506525411e-01 2.189050015004193606e-01 2.735073306933571424e-01 2.226941183308838446e-01 2.167988071280579632e-01 1.712900072486772951e-01 3.057324603034024344e-03 3.103388148091764526e-02
1.000000000000000000e+00 1.558555681941970938e+01 2.577828653884660648e-01 2.735847757364638921e-01 2.361616960022487888e-01 2.590052606302151728e-01 2.334597846737216376e-01 1.366733074241295864e-01 2.797482880690315143e-01 1.920136174818668495e-01 2.077343311131745751e-01 1.895438745613375608e-01 2.643493552820611048e-01 2.315895443702300494e-01 3.036194883849224757e-01 3.076238456052126091e-01 2.286183420634946284e-01 2.669429202053846262e-01 2.371167829234353541e-01 2.240587493546792319e-01 1.720736539751341887e-01 3.306559694176551024e-03 3.177389754947886752e-02
1.000000000000000000e+00 1.399371381457984320e+01 2.512523672204419189e-01 2.645378924269332632e-01 2.232547171978878919e-01 2.661811006213510855e-01 2.269065471971192793e-01 1.266440217559796633e-01 2.805484779357810821e-01 1.879934134197922269e-01 2.031558518722038631e-01 1.953023560005854309e-01 2.593524662162313144e-01 2.340723645641873962e-01 2.892141050245433109e-01 3.190214285808519179e-01 2.338271333970215471e-01 2.766049260770236384e-01 2.274755828680725400e-01 2.153243953393457200e-01 1.696079460031405806e-01 3.457157207008510359e-03 3.194877705502809084e-02
1.000000000000000000e+00 1.420591215730893531e+01 2.485671643457248170e-01 2.570486253518209363e-01 2.268423273794881456e-01 2.628033431840765544e-01 2.311425807142148126e-01 1.440127986736561561e-01 2.812230703428584278e-01 1.940372792171962679e-01 1.975925607709649034e-01 1.870187962531707493e-01 2.711266968608890271e-01 2.280953067429195569e-01 3.046797397217222980e-01 2.945128304549676224e-01 2.212687852052145909e-01 2.843940669590406811e-01 2.237672732870632786e-01 1.974958605316980698e-01 1.681998280000062684e-01 3.308117060394774860e-03 3.208895714461103277e-02
1.000000000000000000e+00 1.333347018533595119e+01 2.547722032253152968e-01 2.508212089482431129e-01 2.231120062588429764e-01 2.586318238905277456e-01 2.311972551513815921e-01 1.615095711853895832e-01 2.699124148606447116e-01 1.881968244811799418e-01 1.936290417578931389e-01 1.957938080143858672e-01 2.651843671555934590e-01 2.265233496760784282e-01 3.003460780407796737e-01 2.948908907986951822e-01 2.241913214966431978e-01 2.867614384535844829e-01 2.234218594416420289e-01 2.014180450521441124e-01 1.683870094279448504e-01 3.411847991624770114e-03 3.267820118882112934e-02
1.000000000000000000e+00 1.039568091132125360e+01 2.630813278725145365e-01 2.454919276750597568e-01 2.277812430602794425e-01 2.630699902409658342e-01 2.413598284680993356e-01 1.668436911458775762e-01 2.690190007681006468e-01 1.825075656810223879e-01 1.925015117900332196e-01 1.897005752322852845e-01 2.763302671106239727e-01 2.107890228261463661e-01 3.000539097204465988e-01 3.042433576697221032e-01 2.213951217524932347e-01 2.759719515214604235e-01 2.149699514281379342e-01 2.069718684681445542e-01 1.688577468275911098e-01 3.431154934747976566e-03 3.084819900819088176e-02
1.000000000000000000e+00 1.098631570173218108e+01 2.610118537449129250e-01 2.648647375620104549e-01 2.159052581651319525e-01 2.619675652418664291e-01 2.442966487224973449e-01 1.639351096468074087e-01 2.687426640864727934e-01 1.829961150480392817e-01 1.964742694026330172e-01 1.851126136545282186e-01 2.701217284757588821e-01 2.276613382746569270e-01 2.859496023480854188e-01 3.113701771272306962e-01 2.300391827877345252e-01 2.725401823298528314e-01 2.091165281643975471e-01 2.055754894650583253e-01 1.688320177353443141e-01 3.417394707438543757e-03 3.187283793369555251e-02
1.000000000000000000e+00 1.317695468631992384e+01 2.713582342813031789e-01 2.615951958431258495e-01 2.184332842289920806e-01 2.668989632370187270e-01 2.539310261168786220e-01 1.559163671875042068e-01 2.694517523719278662e-01 1.898881246918056598e-01 1.951038881436826522e-01 1.885852702016083959e-01 2.670123137377334865e-01 2.397125614881260580e-01 2.904059433459960093e-01 3.180030321597679399e-01 2.199635027865330106e-01 2.736430434479283913e-01 2.116973495943779426e-01 2.050289858775518059e-01 1.724891250737609627e-01 3.472225995690009833e-03 3.128052636207925147e-02
1.000000000000000000e+00 1.384121113349993060e+01 2.473537253935188529e-01 2.678798408993281477e-01 2.162264143366665892e-01 2.597689337930404463e-01 2.369815162246457496e-01 1.510436444111709353e-01 2.772461711553502739e-01 1.857405342486271871e-01 1.845880571893492861e-01 1.852812704567283197e-01 2.657238327055741478e-01 2.273821095344454035e-01 2.790734407246164284e-01 3.120851563080342950e-01 2.206916681340245767e-01 2.718055491942670265e-01 2.091484122021405878e-01 2.024261302649385807e-01 1.661600976371516991e-01 3.297925900661149556e-03 3.116555847855142711e-02
1.000000000000000000e+00 1.373090919302746649e+01 2.601212239293674844e-01 2.703210232805838276e-01 2.245570023575003682e-01 2.512029070956641741e-01 2.457776584685480437e-01 1.541951974019635796e-01 2.785932836946645730e-01 1.851737952001129839e-01 1.790954870082129280e-01 1.856298420490030410e-01 2.763979413896309190e-01 2.209504829442551499e-01 2.864589447624255047e-01 3.187562830353494192e-01 2.251792452550634149e-01 2.808087377359139714e-01 2.100921550738977794e-01 2.003525044511584863e-01 1.709633550206051400e-01 3.337994034920241555e-03 3.154047507017667534e-02
1.000000000000000000e+00 1.640813010368747271e+01 2.428334464741094822e-01 2.766956347580156739e-01 2.387402885551754839e-01 2.307664569010654809e-01 2.474026440210433664e-01 1.542943695254088976e-01 2.819367567761218996e-01 1.804782903004310546e-01 1.826067832140858271e-01 1.702197060092511538e-01 2.804253456040576853e-01 2.305910034485678661e-01 2.704093982759800951e-01 3.152090920268518226e-01 2.298829923267998454e-01 2.723600957311464454e-01 2.088776945426560339e-01 1.916534348530343213e-01 1.675547832110547419e-01 3.443006986194606205e-03 2.939151640058901629e-02
1.000000000000000000e+00 1.678315354146386795e+01 2.410038245423899994e-01 2.797595906375263675e-01 2.379341295184659866e-01 2.211625528365285254e-01 2.411407101825884802e-01 1.613749255180220998e-01 2.801404185979994854e-01 1.681468768654834356e-01 1.833112023828955550e-01 1.747609027295431439e-01 2.860352234839459440e-01 2.177621319614576612e-01 2.674002135416174153e-01 3.129295444764113032e-01 2.332034608422914324e-01 2.868201239971736594e-01 2.071861757005093729e-01 1.846333961119002443e-01 1.649021437829604753e-01 3.398288618493423754e-03 2.869626226261531854e-02
1.000000000000000000e+00 1.684262899987028561e+01 2.454965144344452843e-01 2.689924263985233877e-01 2.360790887777828306e-01 2.109830517209710377e-01 2.553363801345212569e-01 1.665679729769672102e-01 2.881181821351037620e-01 1.656857853873610620e-01 1.929634543655630863e-01 1.721880507022487405e-01 2.718818775220483985e-01 2.097089911344015289e-01 2.663904458432488909e-01 3.071185920315840923e-01 2.302215283379759614e-01 2.809729261430538028e-01 2.065989861916384673e-01 1.774230511383451947e-01 1.639798526544833657e-01 3.296681526493766643e-03 3.061435800365883836e-02
1.000000000000000000e+00 1.674349683423018575e+01 2.451663544454858734e-01 2.629037576872530479e-01 2.518146442559423548e-01 2.055998721774707216e-01 2.617244126195586995e-01 1.591663512529518099e-01 2.906145500138515581e-01 1.634595403636711075e-01 1.916601546094986452e-01 1.775696144200581139e-01 2.670643941276170108e-01 2.177313993789585511e-01 2.546767328116180118e-01 3.208508431600975430e-01 2.366644974343634356e-01 2.618232721304513122e-01 2.076861008423074306e-01 1.688228327170590848e-01 1.663392633416653499e-01 3.219134107609026955e-03 3.137640753801888144e-02
1.000000000000000000e+00 1.772550443894538930e+01 2.513881398669594591e-01 2.582017590702290200e-01 2.593825419982879743e-01 2.123429384013434951e-01 2.680809731554940623e-01 1.593340100521152269e-01 2.829811264479752952e-01 1.605307634811288797e-01 1.876237399405767392e-01 1.773804226379861460e-01 2.700631384365386189e-01 2.289184893298442935e-01 2.588275081417693024e-01 3.436957621518775263e-01 2.309673595763690745e-01 2.661363411819807068e-01 2.058180207852928212e-01 1.784672621798387981e-01 1.678627153647493930e-01 3.138156456456533613e-03 3.225241451835157008e-02
1.000000000000000000e+00 1.667348716650352003e+01 2.536035021517406007e-01 2.558259081462883056e-01 2.587198293915471403e-01 2.061540698368853064e-01 2.578421068633157676e-01 1.572610850626208756e-01 2.836519332888724487e-01 1.616547238405747489e-01 1.964091555167060688e-01 1.769065761196479680e-01 2.677336770010965150e-01 2.310639938940477756e-01 2.704601723521035672e-01 3.443083910715442064e-01 2.248672834174627877e-01 2.650081193253741030e-01 2.216519947850379701e-01 1.699836003730412215e-01 1.693942833715144647e-01 3.287553078516761585e-03 3.175452875017136661e-02
1.000000000000000000e+00 1.394762918216212277e+01 2.592214389158704613e-01 2.630175104052451251e-01 2.475939454106786952e-01 2.017134491461739232e-01 2.626401103323436348e-01 1.610029339724172170e-01 2.754674721845259966e-01 1.537454815565490462e-01 1.944692986055101547e-01 1.836841003186548416e-01 2.673271066809660423e-01 2.421686937537012030e-01 2.687219749626220677e-01 3.292132222711076639e-01 2.241021402499574211e-01 2.772522312030816782e-01 2.101705460621672017e-01 1.740791138114260450e-01 1.682697267264155749e-01 3.234018276715434816e-03 3.082911765975064958e-02
1.000000000000000000e+00 1.242749641330692612e+01 2.478228686296300720e-01 2.742199138617766874e-01 2.486299144429148233e-01 2.082258516017477523e-01 2.627306073821331633e-01 1.629149020214869514e-01 2.608132189322125427e-01 1.563891196694378316e-01 2.069382298902363859e-01 1.816963941301315832e-01 2.573394335542880662e-01 2.276856256899027764e-01 2.831105278471649500e-01 3.156397717300322148e-01 2.258718380240337942e-01 2.654295886963701778e-01 2.048719010778239924e-01 1.749730640770421619e-01 1.670155828394133124e-01 3.142856535847800888e-03 3.041251406960960441e-02
1.000000000000000000e+00 1.139154436670765946e+01 2.409648398510215728e-01 2.667565906371038853e-01 2.477518253570305529e-01 2.123518850334886188e-01 2.546373585048096744e-01 1.631114467052143524e-01 2.702725653908752412e-01 1.594309742893162130e-01 2.029344150576323225e-01 1.796386548826561513e-01 2.697077485925780116e-01 2.262348673529104015e-01 2.698275080211713917e-01 3.106928404185847481e-01 2.330288635311534851e-01 2.510509417439802382e-01 2.170024928137172515e-01 1.746233832376355710e-01 1.653426994357581614e-01 3.405121799311068825e-03 3.033116262420862755e-02
1.000000000000000000e+00 1.176074673875026377e+01 2.343408437386245158e-01 2.734751161600117442e-01 2.492262982661482551e-01 2.338718228615563888e-01 2.517102599688572639e-01 1.572768399582866461e-01 2.600175422705080508e-01 1.721863382731733949e-01 1.919969392648359363e-01 1.825013909964661729e-01 2.648613329528281546e-01 2.317232380435518824e-01 2.767814901854811493e-01 3.213810937922322863e-01 2.286642545255931358e-01 2.525408097411677710e-01 2.216073279406442775e-01 1.666592930418012986e-01 1.650034940282741058e-01 3.532153988289695856e-03 2.983293423322513904e-02
1.000000000000000000e+00 1.209213200087445017e+01 2.444535917895176158e-01 2.667544171285285426e-01 2.493482621583816561e-01 2.169459961557270167e-01 2.570192513538344103e-01 1.586403824869161150e-01 2.622881258658467107e-01 1.766135652942682210e-01 1.963185096361695359e-01 1.821575790265225481e-01 2.697577775455099469e-01 2.336057803224373119e-01 2.614356419942518439e-01 3.215119372921914631e-01 2.158947633886035555e-01 2.467726927705127526e-01 2.207775570389828301e-01 1.660516953229373149e-01 1.647772369903492684e-01 3.500540330004676265e-03 2.886682951784245652e-02
1.000000000000000000e+00 1.090761582462943302e+01 2.470193906126499084e-01 2.774333717434155910e-01 2.465262801894775035e-01 2.150834525711482481e-01 2.487221359388312458e-01 1.537022191984676045e-01 2.688488514078363756e-01 1.888918371676851227e-01 1.927194458094610707e-01 1.786641472791202778e-01 2.699710575154006253e-01 2.495690188343426819e-01 2.646575169124839033e-01 3.224028372053081570e-01 2.342130193779834724e-01 2.525655032787132992e-01 2.299010859321837519e-01 1.654856533010287400e-01 1.662098484999942061e-01 3.698580022629852776e-03 2.887267882750973319e-02
1.000000000000000000e+00 1.337913368580199069e+01 2.443555055649078711e-01 2.797783117436742906e-01 2.372200629328414245e-01 2.077447231478531386e-01 2.549711121237099865e-01 1.603697619112086914e-01 2.659200189126779135e-01 1.807813294599074916e-01 1.813982611228012742e-01 1.888311920671798261e-01 2.678020604472551858e-01 2.526284618908645196e-01 2.504962710656272185e-01 3.081931151853567474e-01 2.312635895237081241e-01 2.374429583164552604e-01 2.437956808285444421e-01 1.768665577187633065e-01 1.642189020540571476e-01 3.573680640440622062e-03 2.802626571617700471e-02
1.000000000000000000e+00 1.173154754473060812e+01 2.322063804929489217e-01 2.895885546284054368e-01 2.246842970572805742e-01 2.043665190505375706e-01 2.621782718112163346e-01 1.674259339862731732e-01 2.557846444046765755e-01 1.744032245450942986e-01 1.806774391346910591e-01 1.913601806589666221e-01 2.622872389501079149e-01 2.525091598781904478e-01 2.414818767773284081e-01 3.031404046713868650e-01 2.350839427735834652e-01 2.338898680721628875e-01 2.524501763395882725e-01 1.969795148041247057e-01 1.644106397481663040e-01 3.622453703342328694e-03 2.921914704644481761e-02
1.000000000000000000e+00 1.357825913957871933e+01 2.385670941940074563e-01 2.986723877511608949e-01 2.228193035223060003e-01 2.088035484423703680e-01 2.597339129978961658e-01 1.550220264874731246e-01 2.565485716812185846e-01 1.751251587446764624e-01 1.761204796855500021e-01 1.899719379065116787e-01 2.697255807772213076e-01 2.505330210722150897e-01 2.543207141415612660e-01 3.239480142804098128e-01 2.365261823933353935e-01 2.347237323312269808e-01 2.364780117612466925e-01 1.974718298945432882e-01 1.653335288734836817e-01 3.647432285024817481e-03 2.855276517434717290e-02
1.000000000000000000e+00 1.407310261287880060e+01 2.351200885935646745e-01 2.913094000925635085e-01 2.217189183691601617e-01 2.033997479664265140e-01 2.646297803305632801e-01 1.576879977041586722e-01 2.483317634061109613e-01 1.679034335486813967e-01 1.736691229526579061e-01 1.906487477413477682e-01 2.565956740931294444e-01 2.501649677007368733e-01 2.730570027675339739e-01 2.961923200575157789e-01 2.265561254950114456e-01 2.279957397827626076e-01 2.239625333971152765e-01 2.000393604654129021e-01 1.628660939123937057e-01 3.441192352030430449e-03 2.751588027640948508e-02
1.000000000000000000e+00 1.361490919303818536e+01 2.444648669588205536e-01 2.922915089021571600e-01 2.303153186899093707e-01 2.038250136366681620e-01 2.726143482497812021e-01 1.642070491916748642e-01 2.394754832489301988e-01 1.838476331840006583e-01 1.796635522582630817e-01 1.894130405328712796e-01 2.464669033681193555e-01 2.553039788526120235e-01 2.729070019449761353e-01 3.050847864053501945e-01 2.364656254603436092e-01 2.225217206761808952e-01 2.150411573036883350e-01 2.011743560192145175e-01 1.645660445162669405e-01 3.488777792170695558e-03 2.616097435625473061e-02
1.000000000000000000e+00 1.333779833812335625e+01 2.371292475722222570e-01 2.908400072409775272e-01 2.175664115067643678e-01 2.060188065290832204e-01 2.672093736053551272e-01 1.674400630694017345e-01 2.354423933046821960e-01 1.829111892070600653e-01 1.795864363454921786e-01 1.852636967258781964e-01 2.487815106205416571e-01 2.497566054996916696e-01 2.808880377741769241e-01 3.089990861398865807e-01 2.383877551140840545e-01 2.265479036461933993e-01 2.331123251779397276e-01 2.107048723501720455e-01 1.650148608377222659e-01 3.227116215789492971e-03 2.666396528658610682e-02
1.000000000000000000e+00 1.259519104829799829e+01 2.444119227744662448e-01 2.927960575164043067e-01 2.167906573684318661e-01 2.070971352169886370e-01 2.543677200148243278e-01 1.543841821490839206e-01 2.334259210098313109e-01 1.814619177104922487e-01 1.798935038298689615e-01 1.956982057336364988e-01 2.364536575852939915e-01 2.512834356584108808e-01 2.820162032860690227e-01 2.999930868854468469e-01 2.544537516175084391e-01 2.344147439745709605e-01 2.385640832332473760e-01 2.230906998433285215e-01 1.633858823417330963e-01 3.311544443629241448e-03 2.646524477330790270e-02
1.000000000000000000e+00 1.253336564298137290e+01 2.339180218952621182e-01 2.876183682790572349e-01 2.232589511907391855e-01 2.260993724027608176e-01 2.492537280355147100e-01 1.676697131326135570e-01 2.483672574945980094e-01 1.871615939722569566e-01 1.922416567354643113e-01 1.933540952607241681e-01 2.563984011038806798e-01 2.298751328730568866e-01 2.729847478247386938e-01 3.026968050129593690e-01 2.521780488526991215e-01 2.229569192525344967e-01 2.419645553243645053e-01 2.252354376492185228e-01 1.644891915655852521e-01 3.209847488258200845e-03 2.760737346667611891e-02
1.000000000000000000e+00 1.180094520216812626e+01 2.339148261273123475e-01 2.867513976155078304e-01 2.290723524673851097e-01 2.276661689431770108e-01 2.406614107283067960e-01 1.748382805247046812e-01 2.467994368476649769e-01 1.875666356284716174e-01 1.883233399870697100e-01 1.898637372013405877e-01 2.575978922946742244e-01 2.312099521092655652e-01 2.770560649807345954e-01 3.185142285269507156e-01 2.484062041704104828e-01 2.278196800076517370e-01 2.405218496770809011e-01 2.340464804851526137e-01 1.654241787416263487e-01 3.586895207686277565e-03 2.822196272396280611e-02
1.000000000000000000e+00 1.329690049795883233e+01 2.371635911669596197e-01 2.924328483098457832e-01 2.306832816111792639e-01 2.195649996977214469e-01 2.308411240214373328e-01 1.711971322060691081e-01 2.483882644078992952e-01 1.865217300080329599e-01 1.888829993901045834e-01 1.979629256882954880e-01 2.632630985862109418e-01 2.263459705601717498e-01 2.703061888881209129e-01 3.092410560458741520e-01 2.420456712600646543e-01 2.194995914996425712e-01 2.558523658517115607e-01 2.340195906223858646e-01 1.648740379384720789e-01 3.654091965971686690e-03 2.902161515272583953e-02
1.000000000000000000e+00 1.272920446136429895e+01 2.199520429017723100e-01 2.950189769445488164e-01 2.329357823330687749e-01 2.195144238010925120e-01 2.404119144788946782e-01 1.742155241191657433e-01 2.420309778623581098e-01 1.918605749706926988e-01 1.871249625419413309e-01 2.010501080928442097e-01 2.628038798488722128e-01 2.236375790362904459e-01 2.707722805477368877e-01 3.270985092632402447e-01 2.322975201902505726e-01 2.275834790498871829e-01 2.537226321920589833e-01 2.389989380045755285e-01 1.646843024744569506e-01 3.751271209299611963e-03 2.932285368853232085e-02
1.000000000000000000e+00 1.097826730892496272e+01 2.324960357153774415e-01 3.054463541583787856e-01 2.228124821539917699e-01 2.232472847172918273e-01 2.456815052780409458e-01 1.715983878604478152e-01 2.504119202761065366e-01 1.905070383512461329e-01 1.858841145559800290e-01 2.010180783682758432e-01 2.496906754822577901e-01 2.372917939269674759e-01 2.778977362076867630e-01 3.028947896075716573e-01 2.276655612360619363e-01 2.317723352407993487e-01 2.428344974635499587e-01 2.436067300915752132e-01 1.663420750386868374e-01 3.806698935788963099e-03 2.970705495240739610e-02
1.000000000000000000e+00 1.228107003841954814e+01 2.284811815179513539e-01 2.922097030991144817e-01 2.226912451937085868e-01 2.227316211256737122e-01 2.578860146915125107e-01 1.562216058989292777e-01 2.445557286079563242e-01 1.828783748523886699e-01 1.747407200457872789e-01 2.020143868800347575e-01 2.462968184115935377e-01 2.212798443831469619e-01 2.928566439022516898e-01 3.089889102962636858e-01 2.154807354968161226e-01 2.245394324421911836e-01 2.482613445056693346e-01 2.535528588162954677e-01 1.617046031128468175e-01 3.700206371689746844e-03 2.901787652816081864e-02
1.000000000000000000e+00 1.367496767566253268e+01 2.431060857035126366e-01 2.833056842506033179e-01 2.022531994398558686e-01 2.359556534298385133e-01 2.640290489952462627e-01 1.603323014933230872e-01 2.320431874327338329e-01 1.917504148304304545e-01 1.754847586527461534e-01 2.008835584065836455e-01 2.283088220717624239e-01 2.227470149923467813e-01 2.865692894848324013e-01 3.144513278793211186e-01 2.053382707515953864e-01 2.157965801213300450e-01 2.445296331659848610e-01 2.596605080238686969e-01 1.621743902817010252e-01 3.700012883948315505e-03 2.772347970132202008e-02
1.000000000000000000e+00 1.193879421676659902e+01 2.383561457281862250e-01 2.958169111044774979e-01 2.128176329813796785e-01 2.435473683728652528e-01 2.544092196342032097e-01 1.600551022558261427e-01 2.262187059241005105e-01 1.991217871472835688e-01 1.760141190825393331e-01 2.046243957120849888e-01 2.155176443477762049e-01 2.324183559775943875e-01 2.858131067086982502e-01 3.314352517037166823e-01 2.216340876824702821e-01 2.142873205721300967e-01 2.588844206017383853e-01 2.484342812908953979e-01 1.667882162138289714e-01 3.705654522731755517e-03 2.609364385990362717e-02
1.000000000000000000e+00 9.235839515974310743e+00 2.387548945057689775e-01 3.003201669053415790e-01 2.093745373978342650e-01 2.424192050576882973e-01 2.450196962420712887e-01 1.617707150762730806e-01 2.475990198244532314e-01 2.041178120550144193e-01 1.810819215242197855e-01 2.071266499571713937e-01 2.134805255138577107e-01 2.338180563889838692e-01 2.945112341583937532e-01 3.349014595469599898e-01 2.324183381008790850e-01 2.112709380874227272e-01 2.611827662668319006e-01 2.432219326544441673e-01 1.659463605715672530e-01 3.678728957563104796e-03 2.569289705861240933e-02
1.000000000000000000e+00 1.071174364786231692e+01 2.515676393011677114e-01 2.758620564408413300e-01 2.138440358566759680e-01 2.394119636311519139e-01 2.463609539032473594e-01 1.706039563213117005e-01 2.485726908110449662e-01 2.044020974538443558e-01 1.807112842118486773e-01 2.056068219218977478e-01 2.082459155324865585e-01 2.382610359178505555e-01 3.038118893873010262e-01 3.346757614242206191e-01 2.451920781089080847e-01 2.124816598764190101e-01 2.568733489575180107e-01 2.466388316344660658e-01 1.669040147727682832e-01 3.615715977772260108e-03 2.453990698849162211e-02
1.000000000000000000e+00 1.297115436392305199e+01 2.489123449336403671e-01 2.703886407089202693e-01 2.216520970378391409e-01 2.427691452682513296e-01 2.461143575380195514e-01 1.856155595209239562e-01 2.439426639536857178e-01 2.075313881562918239e-01 1.870088714410903796e-01 2.036325039179115448e-01 2.003177698899287484e-01 2.383011550537636192e-01 3.195615958579612337e-01 3.211273313123853002e-01 2.583720204556210209e-01 1.949018961170635722e-01 2.583765005418435790e-01 2.502055427954897326e-01 1.683148939618634432e-01 3.580456911489042320e-03 2.404940340225973985e-02
1.000000000000000000e+00 1.356304585515710848e+01 2.569434966890284944e-01 2.592694178442997432e-01 2.363471957679551538e-01 2.296332637049516290e-01 2.489727860554321881e-01 1.957764654955074790e-01 2.422080510288263933e-01 2.001211977197801806e-01 1.826514710136762643e-01 2.090594554680708095e-01 1.960427028157274709e-01 2.290370454360332597e-01 3.214532846244464448e-01 3.319932656079173650e-01 2.543670115582503666e-01 2.027871107607344126e-01 2.541887870673201766e-01 2.520456279929483290e-01 1.663768900351131064e-01 3.696693096725238090e-03 2.521642234708704883e-02
1.000000000000000000e+00 1.557211728085368740e+01 2.529855562967516791e-01 2.597988344361277790e-01 2.322031783195966648e-01 2.287166740049313418e-01 2.308655779673635666e-01 1.907961878074964923e-01 2.473184475459886400e-01 2.048017149421036409e-01 1.854223145283199203e-01 2.100858211853252611e-01 2.002168737285805467e-01 2.300318715494587829e-01 3.114888145713672896e-01 3.358739948781404028e-01 2.486650449654363437e-01 2.048799560134654252e-01 2.648392923638607788e-01 2.594853427674311819e-01 1.671325537000955819e-01 3.829359601237199411e-03 2.439726154387943796e-02
1.000000000000000000e+00 1.299039538767807578e+01 2.561488645003546227e-01 2.657103231362106244e-01 2.291053138722082549e-01 2.247883890290528763e-01 2.360177524697060492e-01 1.835466443185863328e-01 2.451172844506667448e-01 2.026169536163373863e-01 1.774211435167561690e-01 2.085672619552711160e-01 2.022261211783935586e-01 2.323023452292842517e-01 3.161134674065075867e-01 3.198151618703010679e-01 2.437511496024418745e-01 1.916034532358399101e-01 2.775665950011960703e-01 2.589517348994528345e-01 1.645284347712223649e-01 4.067845690990883924e-03 2.320858993860869593e-02
1.000000000000000000e+00 1.201189555581887980e+01 2.464935594412698827e-01 2.822655098218881942e-01 2.275299560796043286e-01 2.452366800088937870e-01 2.246092601317962179e-01 1.866557245956557143e-01 2.458143583368151974e-01 2.048338319375216376e-01 1.867641404544740646e-01 2.107109555543556223e-01 2.026683394244731540e-01 2.217069997753043087e-01 3.315763902875696889e-01 3.160647680914104307e-01 2.316135901403815478e-01 1.967603404233239928e-01 2.798483107517892865e-01 2.709812893685544788e-01 1.684693661099055384e-01 4.057462709142972170e-03 2.350243144937329970e-02
1.000000000000000000e+00 1.616919356058199853e+01 2.462518537042445721e-01 2.928339614748114994e-01 2.216886821176638489e-01 2.334908650082801462e-01 2.362514390576992418e-01 1.968635015424112233e-01 2.468012961098579039e-01 1.987633603550604811e-01 1.895291358504509194e-01 2.095881969215085128e-01 2.007328562460641563e-01 2.219798728879954774e-01 3.402591560891746192e-01 3.149906130968840312e-01 2.313177146538498152e-01 2.036707376628931476e-01 2.838564167032267549e-01 2.728686542100517975e-01 1.690818595544855973e-01 4.243669942853328658e-03 2.269040068250926384e-02
1.000000000000000000e+00 1.317343371442712119e+01 2.399206723106929451e-01 2.875622790062150047e-01 2.218917260976147610e-01 2.513212643193664109e-01 2.364246036779029669e-01 2.009164279478771742e-01 2.470361498071940998e-01 1.951405383861761489e-01 1.927932172542008438e-01 2.083348937065116480e-01 2.108197319084424703e-01 2.257238251670632134e-01 3.392632995426588804e-01 3.179977246867933816e-01 2.410315929049088590e-01 2.104125927342828384e-01 2.745364024067961095e-01 2.669509770584889141e-01 1.683418148992652241e-01 4.326796560414187219e-03 2.291497031570527768e-02
1.000000000000000000e+00 9.390407395193308915e+00 2.473397575867661291e-01 2.821515689915484737e-01 2.243914698852546019e-01 2.420610355799980296e-01 2.401391172954812081e-01 1.972844537931085218e-01 2.228213756730295370e-01 1.978584706713811259e-01 1.935580470418821752e-01 2.025234670176981888e-01 2.132914211357400391e-01 2.361001003294754264e-01 3.343443535301997005e-01 2.968379867372729075e-01 2.483067669524793575e-01 2.033878856433823101e-01 2.696318539066828723e-01 2.654480158649400456e-01 1.673396765194255509e-01 4.208530461289193732e-03 2.386536491240442634e-02
1.000000000000000000e+00 8.282058729023852095e+00 2.515647606661666758e-01 2.857756749636176097e-01 2.196300191190345419e-01 2.433777920271377737e-01 2.394214032887899413e-01 1.931151297320572446e-01 2.229460550512244732e-01 1.908775507806369232e-01 1.926944081642783801e-01 2.067048924097744655e-01 2.147691963354672329e-01 2.271906952476134556e-01 3.292334072272541934e-01 3.004446037170553363e-01 2.441575343178986890e-01 2.017942666058294698e-01 2.734503759262196243e-01 2.700290461782738349e-01 1.670012838657066734e-01 4.097237998057770211e-03 2.528573545476161394e-02
1.000000000000000000e+00 7.110327039450675457e+00 2.541438717893216293e-01 2.807564210260949378e-01 2.178099123348887500e-01 2.561506675101636321e-01 2.427715810365896620e-01 1.963042198381811099e-01 2.250468762349704110e-01 1.953071202008971885e-01 1.912319276663545231e-01 2.063223404789316928e-01 2.161985667803942024e-01 2.345382971470025557e-01 3.085869425365002083e-01 3.102466507367423465e-01 2.469622965613228471e-01 2.105233753518423734e-01 2.848673595136119174e-01 2.753503398667567215e-01 1.674009770646477102e-01 4.110084610787665196e-03 2.455115548232043171e-02
1.000000000000000000e+00 6.656534847280743961e+00 2.574286413717445376e-01 2.769449086327347986e-01 2.159344661092322815e-01 2.555980289073194189e-01 2.380537205461071004e-01 1.934202079580533140e-01 2.249166217700758752e-01 1.987445156851392891e-01 1.902907640193570449e-01 2.073254492133879412e-01 2.092440789950172075e-01 2.479318158149369233e-01 3.089702476461382852e-01 2.938910786045107471e-01 2.423716466262061386e-01 2.215296319209343889e-01 2.796813332651608142e-01 2.717619393571654718e-01 1.667108785248147262e-01 4.159559079073123222e-03 2.450636077866168508e-02
1.000000000000000000e+00 8.555815760414358095e+00 2.324027086699113065e-01 2.870980139037649925e-01 2.307983423524706534e-01 2.403894375019849927e-01 2.352598394474241517e-01 1.967707126569022136e-01 2.385119076577917330e-01 1.940448016364873518e-01 1.765540658303942079e-01 2.041550103434644214e-01 2.086034599024062797e-01 2.472969947492944243e-01 3.162195988275929848e-01 3.054624389169414700e-01 2.478532259807797733e-01 2.223744096540483661e-01 2.581218391616431629e-01 2.822257198180719295e-01 1.657951926279547239e-01 4.327292329719336847e-03 2.451882159271256620e-02
1.000000000000000000e+00 9.959483691870133271e+00 2.413085570005654990e-01 2.803458041496210695e-01 2.240582211766815879e-01 2.325326256826351357e-01 2.311651570559192792e-01 1.915283536957850530e-01 2.326167092376178747e-01 1.982556852578548912e-01 1.748840050540562130e-01 1.990825680115514418e-01 2.116176108830942759e-01 2.577227631146064568e-01 3.050230947347272181e-01 2.928614277698278201e-01 2.492702520656140119e-01 2.217427709576085537e-01 2.561249296768874917e-01 2.816321362741526224e-01 1.652838857165494779e-01 4.335328893372051955e-03 2.468219993814549720e-02
1.000000000000000000e+00 9.935452767729344714e+00 2.393588774276828868e-01 2.748264801412268477e-01 2.338429778569853790e-01 2.553943363773182873e-01 2.196628104748230281e-01 1.898834079526400265e-01 2.358686549479641903e-01 2.074875844716241591e-01 1.795848013116591868e-01 2.001342090350477776e-01 2.040649814625559721e-01 2.574201167329580042e-01 3.086653507328095403e-01 2.953642471828860083e-01 2.603240148126136910e-01 2.095121283555599345e-01 2.531694630324458073e-01 2.721377021711317568e-01 1.668109626147630253e-01 4.106245469445440541e-03 2.346344396037006522e-02
1.000000000000000000e+00 1.135724741527228154e+01 2.476014198795281618e-01 2.764174228214892337e-01 2.184136567136445994e-01 2.581795618407402571e-01 2.181777528118215570e-01 1.958851292703554514e-01 2.351321935871663604e-01 2.085852481709516704e-01 1.701653212384355018e-01 2.069471790406001155e-01 2.114135250306113933e-01 2.609738230125971947e-01 3.072815696454969103e-01 2.857354848729736219e-01 2.629831905059689667e-01 2.184288655292382086e-01 2.534347433358875024e-01 2.679098107903389314e-01 1.669783994329378796e-01 3.911655696682192832e-03 2.369397272050101366e-02
1.000000000000000000e+00 4.482646277604565022e+00 2.558941226270231573e-01 2.732801108139645829e-01 2.157332440915216698e-01 2.545284703379311897e-01 2.204779730643302293e-01 2.081581351494376786e-01 2.330951574531275883e-01 2.134203924017361864e-01 1.724972663190781075e-01 2.039228847236796149e-01 2.015333531018161650e-01 2.604046830854321870e-01 2.907653188940513833e-01 2.851609927451964066e-01 2.667449684835265233e-01 2.211514832578719003e-01 2.567043042210621073e-01 2.732689408959650956e-01 1.665929132437511673e-01 3.841185411777383023e-03 2.365882186314827162e-02
1.000000000000000000e+00 6.063180664014401700e+00 2.629005166329007603e-01 2.677693871742778398e-01 2.207070554122590178e-01 2.478050239431542900e-01 2.102718440141946310e-01 2.144362751947889167e-01 2.277810914938069586e-01 2.154538021855913199e-01 1.745386745356894420e-01 2.065115843681223917e-01 2.074644278034072364e-01 2.470681836154029476e-01 3.076562742676595685e-01 2.822897239893118471e-01 2.633954531765912432e-01 2.059081896690986568e-01 2.473033885200856818e-01 2.678889536815683425e-01 1.662659865345098020e-01 3.775801210064573012e-03 2.460383895534286325e-02
1.000000000000000000e+00 5.958695491051188675e+00 2.615899991047418438e-01 2.622449060648789909e-01 2.209565259704608930e-01 2.354673497232803447e-01 2.209952402735552990e-01 2.150835616924423599e-01 2.209235457719642970e-01 2.072012792589149333e-01 1.686539426124764873e-01 1.960828152086454002e-01 2.091154273689765364e-01 2.438772859715283015e-01 3.017100248932367834e-01 3.002043270437023681e-01 2.654174927847496313e-01 2.080086888455602301e-01 2.392469734127949110e-01 2.663091277933267165e-01 1.650222580360742874e-01 3.827430613730759944e-03 2.360115213192896799e-02
1.000000000000000000e+00 5.699437133836275038e+00 2.566511125685418393e-01 2.528091643917587117e-01 2.223098772336465079e-01 2.403095271594085092e-01 2.133454424746804023e-01 2.187805668783588953e-01 2.272845470071353791e-01 2.083673791071452841e-01 1.610178601119210962e-01 2.007034251265422675e-01 2.145006225424903878e-01 2.469590364336397559e-01 3.140158851478946356e-01 2.774654353223289238e-01 2.576315183026163247e-01 2.106437255455340107e-01 2.330701602946641249e-01 2.796837388746620801e-01 1.660939278115602102e-01 3.793702991185324280e-03 2.366657964921120572e-02
1.000000000000000000e+00 6.419011498901203261e+00 2.493861759657902410e-01 2.683384814069887381e-01 2.272446095302471936e-01 2.409481104140815677e-01 2.108091331664090629e-01 2.076115946604698004e-01 2.385060550415930847e-01 2.063948016699452825e-01 1.604036727025956177e-01 2.078933694829999124e-01 2.043449236043172745e-01 2.559806968908917013e-01 3.135661318310600798e-01 2.819896268522305571e-01 2.646906418225599134e-01 2.144105907312604808e-01 2.475247415719843413e-01 2.759220354312313384e-01 1.657853633279893490e-01 3.714448794884176244e-03 2.346992632340735505e-02
1.000000000000000000e+00 7.552699725989379331e+00 2.538354426778589579e-01 2.667682985443047272e-01 2.416505908239197364e-01 2.284449228517275443e-01 2.128472902631972086e-01 2.049109873256902414e-01 2.308334697210491504e-01 2.033958828909755712e-01 1.641957977965136373e-01 2.072176651423666693e-01 1.962034956075583148e-01 2.387365564169710574e-01 3.217384640276105823e-01 2.699002595941262794e-01 2.640790808544895008e-01 2.182865369438575787e-01 2.439967441221629063e-01 2.631736444896979887e-01 1.660395009326777194e-01 3.794644719119730138e-03 2.270700565133990448e-02
1.000000000000000000e+00 5.521926962899371460e+00 2.438946082410253235e-01 2.646004547412488805e-01 2.462199899157467564e-01 2.291829339043382208e-01 2.146150758472656628e-01 2.040350020588489466e-01 2.225876063850889819e-01 2.143003735257121289e-01 1.743862847176841646e-01 2.051853994362013434e-01 1.808539029513185070e-01 2.497415993021966096e-01 3.053046752757987981e-01 2.382675088654893636e-01 2.589790044330911867e-01 2.182167212624284702e-01 2.516293096734366630e-01 2.585118891384353135e-01 1.634287941608282557e-01 3.698900977963891484e-03 2.325116637163756120e-02
1.000000000000000000e+00 6.914227072989645784e+00 2.443363514772119161e-01 2.629407215226126637e-01 2.363913887746847131e-01 2.320560848428285250e-01 2.148925157095895877e-01 1.944416657993474906e-01 2.063238816223419148e-01 1.994862008823424793e-01 1.774061518421686801e-01 2.095646154167319919e-01 1.909591588780243654e-01 2.534739346712948094e-01 3.045217475624190651e-01 2.521543371826625579e-01 2.575477995975684609e-01 2.074353108849963379e-01 2.383480078435518956e-01 2.518393839761022823e-01 1.612380015367439468e-01 3.724427836458645610e-03 2.383918026867406711e-02
1.000000000000000000e+00 8.460388856381284128e+00 2.457287664709197073e-01 2.748777719998424796e-01 2.295654438610520154e-01 2.322865997889090317e-01 2.165481994527470866e-01 1.877915284376762139e-01 2.138558173009696417e-01 2.040761183942882695e-01 1.715991922490954780e-01 2.120777105731965761e-01 1.850478052912963023e-01 2.553674481980304223e-01 3.059931548194218531e-01 2.551767204110969578e-01 2.593890842769022709e-01 1.971200169602268237e-01 2.448486630758683336e-01 2.368119008197868136e-01 1.622763750723103804e-01 3.868803239819792582e-03 2.275913520110782809e-02
1.000000000000000000e+00 1.148825903002387960e+01 2.311811097992530484e-01 2.790047968971107739e-01 2.300378266709591779e-01 2.396785148858143755e-01 1.978235825406686743e-01 1.988815004202536263e-01 1.971381381523969745e-01 2.008289713269319487e-01 1.679354951174562294e-01 2.053797705957339792e-01 1.880556928771870973e-01 2.562524157760955879e-01 2.975064134995301646e-01 2.428326166305780909e-01 2.611794112574923332e-01 2.111309387359018019e-01 2.481749183270235137e-01 2.269056463227007436e-01 1.591071969841311162e-01 3.865679407265348519e-03 2.232897557028621499e-02
