1.000000000000000000e+00 5.558172499177105408e+01 2.335640405354676152e-01 2.496733419348328709e-01 2.261368581361282437e-01 2.260571514937838034e-01 1.600326102519928906e-01 2.240006604531977197e-01 1.815878502128608629e-01 2.185119711593589420e-01 1.553524626403735565e-01 1.547735820076776014e-01 2.056624689128156991e-01 2.088783566359798671e-01 2.677892057827342409e-01 2.956896541779953091e-01 1.909269608041292976e-01 2.281777844496590546e-01 2.508293201899848834e-01 2.393378976842027439e-01 1.540093991817961805e-01 3.696345188182259892e-03 2.771221351124847701e-02
1.000000000000000000e+00 3.393751544739403414e+01 2.598967383999912228e-01 2.390559492170602485e-01 2.423743263945946080e-01 2.174126015938547540e-01 2.248473078338099340e-01 2.076287931014647037e-01 2.352812554646311893e-01 2.089342504291983593e-01 1.902715433476014073e-01 1.849637723027684477e-01 2.575171461279207596e-01 2.490157183570967381e-01 2.836414996516971598e-01 3.081006189006744167e-01 2.520427338944533080e-01 2.431830475362096178e-01 2.328796346734395839e-01 2.436382593360505999e-01 1.665303981540129097e-01 3.406886664559781366e-03 2.733504971452491161e-02
1.000000000000000000e+00 2.292530372405818540e+01 2.709404957734600217e-01 2.454111969161566209e-01 2.455303609511747254e-01 2.078541862456008138e-01 2.316216613455136797e-01 2.057032873388528749e-01 2.329473924086944425e-01 2.132250799895124005e-01 1.890731887477058448e-01 1.924503164271928746e-01 2.520360358630562292e-01 2.617791243432870396e-01 2.810461904304885628e-01 3.232857433170491790e-01 2.540623752429773119e-01 2.383762377394696430e-01 2.298871866312454104e-01 2.499028358856928977e-01 1.717418647715653057e-01 3.158259278898587451e-03 2.763678477710834053e-02
1.000000000000000000e+00 9.125258505475507320e+00 2.684084955679827411e-01 2.545444451499163097e-01 2.571108912713216954e-01 2.163478341619698431e-01 2.356056065691038703e-01 2.135840876689690804e-01 2.450721887145058953e-01 2.152645123400199756e-01 1.716261438395054739e-01 1.940420485946341700e-01 2.559151724569392328e-01 2.576848982376419572e-01 2.861827124438240388e-01 3.288352846455687706e-01 2.460111729171727823e-01 2.476403845446872032e-01 2.407824855471362158e-01 2.569070626243972200e-01 1.718963974389735583e-01 3.375806407387718904e-03 2.782513775908360826e-02
1.000000000000000000e+00 9.744684330944380690e+00 2.731510430594556449e-01 2.653386319476686572e-01 2.573769718146944330e-01 2.182843766779906380e-01 2.485072021933653341e-01 2.144472042364902187e-01 2.526451048583333581e-01 2.032855613766982872e-01 1.789149101912972106e-01 1.941888711929462275e-01 2.533529765067327189e-01 2.636352550319149279e-01 2.925282204762393312e-01 3.220101564621262735e-01 2.428587966471043580e-01 2.523176533511707342e-01 2.360557592283307748e-01 2.648049416605007256e-01 1.756193805301205779e-01 3.381766545467746517e-03 2.625410862670679926e-02
1.000000000000000000e+00 1.229064040464391283e+01 2.587118038965706690e-01 2.814889669706576725e-01 2.570939215248360110e-01 2.125277975215478232e-01 2.421426775831085898e-01 2.150048781940873677e-01 2.554035024369598617e-01 1.934575025402625048e-01 1.839735635457981910e-01 1.959196365982169008e-01 2.393692045330326201e-01 2.615356263293194261e-01 2.910466001758488241e-01 3.262766457806177134e-01 2.384612236957496800e-01 2.481602007671123711e-01 2.436257710167323287e-01 2.767535442719046834e-01 1.738235431072728265e-01 3.334856879279555174e-03 2.472888920285197523e-02
1.000000000000000000e+00 1.182285259583911241e+01 2.656076648279114827e-01 2.756584102852289719e-01 2.615403146042754590e-01 2.218953084853343694e-01 2.374890177320033435e-01 2.160934362825946142e-01 2.550232069248061784e-01 1.841680936659372270e-01 1.940041499357868515e-01 1.916600968978879604e-01 2.343531897595062252e-01 2.827890696546260241e-01 2.926524430339439986e-01 3.310976337803045455e-01 2.484429076947102799e-01 2.639612416765432235e-01 2.558505149136412471e-01 2.753162540439231254e-01 1.740001632232115181e-01 3.430602744364800311e-03 2.511760425926131898e-02
1.000000000000000000e+00 1.127484798101871988e+01 2.561699464749893074e-01 2.771053877997107784e-01 2.568707083812328817e-01 2.150153523672138078e-01 2.281354903936108625e-01 2.194644557451945477e-01 2.555976646220117221e-01 1.719357895889404297e-01 1.975297035508700172e-01 1.818682519665162922e-01 2.352837820877123065e-01 2.796483092961215000e-01 3.018065496647363566e-01 3.364685008316408710e-01 2.451867281498364137e-01 2.611182753819142888e-01 2.480251577127302598e-01 2.669318034742452772e-01 1.734919123665988605e-01 3.571606415163207371e-03 2.588829875116932869e-02
1.000000000000000000e+00 9.846295158464524633e+00 2.627054599027711101e-01 2.756690665704260024e-01 2.551118583061199319e-01 2.216075636926269077e-01 2.264248248594084023e-01 2.158343390563665087e-01 2.536154993786030043e-01 1.799815639583714488e-01 1.959903049032483136e-01 1.866846783287730294e-01 2.241887877415961461e-01 2.841926901906637881e-01 2.855543770317657271e-01 3.142343331868430734e-01 2.510019559145307833e-01 2.407721230782867150e-01 2.744456357929953016e-01 2.694814104522557097e-01 1.735132713436540464e-01 3.675918474599713937e-03 2.633042222421357742e-02
1.000000000000000000e+00 7.253719744139362824e+00 2.561904727838399398e-01 2.784052619562309427e-01 2.513856305451801498e-01 2.284120758414222574e-01 2.403987626648291520e-01 2.281119565708139008e-01 2.432804905889361657e-01 1.867193563109226795e-01 1.963864219985450299e-01 1.932946040750646022e-01 2.266309297010193069e-01 2.658590691791317129e-01 3.003955797465219235e-01 3.320800581112071659e-01 2.459972141502776155e-01 2.456822909756118667e-01 2.773699041035442847e-01 2.637095992029476199e-01 1.729462751845254609e-01 3.806621899134375944e-03 2.635656654835989016e-02
1.000000000000000000e+00 7.017057886051147442e+00 2.601308279424511816e-01 2.745507863616452604e-01 2.641520284973228883e-01 2.218550503481518943e-01 2.288238802488389290e-01 2.292624057932631798e-01 2.327074863705207997e-01 2.004432166439482355e-01 1.955261798123574257e-01 1.972317366775743763e-01 2.186259128947028174e-01 2.517208554080676008e-01 3.064434475043884554e-01 3.305422805147640863e-01 2.605305542677875397e-01 2.475644834198101329e-01 2.742596807746147669e-01 2.582305519500413538e-01 1.720862106879166298e-01 3.630670005257079832e-03 2.684648362539605870e-02
1.000000000000000000e+00 1.019612309785708959e+01 2.664701406537658412e-01 2.610885379730310540e-01 2.520440282306273816e-01 2.216014879108830493e-01 2.329112943123041179e-01 2.291314719540315792e-01 2.271743065196975275e-01 1.983669055517322255e-01 1.989755263376321026e-01 2.013643660013310632e-01 2.142490376466841540e-01 2.482923488621388008e-01 2.916213095931804444e-01 3.435725672480222648e-01 2.661081183794546945e-01 2.540480303571341358e-01 2.768671844197814758e-01 2.621852176827161873e-01 1.704048860001442789e-01 3.941852236134290970e-03 2.579106022646538571e-02
1.000000000000000000e+00 1.321947814863663950e+01 2.699869641745361037e-01 2.437991819801895443e-01 2.569782893934297041e-01 2.157249958402580325e-01 2.231418512495432216e-01 2.408602265507294449e-01 2.194487319913392132e-01 1.960205730749674524e-01 2.056562323496806122e-01 1.978954124225354161e-01 2.200612355131495446e-01 2.373930076366244368e-01 3.025172374983972068e-01 3.273328309140156600e-01 2.549846460728194542e-01 2.524022921090148253e-01 2.697707093825382207e-01 2.765336937516047477e-01 1.690653554435284089e-01 3.994305558720459733e-03 2.599665545640400532e-02
1.000000000000000000e+00 1.192576290237212788e+01 2.635549069724445470e-01 2.531061657502204354e-01 2.566195591588154024e-01 2.251783248904788426e-01 2.309607877551763111e-01 2.528942089281404626e-01 2.174458114920484464e-01 1.955088160561399557e-01 2.065137894860350765e-01 1.913371012317549857e-01 2.212988682822132069e-01 2.322268931060371688e-01 3.015784694695096135e-01 3.081458609600274401e-01 2.578757025452255713e-01 2.484828109957959441e-01 2.570526880950149695e-01 2.730432159082029075e-01 1.693479213293054841e-01 4.152149657660820711e-03 2.629725606668090188e-02
1.000000000000000000e+00 1.259090134517707504e+01 2.644590688802095912e-01 2.482775388015570350e-01 2.537871410486387536e-01 2.247098827774584306e-01 2.162387684367509944e-01 2.489386971797313552e-01 2.174598572524480133e-01 1.935200780613599014e-01 1.925301268926059572e-01 1.964557227008245088e-01 2.277949765077567079e-01 2.228969183669367582e-01 3.135878293188532062e-01 3.057294418361846122e-01 2.605244212694426964e-01 2.493713061459148783e-01 2.625696998545405947e-01 2.768665096367846634e-01 1.680431343709230807e-01 4.090674703470582006e-03 2.677934964759228625e-02
1.000000000000000000e+00 9.081170754064922690e+00 2.676416811338458990e-01 2.438892572261474045e-01 2.664220702793526629e-01 2.322211481893854679e-01 2.143762431934826129e-01 2.365935262177163712e-01 2.172815022280489838e-01 2.016850843611424082e-01 1.932989104823227278e-01 2.127846535568286290e-01 2.395135475289840998e-01 2.330615420547228755e-01 3.070975832340033240e-01 3.065931639593145741e-01 2.652555547245690759e-01 2.435290129605316434e-01 2.564199601419888674e-01 2.808696074610645410e-01 1.715269812727968357e-01 3.901272127182662305e-03 2.571080837556174656e-02
1.000000000000000000e+00 7.809094203060319650e+00 2.679330652716512828e-01 2.444868782529222573e-01 2.701053074579696234e-01 2.404073638980717686e-01 2.091112109606062530e-01 2.427777322707530272e-01 2.220661936008645754e-01 2.122225041749907226e-01 1.950175381096998783e-01 2.069649164498225113e-01 2.412547846109018013e-01 2.252011904780621132e-01 3.138344711229797412e-01 3.203780864305821319e-01 2.662924484133221692e-01 2.475919632348635435e-01 2.542054418686172101e-01 2.863101501914984137e-01 1.725411396722471014e-01 3.904863848993241765e-03 2.424755259595020793e-02
1.000000000000000000e+00 8.576677656595254717e+00 2.660300095574741341e-01 2.393463436937383892e-01 2.613264858851820360e-01 2.534749925147405936e-01 2.007075027825045432e-01 2.459141359926264314e-01 2.198985248440659124e-01 2.179781310450635001e-01 1.983803676250404102e-01 2.062860405786154094e-01 2.562653430366040319e-01 2.370095905244639645e-01 3.074602972872831352e-01 3.231504250256462818e-01 2.523847749437975185e-01 2.334888875024868637e-01 2.559441188915798082e-01 2.822791504345141256e-01 1.744760090270093267e-01 3.852203577061023756e-03 2.300827710541623189e-02
1.000000000000000000e+00 8.277248977822814879e+00 2.749579224665592014e-01 2.430577191503551227e-01 2.589882183401314708e-01 2.593819820004891197e-01 2.103415646262676575e-01 2.392471432418761257e-01 2.087834099059258652e-01 2.217457481999101643e-01 1.980530910714727033e-01 2.107245580067247381e-01 2.541254950976757354e-01 2.435953051008297454e-01 3.088126357984526393e-01 3.064815445807419492e-01 2.514947397808806051e-01 2.407033269496152705e-01 2.735219199413775892e-01 2.732881549248003528e-01 1.742558861019582461e-01 3.898733445246679950e-03 2.301858291941223308e-02
1.000000000000000000e+00 7.082917764665912941e+00 2.698598930545843544e-01 2.438648520102698336e-01 2.819224592153890541e-01 2.542141757151059611e-01 2.113484614922900295e-01 2.287966613702522023e-01 2.092127161862666063e-01 2.251830492359631064e-01 1.983614033002143451e-01 2.093437578564226742e-01 2.622324919562219470e-01 2.316372754813875445e-01 3.032380479669900541e-01 3.097778833669839749e-01 2.561789412466307647e-01 2.528867315247261272e-01 2.693603009008905258e-01 2.735173351669341613e-01 1.755978604716711133e-01 3.590571833393084011e-03 2.356931759777329896e-02
1.000000000000000000e+00 1.023998357014004057e+01 2.684066018915178264e-01 2.361113375655156943e-01 2.660805437800434214e-01 2.558739749097568295e-01 2.109075694213222718e-01 2.306472831347295693e-01 2.004195544209747826e-01 2.314004601623074753e-01 1.934702865238748515e-01 2.058231156292178732e-01 2.520512411405375630e-01 2.333613883583798287e-01 2.900571631832731812e-01 3.230982317355758915e-01 2.629554106511347578e-01 2.658097715984527043e-01 2.805243480158706726e-01 2.910130087377659214e-01 1.729667039980476440e-01 3.859722953135343981e-03 2.392525551919623059e-02
1.000000000000000000e+00 7.724861902825441717e+00 2.647520883616196752e-01 2.442220624144479102e-01 2.648864970149676368e-01 2.522238644583270628e-01 2.185591221043771959e-01 2.360513448641523016e-01 2.039308833563217016e-01 2.262076381019336724e-01 1.758175042137972155e-01 2.067401537779310072e-01 2.636165788679776245e-01 2.292592332285972589e-01 2.746005766176885521e-01 3.423812457741807203e-01 2.526684976260652471e-01 2.683392154982949251e-01 2.759860878458835209e-01 2.801968501775917164e-01 1.748689001623300321e-01 3.765257558466559174e-03 2.387202909164557255e-02
1.000000000000000000e+00 8.003413657059539332e+00 2.647517148401055120e-01 2.504549525705533908e-01 2.705617461167665883e-01 2.417628433125619813e-01 2.182925475163529361e-01 2.416821025783453813e-01 1.901845022085370818e-01 2.271564524354510173e-01 1.831807344251932257e-01 2.016672849505071752e-01 2.638822430036269484e-01 2.232675222372446922e-01 2.808336833441107960e-01 3.467953783422669800e-01 2.397939023704904471e-01 2.584777925619194949e-01 2.659110162553922629e-01 2.806444804523294256e-01 1.738087754737821511e-01 3.585336962523471248e-03 2.317120807977002955e-02
1.000000000000000000e+00 9.350102715027057698e+00 2.571846206818001468e-01 2.558000903620671895e-01 2.794057584307812481e-01 2.456981539106886936e-01 2.243547000120610369e-01 2.402406169360248034e-01 2.038947940619407206e-01 2.234102687368081375e-01 1.772413179573523734e-01 1.932135960526435714e-01 2.607303901995877693e-01 2.246143810507351402e-01 2.768725891582952126e-01 3.363951172089952868e-01 2.429752329006426848e-01 2.543629133395710618e-01 2.682889401695819354e-01 2.806587454324572239e-01 1.754771560805589437e-01 3.522299074486693726e-03 2.451879986099152198e-02
1.000000000000000000e+00 1.131673919354863500e+01 2.569992064974896406e-01 2.502377166645588513e-01 2.726786306623186773e-01 2.483133601341680208e-01 2.111388039878286105e-01 2.452815653285440878e-01 2.072489115785489389e-01 2.312912979739533137e-01 1.758752495730365184e-01 1.818132272095443480e-01 2.641165028725640518e-01 2.323466388807552407e-01 2.921227661016607136e-01 3.485223256453331420e-01 2.404365048160314877e-01 2.441869142928080605e-01 2.794464573202217195e-01 2.830019229410870030e-01 1.722853160271783368e-01 3.314220542111016334e-03 2.508884405982586552e-02
1.000000000000000000e+00 1.108203229646722576e+01 2.523274577801816188e-01 2.582413066750466890e-01 2.752960701002908905e-01 2.364713061191756338e-01 2.032849068638848677e-01 2.507500419051007512e-01 2.054650004949158393e-01 2.292838989938461303e-01 1.779879540931746662e-01 1.850796641376820650e-01 2.466803312525606140e-01 2.315644855143430825e-01 2.834943403682369523e-01 3.260504132184664505e-01 2.390023301536464972e-01 2.395680299615225717e-01 2.768542980446090929e-01 2.779873378971932096e-01 1.737018688009105694e-01 3.368702891750724373e-03 2.493593522731897549e-02
1.000000000000000000e+00 1.051752282463419164e+01 2.517160544129851130e-01 2.600795019220110138e-01 2.700181215872594631e-01 2.450557372584836746e-01 1.903577878273645663e-01 2.453400905120184106e-01 2.072239895458260761e-01 2.230900281673081631e-01 1.788465486585600062e-01 1.800268195562956253e-01 2.559159246805173260e-01 2.166160739956447812e-01 2.931930888504634680e-01 3.222910603302118759e-01 2.481184989646264272e-01 2.306796240671688258e-01 2.810773331901105787e-01 2.833789659328684873e-01 1.695433098214660650e-01 3.326490209154283392e-03 2.621509933572063050e-02
1.000000000000000000e+00 1.165462323648475085e+01 2.614937670205173537e-01 2.551538936249483358e-01 2.522379618031457826e-01 2.398150595172110766e-01 1.839039955821932804e-01 2.471438757366196670e-01 2.010363918818662554e-01 2.159854989938354008e-01 1.760443304677345444e-01 1.745841484930202581e-01 2.561228657813579002e-01 2.049198096904729927e-01 2.982275952314342726e-01 3.150350648039291768e-01 2.568595757036407634e-01 2.317304054864008644e-01 2.737393497430012923e-01 2.791028246233784316e-01 1.679430911156837847e-01 3.459850782934229593e-03 2.660453920448451956e-02
1.000000000000000000e+00 1.044909843387297421e+01 2.600094739312954761e-01 2.477671757441428924e-01 2.564745976019107143e-01 2.364212243553955595e-01 1.927077294462625767e-01 2.430610721442585942e-01 2.096242129992287317e-01 2.198200433315200542e-01 1.743541478037287651e-01 1.741493297801646745e-01 2.520740642803895870e-01 2.007069765822875329e-01 3.082997352155548154e-01 3.123726460508937652e-01 2.499557300252515657e-01 2.320965809153985038e-01 2.718134448920984103e-01 2.694152057957297508e-01 1.672748773872315964e-01 3.355295680844010836e-03 2.742412130416602145e-02
1.000000000000000000e+00 9.553929544490364023e+00 2.647650685211394017e-01 2.523114546239119127e-01 2.320169840098045555e-01 2.345477252372592525e-01 1.976288248092742394e-01 2.385519385569094264e-01 2.072343569848931477e-01 2.179790594041016993e-01 1.712684815222892121e-01 1.707006732994351128e-01 2.550250800500715731e-01 2.025296578004029124e-01 3.279794182962206262e-01 3.040276116093085235e-01 2.360764458434372326e-01 2.230796613552350482e-01 2.732197112539931361e-01 2.719232175764954573e-01 1.653566094532243347e-01 3.341659811101084163e-03 2.811858956831917583e-02
1.000000000000000000e+00 1.006551848847345809e+01 2.611573698911344166e-01 2.445286399620849316e-01 2.239281270992180273e-01 2.314094724136549486e-01 2.048215128768929583e-01 2.389770804417944150e-01 2.098087300613313000e-01 2.125052285867751745e-01 1.698366171336376795e-01 1.747222682577946884e-01 2.352290486260559810e-01 2.143663758880414993e-01 3.244385463633335798e-01 2.884434199377272079e-01 2.332979413380049105e-01 2.254410323789660942e-01 2.656422777544779068e-01 2.676683754564851414e-01 1.664994585692156914e-01 3.324833117445369097e-03 2.887275130891341773e-02
1.000000000000000000e+00 1.035083747638710072e+01 2.596109040072168694e-01 2.376304511014591947e-01 2.197036927989582389e-01 2.311074276120552995e-01 2.048191877100768443e-01 2.261061845569363460e-01 2.069895532880697830e-01 2.036004066104230292e-01 1.757316128295244861e-01 1.727110652382354006e-01 2.329903336142429837e-01 2.085859874453179219e-01 3.177525344625163894e-01 2.773154344062245813e-01 2.250733079713726492e-01 2.208494065906395631e-01 2.614688213577006648e-01 2.617573917874430056e-01 1.624756252389941147e-01 3.296888856693555494e-03 2.860183861125624449e-02
1.000000000000000000e+00 9.845394882432772832e+00 2.606834120082190398e-01 2.418418465467438161e-01 2.307744587863141961e-01 2.258245837611402296e-01 2.040111611585169460e-01 2.273623744155340576e-01 1.963769545911185910e-01 1.958857114903059526e-01 1.824376281979038505e-01 1.767861458461216784e-01 2.287830653184763641e-01 1.978682569119927515e-01 3.093002589453249795e-01 2.858932194784025160e-01 2.292958075768009030e-01 2.128697008262397383e-01 2.588900036797039950e-01 2.601772842203051161e-01 1.601190339819932584e-01 3.269726690906371754e-03 2.900186160045456138e-02
1.000000000000000000e+00 8.803773686237162721e+00 2.624268400804594115e-01 2.445418903968637758e-01 2.152033401224656972e-01 2.245892636900825301e-01 1.983056340137102080e-01 2.147426565450051283e-01 2.007782408001721752e-01 1.877451278969933524e-01 1.884782514814975773e-01 1.680024471429087674e-01 2.181546490792055093e-01 1.923285204057417486e-01 3.092619078744829886e-01 2.778629411821181838e-01 2.327131750520725906e-01 2.111857829499709516e-01 2.650975614784167878e-01 2.491244014409504104e-01 1.586924836256909943e-01 3.207104091423240190e-03 2.793454775257648431e-02
1.000000000000000000e+00 9.363622109556041906e+00 2.606856613676295509e-01 2.455165759014764360e-01 2.202819841153788871e-01 2.194345795621809869e-01 2.133375599402612399e-01 2.135279537405949946e-01 2.070759582569826618e-01 1.855457083161220488e-01 1.926174573260818201e-01 1.671838900993803112e-01 2.144100003342375438e-01 1.863062799484417886e-01 3.191300619708266617e-01 2.912691217133644983e-01 2.364043883129756107e-01 2.131825762722824313e-01 2.716646437351610266e-01 2.498118293037411564e-01 1.598180770487221125e-01 3.206125174302793326e-03 2.950413089701332814e-02
1.000000000000000000e+00 9.983293089282648580e+00 2.660196023665643006e-01 2.440477032050254458e-01 2.160007389463821093e-01 2.276988123140154252e-01 2.142355633840391516e-01 2.206953109225335552e-01 2.201259745655403388e-01 1.692470395497093494e-01 1.837995452239143124e-01 1.646038764306481661e-01 2.176925160483408339e-01 1.908744019672161396e-01 3.255162362055813441e-01 2.806472939812864054e-01 2.370166806191774111e-01 2.105753952011725494e-01 2.677812411131292869e-01 2.373906702820940406e-01 1.611004394898297165e-01 3.429567009651065222e-03 2.852192297060543100e-02
1.000000000000000000e+00 1.392903012787192374e+01 2.683401175625381718e-01 2.472390131073694819e-01 2.188531118172075962e-01 2.260420147068102903e-01 2.312394124901735182e-01 2.235166811076658711e-01 2.331627607914588951e-01 1.770524601471105131e-01 1.759495638437266196e-01 1.639608038180113692e-01 2.314498035238353180e-01 1.973313365282065579e-01 3.312187031682231608e-01 2.613378114190927914e-01 2.468318035192440529e-01 2.250399950634143498e-01 2.651944451249624857e-01 2.523401898624952899e-01 1.656176440425207175e-01 3.433626839293814088e-03 2.965340124954590414e-02
1.000000000000000000e+00 1.463489994003576911e+01 2.602497290207260172e-01 2.446660157151394621e-01 2.166162182535011638e-01 2.311208418729057690e-01 2.379651520167942180e-01 2.147976443774835265e-01 2.317598932772626241e-01 1.795034442889385518e-01 1.705797612034111177e-01 1.641334054039183254e-01 2.358900111015738987e-01 1.963658276045999740e-01 3.340743976808303595e-01 2.719093215321941037e-01 2.426098664297608731e-01 2.130108946549013615e-01 2.623396841030902205e-01 2.695281055610255772e-01 1.636721720116209866e-01 3.340039073226080089e-03 3.000531209561308615e-02
1.000000000000000000e+00 1.064204411141313322e+01 2.542641503499220579e-01 2.473695631730651323e-01 2.164607756655355930e-01 2.371188649323481834e-01 2.307671229645213151e-01 2.094835305865271335e-01 2.138718279629605867e-01 1.891730841128694551e-01 1.697229653005419281e-01 1.789923838318830118e-01 2.251477083429048731e-01 1.786448454459254043e-01 3.504431396234187202e-01 2.800936635429721044e-01 2.380169939743098373e-01 2.213874132687656815e-01 2.529996533336062448e-01 2.797554662352224053e-01 1.628528017857770460e-01 3.505287131314757405e-03 3.007557133094201918e-02
1.000000000000000000e+00 1.295053585502002669e+01 2.446487320295138435e-01 2.456065246728517948e-01 2.241687453764922844e-01 2.302630906404214139e-01 2.230801264994479172e-01 1.960129975769779875e-01 2.102171329978095582e-01 1.878893430505997053e-01 1.694234021239802990e-01 1.818838949559113960e-01 2.228276094613505509e-01 1.866708869126829373e-01 3.437013838876591398e-01 2.642849932621472164e-01 2.253027542889102508e-01 2.243575571162293725e-01 2.536922230979571924e-01 2.746271747842645161e-01 1.578831136962267068e-01 3.321387234493924142e-03 2.999876613037084222e-02
1.000000000000000000e+00 1.601349984027676854e+01 2.363276502856003769e-01 2.535672239449708321e-01 2.215377473829395483e-01 2.381468009088045790e-01 2.075571311990294932e-01 1.997936539338346917e-01 2.135665407712943609e-01 1.917743101680337015e-01 1.650665848950782777e-01 1.842583654537145454e-01 2.180417262717171956e-01 1.927900580167935252e-01 3.394697565027727792e-01 2.763379376815083277e-01 2.252366883072264292e-01 2.228388427274649863e-01 2.603094997725052262e-01 2.793079609393496199e-01 1.595523014193326039e-01 3.311283180091268655e-03 2.845946192293798138e-02
1.000000000000000000e+00 1.089304049052971024e+01 2.287349978991686239e-01 2.620748585863095781e-01 2.209285884020012469e-01 2.558823827500548154e-01 2.008238708264129813e-01 2.028357534116451699e-01 2.195420962440721713e-01 1.911709713231727059e-01 1.614257296655119134e-01 1.705761942882684790e-01 2.185139251393916071e-01 1.989610494617582714e-01 3.304744364510477928e-01 2.900154359060662101e-01 2.140283214120186073e-01 2.226440676487022319e-01 2.604859165374732721e-01 2.764975049389571948e-01 1.593290130115811998e-01 3.203210536864355227e-03 2.793136810613288182e-02
1.000000000000000000e+00 1.311315465782189982e+01 2.376274414223602527e-01 2.603329783059438185e-01 2.249562138495234398e-01 2.449181663746383408e-01 2.073238767080660960e-01 2.084483108110259109e-01 2.203349809051564634e-01 1.887822710654565028e-01 1.705682963442952116e-01 1.750892921561190418e-01 2.155613212480547158e-01 2.129234612082634148e-01 3.349824278972468039e-01 2.932036820066865612e-01 2.236886934996841769e-01 2.103618068500427984e-01 2.753219713079643194e-01 2.925873421718156453e-01 1.612241980873282687e-01 3.184631012648857055e-03 2.684495428291017172e-02
1.000000000000000000e+00 1.293381330170410415e+01 2.419242390220341377e-01 2.541983411705784901e-01 2.319261795149281102e-01 2.380564442876074160e-01 2.174637905979164565e-01 2.004873194810949111e-01 2.180912221680184337e-01 1.759557395408987146e-01 1.694077454809222449e-01 1.855052865287286079e-01 2.102772152034385333e-01 2.097013000274167704e-01 3.378362869265317814e-01 2.773207462753036201e-01 2.202229175872275346e-01 2.135444411527264996e-01 2.663540994832757636e-01 2.908842121819161242e-01 1.609938361228862302e-01 3.224417158139926323e-03 2.579889071204432421e-02
1.000000000000000000e+00 6.394935370106731298e+00 2.451958739818675959e-01 2.510750241218595580e-01 2.296922952732342316e-01 2.479713809594970564e-01 1.962826821393840182e-01 1.975354332062755902e-01 2.100280692183703335e-01 1.817572955367694476e-01 1.687331842806216453e-01 1.939372473570488142e-01 2.258114454079228339e-01 1.864940346524741888e-01 3.421511056696993069e-01 2.979835464300992220e-01 2.239933906966335708e-01 2.087559299068057761e-01 2.576538464252949301e-01 2.964778949832470034e-01 1.600732214869619308e-01 3.231679021520474961e-03 2.573440857935296172e-02
1.000000000000000000e+00 9.472100683694531398e+00 2.435207167118725313e-01 2.421802338257613429e-01 2.338212077366473296e-01 2.559615389575045086e-01 1.938506304119943513e-01 2.026314129912792916e-01 2.140476874712944066e-01 1.713985248301138076e-01 1.790014767671435914e-01 1.837001485960739477e-01 2.247363011910988584e-01 1.904399335939161719e-01 3.559733095554925564e-01 2.958280715990531107e-01 2.262834088753304662e-01 1.942399450074728529e-01 2.506562006593552328e-01 3.010051315171372033e-01 1.609587731288588675e-01 3.399434840565529296e-03 2.378990434930188663e-02
1.000000000000000000e+00 1.199824412420657183e+01 2.468941075463692292e-01 2.365466324384610242e-01 2.439055567579581085e-01 2.478884208790642640e-01 1.894180619247108344e-01 1.984588199227643179e-01 2.123417461949035356e-01 1.818836963768561132e-01 1.811240360975931440e-01 1.855679616883342820e-01 2.177349741299689223e-01 1.898295354585307904e-01 3.431617106163684650e-01 2.886515469863463745e-01 2.394272599560494097e-01 1.797349413042980681e-01 2.483443503126970819e-01 2.986827242504225266e-01 1.598081233617777708e-01 3.447751937845042712e-03 2.389670009444501073e-02
1.000000000000000000e+00 1.110786217510417018e+01 2.509413417202688290e-01 2.417844036830042453e-01 2.322691717846431803e-01 2.507796071652991787e-01 1.886781951845298289e-01 1.960688938883175803e-01 2.245648422787255294e-01 1.854881482404072968e-01 1.901088182072363797e-01 1.854772536183333653e-01 2.138691909674406422e-01 1.910480540000053240e-01 3.523631397948641109e-01 2.926811605216325107e-01 2.394411749452016458e-01 1.993544324696637504e-01 2.405109922016374913e-01 2.904896898611788458e-01 1.626373942536468997e-01 3.526303121692045059e-03 2.476832085277346288e-02
1.000000000000000000e+00 9.778416661085763906e+00 2.516649508786739098e-01 2.482501484890694832e-01 2.238657736402839549e-01 2.462160134615966611e-01 2.060147229513164813e-01 1.990460244442743831e-01 2.228393796234731106e-01 1.780606105773359649e-01 1.959175096034596886e-01 1.902558077030086503e-01 2.061180347379346078e-01 1.914994596549099426e-01 3.296791162232736161e-01 2.805150596263416563e-01 2.553486033560787849e-01 1.980142331532732392e-01 2.380614383028561987e-01 2.773436467015216733e-01 1.607881064398619664e-01 3.625116734111033089e-03 2.606465515949594330e-02
1.000000000000000000e+00 9.529224121994058549e+00 2.638855733791016234e-01 2.300852311811141526e-01 2.207308627892531350e-01 2.477454465256242189e-01 2.000590122531438475e-01 2.039970660137874758e-01 2.200244316909500120e-01 1.827740028338732947e-01 1.883160328491238489e-01 1.995007056857473204e-01 2.077062514666413173e-01 1.914897435012037352e-01 3.364736078772440631e-01 2.652035503964355612e-01 2.556708266164582910e-01 1.981753077658234552e-01 2.388324095420075455e-01 2.686377247614906150e-01 1.602773373131976820e-01 3.587091095021196357e-03 2.672186713931515994e-02
1.000000000000000000e+00 8.275764054244572065e+00 2.571918338384847069e-01 2.310106647561392945e-01 2.266556258078323283e-01 2.494685700856776323e-01 2.013401642374747502e-01 2.070836059526905415e-01 2.097336809165047666e-01 1.756566977358759996e-01 1.840347206502102873e-01 2.011755409208592638e-01 2.088417242530417883e-01 1.923760875873390674e-01 3.493433139982566327e-01 2.519078609733223506e-01 2.397061245186049572e-01 1.936606049868508650e-01 2.275369111017150336e-01 2.744229842804416508e-01 1.587577825031067924e-01 3.686159974260954514e-03 2.666056217381534976e-02
1.000000000000000000e+00 7.754309390171412630e+00 2.571447820586290622e-01 2.471722525768005330e-01 2.131661058411342957e-01 2.492439730814991483e-01 1.965276377194963564e-01 2.055773374037447865e-01 2.260137284124180135e-01 1.846144621250954132e-01 1.809286410189255012e-01 1.881775506462628478e-01 2.127147111993916151e-01 2.037146144452761098e-01 3.447615911190811122e-01 2.675612215066270339e-01 2.435639376897418829e-01 1.807470893297760672e-01 2.298012926872747552e-01 2.593859312203224410e-01 1.584937624839350689e-01 3.916362312786712818e-03 2.709060771469043796e-02
1.000000000000000000e+00 8.195553564722485973e+00 2.558792242752297441e-01 2.443525898494131599e-01 2.153641961367274704e-01 2.420981214773809953e-01 1.983813030999093674e-01 1.990849237968474461e-01 2.266564064028714076e-01 1.844014634873538949e-01 1.783457664247344310e-01 1.930217337396795962e-01 2.062029173119063752e-01 2.130151177893554182e-01 3.438364161139518815e-01 2.593098712058689581e-01 2.382968126996888036e-01 2.009564720639209490e-01 2.225193333274692042e-01 2.536812244978436381e-01 1.586200425406870118e-01 4.044550992096423297e-03 2.558722036157690810e-02
1.000000000000000000e+00 6.729552383458272224e+00 2.500030795505389092e-01 2.440784118559393978e-01 2.150441132919075626e-01 2.449333884656022253e-01 1.955302718151721852e-01 2.011051043560864449e-01 2.161598580941350434e-01 1.853056692168305319e-01 1.740763091635902649e-01 1.932063696173507983e-01 2.014660339146508994e-01 2.064670431281147855e-01 3.490557348112310887e-01 2.572075556199747703e-01 2.455081705645248968e-01 2.109448181061902572e-01 2.316765421790170365e-01 2.712224960783782834e-01 1.590477323533920628e-01 3.859192300963825047e-03 2.526698033886546485e-02
1.000000000000000000e+00 7.352318567363728796e+00 2.519350966121289281e-01 2.378244959206409215e-01 2.164739319772954751e-01 2.437997884026019968e-01 2.042907448464108822e-01 2.013721883252996281e-01 2.179931268394135202e-01 1.982928972215439178e-01 1.821650632879625864e-01 1.804893953699980846e-01 2.133758881393273410e-01 2.069169235800261131e-01 3.428924838860250568e-01 2.672315403742933637e-01 2.564332578163317500e-01 2.119079070979137946e-01 2.264457692960724078e-01 2.788194351895260104e-01 1.594186009170846796e-01 3.930417939715493206e-03 2.495160811514192042e-02
1.000000000000000000e+00 8.346471462772292682e+00 2.512198420429342383e-01 2.478996506238799469e-01 2.167981450209774674e-01 2.406844327127170835e-01 2.026334646479878987e-01 2.060561697454080521e-01 2.191048130501059565e-01 1.998687743229025371e-01 1.830144481483203522e-01 1.896395932718902000e-01 2.224335553168143020e-01 2.190933849122989885e-01 3.276755408162669858e-01 2.498495126417906720e-01 2.690564455066326577e-01 2.166649962220318359e-01 2.374142546503379136e-01 2.863112016076332367e-01 1.615805186285816097e-01 3.936758507496434904e-03 2.401691516367606902e-02
1.000000000000000000e+00 4.651310650120108470e+00 2.444631962221058274e-01 2.496513767021894536e-01 2.277154669606669402e-01 2.416598375989153502e-01 2.018910192009164550e-01 2.015854162178065956e-01 2.159515343952856103e-01 1.936241067888283540e-01 1.816944040459737841e-01 1.792160250536370680e-01 2.218021123122763671e-01 2.102011046299817332e-01 3.289705094047717382e-01 2.566719680855742425e-01 2.621374397949046142e-01 2.169503253293142142e-01 2.322373948380511144e-01 2.778580129755174877e-01 1.600360738366042590e-01 3.832609504410403913e-03 2.422269718542462841e-02
1.000000000000000000e+00 5.432412769865618607e+00 2.530392187717127594e-01 2.498641790531585527e-01 2.224869765571456937e-01 2.412821726243813691e-01 2.013415688011896687e-01 2.019323485495284620e-01 2.158973678752449110e-01 1.947284323258876293e-01 1.813052844549404574e-01 1.794446700692185204e-01 2.324643738624837530e-01 2.005680923164189500e-01 3.252962552433696919e-01 2.635548782281684210e-01 2.553911364664949168e-01 2.245663584392869339e-01 2.444984684905661676e-01 2.895997198383261084e-01 1.607214125921877512e-01 3.911922586370716708e-03 2.415010309397151375e-02
1.000000000000000000e+00 7.071511497686365111e+00 2.505799137358087347e-01 2.465957660550429364e-01 2.276024768812916488e-01 2.368107497434154551e-01 2.017952124503816502e-01 2.021288729615025037e-01 2.148651898286860207e-01 2.077909938357457020e-01 1.804509467323709981e-01 1.733227531540793009e-01 2.220590151231826848e-01 1.965247580656392379e-01 3.201822850691034006e-01 2.666391883286474696e-01 2.357756622591807294e-01 2.224495849539542547e-01 2.322159848448377972e-01 2.941975791980083188e-01 1.590280106142104855e-01 3.986566873882734820e-03 2.479320090296021836e-02
1.000000000000000000e+00 9.853926965943424321e+00 2.522731384794101861e-01 2.507196418557012252e-01 2.359034557129305321e-01 2.370370586978243210e-01 1.993179872996197199e-01 1.932267232239161803e-01 2.189305959437460314e-01 2.017828248055410778e-01 1.753844247939871648e-01 1.723300952678795961e-01 2.346315549014278967e-01 2.072813587410178571e-01 3.204644532536753410e-01 2.789215042123956989e-01 2.398459512789049841e-01 2.247623311431505289e-01 2.194060081171055610e-01 3.015499683266429920e-01 1.606330856495326864e-01 3.930021356865924520e-03 2.497592862660248658e-02
1.000000000000000000e+00 9.212028783796959885e+00 2.551754738471934680e-01 2.484321139650244592e-01 2.493765318828637945e-01 2.305014811665481722e-01 2.036815919061278346e-01 1.877130982653199553e-01 2.241714023386819354e-01 2.035858102459004448e-01 1.744337119134772018e-01 1.802970505121336275e-01 2.415243343669879472e-01 1.987764088535654561e-01 3.096444173671389910e-01 2.741849625281102543e-01 2.439241729828590943e-01 2.387652560700130322e-01 2.171684319044255296e-01 3.022961941982759693e-01 1.623354688825372483e-01 3.936147624863565488e-03 2.586462189219700114e-02
1.000000000000000000e+00 1.148840280187724439e+01 2.442265194788253990e-01 2.406985799674029869e-01 2.623545254609160882e-01 2.308123336079097032e-01 2.193544924379811356e-01 1.966731854563922299e-01 2.186234156301427034e-01 2.030929007729925240e-01 1.793894069811664549e-01 1.739219690520741601e-01 2.335450420302315200e-01 2.016989103821089646e-01 3.244677434639733349e-01 2.760201019722405835e-01 2.461848417778626508e-01 2.361113854395973377e-01 2.189609552656199554e-01 3.019536852982347974e-01 1.610300613344585741e-01 4.075677780177195189e-03 2.491488347762375183e-02
1.000000000000000000e+00 1.298536143530945353e+01 2.514681639581734518e-01 2.334071158465612639e-01 2.447124739300700069e-01 2.319082783561195182e-01 2.164965261064476787e-01 1.982125606157642550e-01 2.421849739077471531e-01 2.036828790579753579e-01 1.773490650119546042e-01 1.692011922346760011e-01 2.490420617824259386e-01 1.899074186729967362e-01 3.362942936358281343e-01 2.667385319967952029e-01 2.478030487615634769e-01 2.223430557459847023e-01 2.223268413539134791e-01 3.001407078527954519e-01 1.638298801327785770e-01 4.060404226169475606e-03 2.446373453628001779e-02
1.000000000000000000e+00 1.060920136795378532e+01 2.558779475900677114e-01 2.467939867921537522e-01 2.378031689681048833e-01 2.461290961567527691e-01 2.138105183481895100e-01 1.967327059007600576e-01 2.485306108119868795e-01 1.989118673393872605e-01 1.915818435309233625e-01 1.714326998505115440e-01 2.376077123543509362e-01 1.944971655641826447e-01 3.329925770178051581e-01 2.682492172232228689e-01 2.509292115359563202e-01 2.372673194948322073e-01 2.305003258744640626e-01 3.105476030581748037e-01 1.652540425706856553e-01 4.133805988183154173e-03 2.380826156638604987e-02
1.000000000000000000e+00 1.498685623596310279e+01 2.467345626926018831e-01 2.464543670089390515e-01 2.435910655430776062e-01 2.389547827472057739e-01 2.188223412179514382e-01 1.932284462243322454e-01 2.429971433087493304e-01 1.979614116454827821e-01 1.949544049994325068e-01 1.765149754088239376e-01 2.500972820243358430e-01 2.047090920746090503e-01 3.261963194414274070e-01 2.614529621206251320e-01 2.409989268569359688e-01 2.349913195341483962e-01 2.277825098363627510e-01 3.252493264290025055e-01 1.634775778073105090e-01 4.171712376144038822e-03 2.312661512788768969e-02
1.000000000000000000e+00 1.278438262347415133e+01 2.578468822244362468e-01 2.356330694849365637e-01 2.417478672791818217e-01 2.420965174608890880e-01 2.240946850512504085e-01 1.845670823586336440e-01 2.412691876595768892e-01 1.981939055756852253e-01 1.821362627242368026e-01 1.856326337272446447e-01 2.448617543988862999e-01 1.953507482461291356e-01 3.267674586247422130e-01 2.708304269832041422e-01 2.489370528282253969e-01 2.235448936834142919e-01 2.280421068201941848e-01 3.157667857866708894e-01 1.638566373831466527e-01 4.300875134521586589e-03 2.424750822439215511e-02
1.000000000000000000e+00 1.168680454866273166e+01 2.607286930089273147e-01 2.258205590998588197e-01 2.299386914185293784e-01 2.426900900352183532e-01 2.326195906724693452e-01 1.889885695699668466e-01 2.262929266592561273e-01 2.000839236879558558e-01 1.859653505606266577e-01 1.862032603995752433e-01 2.418242378957342620e-01 2.015297084195626365e-01 3.251909763826131283e-01 2.544276516602192451e-01 2.465695618036178038e-01 2.251122782586883475e-01 2.341344989416840050e-01 3.242872689776740702e-01 1.610268658109248463e-01 4.383156056518963152e-03 2.419460654924203771e-02
1.000000000000000000e+00 1.173680462281214432e+01 2.461174621765823689e-01 2.325534207649125606e-01 2.413176120718368289e-01 2.401336749392680991e-01 2.428286748502940517e-01 1.912800294136589863e-01 2.135361217069859652e-01 2.066649618370450248e-01 1.813689774623815087e-01 1.750294187295292625e-01 2.416450140803516333e-01 2.157360880311481599e-01 3.351594812191174277e-01 2.526525979550691692e-01 2.462079701057853509e-01 2.233142997163809484e-01 2.366998390889988868e-01 3.089977774024842416e-01 1.608380704691212693e-01 4.276497624816901974e-03 2.507386244946363529e-02
1.000000000000000000e+00 1.213973121584747794e+01 2.482740209368317907e-01 2.403039842481948518e-01 2.440913082966051362e-01 2.360720288393346189e-01 2.447241940624696466e-01 1.997361413246913631e-01 2.245783541434439867e-01 2.130513356402685965e-01 1.851938183499781121e-01 1.728536852973321658e-01 2.471696077300747085e-01 2.095110819813801595e-01 3.264712829097922708e-01 2.403333911606700124e-01 2.539288758702825666e-01 2.234403285590764454e-01 2.329525877951649226e-01 3.111612787711336980e-01 1.649535124741159098e-01 4.074613946180827631e-03 2.547561540739420871e-02
1.000000000000000000e+00 1.281025774158100461e+01 2.471023248226727476e-01 2.356401211136005536e-01 2.492690554298346295e-01 2.335303061104866407e-01 2.443249939280512095e-01 1.978079293219990320e-01 2.269266045097526885e-01 2.169609354940460755e-01 1.848206394913044781e-01 1.696802785156076854e-01 2.347948942075882561e-01 2.224190483787273354e-01 3.398236792893612468e-01 2.349415382933835450e-01 2.674688915542813850e-01 2.223551815055602454e-01 2.334112071682685752e-01 3.065247885882709800e-01 1.633098119536116333e-01 4.090317799019940921e-03 2.477434178554428074e-02
1.000000000000000000e+00 1.369378917242214833e+01 2.497381094884635888e-01 2.432864672298289399e-01 2.560570123362259087e-01 2.364928286884236397e-01 2.497801303764278780e-01 1.943446790969514115e-01 2.271757498576440215e-01 2.197657116467431337e-01 1.926085969676230580e-01 1.685119545996492940e-01 2.321244334272013210e-01 2.338965533591115808e-01 3.489637619214225883e-01 2.517040491693552928e-01 2.665118057149424846e-01 2.367738635630457222e-01 2.389111789790435425e-01 3.042741922584917824e-01 1.643781288611231017e-01 4.086792635639778341e-03 2.402097024854557908e-02
1.000000000000000000e+00 1.634392547396204876e+01 2.508205589604176611e-01 2.506634307084752433e-01 2.485720063735116780e-01 2.437243448572582460e-01 2.501345172859776866e-01 1.914883945656237763e-01 2.261957383603519223e-01 2.053300726567245382e-01 1.926554551855231279e-01 1.606893238313980843e-01 2.356372877421389622e-01 2.193351502419337296e-01 3.495118571137773578e-01 2.676939099746099004e-01 2.725376848885802672e-01 2.302725180784465642e-01 2.405071458551008012e-01 2.967755724611143009e-01 1.638669263618431071e-01 4.164505970959359558e-03 2.345379633603982342e-02
1.000000000000000000e+00 1.376686736669416256e+01 2.523038064108023004e-01 2.405956059192133345e-01 2.552099513832393751e-01 2.361038112338495476e-01 2.426832324657679785e-01 1.951528079219970457e-01 2.246434475353692450e-01 2.070489504462667829e-01 1.972756840836055459e-01 1.680016390199378928e-01 2.434684631740137717e-01 2.103939896602284587e-01 3.331191201136509128e-01 2.548373592131341070e-01 2.643660090204386637e-01 2.393102147000222280e-01 2.286630446671636119e-01 2.924682446393375712e-01 1.663002601010956372e-01 4.077991226072057336e-03 2.313906144471610665e-02
1.000000000000000000e+00 1.368249642596273397e+01 2.437054697805534909e-01 2.545105904269094887e-01 2.561565651149615985e-01 2.353212914061363070e-01 2.527854557482127618e-01 2.019427347896675107e-01 2.212340567586912887e-01 2.018881507197987091e-01 1.966986750664911632e-01 1.660946383041654317e-01 2.400861457749962902e-01 2.131363266529449907e-01 3.227202836117788465e-01 2.617571867774982075e-01 2.727345629687227269e-01 2.331558051047504521e-01 2.139887317220301177e-01 2.868639538610885942e-01 1.659569374223631710e-01 4.232549315588525311e-03 2.425368593916692531e-02
1.000000000000000000e+00 1.225877065854839465e+01 2.475440386699007955e-01 2.543389973667931070e-01 2.516371983608124974e-01 2.267230009736055651e-01 2.488240918196383267e-01 1.995795084466281955e-01 2.309182966258485070e-01 1.974467007429585308e-01 1.860735804081136702e-01 1.876663919172686379e-01 2.422071904836765044e-01 2.142612423313595138e-01 3.170794237972889285e-01 2.754410517681709081e-01 2.703825063809577323e-01 2.372118996464464280e-01 2.077984269598034672e-01 2.817547021209176883e-01 1.648869804785043358e-01 3.941335731588980172e-03 2.473220512111126354e-02
1.000000000000000000e+00 1.200579284031760352e+01 2.484487811379119393e-01 2.597283017351758039e-01 2.494358028740357447e-01 2.247046824083691885e-01 2.490501736320841764e-01 1.943497370399990265e-01 2.136581298937855200e-01 1.888324620696663902e-01 1.906112696680335450e-01 1.916644881311480031e-01 2.639302614221287757e-01 2.075669392716068262e-01 3.182647914467704453e-01 2.719149889069208959e-01 2.601748548041928899e-01 2.254589394506132938e-01 2.089873947806492882e-01 2.730741460452845715e-01 1.654553175157908174e-01 3.768977701940320717e-03 2.430911173286694552e-02
1.000000000000000000e+00 8.868168819613819309e+00 2.528099205724473886e-01 2.692667215383228729e-01 2.296613127820480715e-01 2.283923920788449025e-01 2.418295971458173377e-01 1.956102399165950967e-01 2.072428851803949368e-01 1.908824143116944205e-01 1.820143948544020729e-01 1.876827401878395918e-01 2.417137212249829137e-01 2.122021872282429389e-01 3.170893119389929238e-01 2.981768849430940782e-01 2.440211970037880762e-01 2.219530795843403237e-01 2.072761855845733636e-01 2.693691294932770708e-01 1.641002713417830106e-01 3.833064412830211598e-03 2.365703572942882971e-02
1.000000000000000000e+00 8.177735657552736015e+00 2.540799269937416005e-01 2.726262409184110336e-01 2.177558076189867464e-01 2.269320095836279694e-01 2.371617582808442370e-01 2.040255061447405482e-01 2.100093078423192761e-01 2.018724468721395104e-01 1.807093635554370137e-01 1.850309543480768704e-01 2.231089739048733867e-01 2.057494535970656457e-01 3.179069413154717028e-01 3.041035780203685257e-01 2.395199599579332372e-01 2.236549425501886401e-01 2.047079484795670534e-01 2.721297594320549740e-01 1.631368657243478792e-01 3.769063897425419581e-03 2.403991267865034781e-02
1.000000000000000000e+00 7.880055771947474419e+00 2.470794440657184954e-01 2.779456963474010722e-01 2.164549898723044652e-01 2.201245422291440712e-01 2.377461406049484749e-01 2.052555223050639976e-01 2.185978791157758006e-01 1.875486896071867915e-01 1.756121152673668084e-01 1.892617963043498330e-01 2.118345675850449028e-01 2.052659661797581747e-01 3.164283016190557185e-01 2.977293500259466930e-01 2.384593812223425868e-01 2.301709143770107324e-01 2.008494517316164185e-01 2.741247485622764213e-01 1.610281502190764880e-01 3.686620280020614163e-03 2.399467860953407444e-02
1.000000000000000000e+00 7.711515838940600887e+00 2.496048471502533561e-01 2.783236447506406419e-01 2.106137817619602726e-01 2.345083928314035671e-01 2.344635744510390196e-01 2.019026718839986578e-01 2.077890206980557153e-01 1.947431765844858664e-01 1.846552074511018660e-01 1.837726252873900235e-01 2.210325476469914008e-01 2.029128440382695631e-01 3.065130254804145915e-01 3.023750748345133132e-01 2.415277958626834420e-01 2.309669756090832193e-01 2.110158066238595476e-01 2.749373058540287573e-01 1.627055055356630142e-01 3.634575936436927699e-03 2.456453510684509373e-02
1.000000000000000000e+00 6.663067535092600302e+00 2.535729233704229202e-01 2.707608499975393546e-01 2.038652301912745046e-01 2.344571783132862186e-01 2.282142587198073280e-01 1.937463975888052692e-01 2.151993860428020044e-01 1.933715308857033854e-01 1.745204952285910049e-01 1.908950108020905645e-01 2.230783580470553362e-01 2.036564203729376854e-01 2.925642221856269987e-01 3.063343861616768526e-01 2.291938763379698096e-01 2.406020939373611500e-01 2.021709479301611045e-01 2.709391578714884230e-01 1.596486831576644227e-01 3.569625691449341241e-03 2.523256525391587290e-02
1.000000000000000000e+00 8.584470266225558532e+00 2.576381924903525800e-01 2.578127879175461379e-01 2.175499637791219465e-01 2.434686210355887781e-01 2.250629359788339778e-01 2.199473991950957052e-01 2.296550942606816470e-01 2.004150610237757091e-01 1.685970988443667717e-01 1.986329627452592395e-01 2.248614135237617107e-01 2.123237074861391571e-01 2.932079554833518231e-01 3.137461381012132677e-01 2.341707081794093259e-01 2.476917334183858510e-01 1.891761201252745717e-01 2.892788733283109814e-01 1.668674132377380159e-01 3.413196940722177958e-03 2.565565290032765025e-02
1.000000000000000000e+00 8.396446257112588185e+00 2.588747793602280134e-01 2.496779827419529640e-01 2.211859052016804938e-01 2.568731501331930067e-01 2.147913033483689060e-01 2.224560989927733545e-01 2.147836975367631573e-01 2.091338111229156804e-01 1.630235641068462082e-01 1.973833244678762366e-01 2.238144999461410822e-01 2.030059276280836433e-01 3.024328119679914328e-01 3.296056790751963894e-01 2.261023762903780765e-01 2.558368643496302663e-01 1.902281689919622931e-01 2.968402066951008611e-01 1.651240117205640956e-01 3.371592406350703598e-03 2.437736547332315998e-02
1.000000000000000000e+00 9.419583167897394915e+00 2.520680759358983614e-01 2.443053914298623230e-01 2.195402527801547377e-01 2.512475440097099999e-01 2.157556365064940695e-01 2.225339778134923785e-01 2.076256666676706830e-01 2.040631181487786716e-01 1.691260339610412278e-01 1.868248411308068846e-01 2.216232972027835368e-01 2.161470403074213786e-01 3.003160105847167416e-01 3.236158572394187694e-01 2.173761161746167181e-01 2.494437078601050295e-01 1.938167495766173476e-01 2.906482882166896431e-01 1.618965957383844134e-01 3.398147445838642713e-03 2.509340725983174106e-02
1.000000000000000000e+00 9.730287347592906144e+00 2.556881099692929760e-01 2.338766207102524475e-01 2.364761972223610453e-01 2.468558287130057372e-01 2.231698644453933844e-01 2.292112569017318580e-01 2.039638138272081014e-01 2.083540356310019104e-01 1.707409258203934077e-01 1.712123534745149112e-01 2.273044846090463145e-01 2.248407315533671180e-01 3.009123971174922363e-01 3.241939754471350188e-01 2.250608966047485116e-01 2.483790480814873081e-01 2.040890423561958211e-01 3.002247035125292784e-01 1.655041540607033457e-01 3.148342647017915094e-03 2.494486373750465572e-02
1.000000000000000000e+00 7.090217899192956530e+00 2.627197972420104444e-01 2.315261047160143970e-01 2.293257473109204803e-01 2.466993950946913261e-01 2.127519778500081282e-01 2.236284007559969644e-01 1.974820128620731474e-01 2.072563303958259440e-01 1.721946984053990548e-01 1.666239980322808123e-01 2.314238170176806941e-01 2.185996915941180452e-01 3.128854711055912841e-01 3.244739574793004122e-01 2.201493568024841807e-01 2.523215929634221033e-01 2.076833643803837892e-01 3.035707993401957627e-01 1.646176558991481187e-01 3.168072653417002005e-03 2.533008626869305904e-02
1.000000000000000000e+00 9.635165686719497913e+00 2.520994089776940617e-01 2.337488106254801690e-01 2.300376858377995437e-01 2.580526447558209591e-01 2.162092473752662281e-01 2.207402073347159710e-01 1.926180006414235646e-01 2.126463858157601750e-01 1.722291773142535787e-01 1.633564891617835524e-01 2.419410182080559968e-01 2.107298215254946594e-01 3.111686411750642645e-01 3.375511366840012184e-01 2.302368662920437348e-01 2.572036619212869080e-01 2.144513395288839552e-01 2.994062568746889141e-01 1.628972543709584775e-01 3.128038599881088466e-03 2.757598460254203146e-02
1.000000000000000000e+00 1.187785692327476639e+01 2.619890549002156788e-01 2.422972278805841650e-01 2.354478927270491351e-01 2.476433856589832228e-01 2.274940259099225426e-01 2.137901551798150335e-01 1.961050004906617350e-01 2.075256204742480237e-01 1.609065815981765568e-01 1.589637836306155017e-01 2.468716435184093450e-01 2.209646602771321577e-01 2.906617793877365741e-01 3.306843450024813391e-01 2.254554450180463188e-01 2.629709002355160030e-01 2.275821285378111236e-01 2.836797790906826489e-01 1.652556747310368612e-01 3.295744700168510601e-03 2.590321209099452279e-02
1.000000000000000000e+00 1.146040316446986473e+01 2.569656076883071738e-01 2.369786171656920737e-01 2.268308903313923652e-01 2.488070121457262307e-01 2.161918038729478131e-01 2.104411663349829986e-01 2.099376121120516414e-01 2.016762893286682401e-01 1.676548979093958613e-01 1.551641640577789694e-01 2.575975593394435048e-01 2.151246395465434280e-01 2.813532059464449731e-01 3.157165150854061575e-01 2.202538289754276124e-01 2.639220645980150382e-01 2.405034663584045274e-01 2.850043506590618225e-01 1.617122917671018900e-01 3.350725322250382339e-03 2.360766114607034533e-02
1.000000000000000000e+00 1.124323957183267630e+01 2.506147851445155728e-01 2.444196257543476414e-01 2.324779595553737310e-01 2.443149200297832779e-01 2.102962019785123149e-01 2.037235463760629639e-01 2.063725031324350756e-01 1.994918662856691172e-01 1.732232713528930323e-01 1.588799005476918269e-01 2.704512347082974610e-01 2.152594354192773340e-01 2.825986528100052353e-01 3.032969925790108823e-01 2.214755016361867890e-01 2.659037347877045154e-01 2.240410512961925893e-01 2.682049712064821234e-01 1.614103837047071721e-01 3.444531615822359494e-03 2.392633634782814420e-02
1.000000000000000000e+00 1.048364921904691371e+01 2.584842131521452036e-01 2.347093667427698760e-01 2.234649898135896706e-01 2.350727177071510188e-01 1.995440524302971586e-01 2.055647196403120880e-01 2.124379018562234100e-01 1.916034501942889823e-01 1.743083170058719600e-01 1.667732904086178247e-01 2.639533763752885398e-01 2.008159030448534721e-01 2.811193491354935237e-01 2.866252269105123429e-01 2.307230997400313843e-01 2.610229644988840136e-01 2.066050326258338232e-01 2.616400293054609305e-01 1.579314816620663031e-01 3.238502166815686138e-03 2.501176819147929789e-02
1.000000000000000000e+00 1.258131444909896501e+01 2.568125468389074184e-01 2.343412711558722494e-01 2.171750216330216310e-01 2.343421871335429341e-01 1.912461797449135081e-01 2.041028233296029448e-01 2.011451911291516348e-01 1.894828231547703024e-01 1.762605167677362417e-01 1.718489454316617926e-01 2.629235582494208190e-01 1.980110168746032351e-01 2.775334793164744851e-01 2.818815286175704871e-01 2.320919324551903307e-01 2.595179710890261338e-01 2.183318655664023278e-01 2.624744064286015921e-01 1.583547207267005652e-01 3.297182443858434880e-03 2.370659954890638743e-02
1.000000000000000000e+00 1.074839558859856581e+01 2.541463609459888584e-01 2.406050580753440471e-01 2.187075833237277500e-01 2.301599208880489578e-01 1.926609903334755014e-01 1.990476035218438078e-01 2.025535784246318416e-01 1.930843192449955559e-01 1.704391151398547133e-01 1.653746639326137691e-01 2.710960543990418858e-01 2.080912353366027867e-01 2.751032694430343706e-01 2.712908421830242389e-01 2.275437036173701688e-01 2.522406297488052895e-01 2.228675000880250279e-01 2.659391056830707201e-01 1.564948878533025944e-01 3.353081412514400620e-03 2.348615151173250384e-02
1.000000000000000000e+00 9.760709763311545828e+00 2.490371433914901345e-01 2.444305558811306900e-01 2.145671468086570444e-01 2.409111743429481756e-01 1.937826240041830572e-01 2.066176327435199911e-01 2.086389291679490443e-01 1.866184681720184368e-01 1.702697612328185062e-01 1.755863693456618246e-01 2.743631362285357533e-01 2.004804835766199889e-01 2.947547922048696090e-01 2.727559965894223448e-01 2.206128967731018631e-01 2.495547562520055163e-01 2.376352089584661542e-01 2.712286338137767094e-01 1.579841204147085787e-01 3.253458874773443657e-03 2.552625245776075566e-02
1.000000000000000000e+00 9.242143458273799794e+00 2.563347212728813718e-01 2.253903291222343341e-01 2.255160562213873177e-01 2.406358723644714814e-01 1.951514946076063073e-01 2.010394499871517027e-01 2.156775064128093611e-01 1.818381985855763716e-01 1.763711573314363512e-01 1.751428465618499186e-01 2.793488965078947395e-01 2.046015378620225367e-01 2.849038528356885314e-01 2.648179178249211452e-01 2.372281296741744483e-01 2.467206859272642883e-01 2.313540146374638007e-01 2.680491044909223408e-01 1.613341919313934780e-01 3.372230406462992536e-03 2.647081543464869027e-02
1.000000000000000000e+00 7.982988997264198971e+00 2.561066950090451488e-01 2.236454297692177517e-01 2.327307068192145389e-01 2.488253520688164244e-01 1.874124708692513908e-01 2.141640043876819610e-01 2.196089404563354996e-01 1.789374103603807165e-01 1.810057166213973057e-01 1.672901479079223486e-01 2.687313019646901391e-01 2.031219795917649507e-01 2.835380879610789884e-01 2.621915157746526615e-01 2.438316167875579366e-01 2.414263812134356257e-01 2.289292934433560800e-01 2.698521438527862193e-01 1.592963274602091361e-01 3.451485713301835363e-03 2.637585634489411635e-02
1.000000000000000000e+00 9.512560176789007116e+00 2.554364597283443339e-01 2.177650031891293081e-01 2.461106490355989551e-01 2.518215850950686896e-01 1.904502742930878623e-01 2.065037549792784755e-01 2.270473556228902734e-01 1.731160367445035153e-01 1.804906322506286132e-01 1.673495360025274992e-01 2.679697467283517764e-01 2.099231330925630523e-01 3.046186052537047662e-01 2.642880283677440656e-01 2.444494366494764370e-01 2.422156494793859804e-01 2.257013817683029555e-01 2.498110030923808289e-01 1.590350321374162101e-01 3.490395179792200962e-03 2.642895453703189568e-02
1.000000000000000000e+00 1.189462792344523656e+01 2.664645981100672856e-01 2.151648620137961154e-01 2.440432992356663944e-01 2.463867475609188284e-01 1.889992695174617932e-01 2.086850188101576353e-01 2.266771140670555962e-01 1.640632848024462243e-01 1.774739188748675200e-01 1.730392549535721414e-01 2.756890983688558561e-01 2.174582038396231098e-01 2.901315225817809873e-01 2.696443336810903646e-01 2.491281329010398837e-01 2.372938477594206952e-01 2.302039480790858961e-01 2.541222447343755575e-01 1.628142464190830974e-01 3.703371398065269122e-03 2.712091426855045909e-02
1.000000000000000000e+00 1.211668903344175341e+01 2.541932640627533879e-01 2.213327088688465949e-01 2.519123200023231091e-01 2.487004648463403966e-01 1.964401820703943757e-01 2.158254723025132549e-01 2.178812405650885908e-01 1.671915788160935612e-01 1.878861259933960748e-01 1.717248230418381705e-01 2.789167324497763278e-01 2.092186081409589671e-01 3.051291145902641500e-01 2.555809332907156839e-01 2.534598093001090846e-01 2.334533070058225079e-01 2.298387695212394111e-01 2.520804634034392033e-01 1.633275204026589100e-01 3.648181734644637131e-03 2.813348373960057949e-02
1.000000000000000000e+00 1.142630693599251046e+01 2.535091249913913325e-01 2.164439963294937097e-01 2.539223836925469935e-01 2.410340154565117354e-01 1.980193932347610319e-01 2.186119330832928809e-01 2.198920052375016865e-01 1.635795524030689840e-01 1.810588630807324073e-01 1.693130996840522540e-01 2.876957075790670393e-01 2.135815429060163306e-01 2.951822466020641578e-01 2.571626294647919031e-01 2.515578928648791734e-01 2.353681931059859733e-01 2.193452966499081780e-01 2.566701235092831990e-01 1.604024201927052307e-01 3.612575954145833337e-03 2.861593406903551254e-02
1.000000000000000000e+00 1.031201775648227326e+01 2.486179719785860665e-01 2.247054369968111143e-01 2.498340084570679076e-01 2.435742826706495945e-01 1.917121149061088159e-01 2.156995780577162236e-01 2.238761401418818686e-01 1.728587250975111567e-01 1.755050500018743298e-01 1.618971664876365513e-01 2.860324706617937141e-01 2.168838384739243397e-01 2.802144846942467571e-01 2.727007595281173424e-01 2.550957036825100555e-01 2.335246139835217838e-01 2.262766061477086421e-01 2.640594575245582276e-01 1.605327728241413843e-01 3.579671431267344734e-03 2.886187278898388192e-02
1.000000000000000000e+00 1.192886759002063357e+01 2.498159864126049401e-01 2.158295711928386595e-01 2.573770620867245618e-01 2.345807670980430693e-01 1.845603066940622039e-01 2.136093152925573335e-01 2.222690971080534539e-01 1.755290923796156144e-01 1.781476747819647488e-01 1.577435440871606531e-01 2.817479950939515976e-01 2.155121756849366355e-01 2.781541977159295853e-01 2.809674182224534134e-01 2.594791091760419999e-01 2.225695721632597324e-01 2.167354221288799454e-01 2.549633167342318374e-01 1.567233025322368467e-01 3.387535937641550452e-03 2.874380971999462159e-02
1.000000000000000000e+00 1.149585886791084022e+01 2.562102638423955359e-01 2.102203405848911966e-01 2.631169640333352322e-01 2.204939990423703811e-01 1.742595825235198626e-01 2.183024951084579779e-01 2.169887857135225362e-01 1.702855131517227727e-01 1.839231521997556351e-01 1.495982741631785295e-01 2.781879533604326715e-01 2.218380500975665470e-01 2.637936157063638931e-01 2.863804562225447659e-01 2.555566989804584632e-01 2.203471237405917327e-01 2.137266883395722850e-01 2.570841850119356953e-01 1.589581549781453884e-01 3.352520424994787519e-03 2.885957847668166668e-02
1.000000000000000000e+00 1.054735841182578326e+01 2.601945330017095825e-01 2.140997001750356010e-01 2.602679285778146112e-01 2.233010595136899201e-01 1.787933107374515274e-01 2.216060708657992262e-01 2.235973264369545688e-01 1.727100529055487776e-01 1.895218180800020413e-01 1.545507017714536635e-01 2.725996237195958960e-01 2.181354463280524014e-01 2.573274404562933548e-01 2.930237481699544677e-01 2.463952346715536645e-01 2.293693048196491224e-01 2.128949137623911969e-01 2.582678411393576901e-01 1.604462019241898185e-01 3.413950619228298643e-03 2.958686835743484789e-02
1.000000000000000000e+00 1.128040543091881354e+01 2.586466693240368486e-01 2.155395410309799975e-01 2.526423707621751613e-01 2.237102927726429269e-01 1.916979785416776938e-01 2.160645792742272309e-01 2.281003539026207894e-01 1.689481094919949022e-01 1.808528899491410047e-01 1.627361960481873149e-01 2.732257875085132293e-01 2.113454766610097235e-01 2.640803902476780984e-01 3.089095821963887545e-01 2.432218135775198742e-01 2.186375476836947551e-01 2.289661679611060818e-01 2.505067939121597420e-01 1.593084666854115428e-01 3.270921278640101862e-03 2.952619142684251990e-02
1.000000000000000000e+00 1.134072817416692303e+01 2.540104266235940211e-01 2.191600335925907861e-01 2.420122049418925725e-01 2.243272560889640610e-01 1.867675168406486008e-01 2.223792365849158459e-01 2.255917010956784985e-01 1.516896560427045404e-01 1.858157715064644999e-01 1.591402159690513962e-01 2.782467480808298865e-01 2.074927711442588196e-01 2.659170934515977525e-01 2.968546466944395612e-01 2.388627302078646930e-01 1.957811439479530680e-01 2.371419510068594472e-01 2.625818273157856653e-01 1.575046371337736340e-01 3.313118769336111623e-03 3.051084565308311708e-02
1.000000000000000000e+00 1.005433779511516335e+01 2.502986163553523880e-01 2.282249619388463657e-01 2.456963637516665633e-01 2.250431130729513840e-01 1.963642825635781575e-01 2.272235402226329415e-01 2.136696714704550693e-01 1.708757270987117105e-01 1.838342287820256549e-01 1.560948511257324867e-01 2.778039303343331490e-01 2.030158916789858436e-01 2.668534187358389542e-01 3.048768366662434892e-01 2.391003725422132520e-01 2.018904962004514636e-01 2.349787360597656860e-01 2.613650446664311233e-01 1.581012796635949125e-01 3.480593893887552227e-03 2.964027304120804562e-02
1.000000000000000000e+00 9.403364612550976886e+00 2.497600768749530242e-01 2.278449730097424075e-01 2.533287273954554220e-01 2.204468657785482455e-01 1.859505018503745666e-01 2.447184836933332941e-01 2.066521098231692277e-01 1.749856326938008799e-01 1.853272373708623189e-01 1.472648851599722974e-01 2.630199653655962977e-01 2.062506483999644591e-01 2.805336946436683965e-01 3.003330415399378395e-01 2.344811668097332713e-01 2.044927180076316353e-01 2.309594913081246814e-01 2.594603544068381784e-01 1.590509333812461235e-01 3.544793090926378915e-03 2.858818570656254665e-02
1.000000000000000000e+00 9.083432631070051499e+00 2.565193365925323432e-01 2.310508674737511148e-01 2.549195147580923249e-01 2.257168535651792318e-01 1.815945067835976756e-01 2.330512678858716047e-01 2.141088874670756259e-01 1.756308360160659110e-01 1.837321366578996695e-01 1.486602491526184400e-01 2.634772045641386451e-01 2.135125972937689243e-01 2.787589220147884683e-01 3.143043229755849710e-01 2.332062557328093977e-01 1.982395940153867109e-01 2.430106281736561791e-01 2.546461212086394976e-01 1.593376251185993353e-01 3.494056407872219230e-03 2.760529277444471324e-02
1.000000000000000000e+00 1.280935504504816080e+01 2.598406420178132059e-01 2.173784958557786473e-01 2.567278562135901776e-01 2.313888498356306556e-01 1.825334841326925750e-01 2.181923486126489120e-01 2.026925158706985031e-01 1.785751692029346749e-01 1.846734143401021766e-01 1.444877320622041106e-01 2.601389093229547478e-01 1.980717486491076762e-01 2.714560233620059715e-01 3.186332298104426197e-01 2.283377606800670589e-01 1.985267242090306972e-01 2.528544328584668155e-01 2.513331802461117315e-01 1.576434997930259152e-01 3.428908375819810211e-03 2.925605128811679251e-02
1.000000000000000000e+00 1.045248707922956477e+01 2.538184511204023552e-01 2.137957383317717341e-01 2.461522521472436775e-01 2.244391533817580719e-01 1.831901035248419962e-01 2.186166309445502498e-01 2.010223865590083092e-01 1.856119102444787616e-01 1.794517667717113740e-01 1.466209766625571620e-01 2.665464860308696671e-01 1.944567807496213052e-01 2.712068125783518857e-01 3.126935158209928622e-01 2.244719600333763276e-01 2.058895552031458631e-01 2.407829218510484093e-01 2.610760000469801168e-01 1.562923345943711129e-01 3.346581907718390418e-03 3.114165511890680874e-02
1.000000000000000000e+00 1.198028560829963851e+01 2.502976885687076547e-01 2.156339050657785084e-01 2.548869933020587175e-01 2.152020559085734974e-01 1.805299702199395506e-01 2.182717685827426091e-01 1.944371890304874562e-01 1.964819395438894556e-01 1.831958818894161845e-01 1.340190995577054123e-01 2.601931182267070986e-01 1.839548279739872116e-01 2.723566391662369801e-01 2.982397003731062646e-01 2.153023245351882442e-01 2.092419916254494583e-01 2.429986992047189209e-01 2.563275614504909039e-01 1.557261919665978434e-01 3.156652765280086072e-03 3.106985430553627775e-02
1.000000000000000000e+00 1.193715815299673189e+01 2.466460071438085766e-01 2.280265661257780130e-01 2.512983701049534280e-01 2.177559686274130046e-01 1.783320728850502357e-01 2.237858812286743493e-01 1.851906400498327110e-01 2.039770244945119937e-01 1.747276804121913052e-01 1.339399770253011657e-01 2.505028582040053076e-01 1.953966649639605480e-01 2.875031979845289465e-01 2.853642002072272477e-01 1.982968920281967251e-01 1.947389251228999751e-01 2.411409387227295698e-01 2.509357923472222418e-01 1.522741702861447888e-01 3.219575007488488256e-03 3.012996289872895556e-02
1.000000000000000000e+00 1.124870338695569316e+01 2.394399216670309027e-01 2.218262559197442807e-01 2.490163913007377994e-01 2.236312940091274293e-01 1.980104271822744066e-01 2.267205813250340318e-01 1.915575509936894572e-01 2.137100624851726582e-01 1.766910358544893367e-01 1.425350359505468956e-01 2.322365257644597170e-01 1.940352718006820298e-01 2.916956937277416784e-01 2.993361822124209204e-01 2.027915408267939035e-01 1.949544617603174990e-01 2.303001455934937103e-01 2.458628618073801508e-01 1.574942273867542541e-01 3.394179277115740283e-03 2.825540364169133040e-02
1.000000000000000000e+00 1.198216732121642991e+01 2.459830934460749963e-01 2.193340374698838080e-01 2.507333245477247341e-01 2.173770729930204482e-01 1.929577200956187621e-01 2.229818224287224981e-01 1.850626633626844542e-01 2.101093375481089265e-01 1.755518717966007280e-01 1.451325847928459922e-01 2.329504683757124273e-01 2.032161971224367147e-01 2.765378291941287814e-01 3.145316942722035103e-01 1.934472198726970016e-01 1.894718447785711801e-01 2.269122872644930289e-01 2.415622823588644275e-01 1.562895348690054864e-01 3.139775055773234153e-03 2.769751260768339718e-02
1.000000000000000000e+00 1.261133526345764722e+01 2.443582140334198405e-01 2.127982198460749430e-01 2.460009324832189981e-01 2.214916501927241266e-01 1.909169206080581493e-01 2.186452722544408589e-01 1.911517341278848314e-01 2.109579838819466979e-01 1.727606429066656235e-01 1.414790248699219766e-01 2.259853302955735777e-01 2.077841078591530777e-01 2.734443246010697659e-01 3.057430664737487702e-01 1.886052481984781259e-01 1.786572913036095778e-01 2.213469875026821132e-01 2.449335299661391518e-01 1.542660750310754225e-01 3.227511124871211643e-03 2.773535255979784481e-02
1.000000000000000000e+00 1.141189686898748512e+01 2.513597602531122410e-01 2.016995575922276851e-01 2.450459402176261015e-01 2.147028521853498184e-01 1.934303893562987486e-01 2.102380627202453112e-01 1.914258307626371114e-01 2.159835484616684786e-01 1.569899157958233593e-01 1.401078846632907438e-01 2.313156386655063901e-01 2.127466534231085837e-01 2.775934577425820393e-01 2.947202249576556521e-01 1.970795272271937126e-01 1.783099290481830745e-01 2.331895879912802005e-01 2.445191942757287129e-01 1.544863558915509361e-01 3.369712821536154611e-03 2.826588617944527509e-02
1.000000000000000000e+00 1.026554295435916231e+01 2.412788133580439920e-01 2.215905556630631823e-01 2.355916029559323444e-01 2.257631776143771141e-01 1.758795666810873959e-01 2.091143876592785611e-01 1.850424999129234860e-01 2.255709795776880411e-01 1.618339017048772144e-01 1.486249522630276043e-01 2.306805752967573397e-01 2.126434400662435276e-01 2.780200632334425270e-01 2.956910730305202795e-01 1.851684477942877327e-01 2.000077798750121150e-01 2.332829197503525631e-01 2.432015118386148533e-01 1.533982375598282599e-01 3.715092281387055717e-03 2.676493030334358217e-02
1.000000000000000000e+00 1.154743772611646868e+01 2.351896467798550161e-01 2.421920219891039450e-01 2.370886689100590028e-01 2.329893170769695432e-01 1.807508324125966515e-01 2.254942238132597032e-01 1.858926651757888959e-01 2.228595622008558985e-01 1.581084840384534840e-01 1.536402888174624171e-01 2.264514902887616588e-01 2.122856478830589255e-01 2.784562384916203226e-01 3.000171536196880040e-01 1.863881804331884440e-01 2.003677968347616356e-01 2.518607815805754546e-01 2.365265293745659192e-01 1.550611996788455738e-01 3.816060625639365426e-03 2.712163442796410029e-02
1.000000000000000000e+00 1.557135403263693618e+01 2.407361867754242157e-01 2.369272946446096539e-01 2.260889600370552532e-01 2.324471153659652123e-01 1.771535903370873577e-01 2.263004868079946108e-01 1.818472155689855041e-01 2.169080342028400221e-01 1.515328584869965189e-01 1.527157667162103993e-01 2.046687416953250904e-01 2.084119069582099915e-01 2.697189590731268738e-01 3.029874518508572923e-01 1.871877898372832638e-01 2.129519571305844017e-01 2.494047416734804234e-01 2.398546974434979107e-01 1.537139937526896538e-01 3.902287279107746840e-03 2.766832597306171856e-02
1.000000000000000000e+00 1.169648308980948315e+01 2.335640405354676152e-01 2.496733419348328709e-01 2.261368581361282437e-01 2.260571514937838034e-01 1.600326102519928906e-01 2.240006604531977197e-01 1.815878502128608629e-01 2.185119711593589420e-01 1.553524626403735565e-01 1.547735820076776014e-01 2.056624689128156991e-01 2.088783566359798671e-01 2.677892057827342409e-01 2.956896541779953091e-01 1.909269608041292976e-01 2.281777844496590546e-01 2.508293201899848834e-01 2.393378976842027439e-01 1.540093991817961805e-01 3.696345188182259892e-03 2.771221351124847701e-02
