1.000000000000000000e+00 3.668710401214364225e+01 2.676796176570312435e-01 2.234106970662710079e-01 2.342108525599952973e-01 2.097659483840061123e-01 2.391429452999952465e-01 1.406632519288238126e-01 2.358436806577686451e-01 2.015593928769418841e-01 1.597496289178214901e-01 2.263008483027407758e-01 1.412678943506019413e-01 2.562741355562670464e-01 2.746911745806716598e-01 2.760185410444325749e-01 2.023784421466384709e-01 2.600621292485802982e-01 2.313050011218439339e-01 1.231323687147101165e-01 1.572007519306920509e-01 3.986390638258361339e-03 1.825158017257633505e-02
1.000000000000000000e+00 5.662006674667335204e+00 2.608390983523020124e-01 2.508362179236555134e-01 2.213324725059181708e-01 2.342415125867871317e-01 2.296653060115912415e-01 1.936273926588880367e-01 2.112323278941893312e-01 2.070829658734046064e-01 1.832358973442304306e-01 1.743988706189240068e-01 2.522967644117278252e-01 2.511235262555032155e-01 2.796058171246039725e-01 2.812305840478997454e-01 2.481581881779585108e-01 2.419594062503918619e-01 2.422672323909861869e-01 2.358557970570095419e-01 1.640344285260301738e-01 3.370578416568569078e-03 2.398254675039425757e-02
1.000000000000000000e+00 7.867598295359816696e+00 2.388953114218069496e-01 2.726208282101552638e-01 2.225769252619966276e-01 2.388945781855881245e-01 2.343708330059225131e-01 1.897804981495606336e-01 1.918520187827879031e-01 2.153731973208597161e-01 1.801742342597030810e-01 1.716186785780231816e-01 2.499843715682320833e-01 2.441713040996584816e-01 2.846007606800115552e-01 2.897854843337879238e-01 2.334168676182277469e-01 2.468721061383273851e-01 2.414304890082146771e-01 2.365610233192597944e-01 1.650989497171364839e-01 3.210359789966914235e-03 2.521125763831257721e-02
1.000000000000000000e+00 9.525960571538528043e+00 2.507962593361234283e-01 2.707689523135417553e-01 2.278930217938227032e-01 2.417133913127311462e-01 2.417257842052795702e-01 1.957549358787092630e-01 1.969944657290128298e-01 2.141498977787988922e-01 1.827292746806863932e-01 1.742386223888936214e-01 2.527615617485615140e-01 2.406375869249180455e-01 2.869356630554388832e-01 3.021618833995100006e-01 2.425798482861667160e-01 2.387947037185755017e-01 2.399052346193980001e-01 2.514457976113537163e-01 1.668647842257714176e-01 3.283752162005850600e-03 2.435387766608029803e-02
1.000000000000000000e+00 7.398003463927682155e+00 2.517723028573776722e-01 2.532799360191089200e-01 2.380107743475045334e-01 2.475921718205849609e-01 2.447580818699487126e-01 1.878637155507284218e-01 2.052102537357709255e-01 2.130902867348571927e-01 1.765329692077810264e-01 1.776847128649555185e-01 2.655119935686893196e-01 2.382617453781681327e-01 2.787656817693266453e-01 3.091669433590132354e-01 2.355375703841476875e-01 2.338710697083872525e-01 2.487416508974300833e-01 2.553930265749926876e-01 1.663650690811689925e-01 3.276681467957808392e-03 2.526882622031086448e-02
1.000000000000000000e+00 7.850093523302039245e+00 2.482155638776637474e-01 2.669003613916080542e-01 2.328925890608969651e-01 2.533873591979510786e-01 2.354876296322918616e-01 1.968867548485686847e-01 2.128690856844904777e-01 2.040922092211172045e-01 1.782022365220638227e-01 1.765956509268769847e-01 2.565456006217149421e-01 2.237163196468839044e-01 2.799243892695514324e-01 3.159459072641876975e-01 2.487805287017159639e-01 2.282047815507766975e-01 2.596240346917904618e-01 2.518186654117005596e-01 1.680600908689326434e-01 3.277553753703520926e-03 2.490720507606297707e-02
1.000000000000000000e+00 9.841768236264364589e+00 2.471733820465943088e-01 2.663977419917751832e-01 2.205884337662604999e-01 2.351047034431573146e-01 2.170970840229370646e-01 1.969004735691075869e-01 2.143643962736898334e-01 2.083729524860345739e-01 1.719114287582798606e-01 1.801409908802379944e-01 2.636476820165730151e-01 1.977494189210641795e-01 2.851364577479900686e-01 3.163838560685162671e-01 2.581639484526065953e-01 2.192760583579753120e-01 2.513410046384344509e-01 2.557322815692464335e-01 1.625748192295945471e-01 3.182749996311216162e-03 2.553752227502771241e-02
1.000000000000000000e+00 7.699312604128163429e+00 2.524656656140956135e-01 2.658711390989804135e-01 2.202962702899642078e-01 2.384983116535635828e-01 2.215820362012669020e-01 1.915117043087501691e-01 2.195099124963654780e-01 2.091254505543105047e-01 1.766628188861736337e-01 1.745861416569436386e-01 2.677448073037160259e-01 2.082191702480142015e-01 2.857945307452125494e-01 3.105702003178983928e-01 2.499274669109313174e-01 2.217076592757828701e-01 2.447179576444580840e-01 2.492833598384815996e-01 1.636773339709294284e-01 3.281526544425667196e-03 2.570310573280662481e-02
1.000000000000000000e+00 6.888126725372790027e+00 2.532363585529527894e-01 2.602907171226809813e-01 2.224137884138780996e-01 2.483943842676372415e-01 2.208063224032030258e-01 1.993894708246628789e-01 2.195880105478389688e-01 2.012589000273880269e-01 1.708252736624644441e-01 1.711986077046065979e-01 2.632631767353675323e-01 2.098153255428192865e-01 2.876749978949981190e-01 2.927437482579398065e-01 2.614214498517642982e-01 2.134844262279639859e-01 2.471717723198138539e-01 2.532648249122704254e-01 1.640400409710601470e-01 3.022782255791379730e-03 2.621570575157557842e-02
1.000000000000000000e+00 8.065957052442115582e+00 2.488221174840479222e-01 2.599509113051544085e-01 2.389220753252964402e-01 2.577648158136721657e-01 2.140019203414811055e-01 2.012254154472847278e-01 2.243357644808119666e-01 1.929486455360146235e-01 1.784205601629478555e-01 1.762569040541977772e-01 2.719610802096676938e-01 2.214072727411429964e-01 2.921401505842824431e-01 2.899552130155540475e-01 2.557129295344237607e-01 2.188421072532155121e-01 2.379772237459025219e-01 2.585191689538868243e-01 1.672749684094871625e-01 2.985040798839906986e-03 2.548034220631280669e-02
1.000000000000000000e+00 7.003000496138723996e+00 2.417674318503955644e-01 2.505331438406630529e-01 2.378181290248445046e-01 2.561348580718114665e-01 2.115750451559298695e-01 1.936445894944238688e-01 2.239407633607236325e-01 2.037479853522261852e-01 1.716673877979090490e-01 1.695782508799003330e-01 2.682628383835053421e-01 2.406112110548215555e-01 2.825973528873684248e-01 2.862462702089667022e-01 2.525630975029324321e-01 2.120636775742633096e-01 2.403510663920683521e-01 2.561669353131236782e-01 1.628763977970686394e-01 3.044439833457382883e-03 2.501530906459298667e-02
1.000000000000000000e+00 7.231204959279414979e+00 2.499238132000952683e-01 2.452777297902206111e-01 2.290712939550199612e-01 2.525540515219647508e-01 2.172797772254794757e-01 1.897167984031812582e-01 2.319965424047315539e-01 2.099230802478752045e-01 1.838228133412171117e-01 1.579423938723708287e-01 2.638519679297349207e-01 2.265562584506582988e-01 2.877474296444297308e-01 2.688263610095696921e-01 2.429400619092816072e-01 2.188033176689238579e-01 2.387132783245738410e-01 2.573562194861526709e-01 1.630865078761047360e-01 3.110289807621529137e-03 2.393909960759076083e-02
1.000000000000000000e+00 1.061997516761682370e+01 2.500012411136202650e-01 2.402466868022474777e-01 2.521177145564996169e-01 2.373850769928469717e-01 2.355208833475461727e-01 1.920445923371434105e-01 2.326436557093922997e-01 2.047036426410471510e-01 1.783015209839941551e-01 1.684482162899419155e-01 2.673956113335619333e-01 2.288845485059553819e-01 2.888883074007249085e-01 2.663942298182425672e-01 2.499713410803249547e-01 2.457372280471551984e-01 2.437139145068469570e-01 2.662271046355900728e-01 1.662120257248707045e-01 3.341989351431763969e-03 2.414675119189491764e-02
1.000000000000000000e+00 9.048249949248727830e+00 2.497565462729302854e-01 2.386457549267534117e-01 2.450175401908606110e-01 2.287832540910157975e-01 2.376170087905312978e-01 2.006684751354925189e-01 2.283129734457736149e-01 2.015588843368293637e-01 1.755095101879596275e-01 1.742688938039118618e-01 2.725517532535416398e-01 2.311989113300618459e-01 2.901657934258276006e-01 2.536568804198976457e-01 2.614442404612183357e-01 2.446052029462850719e-01 2.362095397145264619e-01 2.706000232461237553e-01 1.647573036417210313e-01 3.259229786684099146e-03 2.386377175138397477e-02
1.000000000000000000e+00 1.036512248931157920e+01 2.502780564613479863e-01 2.486414688790180849e-01 2.436402276940120570e-01 2.296451693533321237e-01 2.474508594309523246e-01 2.109963362809327281e-01 2.220811714107787105e-01 1.903307931902861183e-01 1.804366204155395670e-01 1.703385003539530373e-01 2.761817400040636472e-01 2.317571191852779433e-01 2.932017571479809681e-01 2.751883452005279840e-01 2.695067131390844195e-01 2.545489650447970709e-01 2.306723962237278713e-01 2.763578777721942825e-01 1.671248072752712921e-01 3.215232455442864571e-03 2.329393807223609919e-02
1.000000000000000000e+00 8.290075610900043301e+00 2.670960358711784721e-01 2.429756249986255445e-01 2.426161178629968607e-01 2.342361364429594306e-01 2.514755980109235067e-01 2.055964238090433605e-01 2.286108916444995753e-01 1.906737360954089133e-01 1.906233554808823283e-01 1.798219137595437056e-01 2.764926651657317325e-01 2.166538727309561818e-01 3.057195523995764330e-01 2.848544429052096705e-01 2.672525720058495646e-01 2.532925555875638057e-01 2.435084723985586619e-01 2.599220360927951279e-01 1.696682952032773639e-01 3.236839895480056895e-03 2.414009948285490009e-02
1.000000000000000000e+00 7.006556220983531702e+00 2.562865887855603209e-01 2.347062492091336328e-01 2.463364530664733931e-01 2.437695410192226575e-01 2.517226876456210571e-01 2.058380909184942820e-01 2.321816912437057456e-01 1.868067689616766669e-01 1.860271020577195233e-01 1.810405496066365416e-01 2.741533750477569420e-01 2.242206445623193267e-01 3.189226891526178997e-01 2.884745191429828881e-01 2.591772951660705759e-01 2.475432916915949189e-01 2.345968991421561178e-01 2.583904276187837801e-01 1.686924594084515949e-01 3.269026829886614253e-03 2.462786921002915741e-02
1.000000000000000000e+00 6.694929497991053857e+00 2.681734326306299265e-01 2.459834135307306657e-01 2.538187164480541491e-01 2.329433268278010005e-01 2.494589003421466555e-01 1.977814656897045054e-01 2.337031414222396630e-01 1.894371998291597414e-01 1.914161713722309088e-01 1.808031692004506696e-01 2.723901818102991146e-01 2.262305337405817740e-01 3.138563868177306482e-01 2.776586284806229488e-01 2.634168801017222616e-01 2.493801299970057894e-01 2.367768517612437729e-01 2.532961808133760151e-01 1.701901128872903568e-01 3.344625316191094083e-03 2.602828869521106939e-02
1.000000000000000000e+00 8.803365707194098277e+00 2.731937325466027300e-01 2.552341733740236540e-01 2.563819380538973625e-01 2.218076785893453584e-01 2.364857494632455204e-01 2.048641665667454703e-01 2.379740709389994435e-01 1.963220812559965389e-01 1.944962357366054606e-01 1.805679015061387171e-01 2.734503000718038201e-01 2.303985892360944088e-01 3.117205640796074095e-01 2.960868142573223061e-01 2.594979881592842652e-01 2.427593580796627015e-01 2.387244032327772159e-01 2.546280807443906391e-01 1.702114640144860580e-01 3.473843064827733789e-03 2.643315589821121012e-02
1.000000000000000000e+00 6.349115660187962362e+00 2.644508377775352526e-01 2.604967925304111920e-01 2.560560173983660315e-01 2.313358932966452230e-01 2.528872154763661673e-01 2.046288248037158863e-01 2.448643742843161497e-01 1.900964600917784408e-01 2.003552819018838693e-01 1.890692361420674150e-01 2.812908749662550445e-01 2.259274775245365963e-01 3.076236674381293001e-01 3.105678651097144582e-01 2.703315306549971542e-01 2.465141141788327328e-01 2.419101531999942600e-01 2.543094594012245691e-01 1.736704021565111666e-01 3.503075865753853182e-03 2.625612745098985720e-02
1.000000000000000000e+00 9.151020820106710474e+00 2.674519670949250250e-01 2.559513485821537926e-01 2.578392474750649255e-01 2.333996766868621231e-01 2.431013824850833116e-01 2.093379444901656561e-01 2.461885249092023997e-01 1.853333805407718082e-01 2.033546301922762867e-01 1.827195929504603356e-01 2.769715341728459790e-01 2.294113248707897179e-01 3.133509283132563938e-01 3.133959965498416822e-01 2.795173215404366251e-01 2.479216380506854833e-01 2.428365009605222835e-01 2.658840393525780943e-01 1.744929417901802116e-01 3.729538940308359512e-03 2.565465631361524626e-02
1.000000000000000000e+00 7.872630382493245982e+00 2.774684745643429817e-01 2.596139203473178947e-01 2.552061117636774679e-01 2.317285997069057357e-01 2.392102370272559397e-01 2.078159479091419015e-01 2.546236253291261353e-01 1.896381554385716262e-01 2.049736970195299435e-01 1.843047376645007285e-01 2.684198010005312551e-01 2.295364015682469783e-01 3.217736782560824960e-01 3.108850722607595651e-01 2.641013665334633331e-01 2.518243947123648407e-01 2.396760681518119163e-01 2.662167053847279696e-01 1.748019424686528822e-01 3.740967274052893650e-03 2.596876227758355971e-02
1.000000000000000000e+00 1.263718045839549298e+01 2.754349669708448523e-01 2.687073008400797103e-01 2.699390354508370282e-01 2.336794052682373279e-01 2.350124959780383882e-01 1.938160621509044113e-01 2.590289394240766763e-01 1.948371374635405606e-01 2.002903280055037538e-01 1.935967965308961758e-01 2.700287362992678242e-01 2.406669139881911501e-01 3.370222793703427366e-01 3.070994385497652357e-01 2.610479856339280591e-01 2.505550775200888203e-01 2.495095919918654259e-01 2.723543340293492765e-01 1.761389031249320225e-01 3.785907466307314624e-03 2.741177062083725163e-02
1.000000000000000000e+00 1.249180425315213760e+01 2.589647963295792499e-01 2.713981390917301617e-01 2.636622979255301980e-01 2.267694487801117931e-01 2.303076642780618744e-01 1.917355920960279458e-01 2.654789422643635821e-01 1.996554119803451433e-01 1.819120270701721220e-01 2.069226327463414006e-01 2.481320610645808000e-01 2.355755248013402803e-01 3.415504457882033162e-01 3.032448237173502870e-01 2.619930019138306809e-01 2.439111191831501435e-01 2.390372069703874947e-01 2.741430830134822805e-01 1.735394865039316392e-01 3.663051851625854106e-03 2.792041598512826767e-02
1.000000000000000000e+00 1.107574295621101435e+01 2.605203401776612915e-01 2.703803189120558281e-01 2.588698252384585285e-01 2.314021695258539346e-01 2.425153061401705556e-01 1.868985321349127537e-01 2.673390811164349512e-01 1.982097736474562333e-01 1.607002098974082138e-01 2.185243473965999828e-01 2.410385073050927418e-01 2.369176591337452953e-01 3.569879099221971441e-01 2.984127249396094084e-01 2.702727124662391289e-01 2.342231457160274533e-01 2.377762373045524957e-01 2.706592223915003648e-01 1.720496654653702884e-01 3.698984534889997525e-03 2.790482796084585437e-02
1.000000000000000000e+00 1.151155413031432495e+01 2.611243993627970217e-01 2.738958509067373481e-01 2.588155068059126984e-01 2.169601319814093987e-01 2.528678636579136385e-01 1.930535600349088665e-01 2.626886071748169016e-01 1.999401010651465360e-01 1.662657723978965829e-01 2.192751488471594568e-01 2.385206868562929350e-01 2.350165879855126705e-01 3.567026917809903441e-01 2.851603786064457746e-01 2.653978629213077922e-01 2.441226357673513536e-01 2.304311127093453815e-01 2.689120877533081599e-01 1.715176269269813314e-01 3.722548002373622569e-03 2.883458685198190402e-02
1.000000000000000000e+00 1.185210078836325209e+01 2.636232658013166197e-01 2.791599774759109809e-01 2.587157187902472399e-01 2.187772627579869789e-01 2.492441907173192639e-01 1.942900487608901772e-01 2.650509211037527790e-01 1.968621237191909568e-01 1.685487984793101746e-01 2.097099217602373944e-01 2.489420938232954073e-01 2.298078545208594170e-01 3.684528908789472257e-01 2.891302546390244754e-01 2.562327696063363414e-01 2.534325100614708282e-01 2.335874091062886126e-01 2.627600266251691741e-01 1.732938304588073908e-01 3.732297889280861061e-03 3.081400628164888272e-02
1.000000000000000000e+00 1.035869325527131934e+01 2.540385052235685226e-01 2.754504094169646367e-01 2.489214675346742289e-01 2.297531211326951095e-01 2.535214737978818689e-01 1.892940828271864329e-01 2.616261071300163277e-01 1.877940175895511377e-01 1.638173470602447002e-01 2.203744842516901781e-01 2.451588115355807784e-01 2.155890042479478852e-01 3.665473024444457217e-01 2.958847583508557033e-01 2.663299906069477307e-01 2.345816744193492398e-01 2.470347009791874493e-01 2.635687205118346643e-01 1.709409437795081088e-01 3.792843157358249430e-03 3.044470930064469699e-02
1.000000000000000000e+00 9.479032990241512024e+00 2.526241245615052367e-01 2.693141515983118461e-01 2.515442780519316912e-01 2.324928154267462410e-01 2.441884616388591833e-01 1.906464414866486934e-01 2.712487058896586589e-01 1.860097808120886320e-01 1.746887609222312066e-01 2.162604629811726020e-01 2.540364220267236073e-01 2.100195941139270661e-01 3.619327557468865475e-01 3.162501452134428570e-01 2.506762599283794968e-01 2.317837459689314483e-01 2.469275410987678276e-01 2.615901311837032783e-01 1.697998711591495180e-01 3.930142549695194061e-03 2.931034545880142200e-02
1.000000000000000000e+00 1.287204745233671055e+01 2.530924928705129973e-01 2.532519599033628555e-01 2.553955016551429646e-01 2.375259992713630863e-01 2.489721878721104509e-01 1.886510266169571237e-01 2.764771974005042487e-01 1.887368739450725474e-01 1.792005254541005621e-01 2.117319838038520252e-01 2.604049877546090741e-01 1.986992320147566438e-01 3.567682961213772819e-01 3.016284605973569288e-01 2.469887048801228391e-01 2.385669662746351949e-01 2.446025233395778264e-01 2.686435190541335838e-01 1.711177477061655017e-01 3.872601601664522279e-03 2.949391113404639664e-02
1.000000000000000000e+00 1.230545006568394584e+01 2.527558559289079243e-01 2.512059461806808724e-01 2.615404154797798530e-01 2.381155126093899288e-01 2.563986684765076074e-01 1.782780827615323693e-01 2.780017630640131410e-01 1.956426004095894733e-01 1.668806219572469551e-01 2.088515420058141836e-01 2.647359632886124858e-01 2.045832287158695917e-01 3.650729771133159884e-01 2.940210471784106550e-01 2.446442590277818907e-01 2.388938164898035121e-01 2.545536635641943990e-01 2.551626016462065216e-01 1.720733699670039529e-01 3.969437748304622399e-03 2.963349562217622649e-02
1.000000000000000000e+00 1.239978849615473777e+01 2.656350357212186042e-01 2.490935150422402267e-01 2.651219627796491674e-01 2.377456341304975684e-01 2.568842847529224094e-01 1.786334019672775331e-01 2.798838839375942245e-01 1.917790849159239086e-01 1.737907710623798063e-01 2.074271177101607577e-01 2.603768332537361174e-01 2.120697650849988070e-01 3.614120161169132595e-01 3.012931054280955090e-01 2.428165759944733992e-01 2.463176901479472991e-01 2.402794601714240696e-01 2.512765120274985109e-01 1.737276772339305664e-01 3.900522085235756838e-03 2.819625506074911400e-02
1.000000000000000000e+00 1.238469016387134758e+01 2.664149542513745694e-01 2.631142859527413336e-01 2.630274682042917367e-01 2.341151882377589810e-01 2.520681695328708116e-01 1.816966304449282865e-01 2.787979956549900828e-01 2.015600301127766225e-01 1.628310924345038602e-01 2.066549670510579306e-01 2.774860463246578979e-01 2.147154890683871942e-01 3.384979444344860533e-01 2.904112959775544400e-01 2.571805363500736519e-01 2.623459412176702421e-01 2.439464124733880801e-01 2.758548666244921566e-01 1.749551278114783448e-01 3.913382145354401230e-03 2.731516733672067695e-02
1.000000000000000000e+00 1.056070673763252188e+01 2.631376771121127778e-01 2.523978393957892474e-01 2.654605659112470595e-01 2.433918448231290332e-01 2.423104290297478647e-01 1.764750542803089350e-01 2.827263073341655941e-01 2.016822073207177601e-01 1.672794464806148518e-01 2.065656732503860227e-01 2.775231446476838504e-01 2.161600079207339486e-01 3.365502320066695030e-01 2.876955503704002326e-01 2.493600112028869220e-01 2.593994383179453189e-01 2.397680513596717189e-01 2.674009520281660501e-01 1.740035977516798116e-01 3.846560454562259097e-03 2.697235536600732855e-02
1.000000000000000000e+00 8.261726368486732142e+00 2.647525539850683618e-01 2.520094498934435379e-01 2.585209086814026502e-01 2.408829227182628652e-01 2.479370975580012515e-01 1.830516537874619654e-01 2.658256725434682277e-01 2.058871772221787799e-01 1.731824803971159787e-01 2.017279330376013091e-01 2.804184104786506815e-01 2.054474133749286391e-01 3.325990658095074881e-01 3.039921264957695657e-01 2.632798811057657229e-01 2.600880897962417060e-01 2.461846333021215361e-01 2.725654050123141880e-01 1.723726144457059517e-01 3.908813450458857412e-03 2.613183553724122629e-02
1.000000000000000000e+00 8.665512277169870714e+00 2.672495117328744230e-01 2.412137085912262890e-01 2.602685312543916440e-01 2.404318165992984091e-01 2.463475679413074659e-01 1.914845805956920111e-01 2.562729158404514762e-01 2.057226440242305998e-01 1.736274540403428268e-01 2.042516200121326786e-01 2.726981579440134751e-01 2.080086452010141695e-01 3.313928377789576718e-01 3.010240219764387382e-01 2.690010800562063764e-01 2.534564289547599492e-01 2.413009284271002974e-01 2.829136041512364530e-01 1.723478169691774198e-01 3.883831668602297140e-03 2.767682719579953737e-02
1.000000000000000000e+00 1.039095081517488239e+01 2.638067856217754525e-01 2.241580886675186013e-01 2.610308138229278097e-01 2.350447881964952412e-01 2.317094756396546051e-01 1.802258220260514743e-01 2.615396904852271276e-01 2.093818775375339281e-01 1.705439023869763926e-01 2.138102057151777535e-01 2.818174450422226140e-01 2.005039633705177626e-01 3.170442397918163957e-01 2.924925977714486480e-01 2.692537838987877907e-01 2.522363951255217618e-01 2.369915004888054622e-01 2.825566455495349127e-01 1.700219541055534578e-01 3.753773874253323994e-03 2.857022073070843160e-02
1.000000000000000000e+00 1.180483944663992446e+01 2.728475526127316919e-01 2.367362923148925713e-01 2.526290375528866261e-01 2.432767943165166369e-01 2.289777829226843087e-01 1.868019161733015798e-01 2.609027057150897222e-01 2.056548992820446953e-01 1.699963991556212306e-01 2.142929245043392328e-01 2.860500221694012857e-01 2.049684376336644853e-01 2.989380380313408914e-01 2.871787904386230994e-01 2.712133597301625842e-01 2.590768244452285596e-01 2.347395835392031838e-01 2.671799127069841018e-01 1.708450248260804938e-01 3.776506848201541342e-03 2.865914559269292991e-02
1.000000000000000000e+00 1.618627496103744434e+01 2.721011433888270714e-01 2.296338839565666978e-01 2.448233964137663532e-01 2.447449525851757568e-01 2.334717479086359515e-01 1.876655109908918206e-01 2.544450599545310387e-01 2.078280166125757722e-01 1.565401175747098139e-01 2.108893722275045068e-01 2.800738015141857051e-01 2.120313789677711058e-01 3.166010401089982551e-01 2.831557207585350122e-01 2.787385090964524248e-01 2.583481950014751005e-01 2.282473500975732150e-01 2.584816499686162228e-01 1.692624982085895180e-01 3.823044900682222216e-03 2.830021519080835879e-02
1.000000000000000000e+00 1.494229863293015548e+01 2.772988131486174845e-01 2.364834361396076223e-01 2.379213852311792832e-01 2.491483873447738195e-01 2.408927428085341216e-01 1.961098238337722344e-01 2.403208535213950947e-01 2.091835115218272367e-01 1.598191879282691019e-01 2.159669936871740359e-01 2.818181745558299700e-01 2.213991420731415694e-01 3.196235483983994596e-01 2.879173365416807240e-01 2.700505183118352415e-01 2.551834755599854399e-01 2.291567123014172369e-01 2.456780554457543286e-01 1.695151236797390326e-01 3.551111353559666377e-03 2.819196831881257484e-02
1.000000000000000000e+00 1.442789461722705902e+01 2.791782384683341167e-01 2.350626833634976987e-01 2.371879404709369421e-01 2.466644408261828847e-01 2.423473025120077284e-01 1.894108134154292578e-01 2.300832134666889739e-01 2.007141897911133011e-01 1.715085526425476348e-01 2.092556290297287458e-01 2.761698730742687125e-01 2.182609397157155295e-01 3.190643211140982149e-01 2.837019325713650009e-01 2.727994491247128783e-01 2.555025068276566280e-01 2.306464083545869403e-01 2.408360081268432762e-01 1.753318432999144139e-01 3.305535969729929240e-03 2.831699742407762024e-02
1.000000000000000000e+00 1.631795244360350949e+01 2.925317977465978769e-01 2.378189122953311418e-01 2.208526094917908633e-01 2.534865370080884306e-01 2.420746751243800232e-01 1.900006081367242305e-01 2.257547363856180489e-01 2.048258751504097863e-01 1.665317102733220866e-01 2.141033698324475709e-01 2.515718526522774390e-01 2.123385460303152672e-01 3.154904458533841494e-01 2.884350437043212145e-01 2.622729697568997875e-01 2.590789433858561308e-01 2.296610983623864621e-01 2.431925678991481710e-01 1.695611548135351199e-01 3.195784303046321669e-03 2.959769056005447097e-02
1.000000000000000000e+00 1.280952632730880225e+01 2.885769980413627755e-01 2.325818790642683320e-01 2.199946696587469497e-01 2.510682324012250000e-01 2.388738815796272730e-01 1.743140392917044146e-01 2.471879159643109169e-01 2.002860109125123855e-01 1.693300608457405099e-01 2.108717942771252685e-01 2.394183463842228798e-01 2.158506713763810314e-01 3.244874287135797730e-01 2.902674678772609318e-01 2.547085236210173687e-01 2.525918986272865929e-01 2.260794081805551359e-01 2.458526379770960002e-01 1.699865417324204764e-01 3.209351468263731220e-03 2.812699424137423895e-02
1.000000000000000000e+00 1.203275361392018539e+01 2.726823900905755438e-01 2.355360595750418118e-01 2.309276382043294329e-01 2.470178506000809127e-01 2.503775038176111467e-01 1.843916427176294781e-01 2.351149204371140167e-01 2.038940946448944691e-01 1.712811759727837502e-01 2.149121284856077285e-01 2.420242309754995214e-01 2.054403596536108489e-01 3.152166112054368696e-01 2.685526523946458743e-01 2.749023575268753627e-01 2.385432412384365097e-01 2.267348154758927481e-01 2.689455765373620078e-01 1.698491051700923848e-01 3.047813171779966464e-03 2.877503740206322283e-02
1.000000000000000000e+00 1.242951270231547589e+01 2.726109331455532914e-01 2.175001785995401005e-01 2.415571615826620777e-01 2.584000797311090114e-01 2.494030570255154344e-01 1.871786699303000789e-01 2.348378746473694656e-01 1.997575906250202982e-01 1.668639322528694124e-01 2.081632602866836379e-01 2.396920748806633250e-01 1.944137094719972647e-01 2.947690844206100613e-01 2.837214356738274601e-01 2.882992223993213754e-01 2.487081652364458995e-01 2.281441605835261011e-01 2.674288583226595573e-01 1.699819222088592985e-01 3.123243752916419255e-03 2.795741981193416992e-02
1.000000000000000000e+00 1.449662167931130874e+01 2.815301662644715264e-01 2.122187007599516673e-01 2.422302902858209372e-01 2.529896290218852650e-01 2.444219615527357392e-01 1.789916257246171594e-01 2.421534593606677888e-01 1.934984935722953991e-01 1.734887138607911494e-01 2.087220352537753620e-01 2.434288601976527522e-01 2.117670678110485927e-01 2.858920591020716606e-01 2.786519461608087389e-01 2.855181627695000390e-01 2.450209493373452785e-01 2.202284993932182855e-01 2.703537616947220834e-01 1.679991708312160714e-01 3.226425155391411757e-03 2.854432182646157723e-02
1.000000000000000000e+00 1.290545114119954206e+01 2.671587817253697761e-01 2.152422912341458161e-01 2.462427784606746328e-01 2.427860928554478048e-01 2.464376040420669933e-01 1.732056452233198818e-01 2.432977762522706977e-01 1.999934307326749483e-01 1.714543437091395062e-01 2.104284320158760213e-01 2.416102762796019654e-01 2.132625963294530469e-01 2.944238873672884171e-01 2.829023103680753382e-01 2.755171570583705432e-01 2.434175616303977385e-01 2.091565276489734948e-01 2.698578111462062723e-01 1.662286459963358276e-01 3.024006309948825810e-03 2.894513914885883665e-02
1.000000000000000000e+00 1.265969632049308657e+01 2.727315270977515027e-01 2.105123763310765839e-01 2.344474185211921913e-01 2.403287453026760334e-01 2.532267219202505859e-01 1.780403979469661335e-01 2.550803888355070437e-01 2.044305869740322412e-01 1.675785323238645208e-01 2.105502158518750833e-01 2.340985505246129250e-01 2.325301887966384484e-01 2.958940206800858008e-01 2.927708723642120647e-01 2.534220839546245663e-01 2.453519505971621106e-01 2.050622975174019591e-01 2.650273890966093338e-01 1.691271799853062974e-01 3.205092349785023526e-03 2.917412469042474435e-02
1.000000000000000000e+00 7.623071076591008577e+00 2.716108622829976338e-01 2.240778018293960450e-01 2.297829527508319925e-01 2.435653787909365930e-01 2.488774887102647992e-01 1.809671802204729785e-01 2.508971372202702388e-01 1.949266190118202624e-01 1.700702816710460419e-01 2.068112029352435488e-01 2.248307992569576474e-01 2.294930404370021382e-01 3.014189418000798315e-01 3.021033967216257277e-01 2.483728095801024938e-01 2.415810230699783900e-01 2.030980407816750932e-01 2.594647954885264673e-01 1.668643810274719197e-01 3.254875156507707357e-03 2.766536786283383537e-02
1.000000000000000000e+00 8.469848479080505754e+00 2.603791771962245538e-01 2.402317831131181303e-01 2.292696774701161733e-01 2.451049726223185621e-01 2.472204756847799501e-01 1.776832109700994533e-01 2.494518200611360315e-01 1.978821896767975486e-01 1.635224008720006228e-01 2.042411178009098383e-01 2.122400384811556073e-01 2.258329122966638569e-01 2.877095730063756185e-01 2.974930450165788054e-01 2.490298239888669996e-01 2.440412913949195906e-01 1.947769524239439665e-01 2.639373731336250861e-01 1.640766327889707776e-01 3.283350930659826097e-03 2.669123103078121020e-02
1.000000000000000000e+00 7.159721959313092299e+00 2.598334676322071601e-01 2.327830092358053604e-01 2.331245115046705618e-01 2.420720937849550058e-01 2.413112801798713847e-01 1.721766494715207818e-01 2.386390722807711640e-01 2.048307257555620764e-01 1.527887325046369815e-01 1.968287384249868543e-01 2.216549588984562114e-01 2.261662672736539925e-01 2.936726147678010435e-01 2.863060486950578243e-01 2.472041124507848575e-01 2.505493489697772080e-01 1.980152278588390713e-01 2.610935099155322625e-01 1.641086085121422067e-01 3.143387791908098215e-03 2.473728875647301234e-02
1.000000000000000000e+00 7.981541550200160096e+00 2.727434111922452664e-01 2.206171052802831656e-01 2.347462322323822237e-01 2.363461123894231020e-01 2.357290841003216453e-01 1.781989085598773559e-01 2.443900973363160034e-01 1.984726707373936083e-01 1.610128452101294017e-01 2.076024143115207110e-01 2.275290668174961006e-01 2.303468644558410161e-01 2.933658999805445755e-01 2.984344033294906162e-01 2.477882474317010808e-01 2.480607753096871482e-01 1.991832276346564290e-01 2.564667969030405281e-01 1.637609029936775151e-01 3.299181404313450330e-03 2.516780679323335837e-02
1.000000000000000000e+00 6.565471281683123550e+00 2.638198671498632741e-01 2.313399691156451943e-01 2.327382757601750285e-01 2.373045571087844530e-01 2.326656405302674757e-01 1.736886561551171382e-01 2.487055179940908523e-01 1.881657311238768004e-01 1.594728791722243022e-01 2.056074337497413307e-01 2.237029820222658227e-01 2.369378080072692960e-01 2.935310287197582801e-01 2.937337964311406147e-01 2.448339597680542212e-01 2.450988413938304522e-01 1.952493548526025302e-01 2.464873812450440460e-01 1.624120526973550638e-01 3.345009790259653205e-03 2.393281721332991829e-02
1.000000000000000000e+00 6.229999390589880726e+00 2.603065879930347992e-01 2.333384390227513372e-01 2.354232089352706614e-01 2.382529728408122605e-01 2.376539298659485766e-01 1.725600491696993866e-01 2.516578937494710622e-01 1.916952266530338178e-01 1.661136195061771181e-01 2.150416841592786843e-01 2.130528611054191557e-01 2.357458371032105093e-01 2.961469836039624104e-01 2.893841759215374787e-01 2.465661509249497951e-01 2.505020480356072721e-01 2.038706598178715024e-01 2.489869257947137648e-01 1.645892650681449465e-01 3.295599081290570814e-03 2.521181923597159286e-02
1.000000000000000000e+00 8.562991373902608672e+00 2.629728321123875889e-01 2.437150247900953248e-01 2.292667195218186238e-01 2.352259012757237366e-01 2.313946546815641159e-01 1.747444681238896347e-01 2.504933090502125537e-01 1.852191118384658441e-01 1.632044869357080485e-01 2.131766713835717975e-01 2.131767665915879906e-01 2.313830174937139272e-01 3.136321293664825482e-01 3.126642964633090660e-01 2.436102272520894729e-01 2.530684317876923384e-01 2.087831703601777666e-01 2.346110182226038843e-01 1.642917262330289563e-01 3.508681410059391430e-03 2.511587865894793214e-02
1.000000000000000000e+00 8.580310157004175764e+00 2.579135454944799233e-01 2.557080671077360812e-01 2.378019735617909192e-01 2.406403966058811295e-01 2.358412521133267381e-01 1.828011920293020620e-01 2.517769798387509694e-01 1.832534661457508041e-01 1.623748160538991403e-01 2.165386733788010054e-01 2.218012545025423721e-01 2.217768312016452081e-01 3.274431013709109828e-01 3.122695980711304720e-01 2.422249587391421821e-01 2.406683046645546609e-01 2.057126183072072734e-01 2.240601024701885102e-01 1.666388579736970688e-01 3.638422945008590575e-03 2.545322680355393760e-02
1.000000000000000000e+00 8.698531261409010895e+00 2.540306799533325610e-01 2.573128198403046851e-01 2.362169559593068902e-01 2.389502324178526538e-01 2.407108408126565902e-01 1.853946392714332925e-01 2.483908271488348696e-01 1.884832741554218483e-01 1.614135930753128889e-01 2.089107193654186900e-01 2.226725306515554836e-01 2.188062814467975070e-01 3.229849493049818943e-01 3.116192931934355648e-01 2.550191460720519498e-01 2.440721785172414171e-01 2.135842035364066693e-01 2.326618885569683992e-01 1.659894084248034751e-01 3.418471659517213594e-03 2.532134046253632295e-02
1.000000000000000000e+00 9.474391820840368794e+00 2.682468251455669139e-01 2.583772096383866734e-01 2.358212805019032909e-01 2.445646122794949695e-01 2.342762311814838294e-01 1.737789115218433822e-01 2.615586798348465414e-01 1.906891875740011622e-01 1.657394158266740913e-01 2.033786088478351517e-01 2.321774435010401649e-01 2.468218565331897485e-01 3.081425214935823997e-01 3.007731749925711684e-01 2.562451730964058760e-01 2.432412216625646495e-01 2.234077813311347305e-01 2.408787073569828019e-01 1.702808739337262900e-01 3.217899241630369118e-03 2.516254784932193608e-02
1.000000000000000000e+00 8.881555681970466409e+00 2.510883610634196961e-01 2.611955044983655938e-01 2.437823761323700267e-01 2.634826395258609844e-01 2.309672869830903530e-01 1.763035263714207990e-01 2.594486910379237288e-01 1.877452327384408759e-01 1.726278766481519900e-01 2.152194521673979621e-01 2.297334286342190279e-01 2.577418978778104885e-01 3.013386721675954671e-01 2.975354514827012742e-01 2.559561101029282359e-01 2.537570482968592445e-01 2.151841737548012556e-01 2.305196248912071699e-01 1.686933305765622726e-01 3.200610789284036133e-03 2.501834067713841134e-02
1.000000000000000000e+00 7.358402838661834977e+00 2.509653865200691669e-01 2.675906857492075797e-01 2.415940936172867592e-01 2.515354546996630414e-01 2.170775159997439530e-01 1.948372016216081970e-01 2.555410087172832467e-01 1.868615534340128115e-01 1.748122175587138449e-01 2.185282342310899684e-01 2.268961930508084368e-01 2.586987424890603848e-01 3.040384761786094070e-01 2.953764295213134328e-01 2.585030295651633003e-01 2.663178270329889519e-01 2.449961114910899629e-01 2.320966104874870872e-01 1.708470085296307506e-01 3.181232183563354170e-03 2.410207551568110257e-02
1.000000000000000000e+00 5.573145707981830732e+00 2.573021482717390285e-01 2.774921322052727457e-01 2.353101616402777652e-01 2.473577687883684595e-01 2.058239205488669177e-01 1.976639891056976572e-01 2.549437018719508674e-01 1.933035058417853225e-01 1.781113633723306611e-01 2.129473171205663873e-01 2.230457740743184147e-01 2.605680655305485094e-01 3.013643965024561666e-01 2.845303669981443795e-01 2.606669985794703437e-01 2.532157102621072076e-01 2.373473220603129763e-01 2.352655545358924016e-01 1.689765666413148015e-01 3.228603638247373384e-03 2.293621527478984304e-02
1.000000000000000000e+00 7.844209773197754920e+00 2.593062167494278314e-01 2.710758808397640274e-01 2.233779279449945310e-01 2.502141069251564987e-01 2.093747881585255322e-01 1.943529150287014173e-01 2.579946826920028746e-01 1.995159849480338532e-01 1.778749886516545753e-01 2.157770446302954004e-01 2.215383041813998310e-01 2.603248685880421576e-01 3.028323591340074672e-01 2.880528280626048487e-01 2.509627431817749166e-01 2.445427357146339742e-01 2.205491599195799901e-01 2.294057864227394827e-01 1.686490927221652447e-01 3.253388405553735846e-03 2.305700621041110662e-02
1.000000000000000000e+00 6.021682991851580624e+00 2.618447937897497857e-01 2.635359026265104432e-01 2.156689596138085252e-01 2.401028365042426060e-01 2.254696858014561822e-01 1.932995089702103653e-01 2.481148941487534842e-01 2.003442075357808327e-01 1.683893682194168018e-01 2.065061151931454064e-01 2.201404140719991631e-01 2.529446431287290520e-01 2.918750282819404518e-01 2.913749697483638545e-01 2.566954496948419817e-01 2.499390437535955189e-01 2.279822705303067021e-01 2.323774215631321804e-01 1.675490765097766288e-01 3.375301116710912024e-03 2.387620405661488102e-02
1.000000000000000000e+00 7.254888329450162487e+00 2.648273460274092606e-01 2.541658001162988567e-01 2.256321699553779370e-01 2.255693817088295916e-01 2.215678663734627352e-01 1.923200683513735521e-01 2.430268213624663109e-01 1.962485324170163137e-01 1.706341752422774471e-01 2.069938364042691326e-01 2.226375654844745255e-01 2.638936864833398843e-01 2.852708769138495581e-01 2.718812899579454712e-01 2.445601566059049936e-01 2.479658063710612204e-01 2.316186197917930456e-01 2.256843477590543545e-01 1.637994055189113118e-01 3.473816639920231618e-03 2.427971067318120124e-02
1.000000000000000000e+00 8.757453068290134368e+00 2.538565588000472051e-01 2.580058342832435292e-01 2.315843246797731347e-01 2.180958276460878698e-01 2.254015974661756905e-01 2.063069818913004783e-01 2.305483472985970228e-01 1.982996474126724751e-01 1.665299968043022216e-01 2.059415732904675000e-01 2.137769226614771867e-01 2.701055499920441694e-01 2.712487030157838541e-01 2.694718868305949200e-01 2.478881055089980634e-01 2.485573220715555087e-01 2.229676035577538851e-01 2.320771493967586363e-01 1.632431854023677631e-01 3.264906211028142588e-03 2.386783813035980514e-02
1.000000000000000000e+00 9.271390920256351365e+00 2.466008380761139374e-01 2.600194819017702108e-01 2.278298417618296878e-01 2.223976896460878039e-01 2.160345431780733849e-01 2.177294475515509364e-01 2.310602890716445534e-01 1.871430383448309254e-01 1.750312599128965307e-01 2.144979118675724994e-01 2.124846306268546037e-01 2.647491932798137215e-01 2.655215295001207565e-01 2.734183675173225692e-01 2.464876615163698603e-01 2.578285297613740479e-01 2.250712367225514432e-01 2.377571787053090469e-01 1.639003417657029227e-01 3.223156495445298527e-03 2.531122474168765943e-02
1.000000000000000000e+00 9.651784037500650726e+00 2.467444966517857718e-01 2.688502887562196353e-01 2.319868923901046986e-01 2.160715512351466805e-01 2.202109419036595295e-01 2.088733193726387549e-01 2.242857111024108563e-01 1.853350412805085112e-01 1.762661599205929130e-01 2.055026650495890561e-01 2.227846964230893179e-01 2.457890583321643563e-01 2.757898726310497595e-01 2.708697163802618602e-01 2.446057331810967406e-01 2.650134877078932916e-01 2.168343119043036338e-01 2.316312615550398246e-01 1.627160238778345147e-01 3.228870238071529074e-03 2.378688504345589927e-02
1.000000000000000000e+00 1.002154935987470807e+01 2.438971124122180645e-01 2.718955848033109413e-01 2.224251910046829428e-01 2.185109898541731099e-01 2.239360883897438814e-01 2.014668239187216159e-01 2.214038171700546953e-01 1.926419917036053808e-01 1.747369696713230725e-01 2.003247451259920764e-01 2.192411231059470111e-01 2.592204455319072620e-01 2.820817247982918552e-01 2.704178140193392865e-01 2.227016549312088589e-01 2.643232902344532786e-01 1.995720902795611040e-01 2.219744488101003665e-01 1.623262053314336040e-01 3.092627980186246541e-03 2.303665775065851309e-02
1.000000000000000000e+00 7.254171532347145401e+00 2.366973546597931632e-01 2.664499605064079013e-01 2.281581313118392906e-01 2.282116204823440853e-01 2.331690347252583229e-01 2.043568272967451194e-01 2.079652729932306432e-01 1.856633583651544073e-01 1.809978544057986583e-01 2.068153140567711989e-01 1.988762224935104184e-01 2.521902082579697835e-01 2.955311785316193096e-01 2.880896008039821043e-01 1.975836039523259924e-01 2.661930072600275921e-01 1.995206625127052269e-01 2.156534567380224421e-01 1.623399154271638334e-01 2.911520891959560372e-03 2.320957601499069878e-02
1.000000000000000000e+00 8.203519471699163290e+00 2.456383428839815086e-01 2.581440546955179882e-01 2.393531476432258498e-01 2.287664400414961829e-01 2.344415890767900523e-01 2.065867836795957369e-01 1.972535333017707837e-01 1.806378825485052408e-01 1.768177240995665866e-01 2.044604542208278419e-01 1.975534408159136390e-01 2.481328752638868318e-01 2.920912152308127174e-01 2.865601986905925713e-01 2.020468452872642151e-01 2.695805956279576643e-01 2.160108002045851017e-01 2.090473322844565163e-01 1.619844965962102812e-01 3.075560288429099801e-03 2.231176753183196013e-02
1.000000000000000000e+00 8.689450593665373646e+00 2.417539486029104123e-01 2.600007000812768476e-01 2.455689381279628491e-01 2.264772791941262742e-01 2.311822908597435666e-01 2.002296635452808227e-01 1.947904056685706431e-01 1.865263618433985748e-01 1.735346984395576275e-01 2.057980652975918978e-01 1.940953112391177737e-01 2.460780912530847464e-01 2.831319259368376695e-01 2.773541687255879351e-01 2.148439535161443814e-01 2.699763693063539916e-01 2.143291106761459897e-01 2.051171748442603415e-01 1.601396131802914624e-01 3.258534237080698819e-03 2.220257989836144780e-02
1.000000000000000000e+00 1.274858963764740238e+01 2.503886764233258511e-01 2.580633229367193526e-01 2.398563365619472421e-01 2.200480306669231056e-01 2.283839406840973973e-01 1.898795457651910878e-01 1.878801511355094878e-01 1.945890402477807035e-01 1.837600497356330076e-01 2.027021548006877893e-01 2.182499931366831680e-01 2.445755869566160756e-01 2.702736511688925702e-01 2.816259430834319177e-01 2.161319615307260023e-01 2.714403748558232299e-01 2.171146719530367142e-01 2.011808016780686215e-01 1.611714080254584291e-01 3.245332006936715603e-03 2.167349437536912962e-02
1.000000000000000000e+00 1.372446088428344346e+01 2.357876701092061489e-01 2.480047331653031095e-01 2.626303819620582347e-01 2.183322729546990082e-01 2.372929309052028146e-01 1.997895895207209283e-01 1.855789063169987207e-01 2.078142791473834294e-01 1.811550135175328813e-01 2.106645029954505310e-01 2.143245345407780722e-01 2.403980794252593700e-01 2.729432897298019745e-01 2.789852640127509775e-01 2.197366901161819652e-01 2.742726774298075987e-01 2.138845846510822601e-01 1.975784362008357886e-01 1.622057867290386535e-01 3.224070776686120687e-03 2.103969463598953649e-02
1.000000000000000000e+00 1.204297978255532797e+01 2.294492815183500622e-01 2.638708056394968859e-01 2.570842130444970230e-01 2.240073362043258354e-01 2.324005078547725367e-01 2.075010024369975115e-01 1.865986102656799761e-01 1.986506570041938202e-01 1.801198282999998401e-01 2.098248264564489818e-01 2.048868412909573555e-01 2.544261647145696359e-01 2.684826476947863028e-01 2.936369233409172885e-01 2.120642264770337404e-01 2.719654779119353161e-01 2.172743302419037070e-01 2.007204558139639161e-01 1.633773995822584701e-01 3.104466072481882211e-03 2.126310040711028304e-02
1.000000000000000000e+00 8.943001653745158208e+00 2.389342360914977204e-01 2.626661016380385516e-01 2.509023146135350713e-01 2.296351955562144498e-01 2.414050293161264793e-01 2.067486579207799546e-01 1.944571157357747326e-01 2.050817458414706251e-01 1.702684685553884913e-01 1.983662636021539527e-01 2.256831835312180790e-01 2.523123103432063918e-01 2.771767188873914822e-01 2.957016050334370094e-01 2.177237139356570650e-01 2.681166969364137120e-01 2.194242255312450762e-01 1.987981056101144339e-01 1.649732660198998946e-01 3.175068876848707866e-03 2.204679900385528302e-02
1.000000000000000000e+00 6.544034870604944487e+00 2.452874734772581555e-01 2.695010030173644600e-01 2.458818049539189532e-01 2.238014127287480948e-01 2.427488213616576240e-01 2.059178511440585557e-01 1.973884333514208667e-01 2.078789793043421541e-01 1.739420049010486913e-01 2.055208844354862452e-01 2.236332165964220464e-01 2.443268702360054945e-01 2.750912634516006761e-01 2.959356157280116917e-01 2.314040397585400144e-01 2.571627787879500748e-01 2.083785407547764645e-01 1.761196165085763543e-01 1.660652772933136900e-01 3.060157373464793794e-03 2.172720972122558006e-02
1.000000000000000000e+00 1.021015969361649134e+01 2.519132512007332680e-01 2.648119620356376158e-01 2.481138146900523922e-01 2.197312267151193266e-01 2.386247180548577984e-01 2.005394765731724482e-01 2.065801188797935506e-01 2.070699076430721486e-01 1.843366046416896886e-01 1.974812944796758840e-01 2.262681344399926908e-01 2.446846580309495478e-01 2.700999489158077416e-01 3.025917278690303247e-01 2.368516366856825706e-01 2.730806809504209842e-01 2.007364071039326181e-01 1.702765111931159592e-01 1.651396369969389266e-01 3.152748200125248760e-03 2.301154338467553684e-02
1.000000000000000000e+00 8.237324271854255642e+00 2.562001153391483821e-01 2.638590269096370844e-01 2.404606867797023928e-01 2.243665506975900392e-01 2.382371944621418658e-01 1.919695989378878698e-01 2.218213069602888998e-01 2.118786522080536583e-01 1.850064214568551135e-01 1.851344302780614515e-01 2.356337881976748594e-01 2.478572291235552616e-01 2.689840169857131147e-01 3.097648901118016385e-01 2.273964009421762522e-01 2.800988751644628572e-01 2.078871672947286142e-01 1.738098087246587042e-01 1.668293717945240062e-01 3.078966095340407699e-03 2.244933801221971406e-02
1.000000000000000000e+00 7.538884473796421126e+00 2.505232258688448455e-01 2.585128641578032793e-01 2.442427855123463776e-01 2.168830797700536106e-01 2.438088895614596852e-01 1.898648214800035816e-01 2.212357750825180158e-01 2.143983728199593819e-01 1.797919656435588431e-01 1.851326930103993629e-01 2.324526540979571509e-01 2.307543827862270636e-01 2.640154631806672092e-01 2.961308091264894804e-01 2.264976434934886096e-01 2.741581768231683425e-01 2.079893363376898452e-01 1.649920425683996938e-01 1.647294986339132294e-01 2.885585383499957024e-03 2.290960506479712555e-02
1.000000000000000000e+00 1.176691057095938575e+01 2.427050539165454546e-01 2.580764709093519849e-01 2.481780340474273039e-01 2.295538708922555404e-01 2.464172142530849652e-01 1.819581684635318553e-01 2.106074174257782650e-01 2.226871417317423940e-01 1.825558905394657205e-01 1.779419038483133209e-01 2.306472984651133651e-01 2.400418177756814264e-01 2.628748869723788184e-01 2.783089316909275190e-01 2.270457487157656884e-01 2.744747621134386861e-01 2.128714367352816383e-01 1.656461423938752620e-01 1.639322141496393492e-01 2.809090092066634462e-03 2.393066532550426270e-02
1.000000000000000000e+00 1.181005940983006752e+01 2.433736206611525066e-01 2.653192180577500503e-01 2.380160102615994366e-01 2.188060754965384935e-01 2.516492125679562486e-01 1.777558830524091360e-01 2.037105118426587591e-01 2.270586020594209664e-01 1.672535723372720606e-01 1.771069072719847759e-01 2.228895403608140424e-01 2.447399354642925406e-01 2.748834683204454676e-01 2.790334325848095043e-01 2.380395419848669591e-01 2.783907087968487404e-01 2.127662254110459783e-01 1.485621571101383709e-01 1.637444494645547421e-01 2.788851658753406602e-03 2.409049166851387133e-02
1.000000000000000000e+00 1.172048802883469953e+01 2.424312466092940210e-01 2.685098258249810077e-01 2.272467574763105125e-01 2.168975089452364335e-01 2.519713735316269632e-01 1.794807740940006502e-01 2.048488668116866807e-01 2.248306555021894748e-01 1.677114483196278094e-01 1.804761250918556770e-01 2.296183575665304288e-01 2.464628396806605448e-01 2.845661538995851725e-01 2.743818584633789248e-01 2.342661295256115439e-01 2.751318384339734857e-01 2.081767425270440453e-01 1.476503449345477614e-01 1.627517523178300951e-01 2.899504702618430248e-03 2.522307316535205013e-02
1.000000000000000000e+00 1.260924808775355288e+01 2.440261580468011671e-01 2.772166262888712263e-01 2.322907906989287730e-01 2.117996590455072381e-01 2.506960006129841378e-01 1.854077160330118434e-01 1.978243753178504094e-01 2.267928894431586739e-01 1.700329627353379669e-01 1.852422769771715771e-01 2.353873826931680013e-01 2.404026247287844587e-01 3.013991106636005890e-01 2.872179233472600401e-01 2.251424678606785690e-01 2.733548770714585019e-01 2.178621694828121735e-01 1.546892941750535877e-01 1.638710464721533921e-01 2.855501249863263199e-03 2.519480185655786214e-02
1.000000000000000000e+00 1.277118172799639950e+01 2.465040375608621437e-01 2.683961212683603215e-01 2.234093952507638647e-01 2.257169523935119437e-01 2.471199478331581878e-01 1.814910254796482658e-01 1.938345913950162147e-01 2.292940393447370495e-01 1.676486577447510451e-01 1.838657712246788145e-01 2.326345347231933980e-01 2.277298727899295383e-01 3.004404397139683880e-01 2.974407283180547923e-01 2.267884588289918457e-01 2.784452961005159932e-01 2.158370125433845821e-01 1.419258461271619975e-01 1.637564308275932523e-01 2.956075945511873939e-03 2.522312445201740222e-02
1.000000000000000000e+00 1.335540120858477664e+01 2.473010530959974251e-01 2.794322317990439730e-01 2.231395878091237683e-01 2.246068563105371174e-01 2.537400097965338275e-01 1.766952547538235829e-01 1.957186341993044920e-01 2.390736496246279597e-01 1.747033942229635484e-01 1.972303565906549649e-01 2.252089624981578053e-01 2.291671734945166794e-01 3.068368372743545125e-01 3.156109548663134090e-01 2.291303512643615703e-01 2.801515787454269546e-01 2.060037401931201217e-01 1.562809207820779756e-01 1.677336119203433618e-01 3.072332931865376631e-03 2.427051120372386919e-02
1.000000000000000000e+00 8.882451004687123230e+00 2.537858651129021870e-01 2.660271672480606919e-01 2.233588621831097687e-01 2.324009111561983476e-01 2.450723276028140551e-01 1.789130356578980674e-01 2.101612642447874268e-01 2.355056326000264100e-01 1.768198110174044602e-01 1.932131467291200444e-01 2.352405562374116077e-01 2.352695211469887082e-01 3.009622561086163217e-01 3.098830702021216910e-01 2.254864372439803200e-01 2.679828050263666217e-01 2.023457386297677352e-01 1.406303702975019998e-01 1.656446140776082487e-01 3.164332034097405624e-03 2.385223465042171642e-02
1.000000000000000000e+00 1.116492738046914468e+01 2.531543735347870916e-01 2.764981778774631693e-01 2.258506795283895252e-01 2.405167569591580012e-01 2.315241843612043382e-01 1.787841280332267691e-01 2.238343957466450984e-01 2.266335654407379274e-01 1.760684514285371371e-01 1.942306524468763729e-01 2.194207331844407749e-01 2.453445526590567471e-01 3.026607060208482136e-01 3.165669182603603748e-01 2.207848786359378479e-01 2.665562830509512482e-01 2.192240556134287810e-01 1.522157820732677191e-01 1.661507584882603583e-01 3.161134643172840847e-03 2.410710047147827939e-02
1.000000000000000000e+00 1.232650543649530306e+01 2.494025576382401521e-01 2.793521905100035396e-01 2.163425794271011393e-01 2.382297065432133487e-01 2.382682005007568105e-01 1.717814403873907658e-01 2.185164288404796151e-01 2.206486232553234728e-01 1.834901290691029196e-01 1.905023634887666739e-01 2.107266367251579287e-01 2.339051735081865979e-01 3.061827942576378914e-01 3.156153380095365613e-01 2.214185406448541671e-01 2.667057819681007413e-01 2.149962751163347063e-01 1.562801844412543273e-01 1.646935900135378383e-01 3.302493695972977695e-03 2.228597102437945149e-02
1.000000000000000000e+00 1.038596948183176494e+01 2.424140911023206779e-01 2.788516244473128181e-01 2.176078072150416653e-01 2.362972125307291893e-01 2.323373727682364609e-01 1.806184983794164589e-01 1.968975781916524337e-01 2.282366269261835723e-01 1.853691916087382985e-01 1.916189638115785576e-01 2.137604828984139838e-01 2.306970690562300808e-01 3.173291632740447010e-01 3.161704415379098521e-01 2.125662475551709785e-01 2.579048711054151566e-01 2.192736199641394657e-01 1.488557680849091902e-01 1.641066614044167093e-01 3.322938300326039752e-03 2.262848312571608816e-02
1.000000000000000000e+00 1.026246819659292164e+01 2.476310749916211806e-01 2.824056177063431483e-01 2.225059564193372363e-01 2.376518496389449786e-01 2.364702120350609671e-01 1.787904330483695015e-01 2.001247099243169958e-01 2.272853768593164070e-01 1.846073536214681288e-01 1.912576394962038073e-01 2.196477473269722036e-01 2.260189988520216187e-01 3.119021553466673757e-01 3.279068079282905224e-01 2.102935400247529230e-01 2.599485012106190762e-01 2.206017983354897904e-01 1.361965558350013428e-01 1.654817832788049170e-01 3.400814766679018282e-03 2.230297891510643962e-02
1.000000000000000000e+00 1.045687256454057668e+01 2.406065003672934466e-01 2.797588004969346898e-01 2.153709106073628810e-01 2.238751201333520346e-01 2.517645234201191240e-01 1.838551297133159124e-01 2.077252657951828840e-01 2.165494432520415347e-01 1.816262112268298146e-01 2.003742676261047462e-01 2.229406357415200657e-01 2.280056187809954560e-01 2.868805998006881408e-01 3.137400960103801095e-01 1.944674705534960579e-01 2.605382511149356706e-01 2.424995804234262309e-01 1.503378125817951827e-01 1.650990330049460775e-01 3.390078662658531708e-03 2.165088490060177936e-02
1.000000000000000000e+00 1.163722598100733663e+01 2.369920391721981878e-01 2.833729403905706490e-01 2.256909495915209729e-01 2.164982753644680291e-01 2.590957288178881712e-01 1.818831220126473913e-01 2.036269521908204705e-01 2.009114101405365949e-01 1.758112206369199515e-01 2.024714765665941163e-01 2.194378966532408437e-01 2.212795162852309039e-01 2.912606686234052722e-01 3.169271538150447154e-01 1.852754301321277164e-01 2.514381005332879115e-01 2.557201517779211786e-01 1.456057333189674508e-01 1.632401720937564915e-01 3.368877977795540438e-03 2.296020676834490196e-02
1.000000000000000000e+00 1.050483553784790303e+01 2.342605455183098817e-01 2.687909250711640330e-01 2.338667151806257671e-01 2.024473469890293309e-01 2.786279041693628944e-01 1.833513778110527348e-01 2.034984834968937006e-01 2.139200517160978754e-01 1.714138814157692425e-01 1.965872028207669153e-01 2.077578996813225498e-01 2.173750763646339346e-01 2.921598353449783025e-01 3.217893795055279949e-01 1.920773825220764841e-01 2.492736239665007125e-01 2.540607200620106365e-01 1.442954787754197887e-01 1.616948190145516828e-01 3.245845287051134405e-03 2.337002996249759948e-02
1.000000000000000000e+00 8.549212401306022002e+00 2.415272208344206306e-01 2.488557710353433428e-01 2.396652016068580304e-01 1.935813542222855066e-01 2.712859211580249674e-01 1.754364878896916002e-01 1.905649244657458552e-01 2.222368465232335555e-01 1.662054215020949410e-01 2.023253278105694719e-01 2.150073919033036185e-01 2.198151454451351405e-01 2.886514998792092390e-01 3.166541373889200650e-01 1.967946069511044282e-01 2.472268371731830006e-01 2.482456147787927281e-01 1.606557456448519106e-01 1.588303864582694402e-01 3.262658537483640805e-03 2.352130467313630000e-02
1.000000000000000000e+00 1.070479933758550750e+01 2.504888413918420209e-01 2.400128938298176362e-01 2.356387855795039343e-01 1.879610299956297470e-01 2.580052075333067463e-01 1.761097181175031723e-01 1.992464764842413472e-01 2.131181795866978201e-01 1.626757575931967459e-01 1.935124947226937175e-01 2.135109492692816024e-01 2.245800358782398809e-01 2.772986902124046638e-01 3.072477091698624929e-01 2.000093254902222117e-01 2.480304356472400606e-01 2.402906096526103430e-01 1.584135185722448103e-01 1.587306667036675056e-01 3.241039434530405827e-03 2.406852332111193010e-02
1.000000000000000000e+00 9.703914607845559814e+00 2.623037076470024487e-01 2.354410468473616680e-01 2.265662484311960212e-01 2.010412330698001515e-01 2.450786979275783595e-01 1.704389911023388993e-01 1.982855835436627967e-01 2.138385586521812931e-01 1.641249582136503071e-01 1.920520048283970438e-01 2.157723053162196591e-01 2.227845451511616670e-01 2.946197670574970950e-01 2.849127230793153109e-01 2.031211923307715272e-01 2.476758513003989859e-01 2.380953963629001968e-01 1.649927812400542315e-01 1.577757238757903080e-01 3.145066229488817887e-03 2.482616590809903767e-02
1.000000000000000000e+00 1.138471026506958950e+01 2.718575519818810515e-01 2.206921781227883239e-01 2.415011668631767139e-01 2.117548224310258631e-01 2.283737336049514177e-01 1.780856981125765459e-01 2.079960554749559487e-01 2.177890306815229993e-01 1.603067071851174141e-01 1.901621920320901715e-01 2.267241182362619567e-01 2.141032138270987095e-01 3.067836621721752866e-01 2.818859862952328155e-01 1.928277047942460187e-01 2.537568989635201611e-01 2.217345594339669157e-01 1.767867888552870359e-01 1.589382614562342422e-01 3.196026450019974659e-03 2.429906339968201240e-02
1.000000000000000000e+00 9.698447271712490547e+00 2.628036243485126211e-01 2.161277332488997227e-01 2.452980779710236259e-01 2.206298839763044528e-01 2.306280445593522077e-01 1.787415686139305349e-01 2.092625450364416495e-01 2.113623175883369842e-01 1.556344010041364467e-01 1.791303217983788165e-01 2.097803720884103551e-01 2.332794778444611250e-01 2.992673797633128574e-01 2.890730203277762089e-01 1.938166103243572913e-01 2.446630878462720537e-01 2.264062797202566202e-01 1.606139896318860283e-01 1.584926272998136987e-01 3.099456763082969208e-03 2.282694296172500803e-02
1.000000000000000000e+00 8.504511378097488361e+00 2.662721667000399473e-01 2.199104914195736116e-01 2.415169635777577872e-01 2.238803526623933948e-01 2.235137363833077928e-01 1.670172640164767630e-01 2.200343605243191558e-01 2.099351226613214161e-01 1.527896920415119930e-01 1.837028279507323669e-01 2.135117740272697573e-01 2.306445988961051408e-01 2.931284271631041660e-01 2.865674167177824638e-01 1.926216544927566443e-01 2.626992218379258781e-01 2.240238125310634043e-01 1.621008045227089744e-01 1.604631375706268015e-01 3.191152293271610173e-03 2.299251517392032068e-02
1.000000000000000000e+00 1.004850861928548511e+01 2.627787702664711178e-01 2.182938266740262201e-01 2.446793538590671113e-01 2.273954212361669613e-01 2.261488907031330153e-01 1.561639485217005130e-01 2.217562891866695085e-01 2.016764018717933371e-01 1.491781184684013439e-01 1.906648662092250424e-01 2.105451066435833629e-01 2.343694073087181085e-01 3.029903640252586960e-01 3.052230670894149900e-01 1.939259456307011742e-01 2.649765661259700922e-01 2.199314464178744877e-01 1.703179573489731202e-01 1.592140498044870289e-01 3.208379350854917520e-03 2.355935080506070187e-02
1.000000000000000000e+00 9.923461164562745296e+00 2.606641240419041994e-01 2.296996061131764966e-01 2.326409378772898162e-01 2.312324846107031429e-01 2.307500719804927991e-01 1.602224775303687510e-01 2.312091563736648481e-01 2.003782285737306101e-01 1.481344508273614302e-01 1.907454245181708641e-01 2.188233520978534463e-01 2.239085715994019454e-01 3.070081128679658655e-01 3.111440818754115933e-01 1.872206486848005669e-01 2.647681201669259687e-01 2.191701130639260586e-01 1.693394095153819001e-01 1.595470391529598408e-01 3.115228633065676971e-03 2.367408511558623946e-02
1.000000000000000000e+00 1.114068665404854741e+01 2.646406066162949045e-01 2.231000537969184128e-01 2.338163842650205493e-01 2.334762867115804108e-01 2.321050093014450921e-01 1.666753388352021359e-01 2.285937313225351875e-01 1.938803327382325470e-01 1.479780582129774091e-01 1.942768888309212016e-01 2.123644393951338305e-01 2.248600507533536352e-01 3.164959743419234472e-01 3.021906066642739419e-01 1.929284305679491718e-01 2.630181229146016375e-01 2.145910694015165932e-01 1.668292735395194570e-01 1.605534817969329064e-01 3.175533483144188634e-03 2.359209252671493409e-02
1.000000000000000000e+00 1.254092703476772108e+01 2.579715837486471486e-01 2.455233650725531236e-01 2.359367383340545132e-01 2.273744174064717405e-01 2.556385571359194309e-01 1.634329845062453823e-01 2.370040785992371946e-01 2.039502508307821649e-01 1.442082221633304850e-01 1.988084428161605577e-01 2.055257701553620253e-01 2.258293367241039351e-01 3.417929487663212695e-01 3.037593356292228597e-01 1.938896133077361028e-01 2.701585070856901138e-01 2.050802191345255931e-01 1.758705758221345283e-01 1.660374643548417906e-01 3.158865775928013965e-03 2.291201869081205267e-02
1.000000000000000000e+00 1.340283793657637368e+01 2.500721067297788647e-01 2.417033001435946460e-01 2.307314852431640029e-01 2.293914821180185193e-01 2.490595895735642773e-01 1.659377393100141262e-01 2.271264719570885715e-01 2.053804277096512310e-01 1.490175082880521584e-01 2.032481056724696755e-01 1.961043541855750916e-01 2.279123733285191855e-01 3.223003290763513662e-01 3.043510074623188011e-01 1.762936956805064848e-01 2.651679630063500936e-01 1.978260933092408080e-01 1.828454829425307238e-01 1.618907098328490057e-01 3.074835857470559989e-03 2.336501245524020762e-02
1.000000000000000000e+00 1.296812663351285799e+01 2.453857359216398693e-01 2.354915799037168023e-01 2.190934420126537663e-01 2.206550150337914240e-01 2.463316892734321861e-01 1.576180113670972993e-01 2.255826788255246573e-01 2.053103557438651916e-01 1.519866712104161466e-01 2.095482709820150613e-01 1.914490882881469680e-01 2.328861134946571265e-01 3.205003356369843792e-01 2.939470940602354476e-01 1.788704753571033201e-01 2.681232754942432517e-01 2.008702472415169193e-01 1.944600697435969749e-01 1.579558487375969378e-01 3.260281598290567118e-03 2.348863193531353782e-02
1.000000000000000000e+00 1.243012190279681128e+01 2.542478692389090744e-01 2.417751188598289414e-01 2.320833715079434478e-01 2.181749677146897493e-01 2.543575397635159385e-01 1.608290565899756497e-01 2.178439959433600970e-01 2.026391540874859787e-01 1.540473778137643468e-01 2.121819981619662010e-01 1.918946017441376106e-01 2.306028929369602354e-01 3.234759070895822375e-01 2.914645110866928013e-01 1.810876770815485759e-01 2.678457904604198969e-01 1.986438236603514373e-01 1.844108379596747227e-01 1.593610142892937231e-01 3.389935979181623975e-03 2.311078570181527431e-02
1.000000000000000000e+00 1.378022187162914491e+01 2.397544087257366674e-01 2.364132919449576931e-01 2.344002690991957016e-01 2.337779689580437026e-01 2.527791208704726067e-01 1.551560455101890501e-01 2.184952768189504513e-01 2.105679353012188670e-01 1.467538676581831014e-01 2.130751447940233967e-01 1.940902310135356468e-01 2.178628064734635661e-01 3.112919112068309180e-01 3.071909062826805314e-01 1.755623967245145411e-01 2.710559551274704382e-01 1.894222238225063415e-01 1.845576004497347100e-01 1.590581370095945357e-01 3.314493678800742565e-03 2.140658308562912171e-02
1.000000000000000000e+00 1.300272287228433221e+01 2.467174136881856716e-01 2.411155627517146960e-01 2.312358066978101312e-01 2.190952081455624367e-01 2.507133741110757486e-01 1.514728775534957272e-01 2.172711361647164663e-01 2.124583936893589264e-01 1.418684118542454242e-01 2.180777556298846565e-01 1.778501156875558764e-01 2.221702944439749028e-01 3.237622734118839607e-01 2.970161237477838001e-01 1.774956165753916459e-01 2.655587486276635989e-01 1.986019726468291891e-01 1.798240151378682483e-01 1.572919414358485146e-01 3.395463214349543797e-03 2.257413482623698425e-02
1.000000000000000000e+00 1.592397650332475223e+01 2.404213461750374370e-01 2.418066603305153994e-01 2.349616825744314796e-01 2.148245143308842586e-01 2.531385457634001690e-01 1.618660231883082556e-01 1.980984467996818044e-01 2.190842149552730267e-01 1.374145744855643225e-01 2.074812762882030925e-01 1.824723711622221745e-01 2.243347534901913576e-01 3.272516477316400052e-01 2.782790420235431439e-01 1.625391816427193825e-01 2.584073329996629531e-01 2.006063360722947497e-01 1.929422005239285198e-01 1.554277886450971813e-01 3.542617300929203072e-03 2.209757197160198625e-02
1.000000000000000000e+00 1.492211976849861266e+01 2.386621090340009799e-01 2.331168205910682523e-01 2.340803216496733508e-01 2.094560775287644949e-01 2.529825105329904789e-01 1.574235542889184658e-01 2.061079824899734736e-01 2.115331426677648785e-01 1.310093821547228532e-01 2.014267353258925031e-01 1.757797920104034461e-01 2.235727585545476126e-01 3.290500590024224015e-01 2.741715010006174902e-01 1.720999008868768498e-01 2.654991259732946141e-01 1.981644043996662330e-01 1.868790238266342940e-01 1.537445432696039060e-01 3.523574930028152818e-03 2.288876067580826110e-02
1.000000000000000000e+00 1.496918323878567314e+01 2.482364377165189595e-01 2.259182113410710402e-01 2.293765265430395273e-01 2.114624470975834114e-01 2.527764756201483221e-01 1.560159435227191360e-01 2.104245107349032307e-01 2.113257072642273082e-01 1.264619709641821854e-01 2.028161894605420845e-01 1.946781264884950569e-01 2.205686879400687306e-01 3.251935993364512001e-01 2.759193203363866087e-01 1.730146986187082458e-01 2.572870971817298735e-01 1.920702569081876587e-01 1.625859750828422545e-01 1.546792200935591943e-01 3.633080783008238446e-03 2.396917639048238083e-02
1.000000000000000000e+00 1.978060382337644540e+01 2.398006267385606183e-01 2.226599135550803299e-01 2.354065775860510745e-01 2.090694465817499181e-01 2.459212492263510019e-01 1.593595007075350733e-01 2.005640781194872602e-01 2.033331745417864544e-01 1.250740464055240531e-01 2.108256392626847442e-01 1.887669048251246762e-01 2.226976589062920620e-01 3.222990441643434623e-01 2.856920352026621202e-01 1.816593437700716740e-01 2.457259137833754103e-01 1.945521022106944942e-01 1.573287131849760712e-01 1.530170119068481049e-01 3.796315007903146646e-03 2.321901697692376268e-02
1.000000000000000000e+00 1.623115982781255084e+01 2.404109616407904548e-01 2.438364528659949237e-01 2.414986005436759453e-01 1.994240676241579024e-01 2.332757567142987598e-01 1.565771938370887906e-01 1.949001952071733323e-01 1.943103515308709228e-01 1.309193275042790650e-01 2.070483304738396646e-01 1.888385967350742489e-01 2.152498403783443814e-01 3.055002239785636342e-01 2.942507749397404448e-01 1.687714696117527113e-01 2.427324512111333765e-01 2.058977469866578591e-01 1.667514325913922457e-01 1.508078042929609786e-01 3.866268080368243272e-03 2.346560015225719262e-02
1.000000000000000000e+00 1.728408452636620396e+01 2.314195314148814464e-01 2.390174574428821641e-01 2.430184917470741834e-01 1.929010727580529327e-01 2.305298020632182976e-01 1.680674531135372685e-01 2.026794366026045402e-01 1.937574883023462924e-01 1.302088329231221864e-01 2.020731503377523886e-01 1.904309905203490638e-01 2.158988780949666064e-01 3.085077186032825769e-01 2.759995765981251292e-01 1.778421498123902711e-01 2.469657380424526982e-01 1.961167123388877775e-01 1.767619152412845951e-01 1.512549995843252004e-01 3.956134027769693702e-03 2.265483907586893220e-02
1.000000000000000000e+00 1.437536415479846852e+01 2.356755998143338915e-01 2.510017375190559674e-01 2.544136665142616716e-01 1.988182510657447721e-01 2.232226813723016123e-01 1.639382942534114984e-01 1.914809008366048781e-01 1.864989855924752415e-01 1.475077843256877852e-01 2.042232281044737419e-01 1.867234897139540828e-01 2.164181850133340690e-01 2.929140625159854516e-01 2.791265152541979044e-01 1.854467327486724326e-01 2.645684968445189411e-01 1.896851757814463635e-01 1.764288359626491887e-01 1.494643600007590778e-01 3.737443196422761318e-03 2.269257226383623871e-02
1.000000000000000000e+00 1.125772156264552137e+01 2.312048014375140959e-01 2.466058660236335742e-01 2.389135127737245234e-01 2.030595960866411476e-01 2.299040735267031121e-01 1.644910308440932778e-01 2.051449872540481167e-01 1.954823998070590041e-01 1.563159856964765060e-01 2.004224651267351165e-01 1.765932157011288195e-01 2.249041811697423676e-01 2.969923826375296394e-01 2.669383476735608940e-01 1.876784969091720157e-01 2.685396582177105307e-01 1.804807230788373629e-01 1.600671253143406136e-01 1.530688758943169747e-01 3.723627893409280337e-03 2.302808862366336612e-02
1.000000000000000000e+00 1.098338744184464844e+01 2.272803039017418369e-01 2.508665042268436451e-01 2.276108717999591469e-01 2.051364214997549451e-01 2.080556986852682977e-01 1.765404232408611385e-01 2.088004084696896412e-01 1.946199475856298378e-01 1.632129933316311954e-01 2.134253500226899747e-01 1.767701727973150783e-01 2.115839979180981489e-01 3.009510333333554333e-01 2.737103983533484275e-01 1.788268962106102089e-01 2.633469005339715285e-01 1.768814847771640886e-01 1.500805311321096180e-01 1.524842320089705716e-01 3.761723702828415929e-03 2.224710718588090302e-02
1.000000000000000000e+00 1.137719489132583384e+01 2.269217484398693419e-01 2.567431906949212972e-01 2.228715299323883459e-01 2.077849744328918724e-01 2.138554745790697820e-01 1.788737828606440372e-01 2.103049177615734233e-01 1.816977395579011112e-01 1.552987051894391957e-01 2.221860318290755643e-01 1.775673152090113394e-01 2.188566876533367955e-01 3.026522419232922090e-01 2.803850650755166374e-01 1.821698111363022343e-01 2.579493503701082435e-01 1.847834630760123165e-01 1.423920873158089351e-01 1.531268642134126501e-01 3.416766714368229402e-03 2.135097052827431008e-02
1.000000000000000000e+00 9.749671488651298290e+00 2.436167969304012526e-01 2.459837753304519037e-01 2.188870865168561219e-01 2.087955680220868193e-01 2.093735817743662686e-01 1.815955311511817383e-01 2.087655133495023851e-01 1.914093843860986688e-01 1.573611834525971143e-01 2.184011255562745557e-01 1.771274010063570992e-01 2.199217710604117471e-01 3.078799062153285693e-01 2.719930436760624737e-01 1.823049745595966276e-01 2.536955664504662034e-01 1.975837375074361024e-01 1.229019616113896374e-01 1.524898602552005322e-01 3.617400836469973797e-03 2.085590023439732460e-02
1.000000000000000000e+00 7.572014209267283746e+00 2.407166012085548978e-01 2.440915095452166617e-01 2.201300302134274745e-01 2.191004909098975828e-01 2.150633415745991373e-01 1.747060740579589322e-01 1.930323244645692493e-01 1.913592417706404258e-01 1.525568471111269087e-01 2.155967370469188404e-01 1.697868235436553463e-01 2.301754600809568230e-01 3.053013482137857393e-01 2.548308417645362423e-01 1.796378547961876293e-01 2.533720817436383999e-01 2.078231067061304116e-01 1.132104478163201977e-01 1.511347949183144967e-01 3.501587137018472538e-03 2.156787919060124473e-02
1.000000000000000000e+00 7.295153692755666164e+00 2.344359768846764058e-01 2.496328277093853576e-01 2.155362192000419286e-01 2.172407969388281956e-01 2.151752053534646825e-01 1.860242014219760653e-01 1.934031231612746426e-01 1.892590602804095357e-01 1.567313243091064956e-01 2.043277829532570977e-01 1.667849422537226456e-01 2.270062089440103015e-01 2.946622026080814027e-01 2.647983297397061286e-01 1.976103187874766465e-01 2.526312846563634751e-01 2.165432499230219854e-01 1.161803690441112619e-01 1.516461936090482132e-01 3.466852360558211627e-03 2.192119550287591548e-02
1.000000000000000000e+00 1.037594693475200991e+01 2.288965819653109579e-01 2.665221273148527525e-01 2.314849120187487674e-01 2.102131917137589068e-01 2.163019626702968878e-01 1.883439917849068779e-01 2.024485814617178192e-01 1.933861284876132458e-01 1.592879662551700271e-01 2.050498786600697121e-01 1.674279769168588450e-01 2.404256266158937283e-01 3.002200989442577739e-01 2.654973573327944480e-01 1.935207626921207069e-01 2.653400296002899617e-01 2.220172113862364516e-01 1.168229402574083448e-01 1.568111535309441029e-01 3.529919557637208830e-03 2.145439621449529710e-02
1.000000000000000000e+00 1.015953584347067107e+01 2.330839536802933043e-01 2.627881887682548823e-01 2.276817771862852391e-01 2.107922861105682721e-01 2.217793163687361013e-01 2.010301536913954301e-01 1.990435403751570353e-01 1.934335099310983686e-01 1.634956451597646965e-01 2.078488203427127368e-01 1.674503704276746052e-01 2.588498081661546046e-01 2.960254538256013035e-01 2.664046900172680199e-01 1.866344264893584071e-01 2.636374163616213018e-01 2.297639944748930962e-01 1.084708378858146444e-01 1.578217060043767273e-01 3.495233449979518424e-03 2.111802240638492242e-02
1.000000000000000000e+00 1.247944919872058200e+01 2.490996671654259753e-01 2.537262403424339063e-01 2.292400532107268241e-01 2.150580200175930823e-01 2.270515782280704831e-01 2.107828075270602175e-01 1.989358218709680326e-01 1.928600427183558286e-01 1.676449805468917809e-01 2.135851790455507715e-01 1.790117954350362306e-01 2.656284107734322997e-01 2.831172252802140465e-01 2.659483074330206698e-01 1.884008282334055928e-01 2.601649779848958510e-01 2.163038790495941388e-01 1.007364093283105444e-01 1.596914898041635333e-01 3.183661711139261150e-03 2.089844806083348064e-02
1.000000000000000000e+00 1.108736827079859211e+01 2.508587877910207209e-01 2.487337756336159278e-01 2.365256437150930202e-01 2.191728767359729657e-01 2.173245640629171971e-01 1.900653988220197821e-01 2.066906009050900328e-01 2.032969095440365637e-01 1.599196437261555248e-01 2.091585437267354242e-01 1.769963810285187789e-01 2.629044520507614613e-01 2.934798778109081185e-01 2.806110399527940169e-01 1.872515651012987559e-01 2.751930781683969429e-01 2.242323208012661773e-01 1.061866171416324112e-01 1.584402586229469168e-01 3.307222583724231564e-03 2.212177308790199554e-02
1.000000000000000000e+00 1.118896420743139863e+01 2.509751083686798667e-01 2.482870252418541979e-01 2.443335761952348528e-01 2.253684149964830519e-01 2.302275688505754092e-01 1.956326371208518822e-01 2.112891011189604040e-01 1.942629325084805902e-01 1.669121620697396335e-01 2.052705238242506780e-01 1.827117420117715940e-01 2.635220517417383168e-01 2.916557438037584160e-01 2.854363246894586759e-01 1.941716808925921245e-01 2.752468918053574409e-01 2.240203001013051642e-01 1.078785432378524950e-01 1.607515095619101997e-01 3.351592989640830682e-03 2.275538426879673837e-02
1.000000000000000000e+00 1.172279071576185494e+01 2.456555638800552444e-01 2.446233502499848278e-01 2.443780085863280493e-01 2.267361972542022708e-01 2.327968616359318565e-01 1.891148036838754265e-01 2.123347010211747432e-01 2.060931659924887249e-01 1.627400781690854226e-01 2.093512477649982217e-01 1.893544965442406913e-01 2.801102769563225126e-01 2.860775927087605419e-01 2.799116580492356787e-01 1.887450805667602594e-01 2.706434647698064411e-01 2.220386809949657647e-01 1.017400620498389585e-01 1.589125990321903215e-01 3.522717829956457589e-03 2.215362538641657900e-02
1.000000000000000000e+00 1.163328879125179327e+01 2.465849841573318491e-01 2.447266519252123407e-01 2.444365744420342323e-01 2.188166897069078742e-01 2.352584418867673111e-01 1.865936505779013099e-01 2.222067337676341958e-01 2.128256144865354749e-01 1.655158505070980779e-01 2.118800416454585389e-01 1.809871044248448635e-01 2.732130061175414570e-01 2.960959053675941699e-01 2.795541372598910335e-01 1.813673917219136011e-01 2.709451377596883703e-01 2.121249352996329995e-01 1.207216111790837543e-01 1.592206794869670816e-01 3.652985517585197878e-03 2.130712481697349600e-02
1.000000000000000000e+00 1.340405300883647755e+01 2.446714330741737164e-01 2.487280173409963380e-01 2.485586649675284032e-01 2.060272687925377988e-01 2.359238768453988389e-01 1.757606286468734180e-01 2.142729137162938113e-01 2.105518483292663778e-01 1.609196545675889711e-01 2.197608761959422563e-01 1.656078680350582255e-01 2.732650197720439267e-01 2.780005882949402318e-01 2.792153897039588717e-01 1.951013609332800935e-01 2.644222202981577063e-01 2.313383791147886059e-01 1.126398835140864918e-01 1.583883641558690991e-01 3.618689865760956435e-03 2.166280414803629581e-02
1.000000000000000000e+00 1.896271971959615499e+01 2.591451865549250777e-01 2.408362525014686728e-01 2.381781464576914198e-01 2.075188192321203440e-01 2.375182532314754069e-01 1.642341392254974553e-01 2.121547191746654404e-01 2.148821852709648650e-01 1.667490866201355448e-01 2.208827397352704780e-01 1.586707183547254318e-01 2.689081624182778074e-01 2.919103315357733930e-01 2.622887831128916103e-01 1.971362160007286701e-01 2.585720721257736554e-01 2.365099100712985125e-01 1.272894466387995416e-01 1.624147989502370826e-01 3.853689645569077782e-03 2.188637124295287825e-02
1.000000000000000000e+00 1.551297375943899759e+01 2.594367635470168354e-01 2.367902156380095324e-01 2.405195046401083225e-01 2.176825342282126541e-01 2.343571704688567070e-01 1.650074343030311919e-01 2.111616754441033861e-01 2.264932271380434292e-01 1.573849548605769089e-01 2.173427347913134411e-01 1.617341544986984347e-01 2.698481121782838610e-01 2.874044008203892053e-01 2.607573316280208386e-01 2.131453760024749067e-01 2.737595830403280472e-01 2.449992418069963651e-01 1.284936328296051589e-01 1.609496444188355802e-01 3.732371873052652261e-03 2.064646457661406184e-02
1.000000000000000000e+00 1.591849519709184158e+01 2.649023236828592087e-01 2.328195516339995885e-01 2.382703910498241706e-01 2.036475394995729271e-01 2.371345255271361252e-01 1.588095027178904328e-01 2.084690914148913665e-01 2.263599141824488292e-01 1.639778200361743099e-01 2.122218948380201753e-01 1.639950713945698968e-01 2.689659955578987960e-01 2.891138168429134847e-01 2.697149799161205896e-01 2.183497246982882556e-01 2.874206212538944483e-01 2.492118607766364846e-01 1.239854757989481693e-01 1.609490896612695010e-01 3.710385251774628128e-03 2.013794177309706154e-02
1.000000000000000000e+00 1.845825752390058128e+01 2.609171614892469848e-01 2.383354482064847513e-01 2.355847745047184028e-01 2.192655386988867916e-01 2.421245000242736312e-01 1.631237492606986139e-01 2.007662793531700685e-01 2.178911814639062638e-01 1.570259002867979703e-01 2.133197903050021993e-01 1.553609120672463373e-01 2.725782173063093228e-01 2.874250976553830994e-01 2.695048473097565456e-01 2.247474963911239854e-01 2.806088047487585446e-01 2.298204357501598127e-01 1.234523336176358704e-01 1.609690183411107145e-01 3.785874868955377108e-03 2.110906508468361753e-02
1.000000000000000000e+00 1.972357044129338277e+01 2.582073558544337177e-01 2.247128940059258673e-01 2.371008805467086922e-01 2.283061829787459418e-01 2.485743686281384202e-01 1.675320275562848238e-01 1.896799852395947561e-01 2.067842129805272378e-01 1.686762666360621110e-01 2.188935970093399963e-01 1.608126299373645041e-01 2.695880849286996228e-01 2.720543219292961834e-01 2.708152332863009160e-01 2.397488169386715329e-01 2.800606259365743256e-01 2.266133684955631000e-01 1.141343615000593587e-01 1.614961276432554937e-01 3.932587153970538117e-03 2.222502953496727565e-02
1.000000000000000000e+00 1.881540343592430631e+01 2.533781478773027285e-01 2.177051104381569346e-01 2.321460757203247238e-01 2.212197035709106974e-01 2.440202935162991693e-01 1.636492787639768631e-01 1.915486022694023183e-01 2.050316846975155372e-01 1.681526956034715969e-01 2.214034130097532471e-01 1.704500938213795447e-01 2.683319035089614668e-01 2.669993348687719203e-01 2.930321351717939393e-01 2.279004286248319522e-01 2.822861677366005351e-01 2.230903031121917457e-01 1.088165093546054202e-01 1.574711544939141616e-01 3.843617051148036888e-03 1.939207906819352678e-02
1.000000000000000000e+00 1.573016434184948942e+01 2.605422545665349587e-01 2.128685910881027987e-01 2.369975750351147603e-01 2.177020452714812926e-01 2.464700337236934158e-01 1.669248238562317244e-01 2.085468605909104045e-01 1.943276373927820821e-01 1.640587165603069053e-01 2.175762339583554861e-01 1.824102098978324371e-01 2.772200262283660566e-01 2.759058494713242937e-01 2.831711422007846535e-01 2.183118107395456975e-01 2.653879982083349742e-01 2.223750357518590737e-01 1.035355187448497166e-01 1.596872272914527657e-01 3.686237615701328657e-03 1.892000717115051994e-02
1.000000000000000000e+00 1.440388568096000910e+01 2.666949662049389325e-01 2.141502315630879338e-01 2.441447698589087889e-01 2.136917438622280840e-01 2.548092264573823540e-01 1.576716784909235891e-01 2.111035041365228737e-01 2.056858619937027843e-01 1.703296887744310539e-01 2.243665039088949820e-01 1.797436584834383733e-01 2.594607293211809718e-01 2.784458369160520697e-01 2.651844473042543338e-01 2.061087303147200733e-01 2.680907033444807630e-01 2.204543500288974611e-01 1.226439034850921594e-01 1.594338035233319739e-01 3.619468536732106494e-03 1.801639730608036588e-02
1.000000000000000000e+00 1.410938370791624052e+01 2.677706423328599095e-01 2.140729654120783476e-01 2.505979826197745619e-01 2.245907890299217169e-01 2.442046254057552157e-01 1.523918071464192281e-01 2.120665093348437502e-01 1.980075613660185196e-01 1.691777077739776147e-01 2.153723079844697408e-01 1.747576373250044612e-01 2.582656742948919448e-01 2.887386791334112246e-01 2.872557249714822181e-01 1.990729490325442719e-01 2.639354762280672340e-01 2.331944217683829812e-01 1.186429378111184957e-01 1.597800228092117469e-01 3.613973095504419836e-03 1.810796237080642551e-02
1.000000000000000000e+00 1.559909264169382759e+01 2.635240066196900544e-01 2.287759391607863402e-01 2.446730800754500224e-01 2.141488346565115775e-01 2.466528228664419120e-01 1.480499060742953288e-01 2.165509640373355082e-01 2.052687404659794546e-01 1.663851624090947889e-01 2.199886042851777190e-01 1.701778552405304179e-01 2.680485239618898841e-01 2.946779030526323062e-01 3.006628687959755353e-01 1.890776170424938729e-01 2.700219857784419419e-01 2.275531129647914708e-01 1.245539299212410911e-01 1.611548866163045879e-01 3.493674843961174815e-03 1.915591696624851029e-02
1.000000000000000000e+00 1.271607207329548750e+01 2.703582528792906614e-01 2.208251492438352004e-01 2.404407334510416661e-01 2.137617175408644821e-01 2.485133594635572929e-01 1.653076765992196884e-01 2.129506723055698547e-01 2.077738160935450051e-01 1.724319034215087698e-01 2.126094028929037538e-01 1.715203467777051405e-01 2.700843674059293931e-01 2.829600665770310441e-01 2.917916574999842028e-01 1.798018913537911267e-01 2.734738947815487098e-01 2.207258206598249617e-01 1.189156807816068584e-01 1.620246759330953579e-01 3.478288984654488106e-03 1.961907111955327881e-02
1.000000000000000000e+00 1.762432924177369742e+01 2.707129260279526051e-01 2.134160428928178754e-01 2.414147989107748582e-01 1.981419470171738029e-01 2.528943727162577537e-01 1.612204934413515311e-01 2.125413742139419249e-01 2.086037094519490875e-01 1.724970173971829834e-01 2.235870861285683131e-01 1.615422412331791457e-01 2.617060837886954205e-01 2.846319589276533057e-01 2.901780039583146120e-01 1.900934714616761834e-01 2.655385272230977312e-01 2.292495410267150480e-01 1.270609710058518138e-01 1.585095249134113038e-01 3.824056526681611241e-03 2.043806029907870372e-02
1.000000000000000000e+00 1.823637924595368176e+01 2.640979670242797339e-01 2.089680812494471851e-01 2.377726576514153922e-01 1.947424017506340921e-01 2.452599777787279334e-01 1.622305113608656368e-01 2.219615190839355212e-01 1.924066013204346615e-01 1.691992255260776346e-01 2.271067020817666426e-01 1.610827313207470746e-01 2.454345792773205692e-01 2.767863982174632587e-01 2.821247392191995051e-01 1.838907179460377850e-01 2.750860190420567064e-01 2.275532147767418134e-01 1.296835283434429886e-01 1.580328167602699785e-01 3.837898318774942818e-03 1.900768733222845536e-02
1.000000000000000000e+00 1.651721645581772790e+01 2.612880143161290247e-01 2.190866537157986071e-01 2.367257235071133503e-01 2.010306758746741029e-01 2.432450097260222543e-01 1.527247618751290115e-01 2.241056942245643890e-01 1.968721372431064820e-01 1.602156598060819059e-01 2.279430731438864544e-01 1.650351083967119548e-01 2.612021544708368892e-01 2.643756714039630640e-01 2.812373894786851514e-01 1.794714074919797064e-01 2.792041218349917142e-01 2.211877140420099308e-01 1.300751797364751161e-01 1.538820217682076719e-01 3.839116157567220612e-03 1.895887371651104950e-02
1.000000000000000000e+00 1.726594241580084699e+01 2.662555126344299250e-01 2.158531073586837379e-01 2.415669225061227998e-01 2.022536475473135364e-01 2.352489335818017668e-01 1.572254298060294653e-01 2.296818230141560724e-01 1.896924189496751179e-01 1.617996831153864223e-01 2.249657346518439127e-01 1.485358204831146722e-01 2.679741853065158996e-01 2.697908791278169072e-01 2.702882096746594409e-01 1.923155933877521429e-01 2.769776230429744079e-01 2.268286074334968649e-01 1.260740315114647070e-01 1.568058515455900137e-01 3.908271625020421323e-03 1.878560043331266652e-02
1.000000000000000000e+00 1.891394167604660126e+01 2.676796176570312435e-01 2.234106970662710079e-01 2.342108525599952973e-01 2.097659483840061123e-01 2.391429452999952465e-01 1.406632519288238126e-01 2.358436806577686451e-01 2.015593928769418841e-01 1.597496289178214901e-01 2.263008483027407758e-01 1.412678943506019413e-01 2.562741355562670464e-01 2.746911745806716598e-01 2.760185410444325749e-01 2.023784421466384709e-01 2.600621292485802982e-01 2.313050011218439339e-01 1.231323687147101165e-01 1.572007519306920509e-01 3.986390638258361339e-03 1.825158017257633505e-02
