Command: python3 produce_chains.py -w 0.2 -c 12 -i 50000 -su 100 -dc 50
Time for MCMC part: 2093.38 seconds
Total accepted points: [1537. 1547. 1507. 1493. 1496. 1621. 1531. 1474. 1540. 1589. 1535. 1502.]
% of points accepted:  [3.08, 3.1, 3.02, 2.99, 2.99, 3.24, 3.06, 2.95, 3.08, 3.18, 3.07, 3.01]

old_params = np.array([
        [0.54140358, 0.13149972, 0.00598758, 0.03567882],
        [0.62056374, 0.32521612, 0.00383365, 0.02776486],
        [0.50364449, 0.2484926,  0.00437766, 0.01872969],
        [0.58273778, 0.14288327, 0.00206878, 0.04298201],
        [0.5602775,  0.13778219, 0.00351717, 0.04579717],
        [0.45796704, 0.1823534,  0.0057593,  0.02847193],
        [0.60673191, 0.0960284,  0.00263594, 0.04629464],
        [0.588233,   0.21766912, 0.00583657, 0.02215294],
        [0.55503841, 0.13809003, 0.00243709, 0.01321314],
        [0.44171813, 0.12828916, 0.0017755,  0.02651028],
        [0.35932839, 0.31077598, 0.00479538, 0.03890411],
        [0.93309666, 0.25958963, 0.00521199, 0.04290222]
    ])
