117.27797770544893,0.24767296434525146,0.28368243011376476,0.28257996007901737,0.2474997638078382,0.17103976492072384,0.28556401426219874,0.23515228575987898,0.19356169516943456,0.18186060914289626,0.23684076631373127,0.25308017167118796,0.22033167405411758,0.34621373440102776,0.3096959775755442,0.22492861157681324,0.28276034975259234,0.268994466620664,0.17406951291355352,0.17524286700758848,0.0034459672615351974,0.03790989432540012
35.637198204791886,0.2742692326589788,0.2349750940150844,0.23783176973764308,0.2294622810686859,0.24656757463591575,0.1994557267611076,0.21607196768295928,0.22090021081987424,0.19899485034324596,0.1796713956908541,0.26840799468167187,0.2502891442322911,0.27769431193078187,0.3351028522382203,0.21795703508864667,0.2447113559769784,0.25362552680635486,0.254924232041313,0.17318304521391154,0.0036000623936308794,0.023692392150861885
19.033633962168995,0.28404201682805774,0.22334261371349534,0.2620452113704302,0.23428849083274467,0.24063889119195098,0.19968587966801848,0.20241835402701913,0.22939449872580545,0.20387768420728108,0.18922368030016062,0.2587008535146003,0.24344575768622054,0.2878687121744334,0.3465648368763948,0.21149622524039524,0.23793970259913633,0.2537106678261994,0.2640384546131884,0.16968881362082464,0.003551457550364727,0.024797430449610268
13.36123637656098,0.28149368313787637,0.23485371128034047,0.2655511401776567,0.2220100471626913,0.24682584048875264,0.19585139238571533,0.2100064641771276,0.22938258195714076,0.20647382609937928,0.19084444968976963,0.24961345250083006,0.24618501729279244,0.30089824514183583,0.37098034090770776,0.20186191264688674,0.24649132096811582,0.2710606275924538,0.2681605610279295,0.17254041539802634,0.0036945093733525315,0.022955670614012724
13.660804153379944,0.2752368519665621,0.23318286992579898,0.2650459069361138,0.2303942740583182,0.25315342628259685,0.18999001093693071,0.22319915490054515,0.23485766879375133,0.19769755132692576,0.18662081456768817,0.250880890208665,0.24008414620095347,0.2902756322485342,0.38270060299187925,0.20452237768356166,0.2617341087308604,0.2639794234961717,0.27343170026351127,0.17369802100174878,0.0037833093886336195,0.02352852939703211
14.468424151996123,0.2705811948559591,0.2372328717810632,0.2669879444517858,0.22871700940750567,0.2503926521705223,0.19055425108158272,0.22150747043115082,0.23310291958540835,0.19815537727912,0.18844501969245403,0.24684634480294396,0.23568180989236323,0.2844944862947897,0.398984963658546,0.20805957486888554,0.2643693127415062,0.25256982052657745,0.27257344888386453,0.17325297250464539,0.003635501361891378,0.024837342553883476
14.570939326967116,0.2777932275212562,0.2215113940514463,0.27459820194464796,0.24158425970307384,0.2468140861439308,0.1814631551298756,0.22267003804471858,0.23962121876022827,0.19161387697113508,0.18485709576208567,0.2305249502073568,0.23427610287892298,0.29361151265796204,0.39269162952797254,0.20766459840278795,0.2392638518752287,0.24951675275955765,0.2732319978750849,0.1722286673329476,0.0037542514445012996,0.02669803893155008
13.584908432773615,0.26752041620090106,0.22598510022955415,0.2677864747126501,0.22630390044576154,0.2445252264238219,0.17984041794009334,0.22864571332927017,0.23696205102460552,0.1899333575177728,0.18256458240225615,0.2448683042347823,0.219435585774975,0.29856389903145014,0.3921704937859362,0.21195472816230904,0.2356151135350919,0.2507655810974004,0.26643413407246336,0.17003575228469445,0.0037160158956305363,0.027854491183225367
15.948996227467402,0.27180741221971033,0.22937112020833708,0.2707453668643959,0.23246197863398657,0.25386873312416286,0.17365377452076103,0.2295467959274303,0.2315829126907989,0.19291877562595855,0.1856230702648351,0.2426979811552213,0.22839048309291302,0.31574666808603224,0.3733868040889602,0.21012145662818627,0.2589108374317329,0.24802556510829263,0.27036738404377697,0.17407773297847975,0.0036976052686246907,0.028328556137615965
14.372117688934798,0.2678391417338769,0.2243390320813555,0.2851064170613311,0.2503016436886017,0.24893341288908227,0.17750592385099695,0.23621861903245192,0.22889802907321696,0.18276346383518458,0.2081420637953041,0.24799040502045827,0.2434135919388008,0.3128309757047744,0.35313004554868554,0.22684175314110475,0.2480646576658279,0.25149624804937576,0.2863705106685359,0.17271473593611095,0.0036593103659267726,0.02816329355363326
11.860714719996196,0.28301963655067264,0.21605815268182918,0.2736998121143129,0.2436886544969204,0.2624454335714865,0.17545473561847452,0.22879781662093762,0.22509602228206546,0.18377662312851453,0.21216851879675755,0.2445371485746162,0.24471396693371308,0.3056986446481162,0.35050476593357033,0.23201927519946214,0.25846830253362096,0.24981427613510426,0.28771637928879773,0.17276053595707067,0.003369135601136592,0.029173129073368973
11.636522905141563,0.27646605821835096,0.21792692380730252,0.2703547102913413,0.24636935897564574,0.26821817434491685,0.1741613803008389,0.23558709554026155,0.22628054655733407,0.18514269340357326,0.21856652637715077,0.23812640624571546,0.24493140996704807,0.30239854205885924,0.3624393281203989,0.23851928455366447,0.2638291896811074,0.23565903308324032,0.25989390205710594,0.17606295518196824,0.0034183805886536583,0.03083827315435924
12.98448472466711,0.2788920543930322,0.2175558760323908,0.2639997197750499,0.23963169962760258,0.27717109370335263,0.16833866468617378,0.23047740590694743,0.2261759654437201,0.18814463923311056,0.22735512019943097,0.2348183529375335,0.24476270230191202,0.29448360364266263,0.3462034131524136,0.23256951595822864,0.2638967599418154,0.23878344919746144,0.25269959478293214,0.17657516963328446,0.0032435932093170918,0.0320836632707077
11.207086825290753,0.2766783446514528,0.22345396055533123,0.2683326309854354,0.23154077444944776,0.2786133810907386,0.16395353015665468,0.2407445090299959,0.21575544793695978,0.18889150074929997,0.21781044950482858,0.23031149773695286,0.247300400237042,0.2970702754589858,0.3330948336348422,0.2421196827049119,0.2619260149923474,0.2301150406403648,0.2521315712561261,0.17363126303413046,0.0031940263222205037,0.03255775827922395
12.64260042532895,0.27333216773450797,0.23822563696042554,0.2636478427199283,0.22120095499080095,0.27063075670449027,0.160876372967749,0.26427065130239286,0.23452056124895798,0.19091213435485715,0.2173346367899738,0.22988876546053227,0.23772994442306267,0.2921976785992309,0.3361804872004152,0.22324069331062124,0.27682172708008224,0.22666870621024823,0.26094565737204206,0.17421408347669184,0.0033800657019166474,0.03164472477064286
12.799746540871777,0.27889071823210293,0.24186829190282008,0.25539490794431147,0.2145440675951422,0.27101094595958153,0.17137779913956377,0.24507136414638792,0.22268987112161048,0.18854739650139746,0.22138454373187585,0.22075466996970758,0.2408640034347629,0.29153214466037036,0.32887915466477247,0.23053109631947286,0.2882535842198423,0.2237597801424425,0.26312603412052304,0.17126154072492117,0.0032265891665397587,0.03239430269877565
16.32936367705427,0.2942318994066256,0.2284186003528883,0.2542945446859191,0.21334157291740727,0.27152749850070906,0.16003648804714,0.2465364761412559,0.21376812926124814,0.18408349864279902,0.21129196814739332,0.23127748006302262,0.24444504019646585,0.28953516027062065,0.32540644961502146,0.23040223303554488,0.27379844746697884,0.2172986352221164,0.2655425833928576,0.17188087035371075,0.003408865046620462,0.0343620357514293
17.706499052445153,0.2925067533657028,0.22725084317408506,0.2604261755750141,0.21098076927381448,0.2713155368319164,0.15402928721879514,0.242229702593732,0.21446410844080024,0.17748360247815856,0.20629922552879176,0.22838387865472598,0.2478157226778905,0.2968746507159179,0.3227983378630253,0.2222429285479272,0.2776309726661503,0.2001343772207806,0.26481050246176446,0.17054024545362714,0.003594630574664543,0.03398050465871237
17.183636138536095,0.291200446056319,0.22258399922957575,0.25985127568781763,0.22114015597179051,0.27759764406248516,0.15744850765607238,0.22755148888847285,0.21727592694473244,0.18417724253056417,0.1953264398768953,0.2326181676914523,0.2406129686989618,0.30419427558095447,0.3340166673514942,0.2276020675540078,0.2576916495663623,0.20114099843677805,0.26431754038007765,0.17015797511160258,0.0035450652486929447,0.03457390426883533
15.031120686663003,0.28293640967549777,0.21948151559297868,0.2593051615767044,0.22932263274406903,0.2802236460976829,0.15674880307506414,0.2417509255216596,0.22119158763950314,0.1756903283508103,0.20725382613159996,0.2322020692523603,0.21933369978969874,0.291878855536978,0.32384414579941445,0.22452327493795896,0.27145177254058395,0.21342010121532068,0.25271359927324366,0.17008319492369725,0.0033498703081991767,0.0336032074648809
17.258952128326133,0.27196487925199486,0.2099328462588816,0.255000620859527,0.22840537730120708,0.27883121382059234,0.1634316477216693,0.23882314144740716,0.20997896588271706,0.17738311105013477,0.2053955112989169,0.23382457806444812,0.2283279618275315,0.2814161969344439,0.31272266562992124,0.23263513191357527,0.26742842474020195,0.2234923077159534,0.25974743307176384,0.16980016411778703,0.003129816960817742,0.0339190675653472
14.961486785033765,0.27822611471077974,0.2094168640947332,0.24773697193531916,0.22851445964190203,0.26899512356197386,0.1638230347594158,0.23099045353797645,0.2065874819510238,0.186023718162905,0.2069895318977366,0.22449674422729438,0.2325786946376449,0.2899235626895087,0.32125099471635776,0.22700963644252803,0.2697933841396354,0.23479839202615696,0.25828583364724633,0.16888324699292126,0.003254570016124539,0.033842265814197005
11.936301990511232,0.2769898371182174,0.2164170041253515,0.24627793229256584,0.23959730006439758,0.24985524571512155,0.17532113457407222,0.24512255679657088,0.21693436990020962,0.17496482581022266,0.21632333389961736,0.2312507817444364,0.2233162185127734,0.2920038835304749,0.3254640639880607,0.23107112582507638,0.2765208314876712,0.23054220989702062,0.25164156467666354,0.16978144446898183,0.0032341544672246643,0.0325638663254406
10.859290395970488,0.2753290981344157,0.2284431131773058,0.25297474533531283,0.23547102616103383,0.25116952733285597,0.16418434978085672,0.23636382792508528,0.22794056496492865,0.17673023115345388,0.19723686139453114,0.2403940068920706,0.2258386905468641,0.28718487111690316,0.32675346632707203,0.2388605233211365,0.28588748876808123,0.22926305809381745,0.2545553597423658,0.17274963741205127,0.0031999465912711483,0.032433027316113736
11.381727018333331,0.27034256382869865,0.2429449732745287,0.24357689618808273,0.21916402945846059,0.25469988181415076,0.16662380806489754,0.23806893082169645,0.2198283277746484,0.1712855304555764,0.204845375493845,0.2531896032978556,0.23834531057654176,0.29781690869601746,0.31235005028258644,0.23866034744843206,0.2647202266087346,0.21617993533911503,0.2460558783142162,0.1711239024033157,0.0032033351350434424,0.03305196497320641
7.9124803397576375,0.27416885072866626,0.236186841258292,0.2416767430748104,0.22016140015062266,0.26549448072531046,0.17971203867416535,0.23390415947826088,0.20762265420987014,0.16391554546832693,0.20746970330461,0.24557132743912927,0.23902824950586624,0.3023671292305024,0.3010639675194288,0.24616325990181664,0.27218176101524394,0.22296798488720632,0.2575293613148056,0.17017989163546138,0.0032879120990481764,0.033421708014770075
14.83128503790301,0.27256019392743674,0.23600389023857404,0.23130347255489955,0.2314154333058186,0.2504081528455183,0.17942949610731376,0.2286906775693808,0.20691264078538743,0.1794066674002947,0.21219724022174016,0.24382837357277012,0.2436955098587454,0.2996270709738771,0.2810568086272939,0.25721442632399294,0.26886732548974845,0.2262688658635518,0.25418648185651677,0.16801340045329957,0.003350300720804354,0.034509916845349244
13.653928246601668,0.27158400450829756,0.24185024846378803,0.2481868881865983,0.23545925156852074,0.25945500980329067,0.18989516198804693,0.20794896329615506,0.2013726287299348,0.177284646611787,0.20759025466909176,0.2463820885897572,0.22421112630513718,0.3231449668671736,0.28564745868792735,0.2575263335062786,0.27517808899075896,0.24534394986676272,0.22614735931271432,0.17019364976197812,0.003251930986943397,0.03455946897974049
10.291186994804855,0.26472513317744223,0.24042092702263768,0.25228645967029084,0.22589677770439248,0.24860017358173314,0.19482351298047573,0.21806833822661612,0.20722176693007668,0.18288257345679715,0.21070166360962622,0.24392861073807398,0.22787124631358488,0.3194147420714151,0.2762822832064011,0.25758834497275246,0.2791842087297644,0.23592059379433925,0.22758159071009634,0.17029957569117157,0.00320568607504825,0.033207628374890816
10.916117569279406,0.2632909660524476,0.25777662588917627,0.2554919807758753,0.22742916252761902,0.2522054652039591,0.21419483682852314,0.21599197612984034,0.20743057168769188,0.18041160875345646,0.20953458688460055,0.2399222946101314,0.24355027462322623,0.30563408957334015,0.287220161733896,0.23912755982498973,0.2850915230376349,0.22434927204179336,0.22664625820850545,0.17017622391163786,0.003219798920624776,0.03456490438410558
11.18598107192874,0.2747583876765037,0.2322223269251436,0.2570742017014347,0.23587605485666627,0.2553915096959685,0.20278974928070595,0.2120822288022972,0.2238253137852637,0.18409871718076515,0.20707369176962365,0.2284216750046051,0.25315874689979184,0.3198213382693837,0.2725714865192638,0.23169535417036982,0.28861978225375834,0.21630437244625061,0.19947450211997544,0.17299504108385244,0.003111701732158585,0.034240001669391736
12.244258512618508,0.27861500064161415,0.2256854762211103,0.2624981136851766,0.23148653729927243,0.23473891925025764,0.2071227627302281,0.21141005795161477,0.2184266713401782,0.17940447499179044,0.2008368402333589,0.24342614017309808,0.2552899974485516,0.33171433972963843,0.27655026316475,0.24257294839581342,0.28762880225045356,0.21318665601867354,0.20312358265853786,0.17240300563429967,0.0030084688216528302,0.03291709922755308
11.403472999631168,0.25679526443132633,0.22621369007699102,0.2576057178857592,0.2435164235020086,0.23451543558393406,0.2025896092854354,0.2049301984710854,0.22016329348131297,0.16952263835114686,0.20866009765404575,0.23222011925167532,0.24919761029159823,0.3330695749302738,0.2831625675335034,0.24307781940177126,0.2892266111000045,0.2326530242616818,0.21416152774029842,0.1682599446445224,0.0029648601606899424,0.032197702779781276
10.441741200135022,0.2621895753909325,0.23932278977266772,0.25236458400520795,0.24106668307356782,0.2278850958196898,0.20169465017898378,0.21110152047503858,0.21717126780593063,0.1655185148900483,0.20630748137192703,0.23505203021557605,0.23606063751585132,0.3371065324119915,0.2863453650280996,0.22899349435455862,0.2734530928046161,0.24354286865608404,0.2026362015820146,0.16798331514296622,0.0029105980608418623,0.03259457161015889
9.51858498717753,0.2568314449816619,0.23422657219750015,0.2625719323579939,0.2319311320146009,0.22058246327059455,0.21658145006395418,0.2020371473787387,0.21362220918562838,0.18212514067084357,0.19227622489844898,0.21986986511908227,0.24545326237566012,0.33317523086144113,0.2714928475427985,0.21144772702741588,0.2681936201832234,0.23439366165273448,0.2161462734274709,0.16784310259510574,0.003007858001894199,0.03308887295145502
10.464563327133478,0.2637573659042962,0.23559085052855727,0.2558203389805251,0.23791860640502263,0.21314538945514638,0.23089839467351445,0.1887183623557358,0.20960509725703413,0.17881843740420178,0.19390814438969306,0.21059575572389289,0.2590418466937306,0.3229453162390454,0.2641096500336975,0.20948850435704583,0.2704784006433658,0.23817192736275822,0.2149368850605711,0.16706142846099864,0.002901147348527582,0.03329977532161271
15.814886726920147,0.2805215738472709,0.22400411992727423,0.23986381181386957,0.22939053423833985,0.2198816351039771,0.232803390037716,0.18153885737347375,0.21077802770556825,0.1887653327102255,0.20201542011215895,0.22701595377440484,0.23788775458042238,0.3349981015646623,0.2627483918194243,0.2087945378642866,0.2630520068587798,0.25058130665477024,0.20922463240285402,0.16766794096419657,0.002976096043688398,0.03424908714618231
15.21485428401861,0.2784529117260659,0.2267344788789644,0.23733684991325718,0.24050480239801683,0.21752508896270414,0.2393753415909937,0.18169451962514588,0.2129002274116331,0.17822531111664738,0.2041856242104177,0.2295291081260225,0.24786605135764733,0.31382761449890084,0.27127740285391194,0.21569679644526482,0.2614380691234974,0.26652847138939634,0.1889203866442103,0.16653316654373573,0.0029967527241521338,0.034867204117418525
17.018315968549572,0.2928586499555554,0.22857752154151695,0.23928138594152315,0.24666202248912494,0.21225095641048589,0.22964813285992428,0.17765430688233613,0.21638050376419085,0.1867526975757092,0.2118061585469863,0.2225363882317095,0.24083535321063834,0.33099471032543104,0.2794406095114165,0.22729613113468586,0.26372093086456394,0.25672696856513,0.17557000970164963,0.16912392324748282,0.003175600633665487,0.035720673362651854
17.718971630656014,0.28631792055610417,0.21982512527293205,0.2368026771106658,0.2509038335524601,0.2282552104048457,0.25152637110559545,0.1942885208419107,0.1996031374176568,0.18573997933392625,0.21811855658782991,0.2271847637309947,0.22779538364084334,0.331590425977354,0.27533585559865337,0.2306469342475399,0.2744010906199724,0.26569662208674816,0.18700431013402036,0.17111626427448126,0.003198566251089555,0.03539824151547258
17.20429657736641,0.2807741089985522,0.23124549985919435,0.23510025733002266,0.25104138438821866,0.22748065538164733,0.2562737162163841,0.18956408547546197,0.20551425658233619,0.18285941109073534,0.2073355691975408,0.2436511498696826,0.22909630970168093,0.3441064299924661,0.2765712470983162,0.23084742404403258,0.2772736967486716,0.24885320720503748,0.2029481800175431,0.1693515601728101,0.0033101392414514653,0.03449297395541517
17.83806612217582,0.2951300304845506,0.2223701166856676,0.23808813670163126,0.25004135193071236,0.22727161258409528,0.2532824815587532,0.19430601690705496,0.19913711844930562,0.18271386822715818,0.21992005174817628,0.23427750611840664,0.21938207270731996,0.3352627027368105,0.27844380825226667,0.2359960437174361,0.27586385604035835,0.24229359226233063,0.20173931319142344,0.1708572449131905,0.003398059722022851,0.03431401535239057
15.515815238907315,0.28642059066229103,0.23195069507893146,0.23518585086651134,0.23963008760596483,0.22457491093504675,0.23893258631841685,0.1953786678738543,0.21194017083780395,0.17407444155965232,0.21550424337475857,0.23088067369292706,0.22224932436146588,0.34934329535477976,0.27176975862635744,0.2364903874032562,0.27069980033206476,0.2328535754687538,0.18552640061454656,0.17044627364050977,0.003272315303957572,0.03268593051734708
17.726029057208866,0.27828908308808953,0.243957603585435,0.23780758092146873,0.23408203894776872,0.2248327565650503,0.24407067126060225,0.19702983975354263,0.20761647049851467,0.17122341513229658,0.21868660865417963,0.23400195070101054,0.21657759388070963,0.3496036968100272,0.2617267899130271,0.23217761551566565,0.2843883552412211,0.23630965932708617,0.17178509154781457,0.16926972371094404,0.003375532977391665,0.03307831981783247
17.47163467310296,0.28491641494145575,0.23207243881512848,0.23636310512757533,0.2340831670849449,0.20913121505006438,0.2539137339445291,0.20336443201994742,0.21863283095627856,0.17165868389737934,0.20832107324132798,0.23597117909901508,0.20985762970383803,0.34314459408979586,0.2807996950261938,0.22639704796004867,0.27946390793620884,0.22895952477688242,0.18810620210680806,0.1695539169834076,0.003328009507853311,0.03297286129853962
18.828227249366932,0.2780876306360499,0.23210463790396232,0.23914740913071458,0.2336821116060535,0.19823993385607133,0.24805613033972107,0.20038543788243304,0.20815778788406386,0.1788404711385003,0.20627110835465326,0.23776296490875118,0.20587039178593128,0.35015612468265167,0.2818669032769711,0.22358419948930786,0.26192756382457316,0.22515821199216068,0.18607915520105064,0.16613644305775627,0.0032538563613666656,0.03286719980040744
19.381179781611156,0.27591607165416443,0.24873696119198377,0.23131747438877295,0.23680763850393374,0.18807996452498257,0.2549518277366028,0.18189696733597155,0.21125389278757623,0.17669371728659364,0.21622639210282052,0.21545299428126893,0.1875862086262827,0.341033413185961,0.260310713463327,0.21669011216667028,0.2587280231383732,0.22586864826234082,0.17673791417387055,0.1637706910485778,0.0034232050902263376,0.032077201166434
20.04448166425983,0.2688699398296348,0.2491761329883738,0.23491222154410749,0.22985824389806017,0.18516492617594213,0.2538347999010257,0.17663898394283384,0.21214819169726679,0.1808080603713899,0.22782415423829844,0.2149253441291644,0.19624841909566212,0.33810552632240765,0.278006169196757,0.2209011768049914,0.28007677317112994,0.2331700297930945,0.17888482373821435,0.16815477558055816,0.003509107981591551,0.03298953800624413
18.025960199076856,0.27386410742868555,0.2500388381819478,0.24301016581549037,0.2262418620665471,0.19553939680166785,0.2589965748487936,0.18352379453398257,0.2160833974339938,0.1789138381503678,0.23294622458071898,0.21527497751254063,0.21078792069590263,0.34591331215658344,0.29012158134024757,0.22207569948374178,0.2858075455124379,0.22693939009741526,0.18718744802518303,0.16596230315837032,0.0036024068117449163,0.03419375193945482
16.111179829877283,0.26664428602719215,0.2476800666805133,0.25049497234165385,0.22981572030542025,0.19339909147738932,0.26790604246298366,0.1927692754262399,0.20078010029893076,0.18293334839335856,0.250392458151827,0.22565993379313298,0.21020324797398185,0.34627103458398856,0.2936681866444064,0.20376217954997455,0.2784803431731193,0.23101148691259815,0.20378972402880793,0.16910712693286992,0.0034349453821854933,0.035580691483502624
21.124028446687078,0.256384894668024,0.26200204668730015,0.2517101183745671,0.23428006222491599,0.2057690953220632,0.27035546355298307,0.20397029554277682,0.18338020549725917,0.18589650912424208,0.255001833320714,0.23223776491755166,0.2089524701203265,0.3485967265896069,0.29813553253555775,0.21112004384298866,0.28988424125582096,0.24524186697616415,0.20972432966531498,0.17157367557898973,0.0034991532922181465,0.03560449609450076
21.530530099923862,0.25884729361087805,0.25278629359751253,0.24888883432364892,0.23723145614097627,0.2196304787354694,0.2641329571413526,0.20850709473058784,0.19288701681604625,0.17233817228104106,0.251179364922774,0.24230634572191795,0.19874023220154605,0.3559780490413063,0.30666055255037417,0.20217763093689703,0.282829713717855,0.25803699983972395,0.21464454061797783,0.17153548850707945,0.003359190293076568,0.036258549981742556
21.388224861241998,0.2667933242251253,0.26019652338062776,0.25716752101392687,0.2406309227733296,0.21358447651395776,0.2653206233908748,0.20564687118173183,0.19477965597124236,0.18287251741946697,0.23848556205154015,0.24523777019877147,0.21728206924376006,0.35752334604640845,0.3212358897384746,0.21265856473356942,0.2730090329298886,0.26062697180028077,0.19602641319814162,0.1762432271834165,0.0032670100940218527,0.03732729698933944
21.41439408861078,0.27300907328192126,0.25823173004389727,0.2598745681284364,0.23395960405121882,0.19508218567587995,0.27288894959933113,0.20681131469506184,0.2031766776382786,0.1849031589602937,0.23862656196456222,0.24170020820015786,0.2152430982290463,0.37021063708605706,0.2999919995075536,0.2060306828811645,0.2796027113089862,0.2574187991439955,0.1831518920863631,0.1746429613745101,0.0035267601690371995,0.03690669943985763
17.913396318003834,0.25947498441994404,0.2690292900205498,0.2725924944057029,0.23229980543043696,0.19800878295749577,0.2809873470922704,0.2253424262907223,0.20565372054070635,0.18740002294421795,0.23576431852304186,0.23551499916639035,0.2186637616866967,0.36914388029782663,0.29167949324039044,0.21560674447894404,0.2794959153726641,0.26853187386402555,0.1821166036267322,0.1764213944327686,0.003681653114788623,0.03787367702969569
17.879676734914433,0.2592724998269882,0.27465163728013603,0.27261630453003893,0.2345073347930716,0.18855626239012288,0.28267634179911566,0.22333602852107276,0.18922943443961074,0.18534218282806297,0.2425818237675732,0.23761787359504194,0.22445018072914832,0.35058508634606145,0.31221116718073144,0.2158727838298053,0.2692724040644979,0.2616898818030514,0.17493829993253276,0.17416769822125377,0.0035025258310938953,0.03826546706171122
18.867556289013052,0.24767296434525146,0.28368243011376476,0.28257996007901737,0.2474997638078382,0.17103976492072384,0.28556401426219874,0.23515228575987898,0.19356169516943456,0.18186060914289626,0.23684076631373127,0.25308017167118796,0.22033167405411758,0.34621373440102776,0.3096959775755442,0.22492861157681324,0.28276034975259234,0.268994466620664,0.17406951291355352,0.17524286700758848,0.0034459672615351974,0.03790989432540012
