98.71638014846175,0.25383063704283193,0.24165927212785937,0.26053095494320716,0.2314041224500756,0.23653493927076133,0.19983661000423092,0.22745845168480164,0.14727363309272418,0.24032655714886372,0.17902122186039376,0.28617961252555346,0.24249118197172773,0.259388184346922,0.29844506964941875,0.2874449936604078,0.18536040348069344,0.26441482726156806,0.3262733668740907,0.1683216581732783,0.0036155087085118624,0.024495134520337223
40.66682425391241,0.24026059789788382,0.24898339873022435,0.2380950421694901,0.252780046410557,0.21768453518494907,0.21535146161057014,0.23745634883957317,0.18908233930868115,0.20305103105048286,0.1688034195026861,0.2613221029062253,0.2484640133862368,0.2685009243863654,0.3109185834958057,0.23137160098607293,0.23724805933619292,0.26232806889228105,0.2519137180579441,0.16430020954325184,0.003382960295266993,0.024931266375838375
8.469727856737109,0.24769692695328807,0.25778094567825666,0.23114648449114766,0.25281888610804615,0.20923317744176337,0.20649337049485217,0.234888925571538,0.1877446781147382,0.2033720979629731,0.16384765840362212,0.2587482455763902,0.24674463521709197,0.2563911781559392,0.3172972938928341,0.2254715086462317,0.23352267232953028,0.25676374898666726,0.2419867573573855,0.16422552934002882,0.003666858887413921,0.02478163997127439
9.359622161878118,0.25075103954408334,0.270273783240362,0.23657879288984493,0.23803090707869246,0.225187250048997,0.19644152883199417,0.23917303410218413,0.18262660070311762,0.2066117100690768,0.15762728285799066,0.2740869999308778,0.23351646610978075,0.26870947692742264,0.32222050505785427,0.24231350342262417,0.22760458819108165,0.23666490965020615,0.2662415218898067,0.1684950138156136,0.0035141269846792385,0.024212921067427087
8.093090765945838,0.2533408564957167,0.2710335954463919,0.2416320336945096,0.23770925463827972,0.2289269976658487,0.19657979549945023,0.24238565546374172,0.17411582298986428,0.20742354249464276,0.1377514478359102,0.2683106282156769,0.22962719834874315,0.2841508065856237,0.3218666650932703,0.2351107128837012,0.22289497031811645,0.2560524293832227,0.26730756233803254,0.16714195706574078,0.003639878091967772,0.026124903319133162
7.513422045305982,0.25239296759856406,0.2639295464850012,0.244207099576461,0.23799540689535298,0.21733482536243162,0.2022618378843715,0.2376328807674433,0.1811432904152346,0.2001891286831783,0.1411319823027611,0.270548540407075,0.24276290300407055,0.29416141763969744,0.3090771501755856,0.23419101846373058,0.22018973969070962,0.2472482916651257,0.27703659502457034,0.16668378508014708,0.0035987654422461987,0.025431788861079968
6.851605290083426,0.2522798545946493,0.2630574159858227,0.24526874059983664,0.23647347586975337,0.22700943246164193,0.2070601589611084,0.23379574811298803,0.17160837758181008,0.22111906968640083,0.1417526852918838,0.27298896350829255,0.22814378199385654,0.2768630919640367,0.31319752513854354,0.24563870193936235,0.23947140217559645,0.24527347590673734,0.2712225419397562,0.16586914552979726,0.003698049417516991,0.025398760187807436
8.702577407690667,0.2555968869498173,0.2629323007950498,0.23828750380432306,0.23853315407325093,0.2250993863103372,0.21486236050738589,0.2368012554392645,0.172728035819925,0.23121124387760156,0.14580822166194074,0.2620818893524983,0.24403658526206556,0.2648015427249379,0.3151307128368314,0.24751414598508242,0.2466233918160003,0.2492881037810056,0.27015053285474355,0.16996419373026495,0.0034692966764315078,0.026351400510942938
8.563467294826966,0.2509526350219311,0.2619312079850756,0.2404116798363888,0.227364483337971,0.23759995119416766,0.21191446320963606,0.22645732641396354,0.16960984432188983,0.22793483527930444,0.13514851320649396,0.25600000329328493,0.2387146261129839,0.2736338115290812,0.30320474687325316,0.2499841581310572,0.23139982534873224,0.2495208821832783,0.25429963467254124,0.16629416768973648,0.0034074948268067854,0.026975543791189643
7.4198540248602205,0.25507530286369834,0.25753381640708467,0.25239002665090426,0.2177728327125308,0.24479377373234637,0.20597844721019506,0.2297990299173576,0.1665501919846708,0.21815766117436616,0.1383370530469276,0.2707579513900776,0.24121408947668171,0.2750316132485886,0.3016026826719191,0.2552600703151149,0.22364836347454847,0.2487222160574178,0.25605220426403913,0.16709135488864246,0.003428045029252988,0.02596596923704122
10.462292942414862,0.2508704193896324,0.25960228168436666,0.25175808810272693,0.22265727251338416,0.24481576971234414,0.19809353542174732,0.2147968005254261,0.1711360460607979,0.21365710881832597,0.1423122143886349,0.28408528651087245,0.23014852278731893,0.28199376537692916,0.28922033760947785,0.26983049107261503,0.21178108917788468,0.25548305261660764,0.25627739060130805,0.16655692175464415,0.003461590915865558,0.026835094012403842
10.947701974649494,0.2629725465349106,0.25242342341770097,0.2471458605469154,0.23220000949184938,0.24309308796911316,0.21063984165179075,0.22092147410957355,0.17197977292803224,0.21574194021407886,0.150923116070904,0.27214623897228574,0.23443422990180893,0.2948005319439166,0.2878526564763064,0.2715847608003415,0.22482930684784466,0.26126716544090045,0.23851578983023683,0.16882913378258557,0.0033705603121097333,0.026749390947535562
11.441194001780973,0.25133799552863384,0.241895622125138,0.2550115447176017,0.23512378176053297,0.24911419981565552,0.2137929145897453,0.21649508348768812,0.17823866770710795,0.2153651809061795,0.16487277767319347,0.27125879547588094,0.2473513280277291,0.29708101706112156,0.2806444051512566,0.27032186077319503,0.2121457267452237,0.2677550680620295,0.2551424640765759,0.16912478174130077,0.003320690788072028,0.02566272836767111
11.521576504101121,0.2550711715486258,0.25421723062989954,0.2567977912135287,0.23778493799521225,0.25322908056001314,0.21542809081607533,0.22920278669476596,0.18582771568660902,0.22207583110915818,0.17166875875654217,0.28218808360040004,0.24223021817643062,0.3079298705268522,0.27554555612288417,0.29019040203444946,0.217690812876228,0.2762056155990197,0.2731282895979045,0.17263323058747138,0.003307850987439199,0.024733894341572978
9.491394053503978,0.2592830576162604,0.2490555341891515,0.26498003014912064,0.23128219021577437,0.24895564929649613,0.204420599682603,0.22871439840982413,0.1796697066061693,0.22232491778294297,0.16805889335871324,0.2864612656776937,0.23820177353324953,0.3100681770906677,0.29056249248822047,0.29121749650374273,0.21095472073462454,0.27676409185102574,0.2840986792920801,0.1732948890834964,0.003461903354925259,0.025656750534783078
12.231939684547756,0.27410959299744836,0.23993137477015408,0.263003940370061,0.2198643840023806,0.24627179234305918,0.22265740504383405,0.21852541832107455,0.18175808190270543,0.23689143094573678,0.17106034717381557,0.3029966968615822,0.22795376538874493,0.3246071508193276,0.28590649044266564,0.28069995933793135,0.22183487241590227,0.2615010483902818,0.2916235482567884,0.17216474680203442,0.003612884912296122,0.0247190832747035
17.646683837686634,0.255097889043271,0.2677923962756305,0.2767518030736859,0.22325151635289933,0.23483038685256713,0.2236439136512115,0.22456760565180317,0.16325287859150428,0.23804065487730222,0.17094520638530308,0.30171818928915656,0.23059348338766228,0.31293353504600213,0.28221636119182064,0.28005355297966317,0.2078530028422396,0.27022488886371987,0.31985056540251755,0.1735768759091467,0.0037432164238500754,0.025365769619121716
17.741850332240464,0.24624131684191938,0.26641457869467994,0.2739767284952627,0.2140427944846546,0.23472015944444696,0.21552741783086726,0.22347683811633023,0.1660724636010246,0.239598465577337,0.17407951085099505,0.2894402312122951,0.23383351882734524,0.30606099762206107,0.29544587495459884,0.2806618598761333,0.19739134346666604,0.2737308911408166,0.327890117094107,0.17034032257047754,0.003667763336470679,0.025453232913617143
18.256559982696974,0.2527165891415358,0.2392461338572067,0.26605542209433114,0.2319292239242599,0.23314024893682267,0.20285192074847624,0.22112996064176746,0.16631241229049964,0.24430519870040257,0.17737259689900647,0.2963804886335741,0.23070121744242328,0.28472274443792905,0.2935622804137355,0.2807825562899656,0.1947828563628924,0.2756072018383646,0.34016035098743574,0.17051877757938663,0.0037076013350442957,0.025831508665114432
18.030759912023125,0.25383063704283193,0.24165927212785937,0.26053095494320716,0.2314041224500756,0.23653493927076133,0.19983661000423092,0.22745845168480164,0.14727363309272418,0.24032655714886372,0.17902122186039376,0.28617961252555346,0.24249118197172773,0.259388184346922,0.29844506964941875,0.2874449936604078,0.18536040348069344,0.26441482726156806,0.3262733668740907,0.1683216581732783,0.0036155087085118624,0.024495134520337223
