1.000000000000000000e+00 5.261338655014579757e+01 4.874344972618719907e-01 1.660517445290099758e-01 2.296146748092408544e-03 7.173124939623842788e-02
1.000000000000000000e+00 4.249558510974672032e+01 5.957242729680986004e-01 2.546181470279801351e-01 3.485610958937591757e-03 6.169143473503317654e-02
1.000000000000000000e+00 3.728063529990092917e+01 5.760025692714954015e-01 2.455453607822204731e-01 3.502141250608963984e-03 5.588034888989940746e-02
1.000000000000000000e+00 7.210810938597110642e+00 5.266642878786962356e-01 1.729503137751575714e-01 2.332443193104930500e-04 4.498670391082644493e-02
1.000000000000000000e+00 4.220141626719509098e+00 5.080116100523660583e-01 1.847964966522390728e-01 5.624182132777955654e-04 2.760757110889169169e-02
1.000000000000000000e+00 1.790025146163910064e+00 4.913444394362385670e-01 1.682349978404840130e-01 2.910752514803751669e-03 1.386173681642795252e-02
1.000000000000000000e+00 1.065046957732252331e+00 5.074682413228467359e-01 1.740862677007884440e-01 3.199331944477506323e-03 1.094483164513699799e-02
1.000000000000000000e+00 5.460601611464551475e+00 5.268714171822029835e-01 1.693294177452789318e-01 3.864985757243112434e-03 1.295981984075353019e-02
1.000000000000000000e+00 2.861645312985955592e+00 4.917846814436547254e-01 1.722926154593717452e-01 3.038217295266272544e-03 2.800451440020767721e-02
1.000000000000000000e+00 2.439445735463458664e+00 5.154571122193124522e-01 1.698268164906171773e-01 2.078408613544288630e-03 3.707705969981220373e-02
1.000000000000000000e+00 2.685776992223360526e+00 5.086830917706102184e-01 1.689740913114388121e-01 5.155567373882207101e-04 2.834793569093047721e-02
1.000000000000000000e+00 1.928479439062554146e+00 5.082382470440700573e-01 1.759310327711910427e-01 7.717018633627295782e-04 4.313407557243417040e-02
1.000000000000000000e+00 1.638268041804433528e+00 4.907561415321066156e-01 1.606652084127165869e-01 1.306101548690807466e-03 5.358272220777096639e-02
1.000000000000000000e+00 2.062365423105686268e+00 5.058481690743479309e-01 1.779085849421278565e-01 3.383558729125602828e-03 4.853188729273319457e-02
1.000000000000000000e+00 1.692953929590740092e+00 5.169685953675898782e-01 1.777017654285814319e-01 2.552534112558816400e-03 4.311704137321722280e-02
1.000000000000000000e+00 3.139315925298032717e+00 4.794149513121097606e-01 1.593689945590908985e-01 2.888402079139891672e-03 6.220133191198880945e-02
1.000000000000000000e+00 2.195543308422398976e+00 5.004589384414499520e-01 1.757543570012256584e-01 9.198560640633298736e-04 7.760379119306329287e-02
1.000000000000000000e+00 1.471613480044967837e+00 5.050545498098153452e-01 1.671155721741673650e-01 1.830513789277165519e-03 7.410231847568134189e-02
1.000000000000000000e+00 1.356481718456852725e+00 5.002462950099446637e-01 1.653732488331623729e-01 2.394201657732581388e-03 7.550468972094798170e-02
1.000000000000000000e+00 4.643521485868376431e+00 5.300214258248486798e-01 1.908994869492389723e-01 1.220331957254409483e-03 6.133871698362457214e-02
1.000000000000000000e+00 4.412090009137452640e+00 5.308879821151397671e-01 1.904611772972659156e-01 1.904065505086090931e-03 5.691227347470589892e-02
1.000000000000000000e+00 2.077135468039873700e+00 4.946627756561778888e-01 1.631458399773552670e-01 4.867211945644061080e-04 7.527828087809732005e-02
1.000000000000000000e+00 3.391544973376511951e+00 4.782035014912783266e-01 1.597354582599885831e-01 1.216457264767068077e-03 8.589361143883297856e-02
1.000000000000000000e+00 3.792271452605729287e+00 5.210483240758493340e-01 1.758142918776823271e-01 2.373375012439663066e-03 1.019283486037298458e-01
1.000000000000000000e+00 4.200740358896051241e+00 5.084849043380117450e-01 1.621413128103181001e-01 6.442984828656024999e-04 1.011387990267170883e-01
1.000000000000000000e+00 5.436449234862180013e+00 5.315500944310148634e-01 1.874035721242333918e-01 3.447273783813756785e-03 7.559586108280916261e-02
1.000000000000000000e+00 2.286342522358172591e+00 4.948922938771003199e-01 1.562631020070617272e-01 2.375331356560621797e-03 5.753926785520527276e-02
1.000000000000000000e+00 2.385716289516832678e+00 4.866496439699359855e-01 1.633441448469012403e-01 6.411267873544877066e-04 6.168494086085044015e-02
1.000000000000000000e+00 2.742044412541916110e+00 5.167987284400187287e-01 1.713484369972703425e-01 1.679077079216994249e-03 5.200876944904353483e-02
1.000000000000000000e+00 2.624781097316339018e+00 5.195570023926957548e-01 1.737291807745780792e-01 3.386558662958138489e-03 4.921615679747833039e-02
1.000000000000000000e+00 3.273986957457586389e+00 5.275539868667720178e-01 1.858277937275832348e-01 3.344715105188059059e-03 4.021901548701155987e-02
1.000000000000000000e+00 3.487151822114363142e+00 4.843944882709091404e-01 1.531914810588843323e-01 5.523831838679253529e-03 3.967650727654934567e-02
1.000000000000000000e+00 2.909866184128774513e+00 5.163254077521277630e-01 1.790402384354043142e-01 5.643504668420287577e-03 3.620994477281085089e-02
1.000000000000000000e+00 1.773259532475407241e+00 5.006660208564471803e-01 1.679456858217881210e-01 5.999776543667376810e-03 2.628787232677396585e-02
1.000000000000000000e+00 1.703415039164811073e+00 5.108002193899260357e-01 1.663036969342068794e-01 4.872649717147737626e-03 1.576165687938663185e-02
1.000000000000000000e+00 1.605839596301678940e+00 5.117740723711022843e-01 1.755611434108955426e-01 1.984617172388903651e-03 6.281298434825973234e-03
1.000000000000000000e+00 1.551082452894287478e+00 4.877391361337413689e-01 1.610446354637356803e-01 4.425867249099884812e-03 1.866563954717320728e-02
1.000000000000000000e+00 1.654858918102840137e+00 4.911448620674261911e-01 1.675564262666791593e-01 2.411567103572220989e-03 1.496663493677478918e-02
1.000000000000000000e+00 1.444180887510437383e+00 5.031149547282202095e-01 1.739432162290105444e-01 1.692334059743573569e-03 1.312099802432826166e-02
1.000000000000000000e+00 6.060615631226756506e+00 4.949140192826090856e-01 1.472394231246256513e-01 2.009038768576061618e-03 1.075491819524487282e-02
1.000000000000000000e+00 5.841646510566108397e+00 5.140742362994800141e-01 1.607880712282967750e-01 1.396691033501573295e-03 8.954288996841405779e-03
1.000000000000000000e+00 2.668341484784613638e+00 4.914497841006064127e-01 1.546133841665487674e-01 1.676461039384843444e-03 1.801188001053454987e-02
1.000000000000000000e+00 2.319713721000469242e+00 5.221376407772442274e-01 1.771975370592767385e-01 3.154242004072000359e-03 1.661508685188710366e-02
1.000000000000000000e+00 2.190817534164721803e+00 5.035492330066118072e-01 1.593611948492139330e-01 2.832354494509983778e-03 2.348790887289850526e-02
1.000000000000000000e+00 3.385329345551523428e+00 5.195408911304973953e-01 1.878836155275698805e-01 2.886824982128827124e-03 1.986298828085691220e-02
1.000000000000000000e+00 3.391713604654308600e+00 5.167149797245841336e-01 1.663790041363092664e-01 5.336773188125279628e-03 2.940162305976275203e-02
1.000000000000000000e+00 3.292867016585962592e+00 5.209595257912743582e-01 1.849326322097320507e-01 5.351794555755657636e-03 2.482203260261661021e-02
1.000000000000000000e+00 1.357824245185372147e+00 4.965092908731454369e-01 1.585574435068913546e-01 3.233082722549046172e-03 3.276061649104020090e-02
1.000000000000000000e+00 3.135029165916591865e+00 4.799745443089668551e-01 1.504723171728476749e-01 2.976785700315098034e-03 9.250133313954529701e-03
1.000000000000000000e+00 5.178565025765901275e+00 5.167597825682338497e-01 1.623275307803489220e-01 4.669732703221924491e-03 1.780659543441513552e-03
1.000000000000000000e+00 3.979117435901769362e+00 4.944354636080861010e-01 1.721277489986643427e-01 5.845826767090714013e-03 1.237849021024720400e-02
1.000000000000000000e+00 3.314422650503195289e+00 5.015289191379186384e-01 1.556074562205709555e-01 6.038557903661382655e-03 1.868900852543814439e-02
1.000000000000000000e+00 1.024962130402682581e+00 5.002620299457843922e-01 1.662459641421575041e-01 5.183961252132788557e-03 1.940376192856989659e-02
1.000000000000000000e+00 6.656355916575305010e-01 5.032751994842198373e-01 1.666491335480698999e-01 3.764850922403986666e-03 1.787991545480684466e-02
1.000000000000000000e+00 1.691225453569201065e+00 5.181967270256011560e-01 1.746049019437188043e-01 4.019334957482523230e-03 2.001822927158379561e-02
1.000000000000000000e+00 1.773760664154863331e+00 5.183287395975632039e-01 1.802071316617932795e-01 3.421466209292218716e-03 3.194956502599192311e-02
1.000000000000000000e+00 2.203054598392021557e+00 4.933803837054727692e-01 1.536688772654508928e-01 4.242648264067581942e-03 2.498415089750879309e-02
1.000000000000000000e+00 2.230245864770727948e+00 5.182576387113591032e-01 1.781296939245813338e-01 5.558206684276021693e-03 2.358635692447691445e-02
1.000000000000000000e+00 1.805329540564679203e+00 4.913622575527295533e-01 1.676772771719297894e-01 4.056971554182150184e-03 2.731882640626956404e-02
1.000000000000000000e+00 1.386193238382962711e+00 4.935831629712018609e-01 1.684901297443660573e-01 1.913607650018007197e-03 2.851056521337216529e-02
1.000000000000000000e+00 1.749121566238283076e+00 5.123796229357472365e-01 1.765610252208134612e-01 1.386654055473397328e-03 2.776146419007196817e-02
1.000000000000000000e+00 2.170998243713869513e+00 4.895994049236315204e-01 1.552536024825595939e-01 1.856689515740481480e-03 3.560280173217617028e-02
1.000000000000000000e+00 2.324757282342673204e+00 5.022929452905546821e-01 1.592966563865787777e-01 2.227080365441142830e-03 3.873463294409509872e-02
1.000000000000000000e+00 1.015549647659480748e+00 5.044328671212898740e-01 1.685304460802497795e-01 1.900067185578290874e-03 3.556920169362864231e-02
1.000000000000000000e+00 1.085833547198201687e+00 5.064301343862535054e-01 1.661559401279550097e-01 2.847870375021475855e-03 2.702762162443075183e-02
1.000000000000000000e+00 2.207306470709799129e+00 4.843725534597793092e-01 1.575365839776195764e-01 1.424550451958159171e-03 3.065492444230578928e-02
1.000000000000000000e+00 2.573093995490629560e+00 4.841429258666203328e-01 1.649582925059726868e-01 2.590050966495193764e-03 3.499767798204887759e-02
1.000000000000000000e+00 2.552021621585551792e+00 5.246077730468476918e-01 1.792239352616639136e-01 3.406859440638755013e-03 2.581303672516833958e-02
1.000000000000000000e+00 2.072284928298629758e+00 4.980856566587355538e-01 1.591018925424090846e-01 6.074272617353876705e-03 1.586058399043531464e-02
1.000000000000000000e+00 2.937321942206222225e+00 5.138803370262993164e-01 1.785735314398543827e-01 6.003823574636921526e-03 8.307366249738181579e-03
1.000000000000000000e+00 2.702782210093209070e+00 5.111503717092252819e-01 1.690877290145841039e-01 7.029059393784297533e-03 1.680286544718319341e-02
1.000000000000000000e+00 2.352834749728995867e+00 4.859093168270698926e-01 1.637663532108519782e-01 4.059165820099255861e-03 3.834644858240700976e-02
1.000000000000000000e+00 2.080609779149495076e+00 4.862730839794855986e-01 1.558690865733067532e-01 3.409273205273350392e-03 5.113433292822269077e-02
1.000000000000000000e+00 1.440955307662907137e+00 4.907922996782771996e-01 1.624918760277609397e-01 2.803595459881297412e-03 6.180888465775082052e-02
1.000000000000000000e+00 1.545687232112625376e+00 4.884611515013990712e-01 1.587912317876994106e-01 3.008214631595289464e-03 5.137380795212365819e-02
1.000000000000000000e+00 1.014627705324893103e+00 4.989366743483710231e-01 1.685181126285948683e-01 1.880335651202714705e-03 6.297625543078809451e-02
1.000000000000000000e+00 3.744177417124612717e+00 4.787011223621485678e-01 1.626102814357890669e-01 1.313718936462468295e-03 4.783040332141902384e-02
1.000000000000000000e+00 2.677041281680714757e+00 4.871207262960117745e-01 1.657321742867738645e-01 5.335712063347200799e-04 4.303044240597012071e-02
1.000000000000000000e+00 1.727975257421804800e+00 4.881460959116291631e-01 1.603843596192816023e-01 1.498763068849519580e-03 2.302669293299059936e-02
1.000000000000000000e+00 1.825809540538932296e+00 5.043523434007890494e-01 1.756754478781283879e-01 1.525832083054235551e-03 4.313068870705136226e-03
1.000000000000000000e+00 4.833231327161027657e+00 4.881938496597193478e-01 1.481859702233672416e-01 1.629835704271151214e-03 6.282586924278415683e-03
1.000000000000000000e+00 2.392987615990330941e+00 5.078489222053457208e-01 1.797942285427366060e-01 2.534392003461265024e-03 3.187169601615842326e-03
1.000000000000000000e+00 2.490036190175332287e+00 5.194346359998316398e-01 1.768126184269577239e-01 3.958916267041361070e-03 1.513803428418350689e-03
1.000000000000000000e+00 2.832068960260970325e+00 5.186859833158505850e-01 1.690765008235149414e-01 4.902286588846407889e-03 1.409735144689793634e-02
1.000000000000000000e+00 2.094294794284239813e+00 4.989263439863230176e-01 1.709134026501274439e-01 5.310886204323179809e-03 1.094698242739007045e-02
1.000000000000000000e+00 1.038987769958851892e+00 4.915826388544743408e-01 1.608534478573880599e-01 3.162152488924374182e-03 3.916999487249681056e-02
1.000000000000000000e+00 1.400310694830321667e+00 5.087631757679950129e-01 1.670819360359805383e-01 2.902931246867330919e-03 4.136104154702859026e-02
1.000000000000000000e+00 1.643641419056202979e+00 4.970276612886600498e-01 1.678455861157350792e-01 5.024233575773424942e-03 3.498500179733953636e-02
1.000000000000000000e+00 2.340665455212226131e+00 5.104083953958769015e-01 1.803089415694584252e-01 4.607127047443372939e-03 2.239875447871308295e-02
1.000000000000000000e+00 2.432051374746560413e+00 4.898320400978623534e-01 1.548482489973007081e-01 5.832859046256308813e-03 1.497712403911723167e-02
1.000000000000000000e+00 6.349545482114495876e+00 5.262910039927256589e-01 1.909694713086466933e-01 5.821135722850175401e-03 1.614554676169391995e-03
1.000000000000000000e+00 3.919341074305759065e+00 5.228000776111311199e-01 1.729636840778863982e-01 4.429719380035309143e-03 1.846466734450108102e-04
1.000000000000000000e+00 3.512620659738281415e+00 5.276147597811386980e-01 1.848829389572748672e-01 4.852745756757954367e-03 9.570205306493488606e-03
1.000000000000000000e+00 2.506359586600507505e+00 5.056958875050618918e-01 1.629908185229718698e-01 5.124941874308224822e-03 2.503818876625090763e-03
1.000000000000000000e+00 1.467305401884173577e+00 4.905507463311842842e-01 1.565995814246580464e-01 4.481607069022315940e-03 2.190286587282121514e-02
1.000000000000000000e+00 1.310760397286636625e+00 5.043912281345273030e-01 1.725857963008358975e-01 1.461787443439555457e-03 1.912488795828368865e-02
1.000000000000000000e+00 2.459814290819648530e+00 5.003197747796571671e-01 1.670930618358950071e-01 1.144934552895207278e-04 1.083535891731364845e-02
1.000000000000000000e+00 3.218603580943021569e+00 4.883234367526057551e-01 1.701347835286410592e-01 1.927367141795736753e-03 7.998857098451214037e-03
1.000000000000000000e+00 2.664905373456314841e+00 4.788289945964662730e-01 1.559577428826717516e-01 2.845578817997381285e-03 1.554772451110794651e-02
1.000000000000000000e+00 1.625962485648064781e+00 4.930229519773403624e-01 1.672749730595721740e-01 1.645878871920869414e-03 6.002853203561822615e-03
1.000000000000000000e+00 3.160949410440736962e+00 5.141985102713273470e-01 1.815466895426204597e-01 1.963833292137663351e-04 3.835420498914514364e-02
1.000000000000000000e+00 1.445308084336935917e+00 4.883835941104193723e-01 1.632129851453880398e-01 2.137144733670529820e-03 2.567080351430110069e-02
1.000000000000000000e+00 1.858643747429093773e+00 5.180848615622277720e-01 1.765268866836576522e-01 4.260357131629104524e-03 3.451184873420051757e-02
1.000000000000000000e+00 1.318980816377945064e+00 5.030799595456644235e-01 1.667674628911292589e-01 4.267715458719330800e-03 4.430177203949079573e-02
1.000000000000000000e+00 1.937088366194005484e+00 4.860285529611486632e-01 1.616919074597104877e-01 3.025140683519420698e-03 5.589837502494925808e-02
1.000000000000000000e+00 2.046535808809846202e+00 5.080837344755997353e-01 1.790807695615297956e-01 2.550216447395716943e-03 6.390948603262792960e-02
1.000000000000000000e+00 2.710533667828793014e+00 5.158582881175203250e-01 1.829521835760833659e-01 2.813214747284276639e-03 6.798272725107466774e-02
1.000000000000000000e+00 2.273276486986630651e+00 5.036932636737132540e-01 1.614362010273182879e-01 3.002721704535249014e-03 5.967553628672323668e-02
1.000000000000000000e+00 4.695722622885891262e+00 5.147011083941857024e-01 1.875958128819245618e-01 3.005482056530063041e-03 7.667273899628218592e-02
1.000000000000000000e+00 2.978219347346521051e+00 5.100408122785328180e-01 1.680261245432260742e-01 3.058743540214746686e-03 8.510164378929180318e-02
1.000000000000000000e+00 5.027483460770532986e+00 5.096592271615091319e-01 1.706957186494140188e-01 4.791202401955416482e-03 7.723997878006261253e-02
1.000000000000000000e+00 2.523264405867049476e+00 5.112606634083453061e-01 1.710187827040895725e-01 3.421348314807328046e-03 7.242022798834218955e-02
1.000000000000000000e+00 2.410642374125951726e+00 5.129797341841999536e-01 1.683565487503662361e-01 2.516902170355062203e-03 6.302019514863919925e-02
1.000000000000000000e+00 4.171364066252475133e+00 4.794148065438052497e-01 1.637927894025148490e-01 3.006131149588497833e-03 5.774554627576823640e-02
1.000000000000000000e+00 5.728878809877889111e+00 4.746691916460125671e-01 1.448197244968014719e-01 1.247392449880987009e-03 6.170376880772954209e-02
1.000000000000000000e+00 5.285052012716117353e+00 5.304496635673611182e-01 1.942738448198011447e-01 1.326894123353045997e-03 5.533586292980248456e-02
1.000000000000000000e+00 3.640784307230812811e+00 5.266672700030358145e-01 1.880756480970468547e-01 2.413186122980542740e-03 5.885736724996513264e-02
1.000000000000000000e+00 4.768143578990462039e+00 5.185608682791125190e-01 1.673994833368680490e-01 1.254967730089311334e-03 6.894041075675495789e-02
1.000000000000000000e+00 3.560440131757469651e+00 5.165821312630093365e-01 1.699522493039559712e-01 1.143388060127377859e-03 1.037633516451686444e-01
1.000000000000000000e+00 2.832061377288531467e+00 4.959147608012468011e-01 1.588755007054009627e-01 5.948363416112315526e-04 9.383716215248154302e-02
1.000000000000000000e+00 2.140239658349106122e+00 5.127638595024140988e-01 1.730997771637870775e-01 1.954814129350427969e-03 9.890327425746169021e-02
1.000000000000000000e+00 2.110508705261440632e+00 5.054975792713011229e-01 1.653487121108715430e-01 1.738577950557604248e-03 9.872879465491719853e-02
1.000000000000000000e+00 1.423363237191629160e+00 5.013528458707694480e-01 1.692848480082769780e-01 9.655494206232986777e-04 1.010742977715947261e-01
1.000000000000000000e+00 2.371625489917597474e+00 5.154984883092722514e-01 1.745932863234267718e-01 1.668552114560707070e-03 1.022014192390951204e-01
1.000000000000000000e+00 2.350577598792730427e+00 4.997941490687630717e-01 1.717839589082580942e-01 3.113861862307151351e-03 8.404028832378498959e-02
1.000000000000000000e+00 3.509109337927381667e+00 5.006454403811245735e-01 1.789236588504365677e-01 2.858528069102179645e-04 7.550686189057118081e-02
1.000000000000000000e+00 4.632905680048065911e+00 4.932279723721186837e-01 1.509307997484806430e-01 2.621140690694417127e-03 8.287770804063605834e-02
1.000000000000000000e+00 8.769953176590128407e+00 4.668776596879669616e-01 1.401952660038008336e-01 3.429033457294817198e-03 7.817842864214905041e-02
1.000000000000000000e+00 1.030954445270488939e+01 4.578797840928796603e-01 1.524771606530022083e-01 1.287827389659583315e-03 7.884678689928122097e-02
1.000000000000000000e+00 1.114467181706387144e+01 5.036057169040880632e-01 1.928581197006882242e-01 9.534794297059870707e-04 7.858387760099970476e-02
1.000000000000000000e+00 1.184281364263900471e+01 4.728990537534330518e-01 1.336569755620559130e-01 1.061985988210101088e-03 6.997285524566448922e-02
1.000000000000000000e+00 1.121212878243771804e+01 4.683453573254055535e-01 1.664920067854893937e-01 1.711870605884484829e-03 8.008782577305609274e-02
1.000000000000000000e+00 1.168968554803618787e+01 5.340016611850636474e-01 1.747750370585686719e-01 4.136832510601115218e-03 9.190875475663456973e-02
1.000000000000000000e+00 7.521183652330018177e+00 4.923065775704191793e-01 1.746825456324840320e-01 4.790780989851636980e-03 7.718958257784543087e-02
1.000000000000000000e+00 5.063279739409801472e+00 4.921361708013928804e-01 1.611632627094368442e-01 4.071249585383094304e-03 9.837480790491491545e-02
1.000000000000000000e+00 3.119927258542991133e+00 5.175067921664563420e-01 1.829948583639251225e-01 2.351093132371645609e-03 9.958489196784807429e-02
1.000000000000000000e+00 2.488415991785716486e+00 5.130672496978501140e-01 1.822546543984971124e-01 1.224131724111809190e-03 8.848951199240176479e-02
1.000000000000000000e+00 2.207661480494173212e+00 4.932534504182796709e-01 1.613106878966908686e-01 2.496353753567783895e-03 9.984117626924118860e-02
1.000000000000000000e+00 2.565689864530460440e+00 4.968333167405549755e-01 1.584200499224113212e-01 1.749595026759550361e-03 1.028574403494846995e-01
1.000000000000000000e+00 3.962534346875138613e+00 5.126080601015355898e-01 1.865348671429871985e-01 1.909984549547726973e-03 9.074779270372598794e-02
1.000000000000000000e+00 4.630360955171386017e+00 5.144736961322544655e-01 1.675081876112560486e-01 2.923403873091030662e-04 6.994342731953417935e-02
1.000000000000000000e+00 2.429232284544997178e+00 5.091840207058204726e-01 1.716308559557215008e-01 4.314102402343018708e-04 4.962701238029051942e-02
1.000000000000000000e+00 3.634510369877125502e+00 4.816793115684414039e-01 1.588769995540778024e-01 2.826054398123874732e-05 4.123112988288210601e-02
1.000000000000000000e+00 2.831174239574501872e+00 4.805733548506560537e-01 1.609692469655058800e-01 3.544450723377905524e-03 3.168770626840851368e-02
1.000000000000000000e+00 2.158210489145422351e+00 5.018403898802497043e-01 1.662268766575029366e-01 6.264105833576911336e-03 3.090186324897174763e-02
1.000000000000000000e+00 1.701583490389229514e+00 4.901302820278344297e-01 1.580078885526551846e-01 4.603119288479977020e-03 3.628110922225169510e-02
1.000000000000000000e+00 1.345410097891351020e+00 5.028462876676309534e-01 1.633290652717803437e-01 2.502285359001185042e-03 4.391477357438978990e-02
1.000000000000000000e+00 2.976623710696281844e+00 5.051542172315655055e-01 1.612412747107946631e-01 1.335000568648394463e-03 5.589615265025814350e-02
1.000000000000000000e+00 2.440726960932267264e+00 5.170867244341427194e-01 1.755526738610855009e-01 1.252951761018603364e-03 5.833443025309650865e-02
1.000000000000000000e+00 1.375256717729214317e+00 5.044206271372908557e-01 1.674294596112487210e-01 2.055020410896817723e-03 7.520145419911830609e-02
1.000000000000000000e+00 1.233258578481047474e+00 5.055375798923326114e-01 1.727810275669769968e-01 1.644432865165394112e-03 7.250507566240192714e-02
1.000000000000000000e+00 1.981023059952636167e+00 5.148611184940595775e-01 1.745967580952076104e-01 1.627532624171241062e-03 6.854480392434623981e-02
1.000000000000000000e+00 2.160284878971423073e+00 4.879466381448682166e-01 1.652120179822273716e-01 9.417032478550870465e-04 5.219372849897467581e-02
1.000000000000000000e+00 3.020501450424212031e+00 4.898130324960974225e-01 1.698481876136084257e-01 3.372819001472450191e-03 5.466888920288807963e-02
1.000000000000000000e+00 2.223682407990819954e+00 5.105907170401613460e-01 1.721522361911161925e-01 7.573126126202128078e-04 4.028211132050824039e-02
1.000000000000000000e+00 2.034019673686588092e+00 5.020246683065231474e-01 1.617237890391479693e-01 1.625694065148476468e-03 5.358211026620385981e-02
1.000000000000000000e+00 3.478817126858761988e+00 4.894949602094764152e-01 1.657026060854090710e-01 4.282014751850467087e-03 6.622090102697086866e-02
1.000000000000000000e+00 5.112825854561759087e+00 4.984650584853705935e-01 1.630107087789822717e-01 6.029322289643746641e-03 5.853258114214511532e-02
1.000000000000000000e+00 4.545329616267361317e+00 4.853659860136576021e-01 1.529178684379445263e-01 5.658713401396236672e-03 4.897710223663648277e-02
1.000000000000000000e+00 4.181393799176287729e+00 4.868917287310774999e-01 1.626060460218742287e-01 5.254201741088772824e-03 5.612527971930581644e-02
1.000000000000000000e+00 4.600677239615055036e+00 5.117385489352012096e-01 1.686101641526409345e-01 5.119631833174572225e-03 6.215503099188575409e-02
1.000000000000000000e+00 3.764019238064340467e+00 4.818423485148719543e-01 1.488016977042351530e-01 2.051499870392992954e-03 5.648997882180907537e-02
1.000000000000000000e+00 1.094109827092875076e+00 4.965974459841794308e-01 1.669941491575843151e-01 2.438330964500585139e-03 6.398289179495872392e-02
1.000000000000000000e+00 9.794349755044150507e-01 5.058763135535027100e-01 1.732119973890546838e-01 2.263674216199779675e-03 4.617878143556299747e-02
1.000000000000000000e+00 1.996305149141389901e+00 4.870524546509490960e-01 1.608498964463653536e-01 1.055332386581556668e-03 5.307839537895679694e-02
1.000000000000000000e+00 2.113192269968223513e+00 5.018981427227930947e-01 1.666856457586304296e-01 3.415955099157507759e-03 7.505745989382209271e-02
1.000000000000000000e+00 1.729264866679041779e+00 5.111154027641534592e-01 1.758281670241240435e-01 1.175524285165906353e-03 4.990840373338595315e-02
1.000000000000000000e+00 2.014145153345213046e+00 5.032180403395972723e-01 1.611048832618459381e-01 2.157758946991448872e-03 3.963338827312133661e-02
1.000000000000000000e+00 2.295409448921290174e+00 4.968807221405187602e-01 1.647327708160716275e-01 5.080439606692846097e-03 4.792614281806316379e-02
1.000000000000000000e+00 1.832851913537864474e+00 5.138446629025213985e-01 1.749928730086925954e-01 4.484518344359469597e-03 4.129406291658294093e-02
1.000000000000000000e+00 3.125310296260968013e+00 4.947803899120956084e-01 1.623659247301035835e-01 5.479770969952902845e-03 5.027823886119221070e-02
1.000000000000000000e+00 2.699394583271413239e+00 4.948301449813657937e-01 1.724538055645720991e-01 4.404022462250713893e-03 3.141318521130885555e-02
1.000000000000000000e+00 2.552543819025335559e+00 4.929581169408822072e-01 1.705572993477504906e-01 3.937679813662851858e-03 4.511139045291149424e-02
1.000000000000000000e+00 6.044905149225747287e+00 5.010899508280720616e-01 1.820912343163649805e-01 4.903243988878316743e-03 3.205068057863778852e-02
1.000000000000000000e+00 3.390129454532851305e+00 5.178463343897561355e-01 1.768589820665319168e-01 5.179778566550240215e-03 4.854319600620279201e-02
1.000000000000000000e+00 4.456566826334309894e+00 5.109158534542511676e-01 1.873866123924405325e-01 2.289530974529303299e-03 3.449026357927038877e-02
1.000000000000000000e+00 2.803972800373363938e+00 5.242433876838252793e-01 1.759621956281234023e-01 3.574785829247761199e-03 2.305057271632712790e-02
1.000000000000000000e+00 5.083053929872051846e+00 5.157017628062289250e-01 1.885690142927213542e-01 4.833241494785547876e-03 1.927838460572578808e-02
1.000000000000000000e+00 2.469852107716753231e+00 5.023192164543124338e-01 1.747005804732005563e-01 5.343456080711623916e-03 1.329209689980686074e-02
1.000000000000000000e+00 1.466221457589766075e+00 4.943576817218761632e-01 1.573280256445571401e-01 3.941562485321740278e-03 1.347921738361235883e-02
1.000000000000000000e+00 7.990841185902439747e-01 4.997555830028616586e-01 1.684730323761653992e-01 4.208947596287180432e-03 2.710187663666472832e-02
1.000000000000000000e+00 2.762653494069502003e+00 4.912269518712541472e-01 1.718313390612773994e-01 2.418678320426397715e-03 4.669838816606074194e-02
1.000000000000000000e+00 2.280234999679228824e+00 4.874344972618719907e-01 1.660517445290099758e-01 2.296146748092408544e-03 7.173124939623842788e-02
