1.000000000000000000e+00 1.255065794706934867e+03 4.921788585131247618e-01 1.602938590512900940e-01 2.622113130641650193e-04 1.813129624844279364e-01
1.000000000000000000e+00 1.139163978960347521e+02 6.676136306814414167e-01 2.476719780374335433e-01 3.396707138375297010e-03 3.069297335421196371e-02
1.000000000000000000e+00 3.325768544272395388e+01 4.661837627973173248e-01 1.094674878877509028e-01 4.623972478639685676e-03 2.286655475606987759e-02
1.000000000000000000e+00 2.963078081499467231e+01 5.464308016643776300e-01 1.512912055965832669e-01 5.367808383290755860e-03 1.758733471844695084e-02
1.000000000000000000e+00 2.648876870785401039e+01 4.390146190330779241e-01 1.485246310789987423e-01 3.902178014538529305e-03 2.041998823460299678e-02
1.000000000000000000e+00 8.640159675841502462e+00 4.755969684781023998e-01 1.698265978373622032e-01 5.888785055819080808e-04 2.794985272847492000e-02
1.000000000000000000e+00 7.900156393195218563e+00 4.889113243570137879e-01 1.447224974692545296e-01 5.280385348477882254e-04 5.455391233128135259e-03
1.000000000000000000e+00 4.513014166811910144e+00 5.137696500796014032e-01 1.883004367082542485e-01 3.245827629188059900e-03 2.324538337466551183e-02
1.000000000000000000e+00 1.232885555206466366e+00 5.140576621884993536e-01 1.731705910885997790e-01 3.406667486435695918e-03 2.915025492472018281e-02
1.000000000000000000e+00 2.332186958667870957e+00 5.046161079129616311e-01 1.593819130445782439e-01 4.487647472632850382e-03 3.076730958158248666e-02
1.000000000000000000e+00 2.811868175340407561e+00 4.904517339179297886e-01 1.521668875797358711e-01 3.116284665127774887e-03 6.953914664483768632e-03
1.000000000000000000e+00 3.111486357143263159e+00 5.126760776938109609e-01 1.846929567524871474e-01 1.493188272569321391e-03 2.605983963919266885e-02
1.000000000000000000e+00 3.900168991112026973e+00 4.748005939376109263e-01 1.580238881781826088e-01 2.176883311575928369e-03 4.980917240269298885e-02
1.000000000000000000e+00 2.928268005907930238e+00 5.036898144744480499e-01 1.576045492429611616e-01 2.581120722189851873e-03 2.761906361340568661e-02
1.000000000000000000e+00 1.803739461047630055e+00 4.887670669194087436e-01 1.661088504016383915e-01 1.821869205411778998e-03 3.242442538584304479e-02
1.000000000000000000e+00 1.798407995550944882e+00 4.885270983121687838e-01 1.656335027129238191e-01 1.883932688822656304e-03 2.346665943246713584e-02
1.000000000000000000e+00 1.181589228338801645e+00 5.009746187726645816e-01 1.618755631009371199e-01 3.102759631390296889e-03 3.576517603964368686e-02
1.000000000000000000e+00 3.976546890037235382e+00 4.930440081230961780e-01 1.507512388470539366e-01 6.025401930847555827e-03 2.717229950182551562e-02
1.000000000000000000e+00 5.382773387259163655e+00 5.042264844861314987e-01 1.812489885317661586e-01 6.013419790137841323e-03 1.794168738904143232e-02
1.000000000000000000e+00 6.061090848543519094e+00 4.895006890034495073e-01 1.445865799762764692e-01 4.686378004454739253e-03 3.729949596698296441e-03
1.000000000000000000e+00 7.741082573923826260e+00 4.920948268543579029e-01 1.419355527671019579e-01 5.927455775323949884e-03 2.339205791236475401e-02
1.000000000000000000e+00 4.225625344536051209e+00 4.975746447651644977e-01 1.562841963293954972e-01 7.547580078415661899e-03 1.046032731525822768e-02
1.000000000000000000e+00 3.193472417569375832e+00 4.875530488699381104e-01 1.607434931704666004e-01 5.244884698138139317e-03 4.779694754126814077e-04
1.000000000000000000e+00 4.124627223136015708e+00 4.762881269617383895e-01 1.482717468695337049e-01 4.121473355312972250e-03 6.472043590326531821e-03
1.000000000000000000e+00 4.668234156131069845e+00 4.854345330729624153e-01 1.491805141440689375e-01 7.097635255985681145e-03 1.936128967919245256e-02
1.000000000000000000e+00 3.798870420054565766e+00 5.183556267657588590e-01 1.709320280786875146e-01 7.314412769125222015e-03 1.674475268221533100e-02
1.000000000000000000e+00 4.535222158402460124e+00 5.019903940097110162e-01 1.702876350716232834e-01 7.461752439580269201e-03 3.852126540113989112e-03
1.000000000000000000e+00 4.578836434548026801e+00 4.937145706865716521e-01 1.512829041799177709e-01 6.925962412046919939e-03 1.110554603331162689e-02
1.000000000000000000e+00 3.922237229120397739e+00 4.939679922413833801e-01 1.544834472639703693e-01 6.985650843667413207e-03 2.809091108393431402e-02
1.000000000000000000e+00 1.598287864944274217e+00 5.020427194499911261e-01 1.596769942854761037e-01 3.979897160324073931e-03 2.326484554979098285e-02
1.000000000000000000e+00 2.090927440431410655e+00 5.196799611327099777e-01 1.798653625806493350e-01 4.813120038742115143e-03 2.469747859881797625e-02
1.000000000000000000e+00 1.460798706177901529e+00 4.974021675861812208e-01 1.693156324280407909e-01 4.575035964334306718e-03 3.354502711503266205e-02
1.000000000000000000e+00 3.115476406269662935e+00 4.932027222663206700e-01 1.671368887495787436e-01 5.445418432053907021e-03 2.369955093955260217e-03
1.000000000000000000e+00 3.423496811923357086e+00 5.033333834874909041e-01 1.694642831958573237e-01 6.935266188332856949e-03 4.865702659872510327e-03
1.000000000000000000e+00 2.795672416711928232e+00 5.156305100881725112e-01 1.720000078134752142e-01 5.746911759873744169e-03 4.477032639835768282e-03
1.000000000000000000e+00 2.734580383197296349e+00 5.023757236330138598e-01 1.574912421378661109e-01 4.758870241056231513e-03 7.529160719743436744e-03
1.000000000000000000e+00 1.277324233717567203e+00 5.103298037196885018e-01 1.698131793544691570e-01 3.579094676213707103e-03 8.268742210953501995e-03
1.000000000000000000e+00 1.815631445036249847e+00 4.902970298593429810e-01 1.675263018637758450e-01 2.936167217323924425e-03 1.555111001746385668e-02
1.000000000000000000e+00 2.074644773091973260e+00 4.851014291090099961e-01 1.578605140312178690e-01 1.606242294246842083e-03 1.971106932301061598e-02
1.000000000000000000e+00 4.003381366752185144e+00 5.062432106450565072e-01 1.580862548029152992e-01 1.777791827791153469e-03 2.083281949902548655e-02
1.000000000000000000e+00 4.814798047977307149e+00 5.198512145046502164e-01 1.902543353605427867e-01 3.814591364278238639e-03 8.539531358013437851e-03
1.000000000000000000e+00 3.367856196177360317e+00 5.274067676667232307e-01 1.825861560170448927e-01 4.022929530935041333e-03 5.669676580811956051e-03
1.000000000000000000e+00 2.356098715641858021e+00 4.909521709721093030e-01 1.669059726197264781e-01 4.934814839603731199e-04 1.188842958067089922e-02
1.000000000000000000e+00 1.258052872123358368e+00 5.095987131832024897e-01 1.736313934132189263e-01 2.208631275211885795e-03 1.067698185611740992e-02
1.000000000000000000e+00 3.527172325333320924e+00 5.111137158164404948e-01 1.830292176696473594e-01 1.413208900608799341e-04 9.295824182298672092e-03
1.000000000000000000e+00 1.889650953436234904e+00 4.916182582386035560e-01 1.580201262831326114e-01 1.533046973563765344e-03 3.253329736977494252e-02
1.000000000000000000e+00 3.089261769960093940e+00 4.873110106278565334e-01 1.511791630673897657e-01 2.044916309333719151e-03 4.166051167536472671e-02
1.000000000000000000e+00 3.183870287090134976e+00 4.888648103837497927e-01 1.692669539381857491e-01 3.786843769319509813e-03 4.670061560699639847e-02
1.000000000000000000e+00 1.625700439727137736e+00 5.036963758248804712e-01 1.645318600180473434e-01 1.784776683195998543e-03 6.161405577982192322e-02
1.000000000000000000e+00 1.576750737635783661e+00 4.977782652492802051e-01 1.606512971495692166e-01 2.290399655949569221e-03 6.025297832306108353e-02
1.000000000000000000e+00 4.411493763177384508e+00 4.725644283113485944e-01 1.554903055282505220e-01 1.345116250666663141e-03 5.658253336430293240e-02
1.000000000000000000e+00 1.417129441368643272e+00 5.082402590585195501e-01 1.768179975508077650e-01 1.818918189774294900e-03 4.242046537935151296e-02
1.000000000000000000e+00 1.499496993623965047e+00 5.028966881698160307e-01 1.700037713191393240e-01 9.991901062090182035e-04 2.807424060872559107e-02
1.000000000000000000e+00 3.096263865207167232e+00 5.228820088442878156e-01 1.859711410183264024e-01 1.781927366109745808e-03 2.214749898795648209e-02
1.000000000000000000e+00 4.460272829912622861e+00 4.765292699391284748e-01 1.469452183315716476e-01 1.940189225582585747e-03 2.089879667710477576e-02
1.000000000000000000e+00 3.307737431152276031e+00 5.159494610006847282e-01 1.753792927095553789e-01 3.142908707631422022e-04 1.787478567488432618e-02
1.000000000000000000e+00 1.529148844388963813e+00 5.112337759514108404e-01 1.722190943340138891e-01 1.833960818841375495e-03 1.841820245560202643e-02
1.000000000000000000e+00 3.511661609483271107e+00 5.062737259452915195e-01 1.564602162852631595e-01 4.157239378516869831e-03 1.681483113486796632e-02
1.000000000000000000e+00 2.069078263245463845e+00 5.064888984257028826e-01 1.670236700747909919e-01 6.298867110516741252e-03 1.098276232789657456e-02
1.000000000000000000e+00 3.788539031829799342e+00 4.946537362466902898e-01 1.701119425302386745e-01 6.063823268534458862e-03 3.727426520814938748e-02
1.000000000000000000e+00 3.428223323610729345e+00 5.107466543169846274e-01 1.749554222091846689e-01 6.998554509864340564e-03 3.013950909598835104e-02
1.000000000000000000e+00 5.868627177198813882e+00 5.212551914724452562e-01 1.873950777586670668e-01 7.125593785685994073e-03 2.604212590867227214e-02
1.000000000000000000e+00 5.912865758795616600e+00 5.233545585131726963e-01 1.656516016735530006e-01 6.297837588495556679e-03 1.305404163931226519e-02
1.000000000000000000e+00 6.071421147765210691e+00 4.789192391079771238e-01 1.444789542430308105e-01 6.595271221864501369e-03 1.013661151823201656e-02
1.000000000000000000e+00 5.180929751408607231e+00 4.762931871505296511e-01 1.507004984595957664e-01 5.802606433570478214e-03 3.585564076940335465e-03
1.000000000000000000e+00 3.374939987407119535e+00 5.270506128080969521e-01 1.853930458380713409e-01 4.490910197011128632e-03 9.794621151120456309e-03
1.000000000000000000e+00 3.562363299120000271e+00 5.103925186172847406e-01 1.651869224226639454e-01 6.087007987078099126e-03 2.031252486245621776e-03
1.000000000000000000e+00 3.942223538062213706e+00 4.912143424147045190e-01 1.690874792037951047e-01 6.240104821747079027e-03 1.873473232296413507e-02
1.000000000000000000e+00 5.174463870079055283e+00 5.334573479673799801e-01 1.932530090852850602e-01 3.229969127945565236e-03 6.397556295475913257e-03
1.000000000000000000e+00 2.365113300511082262e+00 5.178945399529631954e-01 1.728856620068729422e-01 4.656735146255016299e-03 5.948592211957898224e-03
1.000000000000000000e+00 2.418284186405790237e+00 5.172405794354288933e-01 1.816325229906335381e-01 4.165722575753924746e-03 6.984985651938131063e-03
1.000000000000000000e+00 2.326112847050857635e+00 4.916343444284419495e-01 1.706506336783680522e-01 1.512512922778642271e-03 3.073048975056775697e-02
1.000000000000000000e+00 2.245263103518501779e+00 4.887254895439404612e-01 1.533584601620811283e-01 2.904032563857773808e-03 4.124950084357735525e-02
1.000000000000000000e+00 3.807219063632086176e+00 4.810549165462187360e-01 1.519932566322626799e-01 5.894414376932402555e-03 3.297291870574842187e-02
1.000000000000000000e+00 3.422988566255138476e+00 4.828435429760133402e-01 1.655073604255679343e-01 3.377584481546090645e-03 1.719987901103074007e-02
1.000000000000000000e+00 3.944201664772934102e+00 5.051606752343990037e-01 1.791105494462214565e-01 5.200548974935921206e-03 4.857058093619442962e-03
1.000000000000000000e+00 2.981237291291583436e+00 4.936508332802416188e-01 1.739192325346042012e-01 2.994576339854450233e-03 2.316420890838657640e-02
1.000000000000000000e+00 2.523886659544394284e+00 5.067327116202070547e-01 1.595631249899922277e-01 4.437078743653989632e-03 2.408154038111858658e-02
1.000000000000000000e+00 2.600624380388703472e+00 4.817316917909646445e-01 1.589433733986768960e-01 1.819101402542994649e-03 5.554103454787361754e-03
1.000000000000000000e+00 1.723452230782126726e+00 4.994639560649565824e-01 1.731645910847297576e-01 2.758165168630850525e-03 5.441475140196220389e-03
1.000000000000000000e+00 1.921892285120405663e+00 5.009101610523405412e-01 1.671688718006141550e-01 6.598922420505198491e-04 1.491218581000828755e-02
1.000000000000000000e+00 1.430172058527455103e+00 4.868375443515667311e-01 1.578252445204053889e-01 2.796192414485895120e-03 2.874394631101219455e-02
1.000000000000000000e+00 1.602502287558080774e+00 5.135001237905763016e-01 1.772155766693310486e-01 1.797347492041543064e-03 4.966315541163063285e-02
1.000000000000000000e+00 3.998039796998471118e+00 4.917413732882444100e-01 1.752490027171296760e-01 1.332587940858871159e-03 7.320080296583482415e-02
1.000000000000000000e+00 3.229297428032761985e+00 5.232316934233235406e-01 1.787623275634746545e-01 2.439843962472523255e-03 7.433168877507377592e-02
1.000000000000000000e+00 3.137179337833261084e+00 5.122010152302244324e-01 1.847694321462663714e-01 1.740065764842400192e-03 6.853264456470556376e-02
1.000000000000000000e+00 3.030833942772484857e+00 4.784380405141956949e-01 1.572240322791228495e-01 2.332839328254620280e-03 6.753172847185116845e-02
1.000000000000000000e+00 1.411125600953884840e+00 5.102190134021646895e-01 1.725934595083660761e-01 1.666534976449866173e-03 4.789259147657844162e-02
1.000000000000000000e+00 1.812566280256099782e+00 5.122620405838709257e-01 1.735363780206553574e-01 1.525503857214333906e-03 1.385731290486897499e-02
1.000000000000000000e+00 2.337116347417973916e+00 4.875064590903115391e-01 1.570518043831779231e-01 1.446176088912773600e-03 4.063180113626840145e-03
1.000000000000000000e+00 1.785775425939665650e+00 4.989350838978007796e-01 1.597226852918550433e-01 2.047160435706208651e-03 2.523829266321877401e-02
1.000000000000000000e+00 7.074617359251264004e-01 5.027411532230671165e-01 1.696514713542363328e-01 3.588967235832441014e-03 3.476807526230678291e-02
1.000000000000000000e+00 1.095585270372860798e+00 5.035392110312004732e-01 1.718223573071559762e-01 1.655794456727384357e-03 3.055833149847930058e-02
1.000000000000000000e+00 1.456701803834689724e+00 4.923575343147869599e-01 1.646474194776948452e-01 1.228237268976646590e-03 4.564236540973670708e-02
1.000000000000000000e+00 2.048200384035108623e+00 5.125609468325801332e-01 1.782080862953713263e-01 3.645010116112089738e-03 5.447533373146206531e-02
1.000000000000000000e+00 2.723158284428858877e+00 5.064271740491943508e-01 1.812343080667243589e-01 1.516501866708708235e-03 5.283830884875287404e-02
1.000000000000000000e+00 5.459561582154229598e+00 5.310822425169027250e-01 1.776743282163196491e-01 2.758941693876517439e-03 6.095290313013158184e-02
1.000000000000000000e+00 1.311047017457438013e+00 5.008116840094343214e-01 1.664605971101795756e-01 3.149129036984234763e-03 6.222191184974464745e-02
1.000000000000000000e+00 1.321215581551087315e+00 4.969167917287846126e-01 1.656508456690287401e-01 3.412023864805108740e-03 5.760785967962452764e-02
1.000000000000000000e+00 2.922343457080553542e+00 5.100556185323503744e-01 1.803601332116145095e-01 3.101466806300019578e-03 7.697347944737839565e-02
1.000000000000000000e+00 3.555973442471638268e+00 4.758161182852161386e-01 1.562239837403357201e-01 1.704797567117528802e-03 7.289047609430210350e-02
1.000000000000000000e+00 3.267895923626618515e+00 5.152044473859023199e-01 1.760412254983473312e-01 3.383744604419566641e-03 8.436746624332201738e-02
1.000000000000000000e+00 2.724360106361950251e+00 5.025251560347046009e-01 1.614940614206411551e-01 2.606126590949474527e-03 8.639678023820920871e-02
1.000000000000000000e+00 3.883294338887357977e+00 4.902706309207222612e-01 1.650792800208238653e-01 3.557407530205474420e-03 9.698356257118707913e-02
1.000000000000000000e+00 2.724374257182721859e+00 4.843653038287047963e-01 1.543449418103702009e-01 2.225231531648720097e-03 8.267893131205282520e-02
1.000000000000000000e+00 2.716199039143075034e+00 5.134784113104995384e-01 1.731609480043538318e-01 3.686637331665555684e-03 6.857370624915684609e-02
1.000000000000000000e+00 2.079252947293875664e+00 5.073588190271129950e-01 1.771945302603264161e-01 2.605161554927280278e-03 8.077082693108160460e-02
1.000000000000000000e+00 2.197191896121426513e+00 4.941076891324426290e-01 1.607088222120704457e-01 3.050715485262117232e-03 7.939742262556112595e-02
1.000000000000000000e+00 1.931734521622347156e+00 5.161729140622539624e-01 1.770597300221363746e-01 2.888675549549115686e-03 5.913925608064217465e-02
1.000000000000000000e+00 1.872590282873519918e+00 5.062847531446303950e-01 1.737570898456611002e-01 6.248262209138885116e-04 5.661485163721118041e-02
1.000000000000000000e+00 2.197952049790432572e+00 5.167893235745988356e-01 1.787481446242200900e-01 2.966769440573165367e-03 6.403262087948929926e-02
1.000000000000000000e+00 2.212165988773539649e+00 4.986104184853885624e-01 1.694199703567957627e-01 3.130455266996503335e-03 8.481452454633275906e-02
1.000000000000000000e+00 2.686271307339064052e+00 5.091964218475441006e-01 1.811520896656496349e-01 2.070130952243924224e-03 9.306974130853248872e-02
1.000000000000000000e+00 3.133360418412887594e+00 5.184547185612973230e-01 1.811740327287053864e-01 4.357654653765728487e-04 8.728896459166556043e-02
1.000000000000000000e+00 4.377975091627907211e+00 5.278674402606362559e-01 1.820838772872759859e-01 2.095718869129247191e-03 1.004584066716166096e-01
1.000000000000000000e+00 7.117168425237066387e+00 5.231543389667835386e-01 1.679589271400718786e-01 5.394280690605539330e-04 1.119877161851514646e-01
1.000000000000000000e+00 5.646826078063318377e+00 5.347940125422914193e-01 1.911518895191230971e-01 1.044614304391734173e-03 1.232784200576805961e-01
1.000000000000000000e+00 2.056322471711071298e+00 4.901918370971599659e-01 1.663791516457828190e-01 7.081699662125980239e-04 1.120299911561501716e-01
1.000000000000000000e+00 3.238103601412137600e+00 4.801159838376064526e-01 1.557569222790944063e-01 6.934007747714391115e-04 1.270067099384390719e-01
1.000000000000000000e+00 1.751514849819879371e+00 4.984135076360847738e-01 1.669181452899035634e-01 5.404398271373753908e-04 1.227103356536297651e-01
1.000000000000000000e+00 2.259706822158225048e+00 5.042988764091057563e-01 1.728059293202507951e-01 1.508426216859792704e-04 1.258257355488390239e-01
1.000000000000000000e+00 3.632302849402355704e+00 4.825326525804459754e-01 1.547378200483943145e-01 2.683659807008269261e-04 1.257728822071869090e-01
1.000000000000000000e+00 4.367814402782060235e+00 4.795043158515082671e-01 1.493814462092974138e-01 1.000821912429129476e-03 1.342370523660642301e-01
1.000000000000000000e+00 4.671333856446295840e+00 5.080592449471381666e-01 1.798062148863876497e-01 2.740616254879007195e-03 1.421388157083439685e-01
1.000000000000000000e+00 5.936770016190771493e+00 5.123641421956401931e-01 1.603236704762888154e-01 9.811953510727774302e-04 1.485057504330911937e-01
1.000000000000000000e+00 3.650833406547813631e+00 5.070344598639805467e-01 1.809979494870741779e-01 1.891675084124084215e-03 1.579161124150527673e-01
1.000000000000000000e+00 3.767980089494416429e+00 5.048042964791421561e-01 1.602051314174202656e-01 1.275335642411483221e-03 1.487263993684235230e-01
1.000000000000000000e+00 4.793189335433204690e+00 5.297212608021333313e-01 1.890373826494137766e-01 1.690205128865931994e-03 1.272936499934062271e-01
1.000000000000000000e+00 4.414072339865929173e+00 5.233672225773623454e-01 1.751661630758056254e-01 9.931053721571475330e-04 1.389440069474567607e-01
1.000000000000000000e+00 3.306682495468491911e+00 4.804460432769823153e-01 1.540034470721964865e-01 1.393902443858843375e-03 1.358590225520353301e-01
1.000000000000000000e+00 2.430310479284146563e+00 4.932004798368052056e-01 1.584476108424974217e-01 1.462653109240359553e-03 1.347138918141633501e-01
1.000000000000000000e+00 2.902125601163088042e+00 4.964262510251104543e-01 1.739382737702707959e-01 2.088979281470643157e-03 1.159533212995614015e-01
1.000000000000000000e+00 3.491498792331567458e+00 4.830866348198074589e-01 1.567864598650322017e-01 2.410482939808190287e-03 1.203789564547442514e-01
1.000000000000000000e+00 2.760865659660025617e+00 4.923261237687657776e-01 1.647732450811310867e-01 2.707364620602628179e-03 1.126453313262157918e-01
1.000000000000000000e+00 4.357545560198017753e+00 4.876641447856248091e-01 1.681375341468494822e-01 2.727517019041434711e-03 1.224017523621402093e-01
1.000000000000000000e+00 3.986002447167235285e+00 5.167861414828676114e-01 1.873653213463563061e-01 4.307072531410127171e-04 1.249572377144967800e-01
1.000000000000000000e+00 2.026559642370374892e+00 5.101081199716375192e-01 1.739413625986122591e-01 1.883265017589335222e-03 1.178552867225529238e-01
1.000000000000000000e+00 2.198983947762536140e+00 5.016350409015172263e-01 1.659763925784287497e-01 4.066507040542581899e-04 1.213700576204309323e-01
1.000000000000000000e+00 3.050947220789009595e+00 4.883752539415744387e-01 1.695531745254877654e-01 6.374516650902305355e-04 9.547004412694859443e-02
1.000000000000000000e+00 1.886726913055634336e+00 4.866118510202375180e-01 1.624629966674947801e-01 2.043724254309179419e-03 7.412581082813615718e-02
1.000000000000000000e+00 4.175331479510045796e+00 5.104894833244832952e-01 1.663776308742080656e-01 4.570297962410345069e-03 6.477082063937707190e-02
1.000000000000000000e+00 4.238669142621408703e+00 4.721484571787319950e-01 1.528891577698111848e-01 2.277214285328253707e-03 5.676352650132575339e-02
1.000000000000000000e+00 1.933365025848294394e+00 5.160368000849606673e-01 1.748746749604307427e-01 1.884492692376057293e-03 5.013727569868010187e-02
1.000000000000000000e+00 2.143200366203462881e+00 5.170105048599448194e-01 1.819251183514337955e-01 2.802939467744239126e-03 5.074377313798310307e-02
1.000000000000000000e+00 2.763911898093312836e+00 5.229419674733314372e-01 1.843494401178497610e-01 2.046117015127037284e-03 4.560404983974877813e-02
1.000000000000000000e+00 2.032055576040988409e+00 4.981075785154688851e-01 1.580454652442361274e-01 2.382557220412210176e-03 4.723722688704552752e-02
1.000000000000000000e+00 1.604327320828228487e+00 4.924545358270981388e-01 1.682186453750856847e-01 1.526785903459733579e-03 4.075612686619774216e-02
1.000000000000000000e+00 8.057949403493511742e-01 4.996642516966233183e-01 1.672192991108817361e-01 3.437640898942708086e-03 4.236793032652232810e-02
1.000000000000000000e+00 1.736019545769263761e+00 5.064606216986781151e-01 1.647542529162791536e-01 2.161474527380045918e-03 4.707361818187610902e-02
1.000000000000000000e+00 3.426075108834358840e+00 5.087083951520712244e-01 1.677940427443675164e-01 1.221950109548189389e-04 4.486873324949032515e-02
1.000000000000000000e+00 3.716566793351621545e+00 4.819461426699807038e-01 1.652663436127841945e-01 6.357488455143410488e-04 5.105586748985874862e-02
1.000000000000000000e+00 1.134219664170083464e+00 4.956297992604276059e-01 1.682552424942232172e-01 1.822274515088271544e-03 4.913950228869212039e-02
1.000000000000000000e+00 2.285588704283596950e+00 4.864644623836990589e-01 1.651267297370581644e-01 1.289574498541218219e-03 3.262660738478735667e-02
1.000000000000000000e+00 1.550303066149815834e+00 4.904557878543548965e-01 1.614146600664182751e-01 1.478611017147730836e-03 2.368567377773900251e-02
1.000000000000000000e+00 1.720753397530220052e+00 4.927821893113897289e-01 1.664512837819574764e-01 9.640298566099736368e-04 2.851721092588339543e-02
1.000000000000000000e+00 2.515854353664265020e+00 4.860724308687197071e-01 1.565131211820341983e-01 4.095034960815330943e-03 5.236601125558765224e-04
1.000000000000000000e+00 3.992414597205776516e+00 5.102008723744734242e-01 1.671606116900564154e-01 8.006783161329637105e-03 2.217775887414617786e-02
1.000000000000000000e+00 6.931402316874632596e+00 4.934254827360702866e-01 1.666437380808536983e-01 9.280307302941302044e-03 2.336966113219698937e-02
1.000000000000000000e+00 3.578408799291268760e+00 4.996861306434551842e-01 1.708989595458144106e-01 6.368307894930717340e-03 3.886936874133380820e-02
1.000000000000000000e+00 7.151641945123546895e-01 4.996904379800831131e-01 1.668594799249287219e-01 2.928964642868765646e-03 4.221430307302886931e-02
1.000000000000000000e+00 3.209703545286897164e+00 5.181987244327290743e-01 1.690721461154298388e-01 2.847430623424385219e-03 4.835884220363213803e-02
1.000000000000000000e+00 3.400385550948714197e+00 4.822787061937391928e-01 1.515291956852563293e-01 3.742932799215993762e-03 5.661071296814133152e-02
1.000000000000000000e+00 2.550434106002962942e+00 4.977971790282583187e-01 1.695996696248556201e-01 3.946899872304612464e-03 6.808214163362896754e-02
1.000000000000000000e+00 2.144178313665862312e+00 5.020027862074004643e-01 1.770078795920759229e-01 2.127580670251181388e-03 6.523895471934658408e-02
1.000000000000000000e+00 2.849182584526615436e+00 4.968917359871826145e-01 1.749011949591084136e-01 2.391457980216529517e-03 8.379666369431718054e-02
1.000000000000000000e+00 2.646713636946715908e+00 4.966820167613459347e-01 1.672625089905639406e-01 3.607552236230898539e-03 8.070242086345222332e-02
1.000000000000000000e+00 1.717717975357150539e+00 5.080234597725122869e-01 1.724082231203782345e-01 9.198731653519282014e-04 1.002472011269812252e-01
1.000000000000000000e+00 2.511643030146650801e+00 5.105602575063177273e-01 1.772254194955593665e-01 2.575515638112622864e-04 1.142529265940834954e-01
1.000000000000000000e+00 2.874750314256035555e+00 5.017364625382004784e-01 1.774783479874957604e-01 2.644754362083349335e-04 1.286257178694342473e-01
1.000000000000000000e+00 2.696543756969852268e+00 4.989162441186911767e-01 1.613545249801124903e-01 1.661378517771367261e-03 1.530041126895165526e-01
1.000000000000000000e+00 2.686948943914258425e+00 5.166795182399165354e-01 1.761344798213228258e-01 1.017757941769267815e-03 1.568228755861557910e-01
1.000000000000000000e+00 2.766950839031291132e+00 5.011215230009561372e-01 1.683604651185601486e-01 2.390374047569710989e-03 1.374784405976821333e-01
1.000000000000000000e+00 2.303066335287630384e+00 5.110098432068733709e-01 1.760112046707193456e-01 4.116945731567271498e-04 1.489932799498587812e-01
1.000000000000000000e+00 3.016573936017882041e+00 5.155846452002741387e-01 1.725410924471763308e-01 7.679463527780754518e-04 1.380549646453495261e-01
1.000000000000000000e+00 2.933107875492034111e+00 4.891829207694246007e-01 1.552871968387185553e-01 9.668042346615927105e-04 1.432611423272319440e-01
1.000000000000000000e+00 2.611441196671198561e+00 5.150006397787596502e-01 1.786261585635996463e-01 4.878857725945607237e-04 1.411597898358052106e-01
1.000000000000000000e+00 3.209624919193935000e+00 5.049134122468518227e-01 1.811110236379630811e-01 6.106493550322772326e-04 1.536962646193607007e-01
1.000000000000000000e+00 3.996452706735619920e+00 5.044181230073625510e-01 1.597548358045401684e-01 6.652237208194550656e-04 1.333532161773252345e-01
1.000000000000000000e+00 4.858082666593436016e+00 5.297543861024749390e-01 1.887043319323489510e-01 1.628168476930628170e-03 1.384850759337965809e-01
1.000000000000000000e+00 4.032828307344646035e+00 5.041385287048343322e-01 1.818962015761951545e-01 1.748483365976484689e-03 1.371944966066374338e-01
1.000000000000000000e+00 1.816379641148897495e+00 4.925323679820836076e-01 1.623356647675353592e-01 1.248863250882185482e-03 1.468984483486853732e-01
1.000000000000000000e+00 1.787654198461214206e+00 4.947725429253538865e-01 1.620398233958207923e-01 1.202313648619606368e-03 1.300739221482032637e-01
1.000000000000000000e+00 2.129478062720393083e+00 4.951372119109883618e-01 1.704783869894262449e-01 4.452134420464466148e-04 1.300953784684019954e-01
1.000000000000000000e+00 1.878671272458820818e+00 5.003992982773664000e-01 1.639593473050699468e-01 1.189835181162158823e-03 1.276303139384292185e-01
1.000000000000000000e+00 2.255219372235111930e+00 5.069155136790514105e-01 1.785688751446045663e-01 7.227102734701834532e-04 1.156902078051622040e-01
1.000000000000000000e+00 2.204808012581016996e+00 5.067332880090618108e-01 1.671872009721383223e-01 9.590514354029547285e-04 1.336299221969775852e-01
1.000000000000000000e+00 2.411568623326253213e+00 5.143998783337626612e-01 1.806851198205550457e-01 1.040030673660955309e-03 1.401108479645325200e-01
1.000000000000000000e+00 2.699185693484211779e+00 4.822125364454533103e-01 1.591168306036587210e-01 1.081040258613912312e-03 1.414179758381572671e-01
1.000000000000000000e+00 4.714467259451613046e+00 4.960797492566076383e-01 1.761731211326266477e-01 2.488240194870429758e-03 1.327392914562759707e-01
1.000000000000000000e+00 3.821330859172919592e+00 4.829714516172543548e-01 1.514982821708608929e-01 1.681046273848444631e-03 1.295672955269408788e-01
1.000000000000000000e+00 6.843422128803078763e+00 4.684999134905034057e-01 1.560634308093196421e-01 1.797757797650630963e-03 1.659865322458564385e-01
1.000000000000000000e+00 2.598669375665554337e+00 4.844950529837097619e-01 1.578712640283416735e-01 9.097785723683182984e-04 1.770165957553353209e-01
1.000000000000000000e+00 2.599702006328927339e+00 4.921788585131247618e-01 1.602938590512900940e-01 2.622113130641650193e-04 1.813129624844279364e-01
