1.000000000000000000e+00 2.232179416938931354e+03 5.079676112912940855e-01 1.669290716637550354e-01 2.225958738649006267e-04 8.222374070600871332e-02
1.000000000000000000e+00 1.105367577313457872e+02 6.780423684631811110e-01 2.728585241413436502e-01 3.007268935880157232e-03 8.314943851256322363e-03
1.000000000000000000e+00 2.457922036316078618e+01 5.391800400184035835e-01 2.211007734563138760e-01 3.249741420530842789e-03 1.052719977711103622e-03
1.000000000000000000e+00 1.098299525904189444e+01 5.289053795279156089e-01 1.597635800052554234e-01 4.744644885055951389e-03 2.433695841315819397e-02
1.000000000000000000e+00 5.558978873884658611e+00 4.824816769773130343e-01 1.428598789758486753e-01 3.491456417649111462e-03 3.697687516604804270e-02
1.000000000000000000e+00 4.058324779036928120e+00 4.754122585324133676e-01 1.527093947573642807e-01 3.828314650501592024e-03 5.439022508955189406e-02
1.000000000000000000e+00 2.081531717931245584e+00 4.980004816943544022e-01 1.598411968159949847e-01 4.596512682115162611e-03 4.460567190532847143e-02
1.000000000000000000e+00 2.161490207768839156e+00 5.101535678117825601e-01 1.687866646577814989e-01 5.414697076290673865e-03 3.679283953947748431e-02
1.000000000000000000e+00 2.863197716244327395e+00 4.831890822172089650e-01 1.535091812282943502e-01 5.113963162940655775e-03 3.482722490783349278e-02
1.000000000000000000e+00 3.569519937430057688e+00 5.221456972106885974e-01 1.821835797189662043e-01 5.704661009435604835e-03 3.563714709581339291e-02
1.000000000000000000e+00 4.248671510042965060e+00 4.969339521745437249e-01 1.556627832843496262e-01 5.039089389984173495e-03 5.372446045423765609e-02
1.000000000000000000e+00 4.711424840270490577e+00 4.797201754110198557e-01 1.566411764215701885e-01 4.865479029385480839e-03 5.951378618949070692e-02
1.000000000000000000e+00 6.372338750720960121e+00 5.071587311469735182e-01 1.820234062706878042e-01 6.430003601734875576e-03 4.117428901775379430e-02
1.000000000000000000e+00 2.301504536895516040e+00 4.926560277714873148e-01 1.562548605251473099e-01 5.932216510891512827e-03 2.465263261790311827e-02
1.000000000000000000e+00 1.428057274002081600e+00 5.044357775436699720e-01 1.619579826510355314e-01 4.301036850329656783e-03 1.949467461420927375e-02
1.000000000000000000e+00 1.753541401071233130e+00 5.047616545844449965e-01 1.757920966576496380e-01 2.573890652877286207e-03 2.469882386622095083e-03
1.000000000000000000e+00 1.145841772574313744e+00 4.932698291195992124e-01 1.590626419805554748e-01 3.615129194520021096e-03 1.374937503948146615e-02
1.000000000000000000e+00 2.583067773263538758e+00 4.944469214654661493e-01 1.668957595011458794e-01 5.313592584467979017e-03 3.487780630919283184e-03
1.000000000000000000e+00 2.471366166182908941e+00 5.061212581859305670e-01 1.614453918906841312e-01 6.102406537154407215e-03 1.836998120014726732e-02
1.000000000000000000e+00 3.151832800667528911e+00 5.024176528960287991e-01 1.667483694945511297e-01 7.416823703876062809e-03 2.627372943099236940e-02
1.000000000000000000e+00 1.645680245856039114e+00 5.096663906415995760e-01 1.746700995818379898e-01 5.510115960613656653e-03 1.870164411416063224e-02
1.000000000000000000e+00 1.759522629439126629e+00 4.998437362005163642e-01 1.613518155758884576e-01 1.747556733792401343e-03 2.091199766805559856e-02
1.000000000000000000e+00 1.471028300020419621e+00 5.047946816274709869e-01 1.752005670623496270e-01 1.521858063834572025e-03 2.870638145618760115e-02
1.000000000000000000e+00 1.678818272387943233e+00 5.049106744318746509e-01 1.765687320906925983e-01 3.955704067987978086e-03 2.642982381754060972e-02
1.000000000000000000e+00 2.243194800311580916e+00 4.939140186208036964e-01 1.600731359102872120e-01 5.688527676192305788e-03 3.583965963618582218e-02
1.000000000000000000e+00 1.381297565446144571e+00 5.069758000081611149e-01 1.745555992165811754e-01 4.151639957421936374e-03 3.893838202897535045e-02
1.000000000000000000e+00 2.596763321965345206e+00 4.911742835576985988e-01 1.570837359053627313e-01 4.879422177967323616e-03 4.622493341095851305e-02
1.000000000000000000e+00 4.465410828245834018e+00 4.782798158036861147e-01 1.469442245962799543e-01 2.692597704902618180e-03 6.310826571394435869e-02
1.000000000000000000e+00 5.535418677852288916e+00 4.774734092042251521e-01 1.634418148370406498e-01 3.851699323711306987e-03 5.734007314303510294e-02
1.000000000000000000e+00 6.597490738652409981e+00 4.868587380114019481e-01 1.760290019194407363e-01 1.804609536187963374e-03 6.350438672518451955e-02
1.000000000000000000e+00 6.185559899197982325e+00 5.006004136657932202e-01 1.846026268773854895e-01 1.909160787211287716e-03 7.330883144520922157e-02
1.000000000000000000e+00 6.392554021343440418e+00 5.042492123563138140e-01 1.872124461708716825e-01 1.560648798960033966e-03 8.250088740242562946e-02
1.000000000000000000e+00 3.148558733573750157e+00 4.881262839473655135e-01 1.677843795322739584e-01 1.118444260587402039e-04 8.987568512819996136e-02
1.000000000000000000e+00 2.901547805096886812e+00 4.955198438746116207e-01 1.558907632207934546e-01 1.420423530762874491e-03 6.363586762046942458e-02
1.000000000000000000e+00 7.897926496223954373e+00 4.884961648476686680e-01 1.429609708356119613e-01 1.062905127600781343e-03 4.523028318791808000e-02
1.000000000000000000e+00 6.082156077301008601e+00 5.229747841632305105e-01 1.948438787240804326e-01 7.202951065216635883e-04 4.748570970328043483e-02
1.000000000000000000e+00 5.100063586152410622e+00 4.750117031151170899e-01 1.440172205889848067e-01 2.927887078274320296e-03 4.067366877017491306e-02
1.000000000000000000e+00 2.809072066514421540e+00 4.810218563530000990e-01 1.618981073886673339e-01 2.909598737116425842e-03 4.097046450607357004e-02
1.000000000000000000e+00 5.541050191476445619e+00 5.167635322477814874e-01 1.617541971610036433e-01 2.453681579523327421e-03 5.206257331036075880e-02
1.000000000000000000e+00 3.255789087906454604e+00 4.798841667099374431e-01 1.530561191884278194e-01 1.190490572219492704e-03 5.260022056907544263e-02
1.000000000000000000e+00 2.847711594259459744e+00 5.221101165855016601e-01 1.848190578622342650e-01 3.662004204378760397e-03 4.260502217418107168e-02
1.000000000000000000e+00 1.390923990193950521e+00 5.095630591789752639e-01 1.683596057016769898e-01 2.583918887183799667e-03 4.265514269251954177e-02
1.000000000000000000e+00 1.737103632038870415e+00 4.946114785188582830e-01 1.594335672816993843e-01 1.663978936439209581e-03 2.048747076620242163e-02
1.000000000000000000e+00 2.506880095901842243e+00 4.851490092919985564e-01 1.558415599288290598e-01 1.519686471873265199e-03 6.595235136652534413e-03
1.000000000000000000e+00 1.097848345443471096e+00 4.996754027136653398e-01 1.677209509314197544e-01 2.764018764345357870e-03 2.736749307037046955e-03
1.000000000000000000e+00 1.221511770784048601e+00 5.037908791735763447e-01 1.681789280470318837e-01 1.907798840296652185e-03 8.199060758684276196e-03
1.000000000000000000e+00 1.117717427006766462e+00 5.026032703222720333e-01 1.671466258834372609e-01 1.871694914681848411e-03 1.607996594583312178e-02
1.000000000000000000e+00 1.001084718653313610e+00 5.110604821225744887e-01 1.727735354643210319e-01 3.162718143741986322e-03 1.665533917315200133e-02
1.000000000000000000e+00 1.236208748877123176e+00 4.945383588599440161e-01 1.668208925595675296e-01 1.485635471146737850e-03 4.492754344430750779e-02
1.000000000000000000e+00 9.569973558165781879e-01 4.993307859202349985e-01 1.706698492112552756e-01 2.523869360766377475e-03 4.259778023230741811e-02
1.000000000000000000e+00 1.125376507538353055e+00 4.915468028063832984e-01 1.651613713871879496e-01 3.231841821683252743e-03 3.470476154600982133e-02
1.000000000000000000e+00 9.502222839138884103e-01 4.940647118459485787e-01 1.666618350170711860e-01 2.669052982839164537e-03 3.564366097063440680e-02
1.000000000000000000e+00 3.102880715687284408e+00 4.786832911815259717e-01 1.516024398749755142e-01 3.650380211169318954e-03 4.332937394094680400e-02
1.000000000000000000e+00 2.280908764778011744e+00 5.106781662759318774e-01 1.699728500468564996e-01 3.936601758012907293e-03 5.820959282040023830e-02
1.000000000000000000e+00 2.242283245863000207e+00 4.965304280032321049e-01 1.702610386026896239e-01 4.079158059841297979e-03 5.430103597621693118e-02
1.000000000000000000e+00 1.785453252177120920e+00 5.039839553656410009e-01 1.626701377640871471e-01 4.022669148878263434e-03 4.364326479495522076e-02
1.000000000000000000e+00 2.157048507370723733e+00 5.123862269023327087e-01 1.780230413840589165e-01 4.593047269730498629e-03 4.180655880201166602e-02
1.000000000000000000e+00 5.141179982738469434e+00 5.240564505316360755e-01 1.933650721881734202e-01 3.185252810569217177e-03 1.954366313556623810e-02
1.000000000000000000e+00 5.575737678234959027e+00 5.306068117068762913e-01 1.758592675537658245e-01 2.145845868360561799e-03 1.996879837515515288e-02
1.000000000000000000e+00 3.217174249407327213e+00 5.242983034409670617e-01 1.807471563176880902e-01 1.754191242790943597e-03 1.096066404717594041e-02
1.000000000000000000e+00 3.819153605453089018e+00 5.031644413660906201e-01 1.574635093079505832e-01 6.335739877769275621e-03 6.793778619088988724e-03
1.000000000000000000e+00 3.793346589573788563e+00 4.799043827928161088e-01 1.466841881764123223e-01 4.330278099721959761e-03 2.217391665012290181e-02
1.000000000000000000e+00 4.155264772510736115e+00 4.827942559139454248e-01 1.477068512506267972e-01 3.929590560706521310e-03 2.313335225477608503e-03
1.000000000000000000e+00 6.295027132278280035e+00 5.039653519641765778e-01 1.821012611822803440e-01 5.417277481524234405e-03 2.742654444203748189e-03
1.000000000000000000e+00 6.071398508616641543e+00 4.940031797865650498e-01 1.759645556577967840e-01 5.714488957339273166e-03 1.192643560917331508e-02
1.000000000000000000e+00 4.822659663060741231e+00 4.810530029053179391e-01 1.586827703850823834e-01 6.932666014515580233e-03 1.420170841990887195e-02
1.000000000000000000e+00 5.493380232800874730e+00 5.300206008005713398e-01 1.767641330596611549e-01 6.924494649163543888e-03 2.345363559098795694e-02
1.000000000000000000e+00 3.014812907892717497e+00 4.841727940825021337e-01 1.559256610910778607e-01 5.406385325920840326e-03 6.284922380772352962e-03
1.000000000000000000e+00 8.918634232459974331e-01 5.056107490736854171e-01 1.675589017644503187e-01 3.624711935652470945e-03 1.144464043102397591e-02
1.000000000000000000e+00 2.025066802013334222e+00 4.915257970405665922e-01 1.570996303302693853e-01 1.730550676372883886e-03 1.671617406004516360e-02
1.000000000000000000e+00 1.149282898313505941e+00 4.971908600045299442e-01 1.609264312164074839e-01 4.343530674367483690e-03 1.143953781703673303e-02
1.000000000000000000e+00 3.365002205394340251e+00 5.100934244504651272e-01 1.642682978131448646e-01 6.488443996966400049e-03 3.017888987607703077e-02
1.000000000000000000e+00 3.553533418971525304e+00 5.102462265668097352e-01 1.623877579283148354e-01 6.753718946655267764e-03 2.174983543132837788e-02
1.000000000000000000e+00 3.876561854092813064e+00 5.062052885764813936e-01 1.754397659825892297e-01 6.307741294967637510e-03 4.065969912928485419e-02
1.000000000000000000e+00 2.419035957535556669e+00 5.024434356733734619e-01 1.732441030869743548e-01 5.477800181110873377e-03 3.550163778700798911e-02
1.000000000000000000e+00 2.137185431085804499e+00 5.115397000216980183e-01 1.678158051703597664e-01 2.001269479354741629e-03 1.644901706038440908e-02
1.000000000000000000e+00 2.176562303380571439e+00 4.901910726093953174e-01 1.548012788256864780e-01 2.194142769287672247e-03 1.825588711419872182e-02
1.000000000000000000e+00 1.987523222563994496e+00 4.999488868172388134e-01 1.582393204849680546e-01 2.686476844349609903e-03 2.007124651261612061e-02
1.000000000000000000e+00 9.357911990811456082e-01 5.077212780414617210e-01 1.746108586219256020e-01 2.997425787237943846e-03 2.213685240502857171e-02
1.000000000000000000e+00 2.346302785361139343e+00 5.223793013090234361e-01 1.793102844313947675e-01 4.405329624416119000e-03 1.189716477914924513e-02
1.000000000000000000e+00 8.917710401720049251e-01 4.954487266680583923e-01 1.628060342835245256e-01 3.983123760025896257e-03 1.285594992436288851e-02
1.000000000000000000e+00 1.939278186632817258e+00 4.959548370475486134e-01 1.627335297796153601e-01 4.604478645753750342e-03 4.023363071321874040e-04
1.000000000000000000e+00 4.409022778249206631e+00 5.299888927676686956e-01 1.881059863686369849e-01 3.809206975360936425e-03 3.763819837454828745e-04
1.000000000000000000e+00 5.802521736517904039e+00 4.695795115159448474e-01 1.463629702387359011e-01 1.860277387647464283e-03 1.922330214940854917e-03
1.000000000000000000e+00 4.954437904707037710e+00 5.041367409796432275e-01 1.844129237286584455e-01 8.612070407572826498e-04 8.819151077904091932e-03
1.000000000000000000e+00 3.534243286910713877e+00 5.073326772695669895e-01 1.652757192760593852e-01 3.700246968852847693e-04 3.097919882263626065e-03
1.000000000000000000e+00 3.717857589355460401e+00 4.829161221777809598e-01 1.659170207892701754e-01 2.347555876143617593e-03 1.719006920789202184e-04
1.000000000000000000e+00 2.316923484964883428e+00 5.063701706261676261e-01 1.801238816616606009e-01 2.361431513922983803e-03 2.265459156209765137e-02
1.000000000000000000e+00 2.080993949998228842e+00 4.839062318911130922e-01 1.539726145801203483e-01 3.188267969925322621e-03 1.518656705442740854e-02
1.000000000000000000e+00 3.219094287138801747e+00 5.188438404824006200e-01 1.682501430108777341e-01 3.047629176933286214e-03 2.062671251998766941e-02
1.000000000000000000e+00 1.161990626596599130e+00 5.092177890167403076e-01 1.718145653303426723e-01 2.103967788923836839e-03 2.116606592850642579e-02
1.000000000000000000e+00 1.782892836320837615e+00 4.862052517850811717e-01 1.555014731949111995e-01 4.172399087179201604e-03 3.067050451632876568e-02
1.000000000000000000e+00 2.305055093884782025e+00 5.065393118150668395e-01 1.632227223193950805e-01 5.603874716728620906e-03 3.144099704857668265e-02
1.000000000000000000e+00 3.216643752931118705e+00 4.886179182111037300e-01 1.532532216744478260e-01 6.351994526145395177e-03 2.603237086172855916e-02
1.000000000000000000e+00 3.050211815160493334e+00 5.239914672169736498e-01 1.844810510121553393e-01 5.138207750025197869e-03 2.248218721778682400e-02
1.000000000000000000e+00 1.594760226247258439e+00 4.979732146165299911e-01 1.690367424713201394e-01 8.337946033052344441e-04 3.584060545180259294e-02
1.000000000000000000e+00 1.360052642868759154e+00 5.060771033410100816e-01 1.654132355331159598e-01 2.392062288496707781e-03 3.534962224886647325e-02
1.000000000000000000e+00 3.144888824112729520e+00 4.805799082168988323e-01 1.529566098024841281e-01 1.294153359662181908e-03 5.341403849538960830e-02
1.000000000000000000e+00 2.511740628161903466e+00 5.050156956742170022e-01 1.801048349498339807e-01 1.971230269441810908e-03 4.607517917098848115e-02
1.000000000000000000e+00 3.635417738855864389e+00 5.272085709781478835e-01 1.849674546769070060e-01 1.501078368700942264e-03 4.715425568904727666e-02
1.000000000000000000e+00 1.178781487280300855e+00 4.934264270172887823e-01 1.664993606722982855e-01 2.127072485463629183e-03 5.617106388640281944e-02
1.000000000000000000e+00 3.289773686263645303e+00 5.146403522690766730e-01 1.834038784285652590e-01 3.446643199404642640e-04 4.531289372847743802e-02
1.000000000000000000e+00 6.589213157031123203e+00 4.709542261441003186e-01 1.435143453109598288e-01 1.131496817711716112e-03 3.636062561099966117e-02
1.000000000000000000e+00 5.541005875885831600e+00 5.341556260235883480e-01 1.813011518640393893e-01 3.012838394695420766e-03 5.435311780115750779e-02
1.000000000000000000e+00 2.939504877055119536e+00 5.243752130434878866e-01 1.835782977024665863e-01 2.066665483620523484e-03 5.415458381842162133e-02
1.000000000000000000e+00 1.205789275938161209e+00 4.960983244877111287e-01 1.634187348870098644e-01 3.821356186219438886e-03 4.684998030632276517e-02
1.000000000000000000e+00 8.030696815400426569e-01 4.985397702671277576e-01 1.649902991940586650e-01 2.769982378565178163e-03 4.489187075678606476e-02
1.000000000000000000e+00 2.299312030235560744e+00 5.209126068427123446e-01 1.827594032730980589e-01 4.139740774308382429e-03 1.729537446788362298e-02
1.000000000000000000e+00 1.313433421862941985e+00 5.129835564053094599e-01 1.727074017437369990e-01 3.768874725133980821e-03 1.010070946297449493e-02
1.000000000000000000e+00 1.485097147200114653e+00 5.119706873389671120e-01 1.715232538972717991e-01 2.251231971148084932e-03 1.591150515500355453e-02
1.000000000000000000e+00 1.642231937463480396e+00 5.013635475028471733e-01 1.598294957591151200e-01 3.426838936417937742e-03 1.282017908179571182e-02
1.000000000000000000e+00 2.000378700580307534e+00 4.986475891963834672e-01 1.710134573393108370e-01 5.439004091733395940e-03 2.036053098076128637e-02
1.000000000000000000e+00 2.292929123708021155e+00 5.026137124455636318e-01 1.622109481599216807e-01 4.890032488523684932e-03 4.386534037785774082e-02
1.000000000000000000e+00 1.398071675523476110e+00 4.938243761718946190e-01 1.682439253423478054e-01 3.591977592329489814e-03 3.766489962441421646e-02
1.000000000000000000e+00 1.099927645601216808e+00 4.891817473374478475e-01 1.604433554358599967e-01 3.401935494759607444e-03 2.319014520544306068e-02
1.000000000000000000e+00 1.981844385027637268e+00 4.977689783505107046e-01 1.730593630302070807e-01 1.642666088515574736e-03 5.923634469773352701e-03
1.000000000000000000e+00 3.863155139340727295e+00 4.858740548070814569e-01 1.500655792016282741e-01 1.568458112650707994e-03 1.086667389783645132e-02
1.000000000000000000e+00 2.412708159569197264e+00 5.209302039400298678e-01 1.776258395357799558e-01 3.237082678921756988e-03 4.776793936229002842e-03
1.000000000000000000e+00 2.633051344336142296e+00 4.966893199129439607e-01 1.570047668837479260e-01 1.845033848030451029e-03 4.830884362396920331e-03
1.000000000000000000e+00 4.042543464337275516e+00 5.208614960114683612e-01 1.706298523317383020e-01 1.934942962027655280e-03 7.703567817520679331e-03
1.000000000000000000e+00 2.845068462075719395e+00 4.801610075875423211e-01 1.582442278072190289e-01 3.036417838668915153e-03 4.790240871799392522e-03
1.000000000000000000e+00 3.192814896353907361e+00 5.054109376520224961e-01 1.803149036119823245e-01 3.499612377455641864e-03 5.316429564648405409e-03
1.000000000000000000e+00 1.948429703654828593e+00 4.928655417975059683e-01 1.551451408397321041e-01 2.749415847571658970e-03 2.586668921540908467e-02
1.000000000000000000e+00 1.979550325284231915e+00 5.134854563499506863e-01 1.805411248573655092e-01 3.982713861516542705e-03 3.448949729111935869e-02
1.000000000000000000e+00 1.322145669332529305e+00 5.038303156523931126e-01 1.623569524661367947e-01 3.601624959419871992e-03 3.031677060525036008e-02
1.000000000000000000e+00 2.222816831208611177e+00 5.040864132385229901e-01 1.635638126779169477e-01 5.118811584400475082e-03 4.120940511785922689e-02
1.000000000000000000e+00 2.518618823191795641e+00 5.035510247293568664e-01 1.792052773991295589e-01 2.922159758964683763e-03 2.943274700558878854e-02
1.000000000000000000e+00 4.840482622011522906e+00 4.879844501347146979e-01 1.457375698539252473e-01 4.148505436118781961e-03 3.608439634305687926e-02
1.000000000000000000e+00 3.884569771461994669e+00 5.301144028491197036e-01 1.839445755193784837e-01 3.840409769131505370e-03 4.315076618994609370e-02
1.000000000000000000e+00 1.748084203085691568e+00 5.088885721113617366e-01 1.691600879053213047e-01 1.419966529047684937e-03 4.054703029710414464e-02
1.000000000000000000e+00 6.829548722323544041e-01 4.990943171446888260e-01 1.652563756821019136e-01 2.667065999710340266e-03 2.608720598503211016e-02
1.000000000000000000e+00 3.068117664436014635e+00 5.246047161706038908e-01 1.817694490351017267e-01 5.499974093472774148e-03 1.295698428673836347e-02
1.000000000000000000e+00 5.534530336354639424e+00 5.328044967019545108e-01 1.954006391812750099e-01 3.878331909699118171e-03 1.729935781185240953e-02
1.000000000000000000e+00 2.709915688363658148e+00 5.090835039835822640e-01 1.630193246577977817e-01 6.163393385161354716e-03 2.212525179257982325e-02
1.000000000000000000e+00 2.463470943894072285e+00 5.018974249932259823e-01 1.723783501472418711e-01 6.172912984598838242e-03 1.639448778080154767e-02
1.000000000000000000e+00 2.506527258869013064e+00 4.851613183043914646e-01 1.631510508582835473e-01 4.627608416230444277e-03 2.613002257396163444e-02
1.000000000000000000e+00 4.640561519410600688e+00 5.302680133660466755e-01 1.770885687305372991e-01 5.570533535845351505e-03 2.507209381002159509e-02
1.000000000000000000e+00 6.036299121350323205e+00 5.348615652636504736e-01 1.768723867203197964e-01 5.219125101397552487e-03 1.954704594658561098e-02
1.000000000000000000e+00 4.187209592578216899e+00 5.157602288181067918e-01 1.620096365292471585e-01 3.734944705294205008e-03 1.597571018910630414e-02
1.000000000000000000e+00 5.209208497752827682e+00 4.876000960885968349e-01 1.475857318593356837e-01 1.306981307829529256e-03 1.497881826875113731e-02
1.000000000000000000e+00 2.735932025972085846e+00 4.902570022864063959e-01 1.682203309030134153e-01 3.446970991586929042e-04 6.023571760197597713e-03
1.000000000000000000e+00 2.213865090561606852e+00 4.894094545153923614e-01 1.652282091430239408e-01 7.883050666668228821e-04 1.063848053562930010e-02
1.000000000000000000e+00 2.181258484146668231e+00 5.085722591463783804e-01 1.639142015254534124e-01 2.553961333937104523e-03 1.214568947844127389e-02
1.000000000000000000e+00 1.717182258580608911e+00 5.148460089083236602e-01 1.699202840444477836e-01 3.391087832897089066e-03 2.235275431007244934e-02
1.000000000000000000e+00 1.053128394327754735e+00 5.050778758270102475e-01 1.734192499390908859e-01 2.522394116570556444e-03 1.323751312247677114e-02
1.000000000000000000e+00 3.277603442158690150e+00 4.941517595165492160e-01 1.747432341782182152e-01 3.163759784198531128e-03 1.977916999981997950e-02
1.000000000000000000e+00 2.632314326734903620e+00 4.848917846035533663e-01 1.607103129697720345e-01 5.319444080139403355e-03 1.483119760273675890e-02
1.000000000000000000e+00 3.671616092929670394e+00 4.773745924398626883e-01 1.591064657000603177e-01 3.986886390722407802e-03 3.608365200190120220e-02
1.000000000000000000e+00 2.794790381019021552e+00 4.866626380646110750e-01 1.519504218508803128e-01 2.083538314538110198e-03 4.072698805993694993e-02
1.000000000000000000e+00 3.610364763431429314e+00 5.258932081495274469e-01 1.764672341575420633e-01 2.987612719764690290e-03 4.557952496750410781e-02
1.000000000000000000e+00 5.536177912166504456e+00 5.073071557584954983e-01 1.859485784348240411e-01 3.325316481686543986e-03 6.251455973348132855e-02
1.000000000000000000e+00 4.223951995890031341e+00 4.953992322323408359e-01 1.551978142282501860e-01 3.797633614795814863e-04 8.402341838415822162e-02
1.000000000000000000e+00 2.025802733725125648e+00 4.928846139913760083e-01 1.595742886951380390e-01 1.036482632914046288e-03 8.544126390519576897e-02
1.000000000000000000e+00 2.314090170392275603e+00 4.907806781892966042e-01 1.574794797481889330e-01 1.056195171203393049e-03 6.704396756888859887e-02
1.000000000000000000e+00 2.309403195302743406e+00 4.964444405384790815e-01 1.712499719337054194e-01 2.931865806545274657e-04 6.026324452359509837e-02
1.000000000000000000e+00 2.096968823593805542e+00 5.014226321569699163e-01 1.614849721103867874e-01 2.231055578271715686e-03 7.573453437487760731e-02
1.000000000000000000e+00 3.792206555945115021e+00 5.083604318291768953e-01 1.831822776269065034e-01 3.162446292335881377e-03 6.510219966641250799e-02
1.000000000000000000e+00 3.358448467905316370e+00 5.207651600008011972e-01 1.849964019274381311e-01 3.150854496325098449e-03 6.771312000578226520e-02
1.000000000000000000e+00 2.714240193343895768e+00 4.922654053509563088e-01 1.531895442932838525e-01 2.848023597482544217e-03 4.857548488648436025e-02
1.000000000000000000e+00 1.480145991598031285e+00 4.983672566973963436e-01 1.725022846727347903e-01 1.904294216006792700e-03 5.724543934724853067e-02
1.000000000000000000e+00 3.934442704703828397e+00 5.202088471034524986e-01 1.880203606623825630e-01 6.740474504270046064e-04 5.793259233477697501e-02
1.000000000000000000e+00 5.571714405289424299e+00 4.690365258733296683e-01 1.546796446832019722e-01 1.076217425723122526e-03 8.509275767237614585e-02
1.000000000000000000e+00 5.279172507289834115e+00 5.093382986821982650e-01 1.878622460525134485e-01 1.674739893028047519e-03 1.024955998475192420e-01
1.000000000000000000e+00 1.475492858542367003e+00 4.998290527982537923e-01 1.682554201390201176e-01 8.708051891800458640e-04 1.091398929287583364e-01
1.000000000000000000e+00 2.178334759754081862e+00 5.034866938611947118e-01 1.644526356733959360e-01 9.411327447589644749e-04 7.985374917379822746e-02
1.000000000000000000e+00 3.814938333962671013e+00 5.049663152260154275e-01 1.586121325336073140e-01 1.981111866067631483e-03 8.409231323553137405e-02
1.000000000000000000e+00 1.298995559667900812e+00 5.012968840157220329e-01 1.680628099990104929e-01 2.781096657313276554e-03 7.016542884705689875e-02
1.000000000000000000e+00 3.187406519187830689e+00 4.958444112457919273e-01 1.611781598918945457e-01 4.087195983329294791e-03 7.303574554096253779e-02
1.000000000000000000e+00 5.262040667913989722e+00 4.918891245081317698e-01 1.527239426905851738e-01 4.173605489449640042e-03 7.513326925559510316e-02
1.000000000000000000e+00 4.741533401261163405e+00 5.148293282264697623e-01 1.807335510257786215e-01 5.360314905925275472e-03 5.768082257974979643e-02
1.000000000000000000e+00 5.708817218178951158e+00 4.753015801331549883e-01 1.507166733486718924e-01 5.954808620950383796e-03 4.337418021744199326e-02
1.000000000000000000e+00 1.616721273971535533e+00 5.128560362597480715e-01 1.764440344186994081e-01 5.051130748487367601e-03 2.560696824537328845e-02
1.000000000000000000e+00 1.592317732760804461e+00 5.039256066966846248e-01 1.699611347877774403e-01 5.897221890481269685e-03 2.217501300226758579e-02
1.000000000000000000e+00 2.272218906410557793e+00 5.129022053468363929e-01 1.720846078325267980e-01 5.791854391292624096e-03 3.277447640975806459e-02
1.000000000000000000e+00 1.134126317076725732e+00 4.959167160298554866e-01 1.618526957529694832e-01 3.373289029192498480e-03 4.699613698064880607e-02
1.000000000000000000e+00 2.321639373635040915e+00 4.843842689940900392e-01 1.560531702116523811e-01 3.457844133792524217e-03 5.439647547214199186e-02
1.000000000000000000e+00 1.169963524201039995e+00 4.945334681228379381e-01 1.669907009461890079e-01 2.369418592790491045e-03 6.005378677797611198e-02
1.000000000000000000e+00 1.178158345045952293e+00 5.000390073076363961e-01 1.645891723461615219e-01 4.196071047280128599e-03 4.193941243257728879e-02
1.000000000000000000e+00 1.836366359817182214e+00 4.927280308043388013e-01 1.644445838860959797e-01 7.728240979848338688e-04 2.711095888662376496e-02
1.000000000000000000e+00 3.358813611067353655e+00 4.997119345877301666e-01 1.555744077363280797e-01 1.907925283962742845e-03 5.070468316788241669e-02
1.000000000000000000e+00 4.016738520187466577e+00 4.922312202553593141e-01 1.484922054308341344e-01 3.984803803737152657e-03 3.082371352975674453e-02
1.000000000000000000e+00 4.788354495604931316e+00 4.922117892973341124e-01 1.505897729726217160e-01 6.630369615319217994e-03 3.087209809286265566e-02
1.000000000000000000e+00 3.516381225149399103e+00 5.263971802186235838e-01 1.832710826283260597e-01 4.702373766960457092e-03 3.965655838468447325e-02
1.000000000000000000e+00 2.046814740698976287e+00 5.182178685288619802e-01 1.756201007204817865e-01 3.521689805175078243e-03 4.526523240260208608e-02
1.000000000000000000e+00 1.814528314819779053e+00 5.158642450421004888e-01 1.738774051730168080e-01 3.386194759646060821e-03 4.663156156024512305e-02
1.000000000000000000e+00 2.511745550156744056e+00 5.139039411094186161e-01 1.800546624086752090e-01 5.023434013872443357e-03 3.516610695503873119e-02
1.000000000000000000e+00 3.668184541892778761e+00 5.170693148376670489e-01 1.705651526165311571e-01 5.589934898144593815e-03 4.155433201715982156e-02
1.000000000000000000e+00 3.982640330789717353e+00 5.043672126443188297e-01 1.563181791415034771e-01 4.322168326864801215e-03 4.432551914858638004e-02
1.000000000000000000e+00 3.477008773281664133e+00 5.244150223182822979e-01 1.874082043787548280e-01 1.492226749622464939e-03 4.251574260021749596e-02
1.000000000000000000e+00 2.515294051206543813e+00 4.879804843513107504e-01 1.548651533291819371e-01 1.409659120383529489e-03 4.712609258207339780e-02
1.000000000000000000e+00 2.288776914870448209e+00 5.207163996727742772e-01 1.782356911692487278e-01 3.462153079537060030e-03 4.526340516406446995e-02
1.000000000000000000e+00 3.804923358828356861e+00 5.106104622552204431e-01 1.671974363983304568e-01 4.900891323237219210e-03 5.762829447348145895e-02
1.000000000000000000e+00 2.605518475805967960e+00 5.107037219373189441e-01 1.681904912785848749e-01 4.792203065090483438e-03 4.772936649971429995e-02
1.000000000000000000e+00 1.709677524086622435e+00 4.852613805594725438e-01 1.590086310626824262e-01 2.255777070489105047e-03 4.691308239079046427e-02
1.000000000000000000e+00 1.960276096322657535e+00 5.023307124410303359e-01 1.625841163977617132e-01 3.585613514940815330e-03 5.645751029696319256e-02
1.000000000000000000e+00 9.132312414823438473e+00 5.138834077363589881e-01 1.908942279855253277e-01 4.834486633091605000e-03 6.904944324908583730e-02
1.000000000000000000e+00 7.068022561327452102e+00 5.024498636589480594e-01 1.597746610517657151e-01 5.082741863900394792e-03 7.851560047707988044e-02
1.000000000000000000e+00 7.551859782798199916e+00 5.111753306423708620e-01 1.583264220915486797e-01 4.099434285554743804e-03 7.545012540987967864e-02
1.000000000000000000e+00 6.559081055318738862e+00 5.350280166478246224e-01 1.813197906840784968e-01 3.907512183370893261e-03 5.921382359073773527e-02
1.000000000000000000e+00 4.082191384680339930e+00 5.191041275898455876e-01 1.733865585978773272e-01 5.136249104808728386e-03 5.111703958293969258e-02
1.000000000000000000e+00 7.495918060052443543e+00 4.666188051273940096e-01 1.489132501745336346e-01 5.330239743425592425e-03 4.630392771189810464e-02
1.000000000000000000e+00 4.249619133421251860e+00 4.984931786658242103e-01 1.515979239829626235e-01 4.014102739214287299e-03 4.113499371075694799e-02
1.000000000000000000e+00 6.811937713693244412e+00 4.870799044467084560e-01 1.730895182645138253e-01 5.066917856102069219e-03 3.755490870502651429e-02
1.000000000000000000e+00 5.948981702350735645e+00 4.695686993511611340e-01 1.550149430801109618e-01 4.116221697242220326e-03 4.491890909762064066e-02
1.000000000000000000e+00 7.490588211695381027e+00 5.187187562836270693e-01 1.853346973630205230e-01 6.870904587407512115e-03 4.923676371946804353e-02
1.000000000000000000e+00 7.641161564867475775e+00 5.115640411162474255e-01 1.548193693314554031e-01 4.673090502552412415e-03 4.932862700402004807e-02
1.000000000000000000e+00 4.051871985713209057e+00 4.868110794217911375e-01 1.714823170062911295e-01 2.174832163983452925e-03 3.444261080738668379e-02
1.000000000000000000e+00 3.766652484519039223e+00 5.239510849547263094e-01 1.856004207895910751e-01 7.482423668419839642e-04 3.982218895874228837e-02
1.000000000000000000e+00 4.314771311794651787e+00 5.079489819036089315e-01 1.566278100226393133e-01 2.795746905602584237e-03 2.814872354794774323e-02
1.000000000000000000e+00 4.885825188875950076e+00 5.276175310419221054e-01 1.921959904120197349e-01 4.757211309446633153e-03 2.215392358953719928e-02
1.000000000000000000e+00 2.677916787453301861e+00 4.875338269714557526e-01 1.609896409291087238e-01 5.540461465432413961e-03 3.606814973191133783e-02
1.000000000000000000e+00 2.277756929272636732e+00 4.890919062774828352e-01 1.625773181614439400e-01 5.227100271913329675e-03 3.577866572188013322e-02
1.000000000000000000e+00 2.324621711428352278e+00 4.831603580643378804e-01 1.592182037856043342e-01 1.292395226616085274e-03 4.461279615794381398e-02
1.000000000000000000e+00 2.241041249306732652e+00 4.846298273850203064e-01 1.562778920993822540e-01 2.832461603452444358e-03 6.290327821700766875e-02
1.000000000000000000e+00 4.008868418587400839e+00 5.280376353238054321e-01 1.810298434491569852e-01 1.936688099822846164e-03 6.996756735709559749e-02
1.000000000000000000e+00 3.452796561251525898e+00 4.815783033228968613e-01 1.595897123901144909e-01 1.694725369761379725e-04 7.256453063647400059e-02
1.000000000000000000e+00 3.277043371865211441e+00 5.079676112912940855e-01 1.669290716637550354e-01 2.225958738649006267e-04 8.222374070600871332e-02
