1.000000000000000000e+00 1.799788375158921951e+02 4.904940686975826636e-01 1.603240314302312175e-01 4.870551490906722264e-05 8.624840415731069299e-02
1.000000000000000000e+00 1.126280057361806684e+02 6.836829999377447287e-01 3.014011245273769957e-01 6.933206864748421225e-03 5.301694658911303148e-02
1.000000000000000000e+00 6.485361540660615276e+01 4.155072902760805764e-01 1.037054493938553146e-01 7.644317457758889253e-03 4.437048582844795724e-02
1.000000000000000000e+00 8.746028276810202229e+00 4.797505229488762679e-01 1.375123758570608590e-01 3.333759494681018745e-03 5.251971012488022839e-02
1.000000000000000000e+00 6.905664386542722077e+00 5.228628812062627862e-01 1.656017704484075148e-01 1.441474404273864916e-03 4.380247352626239626e-02
1.000000000000000000e+00 4.270776863664639045e+00 4.757900095819838082e-01 1.506811851595350471e-01 9.385896933861569581e-04 6.539209662424132208e-02
1.000000000000000000e+00 4.143788537009580608e+00 5.164922165393672771e-01 1.873771896579068119e-01 3.273381473892383355e-04 7.482479379010796572e-02
1.000000000000000000e+00 2.662194756284572250e+00 5.156064753776397058e-01 1.712645141279993954e-01 1.939340507025027549e-03 8.059307982928325120e-02
1.000000000000000000e+00 4.408721833912216503e+00 5.306255951839121687e-01 1.860832717237331235e-01 1.747929293039366056e-03 8.324516429342775081e-02
1.000000000000000000e+00 4.874543259720627297e+00 5.210718151405071552e-01 1.909440042269774096e-01 2.382005144080733862e-03 8.666880169520994881e-02
1.000000000000000000e+00 5.840838941481780289e+00 5.353562776819811297e-01 1.919958958138846261e-01 2.553675393452814208e-03 8.484524109322007235e-02
1.000000000000000000e+00 5.816720949958276599e+00 4.956608574465304340e-01 1.488821909023635703e-01 1.693254924567437741e-03 7.988447124724602777e-02
1.000000000000000000e+00 3.227005573876478461e+00 4.789077108216894807e-01 1.525669392075309494e-01 1.750417069176009094e-03 7.384763622359973023e-02
1.000000000000000000e+00 2.437613870138402028e+00 5.127727899798094624e-01 1.753078686292634525e-01 5.427226882891420835e-04 6.743495241797833883e-02
1.000000000000000000e+00 2.499477237686559938e+00 4.883351882706496450e-01 1.663112703062494258e-01 5.669053655619562832e-04 5.225767461238271100e-02
1.000000000000000000e+00 3.296731801014433305e+00 4.847949029870211590e-01 1.487285724611198123e-01 2.937283477977824589e-03 2.534138601836135457e-02
1.000000000000000000e+00 2.354274471443182914e+00 5.190627463861190449e-01 1.838150510647971470e-01 2.732558062388871362e-03 4.118774136989714063e-02
1.000000000000000000e+00 2.713278911263916626e+00 4.846343848899853923e-01 1.659412175071029449e-01 1.853482486864272468e-03 4.088462980726642604e-02
1.000000000000000000e+00 1.969020483640666175e+00 5.167501700013095167e-01 1.794734690865540105e-01 3.086061441130079699e-03 5.269271745356770426e-02
1.000000000000000000e+00 2.242199947750989075e+00 5.219758463771599910e-01 1.783431735292574927e-01 3.485016892231961125e-03 3.581119926174312906e-02
1.000000000000000000e+00 1.206372925656695072e+00 4.996017550015786624e-01 1.628186812428349117e-01 4.471142127530185195e-03 3.606528263604597689e-02
1.000000000000000000e+00 1.191174955293226700e+00 4.987140612578074839e-01 1.676212438304974517e-01 4.579011207728146335e-03 3.599638749118366093e-02
1.000000000000000000e+00 1.837674756304004120e+00 5.140855790728094954e-01 1.789006350789700550e-01 2.857498391424153489e-03 5.796524916237191100e-02
1.000000000000000000e+00 1.810229887425397477e+00 5.159814288139097371e-01 1.800549141099672679e-01 4.026273855482121258e-03 3.246183113673677817e-02
1.000000000000000000e+00 2.302099525966945670e+00 5.118125707941741931e-01 1.824173603978556657e-01 2.378389873403195104e-03 4.010611937787926518e-02
1.000000000000000000e+00 4.284715311728295006e+00 5.326014235690130771e-01 1.881962033935378475e-01 2.362358838241908777e-03 2.119018305662859203e-02
1.000000000000000000e+00 4.171008036868578017e+00 4.717196067311015817e-01 1.516815527365533156e-01 2.624755544756863634e-03 2.509156862323385501e-02
1.000000000000000000e+00 2.897009184174324403e+00 4.820942998938450574e-01 1.636857928799115292e-01 2.314538137416764698e-03 2.074816432244130579e-02
1.000000000000000000e+00 1.989663028966660807e+00 4.879912190603363231e-01 1.657347862073091926e-01 3.758587356927312224e-03 2.427821582196148728e-02
1.000000000000000000e+00 2.538751005396739480e+00 4.837323521119882841e-01 1.623107330428565087e-01 4.093359814682955185e-03 3.523885934638332218e-02
1.000000000000000000e+00 2.377721815418908147e+00 5.163795514187604629e-01 1.832661910990766863e-01 3.865561063593874521e-03 3.062389368253493754e-02
1.000000000000000000e+00 2.520864881415966874e+00 4.984040979554574813e-01 1.549366458926904055e-01 4.517373737613085069e-03 2.676030909424747736e-02
1.000000000000000000e+00 2.742397740964820141e+00 5.123214537041995698e-01 1.742580093074811987e-01 5.560431563046758750e-03 4.217115945333665961e-02
1.000000000000000000e+00 1.436364801009285541e+00 5.050133225024030503e-01 1.763751269497211838e-01 2.777736630427900255e-03 2.028557282922180058e-02
1.000000000000000000e+00 8.228489107585176265e-01 4.961432445942736691e-01 1.651889005651136777e-01 2.746150928467593327e-03 1.398352977862271987e-02
1.000000000000000000e+00 1.381340617885515432e+00 4.946124046785131401e-01 1.686590531101855306e-01 3.376510724923011911e-03 1.189782530995724986e-02
1.000000000000000000e+00 3.670486197846378751e+00 5.148747418246982788e-01 1.657082957362337738e-01 2.004832423001876376e-03 7.858920035000407228e-03
1.000000000000000000e+00 1.679750654352246464e+00 5.047637932715547393e-01 1.689839569802482622e-01 1.248619915985356432e-03 3.789463653665245055e-03
1.000000000000000000e+00 1.073257928716232890e+01 5.317415449774541836e-01 1.645383984190736948e-01 2.710440770045682325e-03 8.262279078698980470e-03
1.000000000000000000e+00 1.016733124098858632e+01 5.542071469733500511e-01 2.000185840783270663e-01 3.331092837917132721e-03 6.838856948804964211e-03
1.000000000000000000e+00 9.842652169904628323e+00 5.425035294184460399e-01 2.053198407621364407e-01 4.623340209932087427e-03 3.413673087761077973e-02
1.000000000000000000e+00 8.905396812016961761e+00 5.186778019396993678e-01 1.937785648585327036e-01 6.038898291959927597e-03 1.216455152685375768e-02
1.000000000000000000e+00 6.562377492539795298e+00 4.776074638171333708e-01 1.426700404918776477e-01 6.815620527305218251e-03 1.850322109857394093e-02
1.000000000000000000e+00 3.706553836394743673e+00 4.921764052393340916e-01 1.666905253900164419e-01 5.943900616912091081e-03 2.768775731086376563e-03
1.000000000000000000e+00 2.125546635551106789e+00 4.891840082962193859e-01 1.640268680769397525e-01 4.998019731539022313e-03 1.293675565203526896e-02
1.000000000000000000e+00 1.710926445689288977e+00 4.991324266924908604e-01 1.649565931990486511e-01 4.860232656065587194e-03 2.887234773369393506e-03
1.000000000000000000e+00 1.158081972485289768e+00 4.934517203943792341e-01 1.596616491049501207e-01 3.040056448527392492e-03 1.252521752841940887e-02
1.000000000000000000e+00 1.992621866078708948e+00 5.183370684270263151e-01 1.814070248818527853e-01 3.885282049024423728e-03 1.574563028926074040e-02
1.000000000000000000e+00 2.948795845698705342e+00 5.109627774019552815e-01 1.622981251316823470e-01 3.966348960527357054e-03 7.585821716284494795e-03
1.000000000000000000e+00 4.628312992069750109e+00 5.268581457634472498e-01 1.800759995959959614e-01 7.969449630794642192e-04 2.730305617212134411e-02
1.000000000000000000e+00 2.886412091248161893e+00 4.887289280010398418e-01 1.610807066015666755e-01 6.308573260761047782e-05 2.440894064232005875e-02
1.000000000000000000e+00 3.430484618722755563e+00 4.999420844877691117e-01 1.603231080718620083e-01 3.593342224023716373e-04 2.931644873441272350e-02
1.000000000000000000e+00 4.208653991969743657e+00 5.123587935585379727e-01 1.617334592359715162e-01 1.962212827598077813e-03 1.693958446859792494e-02
1.000000000000000000e+00 5.481541874094098432e+00 5.262434329604110950e-01 1.945920282470138263e-01 1.837972837446177074e-03 1.417090078834081120e-02
1.000000000000000000e+00 2.816191207441535838e+00 5.109301112068108663e-01 1.830017948585642151e-01 2.106678730550779442e-03 1.019748596821015707e-02
1.000000000000000000e+00 3.250427876892277634e+00 4.765830486831263424e-01 1.552891954995015977e-01 4.093212258517076388e-03 1.962507373946709155e-02
1.000000000000000000e+00 5.999284287483170885e+00 4.767436792930723199e-01 1.438451109952358087e-01 1.322930326503166890e-03 3.662267669229535283e-02
1.000000000000000000e+00 1.679916588060355265e+00 5.181234269943459925e-01 1.797502406867600988e-01 3.497295654102578182e-03 2.221213641573779179e-02
1.000000000000000000e+00 1.041537497834564618e+00 5.123329241557047498e-01 1.748868692060271401e-01 3.787571162930328944e-03 2.423457369186145932e-02
1.000000000000000000e+00 1.090672153257686627e+00 4.996683935793457820e-01 1.632135263582902285e-01 4.270713991949935152e-03 3.644486215779017824e-02
1.000000000000000000e+00 1.432045670595379905e+00 5.086671524501896746e-01 1.773776619497267337e-01 2.127561498733878016e-03 2.420362356119068470e-02
1.000000000000000000e+00 1.181206909385315917e+00 4.908698088674072757e-01 1.651440223305420396e-01 2.921632785941508017e-03 2.308927490714715938e-02
1.000000000000000000e+00 2.568593850947164636e+00 5.225469622863134767e-01 1.802766051414654291e-01 4.167908080907375967e-03 6.953396377713642190e-03
1.000000000000000000e+00 1.848147112015694038e+00 4.999329347231034060e-01 1.577716748822159676e-01 4.425268975439495232e-03 1.653077367120139168e-02
1.000000000000000000e+00 8.544596635254725348e-01 5.025308459850893472e-01 1.718823784928863729e-01 3.531776346670752360e-03 2.000992352884514019e-02
1.000000000000000000e+00 3.263715421181676568e+00 5.292265483506080059e-01 1.834498910185051179e-01 3.565306647095999038e-03 2.362583069438391192e-02
1.000000000000000000e+00 1.484260864223389875e+00 4.940561377420983891e-01 1.583322071378185369e-01 5.076677191725780143e-03 1.624173409868780171e-02
1.000000000000000000e+00 1.744679140848778287e+00 4.978808578997227507e-01 1.733052885309169511e-01 3.023807062559279689e-03 1.853543335004238443e-02
1.000000000000000000e+00 9.048799159126834635e-01 4.990555207936198667e-01 1.688551628201884480e-01 2.614089407913299488e-03 1.188538310235656356e-02
1.000000000000000000e+00 1.792666690883964575e+00 5.024782774718470346e-01 1.648965185697179592e-01 1.266481162193829405e-03 1.811411805428808641e-02
1.000000000000000000e+00 2.120614115465422334e+00 5.115728893738513694e-01 1.814107740323862017e-01 2.447106357235197260e-03 1.761961642622884849e-02
1.000000000000000000e+00 4.485639237551216851e+00 4.720363222499741052e-01 1.525815003987375795e-01 1.701895474344735076e-03 1.191484348599573806e-02
1.000000000000000000e+00 3.123865821765387185e+00 5.210555539182109008e-01 1.701888125696963683e-01 3.759427608362260823e-03 2.403375413656882315e-02
1.000000000000000000e+00 3.880152404951450862e+00 5.296641342615125980e-01 1.851520157415987855e-01 5.405046249959209737e-03 2.621957542506402755e-02
1.000000000000000000e+00 1.538218259459368520e+00 5.013870587707299764e-01 1.676858898021969524e-01 4.466899186454410808e-03 2.232534789374376188e-03
1.000000000000000000e+00 4.206876162752876347e+00 5.172343983396450184e-01 1.868074419468321312e-01 5.205212994731027443e-03 2.596275844196935245e-02
1.000000000000000000e+00 2.539581156943437001e+00 4.978864368822625841e-01 1.551897346362280938e-01 5.357856588229086350e-03 2.123337996174437872e-02
1.000000000000000000e+00 3.117624980547264890e+00 5.194419867710695637e-01 1.855905095109125491e-01 3.111624388882540653e-03 4.454380352417519617e-03
1.000000000000000000e+00 2.865196896526478909e+00 4.849177080840963994e-01 1.512748905166016455e-01 2.195305699125352054e-03 2.489606482302541071e-02
1.000000000000000000e+00 1.678570282081455645e+00 5.070410634152450191e-01 1.646448947305150512e-01 2.406581003925658060e-03 2.028570468043484204e-02
1.000000000000000000e+00 7.850741874984337176e-01 5.035224211376083669e-01 1.708573868118453687e-01 2.386835941373630001e-03 2.396114131336750039e-02
1.000000000000000000e+00 2.594216459581849765e+00 4.854599506825620914e-01 1.534651921878762981e-01 1.841831769110934165e-03 1.776650921501961300e-02
1.000000000000000000e+00 1.725823497317724442e+00 4.990934643744442956e-01 1.666994855088666516e-01 8.677486048326368828e-04 9.836722415457478316e-03
1.000000000000000000e+00 2.348424841193652135e+00 5.207331323220889541e-01 1.765044443842684052e-01 2.476219140962005513e-03 1.729561963713633840e-02
1.000000000000000000e+00 1.143491375021383316e+00 5.002788212888752417e-01 1.714201666322212048e-01 1.676535219672595917e-03 4.347624654863233018e-02
1.000000000000000000e+00 1.459197943091306016e+00 5.028111794447728267e-01 1.676330617440492110e-01 1.143553297100878465e-03 4.389134507324876644e-02
1.000000000000000000e+00 1.015719573222680916e+00 4.985768758803340583e-01 1.671110337711440019e-01 1.664195826867733829e-03 3.080064904106977891e-02
1.000000000000000000e+00 1.509307873216722884e+00 5.132546602403270652e-01 1.722918727336204547e-01 2.242614108586838285e-03 3.387118727473933943e-02
1.000000000000000000e+00 1.647092642378280791e+00 4.944133332386680402e-01 1.563728101100214929e-01 3.116975141401529068e-03 2.545298026043194689e-02
1.000000000000000000e+00 1.169326186456351557e+00 4.951318191198956220e-01 1.684501597825026342e-01 3.827552839156163952e-03 2.474591157560679031e-02
1.000000000000000000e+00 1.091088032566735144e+00 5.012421837559057902e-01 1.727672100938342781e-01 3.450789501504166433e-03 2.636364281461239453e-02
1.000000000000000000e+00 1.873641461624570903e+00 4.927782019911575717e-01 1.554888975636974924e-01 2.937613907769673609e-03 1.530491929539263760e-02
1.000000000000000000e+00 1.488880289552125591e+00 4.911794514860399197e-01 1.620002371478558023e-01 1.768930084816274385e-03 8.977878429578891456e-03
1.000000000000000000e+00 3.534377933203959543e+00 4.982199462207022034e-01 1.550250061492559894e-01 1.618733818484256086e-03 1.641670132913867000e-02
1.000000000000000000e+00 1.171874131880655590e+00 5.042801258229081540e-01 1.724019278745189954e-01 2.102342011685000289e-03 8.457374065124294987e-03
1.000000000000000000e+00 2.295184654481864595e+00 5.135460346098328355e-01 1.790042991537576234e-01 1.246561443695041408e-03 1.383775293442742610e-03
1.000000000000000000e+00 5.221333025869098421e+00 5.214558080970472798e-01 1.910284340125279201e-01 4.385596065942525164e-05 1.564711386303919982e-02
1.000000000000000000e+00 2.917521174998756628e+00 5.189104442944252327e-01 1.823892618908634078e-01 1.079458989356158784e-03 8.895611911877373407e-03
1.000000000000000000e+00 1.340035252912757047e+00 4.968038009317866655e-01 1.675893009890694896e-01 3.196860746183350505e-03 1.793792390412550161e-03
1.000000000000000000e+00 3.358700321718654180e+00 5.219527646492849726e-01 1.736616060927339278e-01 2.156416028016932065e-03 1.206433155104729392e-02
1.000000000000000000e+00 3.817629795814156068e+00 4.835158067508883994e-01 1.470474410203553295e-01 3.038142855262159891e-03 2.031544127751394591e-02
1.000000000000000000e+00 4.684378953345661678e+00 4.986516755512298005e-01 1.537713251386621516e-01 6.380028786849904938e-03 4.193375149606361207e-03
1.000000000000000000e+00 1.836039008409831919e+00 5.029158528122710248e-01 1.693756990136409124e-01 6.221752209390426537e-03 1.765169420378056436e-02
1.000000000000000000e+00 7.321147924148929675e-01 5.039788889971028585e-01 1.716591430552354969e-01 2.828917934789437934e-03 3.178168212055949154e-02
1.000000000000000000e+00 2.493640561921339316e+00 4.908893153626751049e-01 1.683094836077024814e-01 4.512664782598237515e-04 3.995994808135515386e-02
1.000000000000000000e+00 2.062403370672080793e+00 5.120837151858044223e-01 1.732852944738520473e-01 1.078133051354701090e-03 2.705877693779438348e-02
1.000000000000000000e+00 6.021556573132758494e+00 4.958497199916347409e-01 1.815604397335611464e-01 1.295518263469561766e-03 3.555593526764334183e-02
1.000000000000000000e+00 2.812067704068997198e+00 4.791084151103143229e-01 1.524208080715698799e-01 2.685093373062065990e-03 4.362232215034147348e-02
1.000000000000000000e+00 2.717640915127585099e+00 4.835666294957465805e-01 1.648318734576667000e-01 2.129268012824936558e-03 2.886736528329241283e-02
1.000000000000000000e+00 1.256552819116174335e+00 4.969123110290247780e-01 1.636977376601460588e-01 1.513313348187771004e-03 3.761360316350062516e-02
1.000000000000000000e+00 1.265234256896223375e+00 4.940104709082934198e-01 1.665848803403352230e-01 1.671740162460740508e-03 2.064119047675724503e-02
1.000000000000000000e+00 2.497804613813852992e+00 4.953678951152513665e-01 1.719291266838283150e-01 3.831202261847558091e-03 5.799010167513479058e-03
1.000000000000000000e+00 8.798652259557182553e-01 4.971350897929037727e-01 1.630537058116257321e-01 4.086534582484539074e-03 1.254091424883362407e-02
1.000000000000000000e+00 2.032316051047215133e+00 5.153443002674645834e-01 1.794486682963921109e-01 1.623601311158206530e-03 1.658069192317495819e-02
1.000000000000000000e+00 2.120348743972297889e+00 4.836223388363860010e-01 1.535373553300520832e-01 4.101164503416670354e-03 1.852797364858102189e-02
1.000000000000000000e+00 1.334429681693930059e+00 4.951447086294846200e-01 1.586234013962031231e-01 2.748446460480732413e-03 2.132681040810669240e-02
1.000000000000000000e+00 2.557004806558663468e+00 4.844113161763355935e-01 1.524366586259329193e-01 2.254788655632488596e-03 2.185542875138311511e-02
1.000000000000000000e+00 1.030253336491131710e+00 4.953502694407699858e-01 1.599564606287852409e-01 3.989431949501492936e-03 2.943541284397418328e-02
1.000000000000000000e+00 1.372249746189281749e+00 4.873183382528079033e-01 1.579046425349275307e-01 3.361584494892298509e-03 1.886868386738162207e-02
1.000000000000000000e+00 1.164960447053469572e+00 5.087720938798709902e-01 1.669498296457743169e-01 3.358277723828096643e-03 2.543026580197584041e-02
1.000000000000000000e+00 2.323309629805070387e+00 4.931338736914210874e-01 1.545999127288101849e-01 2.340720334021528012e-03 2.530198999615724392e-02
1.000000000000000000e+00 4.252866720362684205e+00 5.024582322224988573e-01 1.533504148146711821e-01 3.877591055012890621e-03 3.839524119192407742e-02
1.000000000000000000e+00 5.404823314019233216e+00 4.825992127465735804e-01 1.434996424034586937e-01 2.632024101913033737e-03 2.828831599934115287e-02
1.000000000000000000e+00 2.666307081616904107e+00 5.161664197814808119e-01 1.830392396230066665e-01 4.032437105721021174e-03 4.158832750862984096e-02
1.000000000000000000e+00 3.636588038783609811e+00 5.270556659420081447e-01 1.864309185948095360e-01 5.003711320903694339e-03 2.980763010700300530e-02
1.000000000000000000e+00 6.674896693276280990e-01 4.977699384206495936e-01 1.648348092254247887e-01 2.834147575433389275e-03 2.232933297937066477e-02
1.000000000000000000e+00 1.567784014397200609e+00 5.133645836383464722e-01 1.694350899021071499e-01 3.164119669775112068e-03 2.276975805403455913e-02
1.000000000000000000e+00 2.134762824470677778e+00 4.938230077879924851e-01 1.703014612765698377e-01 8.921996817314562130e-04 2.341245593986669010e-02
1.000000000000000000e+00 1.990068387050551557e+00 4.998312865263470073e-01 1.670061491961039868e-01 4.722682715803001039e-04 3.592671855122837876e-02
1.000000000000000000e+00 3.120398644040585534e+00 5.137799791483397271e-01 1.687698500586214401e-01 1.201491004851765968e-03 1.379436865977957255e-02
1.000000000000000000e+00 2.055362776914916090e+00 5.051879055792857232e-01 1.688999796365496242e-01 7.683692431302199246e-04 7.184683813015347621e-03
1.000000000000000000e+00 2.843287358449921864e+00 4.790107993071114345e-01 1.511914802368504729e-01 3.904978769480467980e-03 1.954755344003499332e-02
1.000000000000000000e+00 3.129079869970372574e+00 4.811401247955111593e-01 1.505191532902876161e-01 2.111966475345494580e-03 3.550193394686664700e-02
1.000000000000000000e+00 4.804604251035140550e+00 4.888176765798394885e-01 1.478952189200658240e-01 3.922432626047852450e-03 5.323439252037603930e-02
1.000000000000000000e+00 4.259719649527056617e+00 5.286963937922775081e-01 1.857586682201885497e-01 5.709585028076511262e-03 3.128254766896421124e-02
1.000000000000000000e+00 4.584247445356083972e+00 4.963006682894465782e-01 1.698045709573516304e-01 7.641017673923934835e-03 1.398254503605743729e-02
1.000000000000000000e+00 6.303816372776168464e+00 4.694538344642631977e-01 1.445071599618010794e-01 5.505954281626577497e-03 3.198224180429357077e-02
1.000000000000000000e+00 8.900233191460653615e-01 4.952521656383311877e-01 1.617392930579228394e-01 2.924232690066216108e-03 1.698707415063402393e-02
1.000000000000000000e+00 1.943149138727530589e+00 4.873354063240703526e-01 1.571353314915205912e-01 3.577505052920748000e-03 3.811074493789239764e-03
1.000000000000000000e+00 8.447556599445142922e-01 4.981837183055785601e-01 1.641997409594954938e-01 4.346562740134042591e-03 1.383709366501200896e-02
1.000000000000000000e+00 9.494582334109556987e-01 5.081764087935581875e-01 1.728843541279101725e-01 3.681696664485241931e-03 1.229414624760368120e-02
1.000000000000000000e+00 6.399508529370426579e+00 5.278474920856636166e-01 1.967834195039548928e-01 3.622417730640450657e-03 2.036721244961779698e-02
1.000000000000000000e+00 3.801753852820772384e+00 5.280642928730665542e-01 1.763175547129819665e-01 3.937284673447694408e-03 1.499541742009976100e-02
1.000000000000000000e+00 9.967569501950781508e-01 5.032069976946672574e-01 1.706483638401922742e-01 4.223066117491029205e-03 1.140085559158251702e-02
1.000000000000000000e+00 1.267584664432720443e+00 4.974367430032238246e-01 1.626692775042216932e-01 2.213569655556365135e-03 7.481618961819748621e-03
1.000000000000000000e+00 1.581940978994543112e+00 5.156614331029483189e-01 1.734586818145824882e-01 3.581895511760125033e-03 1.074921149544456195e-02
1.000000000000000000e+00 2.294783778864356361e+00 5.113191000568668709e-01 1.636593578418615025e-01 4.098412921684890797e-03 1.911668233738808564e-02
1.000000000000000000e+00 3.412287006577892523e+00 4.815281179333806838e-01 1.624725373606018541e-01 4.372334096442189594e-03 3.580837995027325721e-02
1.000000000000000000e+00 4.099894766658003675e+00 4.771120859425083682e-01 1.518553993144805547e-01 5.769133773897349923e-03 2.907237073307285258e-02
1.000000000000000000e+00 2.608904586852843543e+00 5.119860166844105720e-01 1.826677305470066071e-01 1.539564428902821455e-03 1.924759211389762137e-02
1.000000000000000000e+00 3.562067958242452370e+00 5.078804912704313335e-01 1.578570037337452547e-01 4.097751298594560707e-03 1.050196471489589153e-02
1.000000000000000000e+00 3.337190885448509725e+00 4.858069795688214065e-01 1.501579713967916563e-01 2.665239369634925769e-03 5.326265194244730709e-03
1.000000000000000000e+00 2.173585706203353674e+00 4.893516256314257018e-01 1.635994322856127448e-01 6.385414161422767361e-04 2.760317657979585032e-02
1.000000000000000000e+00 1.876881103693677666e+00 4.921142381430225754e-01 1.688580480047290888e-01 1.347522895285608539e-03 3.023565588016655786e-02
1.000000000000000000e+00 2.916285244099988905e+00 5.058473839842710928e-01 1.684121954611746408e-01 6.407514340091963710e-05 2.583627771260898348e-02
1.000000000000000000e+00 3.979116039932899085e+00 5.131237886586474950e-01 1.870388735326270202e-01 3.178205861270592958e-03 2.704204929134728166e-02
1.000000000000000000e+00 9.794817972517956273e-01 4.952608055536591447e-01 1.631497031901562034e-01 2.183855007957884523e-03 4.612896641891514604e-02
1.000000000000000000e+00 1.231200610645904359e+00 4.936054125664418035e-01 1.663579973214448782e-01 1.719814557901139847e-03 6.102715560919204363e-02
1.000000000000000000e+00 2.014156454924963313e+00 5.102002194838460847e-01 1.802496500731159690e-01 2.790166726291550079e-03 5.066592608928700836e-02
1.000000000000000000e+00 8.840376206762603495e-01 4.976983440089840505e-01 1.618179671572267664e-01 3.129974962381062206e-03 3.240536131848842372e-02
1.000000000000000000e+00 1.685765724982105862e+00 5.022996422236936098e-01 1.658144943074048028e-01 1.203675539476311250e-03 1.807430170351860543e-02
1.000000000000000000e+00 5.581584787306400841e+00 5.363443728316460435e-01 1.855958029920307117e-01 1.970738249221990358e-03 2.864298466047194430e-02
1.000000000000000000e+00 1.639614285349516143e+00 4.936320804819453456e-01 1.700920946629854991e-01 2.275509942841140009e-03 4.537939862442397221e-02
1.000000000000000000e+00 1.388370371610666121e+00 5.029638370737390396e-01 1.739603513756626252e-01 2.312315879611214278e-03 6.583366581237616588e-02
1.000000000000000000e+00 2.347874744472234987e+00 4.948011283405953087e-01 1.576770271108276777e-01 2.168390376094945626e-03 8.313926181673962634e-02
1.000000000000000000e+00 3.454177103978211871e+00 5.030414839222963064e-01 1.794685617588067106e-01 2.626082012438662149e-03 8.769626179822931356e-02
1.000000000000000000e+00 2.377552703515291910e+00 4.884639878867866325e-01 1.654688971731888836e-01 2.580549076266112473e-03 8.470875097122740338e-02
1.000000000000000000e+00 2.390857363099451405e+00 4.961808714539645004e-01 1.705552098142714412e-01 2.616750427350849739e-03 9.818514190388204221e-02
1.000000000000000000e+00 1.723543599731662601e+00 4.924696580405638624e-01 1.615258144073756508e-01 1.073267469621806648e-03 9.426714253613024952e-02
1.000000000000000000e+00 2.550668000146346870e+00 5.085946747109666433e-01 1.762438272174297604e-01 3.414044021141031393e-03 7.627695266976342037e-02
1.000000000000000000e+00 2.655625057903014508e+00 5.077091343828828984e-01 1.637187595982480259e-01 3.237777013689669900e-03 6.255418282779783012e-02
1.000000000000000000e+00 4.403888939781025691e+00 5.193641125485931598e-01 1.904427538790023633e-01 1.747598646767516443e-03 7.169508805703665721e-02
1.000000000000000000e+00 4.796347288194241720e+00 5.218568202971530789e-01 1.868660527065304222e-01 3.844753323470889196e-03 7.329849338456442820e-02
1.000000000000000000e+00 2.033948316753170005e+00 5.019907417159245044e-01 1.694470395001237417e-01 4.209181789938127270e-03 5.831772727232012454e-02
1.000000000000000000e+00 1.930276576351387607e+00 5.049939589994185685e-01 1.660024248618690579e-01 4.058281372245437987e-03 5.411840432510455629e-02
1.000000000000000000e+00 1.447562650300631582e+00 5.128355970676998776e-01 1.769048869541306190e-01 3.136150621124840672e-03 4.722989389472754401e-02
1.000000000000000000e+00 1.009187326765213166e+00 4.991036444008583595e-01 1.668210678633599564e-01 1.678410188886195285e-03 3.252539329060569889e-02
1.000000000000000000e+00 2.012934407253990532e+00 4.936206513729798351e-01 1.574033707287894046e-01 1.811436635921460274e-03 1.840057811795927506e-02
1.000000000000000000e+00 1.659756986854228122e+00 4.911397117477971919e-01 1.678332949661432982e-01 1.956241902640672766e-03 2.801952406873735313e-02
1.000000000000000000e+00 2.380258947140478032e+00 5.010374954213391296e-01 1.736478572668503362e-01 2.320275975051500593e-04 8.360406162553651876e-03
1.000000000000000000e+00 1.426403548145821487e+00 5.114473214456862760e-01 1.691203654916315635e-01 3.547967862786197482e-03 1.026028290440682278e-02
1.000000000000000000e+00 1.975000123816105013e+00 4.889108773606283265e-01 1.661797922679168482e-01 2.024112056949728140e-03 8.925290329922293264e-03
1.000000000000000000e+00 2.394896530717133487e+00 4.979919670171725765e-01 1.638280975212954016e-01 4.456071527586548918e-04 3.302904902247758012e-03
1.000000000000000000e+00 4.603367658259151618e+00 4.835825033848767385e-01 1.696826198723160040e-01 1.293755758090387288e-03 1.761399214030962349e-02
1.000000000000000000e+00 2.026293344632295490e+00 5.003840623892473749e-01 1.602385288658718099e-01 1.810127398645535769e-03 4.787150704744767837e-02
1.000000000000000000e+00 1.697003545591210028e+00 4.952703567048090116e-01 1.687260572639449618e-01 9.364883712927699359e-04 2.769409324181513338e-02
1.000000000000000000e+00 1.992640454106013204e+00 5.059580531442759987e-01 1.725281240027585761e-01 5.190004798781417111e-04 3.943739270032525779e-02
1.000000000000000000e+00 1.611579611591974270e+00 4.935786435713233056e-01 1.638816437697141470e-01 9.254391839650629240e-04 6.389361905942403386e-02
1.000000000000000000e+00 2.542367193656330571e+00 4.865523302580430642e-01 1.580390057396598991e-01 3.438227045213896726e-03 6.831415647975390415e-02
1.000000000000000000e+00 1.609975679116588232e+00 5.069745473546469761e-01 1.771205385096756846e-01 1.624643210349957338e-03 6.153894316155206906e-02
1.000000000000000000e+00 1.279057287016867273e+00 4.939718457037972077e-01 1.601015877127797138e-01 2.279956989567177416e-03 4.796057666327024904e-02
1.000000000000000000e+00 1.888236665042122953e+00 5.019333939769080599e-01 1.726614352568743849e-01 5.882105869984687475e-04 3.485328069943858381e-02
1.000000000000000000e+00 3.928547068301927681e+00 4.998768573506519597e-01 1.804999442128287224e-01 1.950514401327068780e-03 4.749032047795917477e-02
1.000000000000000000e+00 2.822794876211661030e+00 4.805361549070285010e-01 1.611758232379380262e-01 2.291612611724622075e-03 5.491958149130799632e-02
1.000000000000000000e+00 2.654287831846738666e+00 5.064580949179855462e-01 1.786070286145159669e-01 3.617886114886835567e-03 5.827831808781164941e-02
1.000000000000000000e+00 2.799510837519192386e+00 5.106805530406202109e-01 1.704537413797028722e-01 5.106768516539655044e-03 4.920184371439011162e-02
1.000000000000000000e+00 1.479342421482815251e+00 5.153026828286488836e-01 1.768583118735851945e-01 4.107765057984736137e-03 3.215428464461093927e-02
1.000000000000000000e+00 2.000654164937297530e+00 5.182844960258651268e-01 1.744011800247345367e-01 2.614760388757676485e-03 3.445642850390476242e-02
1.000000000000000000e+00 1.016361510311504013e+00 4.938310840946998903e-01 1.642060553575873105e-01 2.844494882680140280e-03 5.031913308976047189e-02
1.000000000000000000e+00 2.537440075870651235e+00 4.917251545424439207e-01 1.653919505118580657e-01 6.360377389945208459e-05 5.718676569809875293e-02
1.000000000000000000e+00 2.804043597841669122e+00 4.859005254169717070e-01 1.656431221695974509e-01 5.970259934024931296e-04 6.817672953261398605e-02
1.000000000000000000e+00 2.843036459061245580e+00 5.202870621167077214e-01 1.793475286748857367e-01 1.100771477436728995e-03 8.013261380910043086e-02
1.000000000000000000e+00 3.056645076784239468e+00 4.990867989858187026e-01 1.582484166543076110e-01 1.010562143246838225e-03 8.026273111974598085e-02
1.000000000000000000e+00 3.001255636912672831e+00 4.849222835475369697e-01 1.667185068170687068e-01 1.136449992423679356e-03 8.731737254530416714e-02
1.000000000000000000e+00 5.372502818717330264e+00 4.942702552423814955e-01 1.739528149069020646e-01 3.858202948090931964e-03 8.878794361956914016e-02
1.000000000000000000e+00 1.551149999072716001e+00 5.066058822573381581e-01 1.727640943412205032e-01 9.969244452481752956e-04 8.505762254654575250e-02
1.000000000000000000e+00 2.140040697009892856e+00 4.953220236360020290e-01 1.718716374816924852e-01 1.936371057198155382e-03 9.455028391259266696e-02
1.000000000000000000e+00 2.943666056766728989e+00 4.904940686975826636e-01 1.603240314302312175e-01 4.870551490906722264e-05 8.624840415731069299e-02
