1.000000000000000000e+00 2.589935650737232891e+02 4.961539571205156318e-01 1.662514365693071872e-01 5.011249185202707075e-03 2.152781755756166121e-02
1.000000000000000000e+00 7.148017730611027787e+01 5.674017854823415474e-01 1.428965329137952545e-01 6.993195888054437072e-03 4.372181426074941285e-02
1.000000000000000000e+00 5.323516141813625779e+01 5.626520752061066055e-01 1.483938926918333678e-01 5.781342690596920873e-03 4.045920738176153608e-02
1.000000000000000000e+00 6.409163182408346593e+00 4.886829770045512111e-01 1.665037296994208438e-01 8.162013477790963992e-03 2.450478578973388361e-02
1.000000000000000000e+00 6.549914007809833016e+00 4.863278089861200471e-01 1.429438324026121865e-01 5.325137329906535870e-03 5.482946601763558081e-03
1.000000000000000000e+00 1.314552902551587188e+00 5.060490667912955765e-01 1.701119723739460410e-01 4.165292787890222809e-03 3.992299132412046106e-03
1.000000000000000000e+00 1.784211394801224593e+00 5.054918967424740783e-01 1.763302830172375213e-01 3.289690034172308708e-03 5.643382077922731374e-03
1.000000000000000000e+00 1.785525821789068379e+00 4.995983085854007189e-01 1.586191612817919594e-01 5.137376257020366717e-03 1.614130453298112666e-02
1.000000000000000000e+00 1.137447358156037813e+00 5.129042863117865281e-01 1.730461206390523088e-01 3.099818757018762624e-03 3.031039287143912075e-02
1.000000000000000000e+00 1.517413954037535095e+00 5.093812924199596637e-01 1.672301802613621047e-01 2.755748906355107858e-03 1.234715243205430912e-02
1.000000000000000000e+00 1.559400207879957811e+00 4.911730314381261286e-01 1.581074414002465733e-01 2.285672656955158987e-03 1.355645862779859129e-02
1.000000000000000000e+00 1.680347539868540130e+00 5.167140291480915026e-01 1.785796291256346036e-01 4.539483859078752986e-03 1.989453454257929937e-02
1.000000000000000000e+00 3.018501654849523597e+00 5.195572266305975573e-01 1.704007858213624216e-01 2.816916478354482799e-03 3.647601425498191163e-02
1.000000000000000000e+00 3.592059621962714999e+00 4.845956311494762359e-01 1.498795057868826108e-01 2.109471436100107764e-03 6.647848220472472869e-02
1.000000000000000000e+00 3.503004685807485696e+00 4.974787157513267388e-01 1.780796612486602315e-01 1.818533747721009456e-03 6.196194236268210559e-02
1.000000000000000000e+00 3.291823156571574316e+00 5.135270510444404080e-01 1.837424553891195966e-01 4.100576751312403224e-04 6.450259980048630992e-02
1.000000000000000000e+00 1.618095060507394711e+00 5.041834922176491318e-01 1.760020920813827050e-01 2.283848347691815224e-03 6.314541265805991010e-02
1.000000000000000000e+00 2.441740392890599853e+00 5.137080988549440619e-01 1.772443989801846531e-01 5.958421893447545751e-04 5.987905740138484839e-02
1.000000000000000000e+00 3.919360403247892144e+00 5.229017195191739686e-01 1.747431499264658072e-01 1.312958926359189364e-03 4.295494547910336941e-02
1.000000000000000000e+00 2.221356922349073670e+00 5.100969685865611725e-01 1.808730858921350770e-01 2.253869812583241938e-03 6.387177815929598323e-02
1.000000000000000000e+00 3.456559196581939553e+00 5.207211559018567471e-01 1.866115904617612897e-01 2.916393767593905301e-03 6.531917921147818717e-02
1.000000000000000000e+00 3.473313238893621868e+00 5.088282931463731229e-01 1.632032646909127305e-01 2.587588974225922198e-03 8.500963742825133618e-02
1.000000000000000000e+00 1.571241905596258981e+00 5.080465298999699009e-01 1.717298883503359241e-01 1.816092607226995736e-03 9.443952317713474875e-02
1.000000000000000000e+00 1.524235135582778788e+00 5.043639400254713578e-01 1.722850720578331662e-01 9.077275398568844479e-04 9.367082598422678263e-02
1.000000000000000000e+00 1.712459813651263429e+00 5.106377392864783760e-01 1.771034371269433749e-01 1.784232530427137071e-03 8.599348465974730737e-02
1.000000000000000000e+00 1.682581228277817864e+00 5.020010802166776642e-01 1.639793705168424709e-01 2.049489170996115529e-03 7.957630286855162105e-02
1.000000000000000000e+00 1.745195413577466104e+00 4.982810182280070777e-01 1.672276967208452814e-01 5.688080201189495491e-04 7.824125854655966661e-02
1.000000000000000000e+00 3.510736163003520094e+00 5.172789998046156690e-01 1.708601105302918477e-01 1.059226996580643881e-03 8.061092109797884930e-02
1.000000000000000000e+00 1.700321534529823930e+00 5.073529426997996916e-01 1.762749966761716636e-01 1.326301926291737973e-03 1.043721606388079426e-01
1.000000000000000000e+00 2.628068613901378470e+00 5.185844452994445852e-01 1.783445912364253205e-01 1.210544534357205215e-03 1.052345698433972687e-01
1.000000000000000000e+00 2.900338274090611179e+00 5.004350937088841711e-01 1.600949161189541281e-01 8.236862909740375223e-04 9.369839975366989204e-02
1.000000000000000000e+00 2.454326659995765159e+00 5.100937258427030718e-01 1.736841777348164528e-01 3.076537731438271344e-04 9.891858464894037750e-02
1.000000000000000000e+00 2.915857015901765603e+00 5.209114121385237661e-01 1.790860793600282941e-01 1.522176173105035816e-03 9.972941957830225301e-02
1.000000000000000000e+00 2.515479191014379445e+00 5.125125275787991708e-01 1.766765299623635210e-01 2.928234559007396841e-03 8.645037622637816166e-02
1.000000000000000000e+00 2.304568497596854115e+00 4.982173794771106445e-01 1.599483138937357884e-01 1.182833938365985280e-03 7.922538688829597331e-02
1.000000000000000000e+00 3.912482187125110755e+00 5.175954652829657388e-01 1.693331795383112293e-01 1.155658404302527167e-03 6.660283520546692038e-02
1.000000000000000000e+00 3.619604403260032743e+00 4.968586119772639975e-01 1.775676017627957903e-01 6.960479783477038340e-04 6.822963066341487803e-02
1.000000000000000000e+00 2.238024432542598419e+00 4.845631650604992902e-01 1.609635693194060857e-01 1.135768168305392517e-03 5.158420153514959444e-02
1.000000000000000000e+00 2.911677531659019547e+00 4.783662092969658830e-01 1.534456757190952036e-01 2.195167656638835792e-03 4.943917356926157136e-02
1.000000000000000000e+00 2.580161480952354314e+00 4.879218665376570119e-01 1.587949316098453412e-01 4.524029111788989248e-03 5.189493617933534086e-02
1.000000000000000000e+00 1.699688624866113162e+00 5.055708395702780411e-01 1.722501738319322795e-01 4.463325893335434030e-03 4.637760127975245478e-02
1.000000000000000000e+00 1.148078788601890388e+00 5.091731390225187059e-01 1.718825234790424261e-01 2.522722532216354133e-03 5.243169081173722906e-02
1.000000000000000000e+00 9.566938409459736503e-01 4.971725927954734336e-01 1.686524172687020873e-01 2.056151706380069440e-03 3.708136579789718390e-02
1.000000000000000000e+00 1.670952183242103040e+00 4.955383203148263083e-01 1.617559583908884380e-01 1.221739928907764408e-03 3.348359242760731019e-02
1.000000000000000000e+00 1.896464025585558488e+00 4.969420163673176627e-01 1.727368135548222050e-01 1.250654718792040560e-03 4.154759728732074220e-02
1.000000000000000000e+00 1.862142954517681970e+00 4.830646399174756134e-01 1.579115381872083224e-01 2.911581716587338838e-03 3.468847766524515985e-02
1.000000000000000000e+00 2.388884921783225757e+00 4.948085450478837410e-01 1.716283726326229830e-01 3.793464730844773886e-03 8.346394828682254796e-03
1.000000000000000000e+00 7.979480399654793610e-01 5.040989402062655556e-01 1.663478793508463005e-01 3.516306117683488247e-03 1.456291343363527377e-02
1.000000000000000000e+00 3.800980949894659844e+00 5.255321510757180459e-01 1.740225679422159610e-01 3.026207231402850382e-03 1.472693269257686205e-02
1.000000000000000000e+00 3.372726041238873318e+00 5.285922644038170137e-01 1.800178638793358821e-01 4.003587662060852613e-03 1.494077187166204836e-02
1.000000000000000000e+00 2.474572416555755439e+00 5.164136166759114577e-01 1.708083932797778148e-01 2.049292033853791165e-03 2.612988556959695147e-02
1.000000000000000000e+00 2.566360831287307853e+00 5.080381945390304299e-01 1.627033376144264298e-01 2.101371464099041630e-03 2.135658097007311559e-02
1.000000000000000000e+00 7.549440450033090277e-01 4.997640598756760699e-01 1.651785914805007915e-01 2.496257781478355541e-03 3.146848907870825052e-02
1.000000000000000000e+00 4.408835782612019472e+00 5.225306307983476062e-01 1.677870692385827478e-01 3.466582462844829040e-03 2.029052932876799359e-02
1.000000000000000000e+00 6.699719503326708736e-01 5.003979510436277200e-01 1.647105143874639244e-01 3.120093292755954026e-03 2.755805548291170512e-02
1.000000000000000000e+00 1.917008841484192816e+00 5.190061603158412362e-01 1.802471742372457886e-01 4.357478583699459992e-03 2.442161806843270652e-02
1.000000000000000000e+00 2.101124857388807943e+00 5.089398719454101272e-01 1.652285526818755013e-01 3.149878939462937618e-03 2.372640922724874452e-03
1.000000000000000000e+00 8.430900163774198708e-01 5.027037248423968929e-01 1.663537327647093278e-01 4.126505634973864217e-03 1.166896809114783932e-02
1.000000000000000000e+00 3.442319003562100743e+00 5.052957741689253490e-01 1.813793767467547224e-01 3.322135490592535711e-03 9.453370072024376916e-03
1.000000000000000000e+00 3.275779265777298832e+00 5.208203287928195868e-01 1.791096300675646402e-01 6.248990802456329957e-03 8.728577655506398678e-03
1.000000000000000000e+00 3.257098602834073819e+00 4.916593160231352844e-01 1.726386612456565217e-01 3.567652929499147939e-03 3.121678608748468947e-02
1.000000000000000000e+00 3.112258796734835187e+00 4.834756644451102536e-01 1.638668472411368149e-01 4.383773647435296877e-03 1.706095328684143625e-02
1.000000000000000000e+00 6.264836753427615257e+00 5.372814985811552591e-01 1.851145331312090136e-01 1.917992055594369260e-03 6.265276013517478981e-03
1.000000000000000000e+00 5.274541770147692432e+00 5.257486473345551747e-01 1.764317361031829123e-01 7.103729877475967354e-04 4.823481835133374904e-03
1.000000000000000000e+00 3.659481625685297335e+00 5.192032493961405981e-01 1.785765432531123686e-01 2.929327473725402455e-04 4.960315249500935400e-03
1.000000000000000000e+00 5.124554769487878580e+00 5.251746198002048560e-01 1.786530531038987013e-01 2.347223351581897283e-04 1.935755959253398356e-02
1.000000000000000000e+00 3.911249998581415532e+00 5.231344931536552334e-01 1.813509240490525087e-01 5.283968450035109437e-04 2.037829397610314147e-02
1.000000000000000000e+00 4.556340830307842538e+00 5.113080828386564747e-01 1.604343182837361936e-01 2.334819368889435622e-03 2.269546539987558897e-04
1.000000000000000000e+00 5.216989339164856077e+00 4.854722500634803817e-01 1.722624265696529877e-01 3.676533200703841625e-04 3.246262727601391396e-02
1.000000000000000000e+00 2.560719433343506601e+00 4.913857304067151821e-01 1.532973299707449388e-01 2.303854438461970435e-03 2.848115060421330461e-02
1.000000000000000000e+00 3.031847726806392362e+00 4.856387605577361932e-01 1.518831869910948484e-01 1.709201422223511398e-03 5.176115876702479246e-02
1.000000000000000000e+00 1.522225611504241627e+00 4.993697281542374133e-01 1.685533288838227395e-01 8.177173562417610567e-04 5.823008183099347146e-02
1.000000000000000000e+00 3.282379990420260185e+00 4.820554976283862314e-01 1.533673674213184568e-01 9.127629774799869396e-04 5.996669739475191108e-02
1.000000000000000000e+00 2.348507775763826189e+00 5.016498023022271102e-01 1.760319531246461178e-01 3.279740114915923738e-03 5.820177919010696699e-02
1.000000000000000000e+00 2.929142624743986900e+00 5.165084481714935505e-01 1.799753764989019955e-01 4.334615371927095021e-03 5.404514720460395355e-02
1.000000000000000000e+00 1.734275924361891708e+00 4.885162725658673821e-01 1.578949750375969463e-01 1.751728642878107658e-03 4.298562013312270252e-02
1.000000000000000000e+00 1.763490320999828942e+00 4.860219821242616201e-01 1.618093388251143627e-01 2.149426429999034063e-03 5.654201312969475007e-02
1.000000000000000000e+00 2.023690738738344486e+00 5.065183866536732138e-01 1.699876747555233991e-01 3.655107264431841328e-03 6.632527150185690834e-02
1.000000000000000000e+00 3.523632150613755343e+00 4.764707620537030341e-01 1.566706836701906580e-01 2.178618240816737432e-03 7.640356795068714568e-02
1.000000000000000000e+00 4.189985162980827127e+00 5.294859445758368643e-01 1.855925383504059556e-01 2.693016372929632387e-03 7.081662228755454536e-02
1.000000000000000000e+00 3.217777183640064376e+00 5.013718281542050015e-01 1.705996059743973003e-01 4.169339276762224454e-03 7.529783708324822022e-02
1.000000000000000000e+00 1.786009962052752531e+00 4.907869768352630113e-01 1.637749867870038900e-01 2.408899037784703254e-03 8.556296082960654359e-02
1.000000000000000000e+00 2.693605946603525148e+00 4.885726344349232697e-01 1.611544797506616333e-01 3.212064575591938413e-03 8.408815267475583388e-02
1.000000000000000000e+00 2.872525807311725021e+00 4.901888198678597264e-01 1.576534170293079629e-01 4.278036067858182433e-04 9.016681743661945914e-02
1.000000000000000000e+00 2.784880825818362826e+00 5.117604546023648560e-01 1.810722286223955813e-01 4.041018891602506623e-04 9.760592100946283156e-02
1.000000000000000000e+00 2.201663885947758637e+00 5.081973210115153794e-01 1.665619680515650070e-01 1.467052893483886860e-03 8.302224707809385817e-02
1.000000000000000000e+00 2.056604277818594451e+00 5.055080089918151387e-01 1.754152708901091373e-01 4.910194479385650203e-04 8.105500570604784460e-02
1.000000000000000000e+00 1.737730951323365414e+00 5.060620338366331739e-01 1.694515817306833927e-01 9.232408337785337135e-04 8.910114979318500827e-02
1.000000000000000000e+00 3.740237774763631062e+00 5.212721770577964930e-01 1.859234896706747908e-01 4.497420760139283786e-04 8.712879323261804587e-02
1.000000000000000000e+00 1.991119498558675094e+00 4.895188956831342253e-01 1.658087443286431484e-01 8.853528746923884554e-04 8.967879911294369955e-02
1.000000000000000000e+00 7.022949508367790195e+00 5.302718299796740364e-01 1.758622395640132841e-01 3.145890382612765400e-03 8.557094374064606879e-02
1.000000000000000000e+00 5.150568070820668254e+00 5.267515614026413440e-01 1.793918410184197343e-01 3.028799840991110506e-03 9.204815832582421975e-02
1.000000000000000000e+00 6.054076551748130974e+00 4.701456779004524744e-01 1.577426707626704561e-01 1.988371576713262277e-03 1.071919797378002165e-01
1.000000000000000000e+00 6.316626289581473763e+00 4.782944019803716529e-01 1.560295590572858826e-01 3.766406526779646734e-03 1.063627852143244346e-01
1.000000000000000000e+00 2.849395602174285447e+00 4.887393094766920298e-01 1.578639435004756120e-01 2.496757683706255729e-03 1.071448358964461056e-01
1.000000000000000000e+00 2.437163573761303770e+00 4.839099288274356647e-01 1.608753888655107822e-01 9.410989670797585260e-04 1.007655364025350081e-01
1.000000000000000000e+00 1.926471874670500961e+00 4.962839504678433489e-01 1.607658541202667823e-01 1.382189413646797618e-03 1.016879069952133507e-01
1.000000000000000000e+00 2.925749554560307164e+00 5.015044733786578890e-01 1.778616223366199511e-01 3.604223967219571511e-04 1.195200408661902663e-01
1.000000000000000000e+00 4.054864786271675570e+00 5.044791031260104086e-01 1.594472039192884050e-01 2.173140596808857596e-03 1.105654194398410228e-01
1.000000000000000000e+00 4.197837669749732825e+00 4.818723363613911514e-01 1.653702311097574595e-01 2.166208798359423471e-03 1.155155949883940186e-01
1.000000000000000000e+00 1.547020410353122433e+00 5.017135021979128862e-01 1.722557042483820744e-01 1.004965011415423753e-03 1.302580441831105440e-01
1.000000000000000000e+00 2.042082706466205266e+00 4.979971049668380223e-01 1.639422723512685975e-01 5.220036025135570005e-04 1.360022759030312944e-01
1.000000000000000000e+00 2.783199957474622011e+00 5.196122184731126747e-01 1.807056211686112190e-01 1.372727726329961255e-03 1.184577122641502778e-01
1.000000000000000000e+00 4.261180704273477282e+00 4.828173817315813410e-01 1.523983418978666349e-01 2.697803177665241380e-03 1.080853936656223091e-01
1.000000000000000000e+00 3.068909615301173677e+00 5.074938055785116475e-01 1.636602449016080763e-01 1.773978380731299192e-03 1.095142917974147451e-01
1.000000000000000000e+00 3.272625957452854006e+00 5.011508760960223796e-01 1.763452124482629557e-01 2.575957040685714159e-03 1.105087826028560566e-01
1.000000000000000000e+00 3.624565113377215209e+00 5.234207110388102713e-01 1.876609087256065622e-01 1.640726089240739918e-03 9.344049384974938144e-02
1.000000000000000000e+00 3.734182505716028722e+00 4.817304350548524683e-01 1.489105839535314058e-01 2.472929666611592761e-03 6.117966990468918370e-02
1.000000000000000000e+00 3.520826425477633137e+00 4.885656154660432127e-01 1.561850428641804456e-01 1.682658096275502398e-04 7.734672246969291620e-02
1.000000000000000000e+00 1.897921492603868776e+00 5.080427941969112293e-01 1.669887094767470437e-01 1.736771084064797025e-03 6.930970696415411636e-02
1.000000000000000000e+00 1.713046258402381117e+00 5.134766257856778759e-01 1.775744327708912718e-01 1.726872748463918836e-03 6.520177081753310289e-02
1.000000000000000000e+00 2.922293618167330909e+00 5.217372923370974247e-01 1.854485714302915589e-01 1.740534310710166975e-03 5.339374404619534609e-02
1.000000000000000000e+00 3.047004847419695128e+00 4.855148246968189474e-01 1.673584895750131751e-01 1.047533035456384154e-03 5.338671480040289852e-02
1.000000000000000000e+00 3.436636857552988200e+00 5.109952911506890905e-01 1.821397514998786271e-01 1.828699158079941101e-05 9.779266737071687365e-02
1.000000000000000000e+00 2.838223717100534671e+00 4.943311782235068619e-01 1.740126019535883084e-01 1.669543521702784384e-03 9.112063781661033923e-02
1.000000000000000000e+00 4.077450503803384585e+00 4.754106435010208576e-01 1.521596983497051359e-01 9.943870185288303850e-04 1.120712566161246038e-01
1.000000000000000000e+00 4.563505451823567149e+00 5.048263515099750132e-01 1.760327224385967448e-01 3.304742078249467072e-03 1.184229111443892840e-01
1.000000000000000000e+00 3.097112911126067569e+00 5.111761819698651399e-01 1.738895289274120792e-01 2.922321219075959056e-03 1.043758267630787717e-01
1.000000000000000000e+00 3.312307634919138266e+00 4.863172935620783677e-01 1.582594218680390963e-01 3.389961285224828494e-03 8.581683602700525271e-02
1.000000000000000000e+00 2.415520929166599551e+00 4.928763607125568047e-01 1.626457777905695179e-01 3.442051067522303512e-03 7.799406623139630568e-02
1.000000000000000000e+00 5.576630163022194608e+00 4.835933345829114272e-01 1.461296792938397149e-01 2.584020916293681795e-03 8.772706448644838895e-02
1.000000000000000000e+00 2.250583775501770578e+00 4.877594768267299874e-01 1.589297906335088162e-01 8.120771831641136751e-04 9.561516007213459456e-02
1.000000000000000000e+00 1.907474275597327962e+00 4.961702066928218025e-01 1.722516797378423059e-01 1.342380058237909726e-03 8.756984503843448508e-02
1.000000000000000000e+00 1.492511062436225888e+00 5.055206981973000557e-01 1.725982096714564762e-01 2.435924482475820916e-03 8.099597761827735665e-02
1.000000000000000000e+00 1.867584453949193035e+00 5.044558038204909334e-01 1.755352350756295976e-01 2.688211134465246042e-03 7.379166192089171850e-02
1.000000000000000000e+00 2.371976027497014972e+00 5.157791124694680596e-01 1.783006486984469730e-01 2.857609954573647228e-03 7.531052019563340416e-02
1.000000000000000000e+00 2.478378727787669877e+00 5.104563353006903448e-01 1.675644605003018817e-01 1.351129764023843499e-03 8.407505818203733772e-02
1.000000000000000000e+00 3.889154219628824016e+00 5.037112664463454514e-01 1.607658399105783564e-01 3.728308798121137812e-04 9.209210230461285784e-02
1.000000000000000000e+00 1.961439995856234297e+00 5.060977263040808971e-01 1.695881110281461102e-01 6.750714346756420126e-04 6.858616070157266820e-02
1.000000000000000000e+00 1.534395560657478397e+00 4.961968335941882025e-01 1.698659156244809731e-01 1.120720021580769686e-03 6.842989570321532378e-02
1.000000000000000000e+00 1.861788318365195982e+00 5.001808252955418643e-01 1.735069516190539396e-01 7.650964419854029697e-04 8.331260982957422456e-02
1.000000000000000000e+00 2.474283201836938950e+00 5.011787958358379091e-01 1.606653153059230676e-01 1.456731295635753896e-03 9.128580431893582037e-02
1.000000000000000000e+00 3.059458946492343845e+00 4.965446252160891083e-01 1.758444796096142182e-01 6.017444117530912351e-04 1.204219611629278458e-01
1.000000000000000000e+00 3.860928827411422404e+00 5.231651720661291138e-01 1.862447122723877579e-01 4.919252813005100568e-04 1.314531808705445004e-01
1.000000000000000000e+00 5.168170493267975729e+00 4.984765900467103550e-01 1.807717610321900870e-01 1.940528196844850707e-03 1.255577379070001720e-01
1.000000000000000000e+00 3.722541693516345784e+00 4.950040039739154740e-01 1.544133089295521843e-01 1.279958147600930053e-03 1.252369239992316974e-01
1.000000000000000000e+00 2.807925747798095895e+00 5.111912327817428325e-01 1.677061974806886291e-01 1.267537170430545115e-03 1.169413833711371309e-01
1.000000000000000000e+00 3.138599222968910141e+00 5.132243773790161612e-01 1.705014131925397525e-01 5.097998480627158801e-04 1.246319172812060116e-01
1.000000000000000000e+00 2.825167116362228281e+00 5.182466045091023155e-01 1.821821164172797158e-01 1.174225212330762876e-03 1.484570803841815390e-01
1.000000000000000000e+00 2.430372365997680362e+00 5.019051795947930827e-01 1.705103208461474229e-01 2.115186697502631843e-03 1.448070489087769086e-01
1.000000000000000000e+00 2.509956427195115136e+00 5.007185595421059787e-01 1.767847561497418452e-01 1.132087668315489692e-03 1.484064846524960346e-01
1.000000000000000000e+00 3.768269367534582859e+00 5.098011810020555146e-01 1.641641013940712546e-01 7.375979010016072996e-04 1.342489159046388603e-01
1.000000000000000000e+00 4.058553532651262508e+00 5.237149143042378885e-01 1.803807775873056685e-01 4.243935619633220821e-04 1.404137097330152573e-01
1.000000000000000000e+00 1.426519855505979040e+00 5.023521843926093133e-01 1.688616489518359465e-01 1.246239221854349242e-03 1.158177508599171901e-01
1.000000000000000000e+00 2.320625124573384657e+00 5.146032476313471271e-01 1.798380502954533555e-01 1.228887073505803996e-03 1.312265798321227139e-01
1.000000000000000000e+00 1.819021948605598960e+00 5.071122597514340358e-01 1.759607151384667278e-01 1.688972969740870243e-03 1.130807026632272144e-01
1.000000000000000000e+00 3.513812992138269031e+00 5.101615196239867034e-01 1.639292496618362793e-01 1.258669087027736166e-03 9.544683265307453424e-02
1.000000000000000000e+00 2.215982805472474837e+00 5.161156533548025838e-01 1.788130826442514421e-01 1.267844961536593144e-03 8.973539195435496774e-02
1.000000000000000000e+00 2.374169554371134083e+00 5.076058363988578126e-01 1.715614238054385676e-01 2.720222328378163208e-04 1.056364911660979400e-01
1.000000000000000000e+00 2.480853860861102156e+00 4.859262180442397439e-01 1.562340714331123259e-01 1.443538335765452620e-03 1.088671580368541919e-01
1.000000000000000000e+00 5.614925988288576697e+00 4.716217867309687728e-01 1.484503767881603098e-01 5.271077774585825049e-04 1.064264793937469977e-01
1.000000000000000000e+00 2.915269935098879994e+00 4.844062834693817488e-01 1.643936711941438311e-01 5.400513736331252496e-04 1.066370293037305766e-01
1.000000000000000000e+00 2.856382108673452880e+00 5.009536842604112028e-01 1.640487309851313968e-01 1.424259007079280073e-04 1.170704417821518684e-01
1.000000000000000000e+00 2.388224312214163092e+00 5.164252033054520519e-01 1.783155533261920334e-01 1.232164263848154482e-03 1.213030958682665139e-01
1.000000000000000000e+00 2.828065528487043068e+00 4.860650308768562078e-01 1.550747593165315019e-01 1.160249468385315908e-03 1.334003267800659420e-01
1.000000000000000000e+00 4.839482698406618155e+00 4.951173193270990702e-01 1.543965477887140059e-01 1.483154051033469100e-04 1.080030057562347962e-01
1.000000000000000000e+00 2.793480707259013762e+00 5.155838609910132764e-01 1.827649438547069016e-01 1.633103546478239729e-03 1.205498351044345384e-01
1.000000000000000000e+00 5.361092592826464553e+00 5.296393278510219682e-01 1.911891862609048642e-01 2.993780855448581902e-04 1.219619039627561075e-01
1.000000000000000000e+00 6.207540569301885469e+00 4.699377184003772356e-01 1.589449638506883478e-01 7.164550431021981993e-04 1.287144768118937133e-01
1.000000000000000000e+00 6.851743550077688205e+00 5.070581456528781006e-01 1.893023063928924998e-01 2.687542268348081073e-04 1.164314040494354857e-01
1.000000000000000000e+00 7.206522839574220463e+00 4.965575081910840183e-01 1.475742775172278476e-01 1.086803068385821863e-03 1.074879283989168405e-01
1.000000000000000000e+00 4.463927482302923799e+00 5.157893779330001705e-01 1.685151279178884465e-01 4.068575253764427063e-04 1.185881058948712874e-01
1.000000000000000000e+00 1.713575623145443094e+00 5.081231141730913059e-01 1.736042901527281856e-01 1.618325220502440627e-03 1.174659220512081770e-01
1.000000000000000000e+00 1.912544967333011936e+00 4.891370042022459841e-01 1.637160788314791782e-01 9.137518900425202354e-04 1.282234801780070266e-01
1.000000000000000000e+00 2.311036035708815994e+00 4.945508381920227792e-01 1.675966475636395114e-01 2.184317196497608839e-03 1.270955522733684950e-01
1.000000000000000000e+00 3.441980477926236848e+00 4.912704119996139651e-01 1.646216659016044304e-01 2.855838814403156324e-03 1.217249505757711237e-01
1.000000000000000000e+00 2.722903550452257626e+00 4.821115535959599185e-01 1.581363899377553062e-01 2.071868060986627787e-03 9.707914278092630300e-02
1.000000000000000000e+00 2.525489372402431432e+00 5.196245924297416829e-01 1.775565942168354505e-01 2.868575412307486274e-03 6.401912219637970192e-02
1.000000000000000000e+00 2.470325150509950607e+00 5.061297434058286138e-01 1.640583879983686932e-01 1.392671270879023478e-03 8.991877955084733032e-02
1.000000000000000000e+00 2.146515932469861720e+00 5.067861060164303710e-01 1.786545173455809932e-01 9.973564824060766974e-04 9.079356199050069021e-02
1.000000000000000000e+00 4.860751062221888574e+00 5.010899949955273103e-01 1.536432116681704652e-01 2.400324997713351293e-03 7.802249069497015077e-02
1.000000000000000000e+00 3.417241415640006608e+00 4.794096187819369970e-01 1.599234051594103090e-01 2.720105206222274939e-03 7.548638262202253535e-02
1.000000000000000000e+00 3.160527971310489903e+00 5.130759204497382653e-01 1.844438569946737771e-01 2.660987603003755076e-03 6.506948755106917170e-02
1.000000000000000000e+00 2.640028450716628061e+00 4.902755559495467486e-01 1.596927486337842705e-01 2.818370430343087717e-03 9.566549559111155177e-02
1.000000000000000000e+00 1.574641703044370455e+00 5.014428704189998198e-01 1.731935697473203639e-01 1.177099125808636322e-03 1.079150542021302117e-01
1.000000000000000000e+00 2.335272291442174186e+00 5.151786196270989882e-01 1.798947680513493519e-01 1.780383294828235359e-03 1.052198390433637248e-01
1.000000000000000000e+00 2.649678968132316292e+00 4.860962539388318238e-01 1.590518860224089115e-01 2.289855931293958979e-03 1.092005227376176280e-01
1.000000000000000000e+00 1.563395809211400866e+00 5.012075791045418338e-01 1.690359599700326232e-01 2.094431538496593567e-03 1.027861603503238130e-01
1.000000000000000000e+00 2.026275844330372777e+00 5.124793920218670973e-01 1.796295004328436196e-01 1.816824548965773750e-03 8.600975748562496304e-02
1.000000000000000000e+00 3.182312237100824337e+00 5.210549504442013591e-01 1.767618011922199028e-01 1.219369218703767648e-03 8.055048936342398824e-02
1.000000000000000000e+00 1.285163680352514826e+00 4.952059408671867780e-01 1.641927918615022630e-01 1.624979109166051336e-03 8.112151100699503681e-02
1.000000000000000000e+00 2.659234766170368136e+00 4.984287062029676418e-01 1.578006920998820117e-01 2.069021443342073871e-03 7.761257678142438610e-02
1.000000000000000000e+00 1.406009640981376485e+00 4.967220001934987694e-01 1.616108783001422855e-01 2.441925341799375867e-03 6.429330170609699746e-02
1.000000000000000000e+00 3.405905280513741751e+00 5.100656549423269182e-01 1.847191099325042329e-01 2.051777182028959468e-03 5.471527492159967282e-02
1.000000000000000000e+00 3.198134869969686989e+00 4.787578401096854730e-01 1.518189449194022322e-01 2.039715216563108263e-03 6.026987711332512654e-02
1.000000000000000000e+00 1.707078836202389649e+00 4.891121428087607526e-01 1.625845487489228081e-01 3.506786758338889965e-03 5.248524598331202190e-02
1.000000000000000000e+00 1.164613902859439554e+00 4.911907175930160796e-01 1.619683987360037158e-01 2.050370652803635944e-03 4.192558404595758681e-02
1.000000000000000000e+00 1.283205742489686996e+00 4.916301755216605507e-01 1.605765700848899857e-01 3.345785782747729038e-03 4.773279143605047709e-02
1.000000000000000000e+00 2.608400608153628841e+00 5.097672617161508324e-01 1.678140862264532740e-01 9.359185779875241543e-04 3.586373527932889410e-02
1.000000000000000000e+00 6.368360568605798688e-01 4.995730416687406139e-01 1.657065956598362533e-01 2.890111255038592571e-03 2.180554672216439283e-02
1.000000000000000000e+00 1.581873938967045978e+00 5.020717416287577839e-01 1.750136032189945900e-01 3.576053967139519989e-03 1.947259750608853340e-02
1.000000000000000000e+00 1.425347251653062308e+00 5.071974679100050842e-01 1.771743581917901711e-01 2.627747937561457012e-03 1.964419326241102423e-02
1.000000000000000000e+00 2.923853539412968772e+00 4.860536370911091586e-01 1.675258971492127047e-01 2.989768628725442655e-03 1.850079810960636451e-02
1.000000000000000000e+00 1.203672982919496537e+00 4.961539571205156318e-01 1.662514365693071872e-01 5.011249185202707075e-03 2.152781755756166121e-02
