1.000000000000000000e+00 7.384017143680142681e+02 5.277873470110046039e-01 1.842428472716889365e-01 3.313223816488841504e-03 1.799003399447389115e-02
1.000000000000000000e+00 4.666533654205495623e+02 8.382134928533794271e-01 3.827107067352856773e-01 5.655309673672286215e-03 4.231332234889256111e-02
1.000000000000000000e+00 4.362721202093354123e+02 8.646369171133113651e-01 4.657994595292365148e-01 5.630295995283592092e-03 4.955319688450601778e-02
1.000000000000000000e+00 2.758228713165182171e+02 7.097596507751442463e-01 3.929033915116185161e-01 3.598437524023557956e-03 4.986644255970319045e-02
1.000000000000000000e+00 2.189624435514798506e+02 7.491377968288920330e-01 3.356140477291704727e-01 1.299021854991840811e-03 8.333739386859403964e-02
1.000000000000000000e+00 1.031163629711868310e+02 6.532082236577780865e-01 2.374966291302990640e-01 4.843623870565698548e-04 8.722054522821388878e-02
1.000000000000000000e+00 3.827083408903689588e+01 6.080036077287582774e-01 2.392155465815931359e-01 1.928231654979388086e-03 7.213291681306860381e-02
1.000000000000000000e+00 3.287199527953941924e+01 5.831962298887471974e-01 2.425972096409727552e-01 3.523126302831095825e-03 7.260858079501643358e-02
1.000000000000000000e+00 2.790565104753856573e+01 5.802056528477901320e-01 2.010788939579419565e-01 4.349132316933514500e-03 6.580709293471521948e-02
1.000000000000000000e+00 1.964686220606272116e+01 5.372221497879198226e-01 1.595339821426509652e-01 3.055267058352367608e-03 8.240775377251288725e-02
1.000000000000000000e+00 1.322943381012055397e+01 4.925298777303066533e-01 1.359938743820430229e-01 4.289174627743959876e-03 5.431210643799234961e-02
1.000000000000000000e+00 4.006221423811668458e+00 5.236566847846079176e-01 1.764853480865097302e-01 5.898174222656389805e-03 3.616993404421380010e-02
1.000000000000000000e+00 2.568702648724528359e+00 5.061662409393896667e-01 1.629164024660954002e-01 6.272400424149503738e-03 2.704188712283795565e-02
1.000000000000000000e+00 3.826304082175401078e+00 5.273584172689219640e-01 1.858924328706332840e-01 5.458537613024466544e-03 1.120123458052570131e-02
1.000000000000000000e+00 6.035879960378015774e+00 4.721742797456062180e-01 1.604249359647326456e-01 3.593112359097760944e-03 1.844719294507592838e-02
1.000000000000000000e+00 3.177705962703233133e+00 4.777710354801962267e-01 1.505261147685432455e-01 4.260554706947992931e-03 1.770028738441421431e-02
1.000000000000000000e+00 3.504678576506873089e+00 4.948141999929371870e-01 1.509371608832538736e-01 4.001884078480548272e-03 1.034228049061026306e-02
1.000000000000000000e+00 3.055547929275058916e+00 4.825920105536350979e-01 1.649986451914601249e-01 1.878346980192454468e-03 3.631230798305254415e-02
1.000000000000000000e+00 1.226500428636673634e+00 5.020744050907038902e-01 1.651463756206850708e-01 1.815515663565995738e-03 4.238491229817023531e-02
1.000000000000000000e+00 8.812696806839895869e-01 5.039015700923851204e-01 1.696341747837146197e-01 2.334866098484837151e-03 5.097238286640969757e-02
1.000000000000000000e+00 9.437657498332483463e-01 5.005182327102217776e-01 1.701054435957153332e-01 2.715310090172003404e-03 5.167189871455513117e-02
1.000000000000000000e+00 5.252313762951475340e+00 4.693212322256290481e-01 1.493202318515090277e-01 1.460669587576843460e-03 5.508111638655075609e-02
1.000000000000000000e+00 1.216700007677459894e+00 5.008581549217075990e-01 1.713367356676374909e-01 2.606498915406680206e-03 6.284498491641148099e-02
1.000000000000000000e+00 2.297007841152668650e+00 5.036810407874370288e-01 1.683133495670562363e-01 3.269343827793582020e-04 4.425576651684299395e-02
1.000000000000000000e+00 3.073300025456452644e+00 4.956499980179292497e-01 1.561860229137751188e-01 1.128738162902193044e-03 3.876877149815857043e-02
1.000000000000000000e+00 1.122255331895083419e+00 4.985152835287046669e-01 1.629536950175635157e-01 2.029183336130702640e-03 3.372529241938661271e-02
1.000000000000000000e+00 1.775339924658258850e+00 5.179591857134645538e-01 1.807674393301571814e-01 3.402084708428418890e-03 2.214706967902571946e-02
1.000000000000000000e+00 2.251839447241248848e+00 4.873001872965913583e-01 1.543662367730401774e-01 2.030619474993773481e-03 2.142615374272850703e-02
1.000000000000000000e+00 1.118587437472530866e+00 5.078865853657513751e-01 1.738475865993492908e-01 4.136315319478807775e-03 3.436768585901101014e-02
1.000000000000000000e+00 1.106096893291901750e+00 5.109043481834608658e-01 1.726852101224759795e-01 2.764532684520443033e-03 4.177854416597431841e-02
1.000000000000000000e+00 1.545154650422126963e+00 5.143932209770837316e-01 1.758029234506608418e-01 3.880478472731649538e-03 4.066002206867622842e-02
1.000000000000000000e+00 1.341927049789654047e+00 4.895151328722628370e-01 1.593976063825620348e-01 3.404284887971766906e-03 4.294869125214439282e-02
1.000000000000000000e+00 2.462740462724454016e+00 4.935122278860353262e-01 1.714734705650215463e-01 2.983699796225449102e-03 5.856284422004476298e-03
1.000000000000000000e+00 6.797230671964892501e+00 4.925578791744736895e-01 1.796579179221610145e-01 2.259065877538323896e-03 5.081432618847832663e-03
1.000000000000000000e+00 4.101396594376992333e+00 4.752641583533445124e-01 1.478611943036668985e-01 2.422275443746933939e-03 1.791818061492629621e-02
1.000000000000000000e+00 2.549368984844273101e+00 5.137606058888666283e-01 1.774489891836675270e-01 6.864797403125452464e-04 6.221684177155314618e-03
1.000000000000000000e+00 5.838279827803730448e+00 4.691783602273327247e-01 1.474138751931066138e-01 1.529854826748488659e-03 1.049287740753085049e-03
1.000000000000000000e+00 8.041130477288234601e+00 5.388567292915689144e-01 1.798169744347418442e-01 2.183342242843032584e-03 5.793749936268447268e-03
1.000000000000000000e+00 1.278811566468017968e+00 4.889017460028671214e-01 1.608342412469209448e-01 3.577308116258652842e-03 1.363546727911257861e-02
1.000000000000000000e+00 7.737982327389756332e-01 4.981646624460889239e-01 1.660177448089138197e-01 4.083502768276005453e-03 1.455810397151049290e-02
1.000000000000000000e+00 9.557470081356298497e-01 5.034197222147316353e-01 1.690484140782743949e-01 2.043040028050949457e-03 1.741589387124897054e-02
1.000000000000000000e+00 3.358119592192689851e+00 5.213737512217571091e-01 1.868904451585665372e-01 1.549662295905686934e-03 1.592310419533115792e-02
1.000000000000000000e+00 3.142452835562651980e+00 5.051690067584397870e-01 1.818195036772686513e-01 1.978567978341625681e-03 3.753662084385342435e-02
1.000000000000000000e+00 3.021238295922938466e+00 5.255413181041811432e-01 1.791407590755505763e-01 3.721589921982162898e-03 3.952985229514154736e-02
1.000000000000000000e+00 5.938122636888525818e+00 4.688680951454072265e-01 1.569183089647195883e-01 1.482602579165407004e-03 4.533996013808528486e-02
1.000000000000000000e+00 2.550914823832932665e+00 5.105007155876545299e-01 1.685781787057664960e-01 9.611974342484167454e-04 4.088591012329506613e-02
1.000000000000000000e+00 8.061242145294352790e-01 4.987655017524572632e-01 1.683659761445116532e-01 3.436724383714990713e-03 3.809741974283260835e-02
1.000000000000000000e+00 3.091789050971365249e+00 4.923251384772008854e-01 1.508091014294808963e-01 4.072510687047101174e-03 1.362211444834620158e-02
1.000000000000000000e+00 2.304006844483868832e+00 5.225065147513845432e-01 1.800004458126630291e-01 2.932582874154459306e-03 1.639353123128411971e-02
1.000000000000000000e+00 2.366587452131596603e+00 5.019926883237909587e-01 1.687333159821833017e-01 1.430364476110537221e-04 2.666743100893160384e-02
1.000000000000000000e+00 2.857371831668914730e+00 5.214499620894099685e-01 1.818062138016054152e-01 1.325870113590185261e-03 2.744988068900277439e-02
1.000000000000000000e+00 9.251900455509657339e-01 5.049070276196816476e-01 1.689068733008812773e-01 2.141794646985805024e-03 2.569690489961936469e-02
1.000000000000000000e+00 4.609061512529829763e+00 5.107409872435536569e-01 1.582915542776750506e-01 2.624116668524156728e-03 1.588090300124628956e-02
1.000000000000000000e+00 7.263908590273069343e-01 5.035375507504714632e-01 1.699180044964418435e-01 3.004492895862931248e-03 1.466178139165985259e-02
1.000000000000000000e+00 1.220074804883158892e+00 4.938391960824601856e-01 1.591008724072504044e-01 4.157826307560399774e-03 3.263446456588265515e-02
1.000000000000000000e+00 2.262567261080129288e+00 4.880945240634843585e-01 1.672102009714770687e-01 3.299014739312748027e-03 3.597831133237755497e-02
1.000000000000000000e+00 1.046265338845360215e+00 5.109248126102555743e-01 1.723225983901550684e-01 3.379799697790924172e-03 3.696545808974809055e-02
1.000000000000000000e+00 1.552905352773968461e+00 5.159488897275392727e-01 1.791957989629547332e-01 3.868659857773177994e-03 2.305479705918993261e-02
1.000000000000000000e+00 1.021909762468881322e+00 5.009362398593196763e-01 1.706600268880615057e-01 4.407652052779324932e-03 2.339861743407484901e-02
1.000000000000000000e+00 3.504290037672929792e+00 5.002330749586118008e-01 1.539160496820452528e-01 3.254709545512777039e-03 8.977911604964569636e-03
1.000000000000000000e+00 4.142580053349867342e+00 4.776891517952571165e-01 1.482497316169542056e-01 3.705760805711459573e-03 2.547068551855760296e-03
1.000000000000000000e+00 4.263549672753910613e+00 5.310935631791219302e-01 1.896832675289010228e-01 4.669784499074065669e-03 1.449541347621146996e-02
1.000000000000000000e+00 3.508619618231039627e+00 4.911965335930141840e-01 1.651566096210894674e-01 5.608707425291168704e-03 5.549554869196809959e-04
1.000000000000000000e+00 3.129995502969298293e+00 4.929822598396818578e-01 1.725698242950903516e-01 4.169382221210623726e-04 2.016262470527929122e-03
1.000000000000000000e+00 1.050209072936837407e+00 4.959433706422365917e-01 1.680788293564238478e-01 3.060194596283406787e-03 1.248590453345037668e-02
1.000000000000000000e+00 1.601323487307653393e+00 4.875566241305144821e-01 1.576491795806333196e-01 3.137078180232154029e-03 9.360616412137487755e-03
1.000000000000000000e+00 1.020264547653183751e+00 5.083732255855324400e-01 1.740987591229367915e-01 3.427258414859550659e-03 1.249244522830423448e-02
1.000000000000000000e+00 5.419205262527993838e+00 5.320139326267042668e-01 1.779381439161896450e-01 5.435403490653516190e-03 5.092612185600340485e-03
1.000000000000000000e+00 5.349251838568677364e+00 5.164534905343880489e-01 1.612620861201550793e-01 3.533172040944321073e-03 2.533485294826661599e-03
1.000000000000000000e+00 2.420440319471252266e+00 5.029139304332692628e-01 1.772530307575548303e-01 1.076260091869561761e-03 6.714689977206210296e-03
1.000000000000000000e+00 2.796662079613644991e+00 5.118082886392906206e-01 1.832739138548674651e-01 1.902201716979757314e-03 1.179712096655644027e-02
1.000000000000000000e+00 1.077959181607166084e+00 4.992703499254363408e-01 1.673484023378230545e-01 1.961242992226475655e-03 8.983228714919373054e-03
1.000000000000000000e+00 1.933183687970629006e+00 5.070034719259293166e-01 1.770468575913013431e-01 1.410214109325809168e-03 4.578337457613341349e-03
1.000000000000000000e+00 1.456203759084985228e+00 4.910513400023574504e-01 1.564989098323887329e-01 3.240637710568911208e-03 1.827920791363164127e-02
1.000000000000000000e+00 2.250606367694893528e+00 5.205381199322468566e-01 1.781953402985497203e-01 3.017272900323469086e-03 7.241411793896819493e-03
1.000000000000000000e+00 1.872067372156192233e+00 4.900181843438078944e-01 1.568520189890817429e-01 2.900183525977892939e-03 3.506325642694542791e-03
1.000000000000000000e+00 1.946831055990948522e+00 4.871058274249840392e-01 1.610191669302675488e-01 1.685598557133500966e-03 4.214330923894929817e-03
1.000000000000000000e+00 1.626742745099566623e+00 5.011027049056528959e-01 1.707820316253074455e-01 4.283720621121612018e-03 3.728877425269526858e-03
1.000000000000000000e+00 1.620868223354508197e+00 5.037228539608785693e-01 1.626496654193219094e-01 4.420160880570721609e-03 7.078661661411774289e-03
1.000000000000000000e+00 1.114288904898795618e+00 5.042333323834502501e-01 1.694668119388359762e-01 2.779291887195350745e-03 3.040992553288561842e-03
1.000000000000000000e+00 1.171924928433594859e+00 4.921524438375065591e-01 1.646294652883369403e-01 1.898013634291705574e-03 2.828097015385637458e-02
1.000000000000000000e+00 1.373913444405044038e+00 4.905749413609917231e-01 1.630860596669854168e-01 1.725273304265203785e-03 2.280121327722836946e-02
1.000000000000000000e+00 1.096465190248478105e+00 5.081639408581627437e-01 1.734996235899979589e-01 3.844905907607941084e-03 1.005056782967084748e-02
1.000000000000000000e+00 9.332166855426762275e-01 5.072362894945732226e-01 1.733204505456660827e-01 2.507252403790211949e-03 1.948428245370377801e-02
1.000000000000000000e+00 6.309687072271920050e-01 5.040545590174509982e-01 1.673610277859153839e-01 3.450775534344812431e-03 2.347029430554873827e-02
1.000000000000000000e+00 1.199363591168127074e+00 4.978450817678883311e-01 1.606829264079963626e-01 2.906690935053162471e-03 4.039022758961974963e-02
1.000000000000000000e+00 1.725638120537049680e+00 5.063857111401941502e-01 1.665187130757249667e-01 1.562930864291917901e-03 5.706643904204335149e-02
1.000000000000000000e+00 1.075535006140607708e+00 4.962187646764544824e-01 1.684448514273861053e-01 2.825413212768057222e-03 4.898683692290717318e-02
1.000000000000000000e+00 1.698808923852507702e+00 4.879248967588320496e-01 1.594030766917903241e-01 1.565114587693102995e-03 4.672663708862127840e-02
1.000000000000000000e+00 2.660111894348578865e+00 4.938404111485739656e-01 1.731079813381002919e-01 3.054698573687198663e-03 4.241228701676619250e-02
1.000000000000000000e+00 9.548142523224840694e-01 4.940457286579555962e-01 1.656699588078050789e-01 2.708394726408441464e-03 4.501325550804261694e-02
1.000000000000000000e+00 2.045137037790105694e+00 5.187036405693259411e-01 1.823659307727224232e-01 3.103246586921942947e-03 3.348810580434364442e-02
1.000000000000000000e+00 5.332415948030179820e+00 5.227695261354202705e-01 1.664650777800871506e-01 2.780010381406010801e-03 2.752806343123163565e-02
1.000000000000000000e+00 4.292302920312483394e+00 5.225225487042570727e-01 1.908167379704995281e-01 3.612102739510752829e-03 2.769805993206855138e-02
1.000000000000000000e+00 2.310048215454520548e+00 4.825387237374766936e-01 1.535421138667374397e-01 2.574888756739132298e-03 3.935187051228773714e-02
1.000000000000000000e+00 1.902827746464943681e+00 5.178922889644296257e-01 1.756579494980452238e-01 2.324307445911829445e-03 3.039306636394255995e-02
1.000000000000000000e+00 2.451765189087963925e+00 4.923396019652541700e-01 1.712769152132992967e-01 3.412281544343033837e-03 2.114290788008504202e-02
1.000000000000000000e+00 2.610677504540490190e+00 5.201176892611717451e-01 1.835643129623553971e-01 3.995339886840964042e-03 9.524279454698648603e-03
1.000000000000000000e+00 2.390971629239979190e+00 5.109190106191625613e-01 1.819339291807290926e-01 2.133569375057626106e-03 1.574499743713859978e-02
1.000000000000000000e+00 3.154250611220051681e+00 4.792174783891419709e-01 1.560097371817588674e-01 1.597430480332700424e-03 1.454527431108496721e-03
1.000000000000000000e+00 2.248965049272230399e+00 5.139061579553014791e-01 1.801268966285017314e-01 1.657616324127380745e-03 2.332282065596434726e-03
1.000000000000000000e+00 2.212262959061313872e+00 4.974077531646046157e-01 1.740852250755174635e-01 1.411463339256589138e-03 1.806481475263383221e-02
1.000000000000000000e+00 2.042405211799698250e+00 5.072347709922195858e-01 1.785256881075459601e-01 1.943268768734176307e-03 6.509593426988879300e-03
1.000000000000000000e+00 2.162473383169664753e+00 5.105806151272979099e-01 1.655115144850415332e-01 2.972468458291444536e-03 7.314475968169686752e-03
1.000000000000000000e+00 1.269895567264970548e+00 4.916987303944679866e-01 1.648635440161139720e-01 2.282866008597248062e-03 1.226554991940635025e-02
1.000000000000000000e+00 4.150430599542731080e+00 5.308891212597234288e-01 1.860023584072305336e-01 1.942311744662552925e-03 2.012843240639251158e-02
1.000000000000000000e+00 4.542329276108690195e+00 4.712478631643989835e-01 1.492070993764206821e-01 2.135489781670930204e-03 2.859013905235829184e-02
1.000000000000000000e+00 2.326729374935291528e+00 5.088661495659767553e-01 1.686336848515769815e-01 8.648770602143296231e-04 4.680211173109528888e-02
1.000000000000000000e+00 1.988502014146185548e+00 4.979598888398195644e-01 1.686359711892446989e-01 3.507980110493177494e-04 5.466447882643444417e-02
1.000000000000000000e+00 2.872990454198392385e+00 4.888515204785475743e-01 1.533947462401093476e-01 1.505553932269084383e-03 3.813697718927595848e-02
1.000000000000000000e+00 3.638585279418400376e+00 4.973625465072337160e-01 1.579570510171108555e-01 4.228651936295708437e-04 3.198207074309696724e-02
1.000000000000000000e+00 2.845251751361755677e+00 5.209964505420675573e-01 1.836641810094088723e-01 1.330865026122563400e-03 6.288854824569713176e-02
1.000000000000000000e+00 2.688576013516122742e+00 4.833718778582705711e-01 1.612375826860463213e-01 7.080905556374243954e-04 7.772456718682466126e-02
1.000000000000000000e+00 2.658119738357550332e+00 4.871852870918969014e-01 1.553326652984720613e-01 1.122011987801719559e-03 9.268151195974458356e-02
1.000000000000000000e+00 2.682389447983114295e+00 5.067186991395556950e-01 1.643406825361442003e-01 1.119083648166407149e-03 1.008436769698402014e-01
1.000000000000000000e+00 2.306937851434252895e+00 4.946870647874117566e-01 1.584272301020210882e-01 1.143846124340440083e-03 7.510841296830142455e-02
1.000000000000000000e+00 3.705973939475650347e+00 5.248530980757633024e-01 1.846611722559333424e-01 8.404752624004419026e-04 7.788328248114560759e-02
1.000000000000000000e+00 3.333709563880217885e+00 4.909056135647620889e-01 1.722527796661884603e-01 5.708769924579364715e-04 4.632415000503474489e-02
1.000000000000000000e+00 3.671299460933152847e+00 5.036061178605172328e-01 1.551846171120506157e-01 3.143973424142413459e-03 3.420515068089990257e-02
1.000000000000000000e+00 3.879054555928696857e+00 4.999022052951518913e-01 1.572430962555653178e-01 7.009789004226137446e-04 7.817811605917848738e-02
1.000000000000000000e+00 4.314304523543778913e+00 4.744905575322097557e-01 1.551769173837179439e-01 3.053954630886479560e-03 7.077839361119123152e-02
1.000000000000000000e+00 2.251786599288895907e+00 5.140807894768532060e-01 1.762609940591045865e-01 8.514269717910792103e-04 6.489787951402106736e-02
1.000000000000000000e+00 1.996584887390192131e+00 5.126044415592767578e-01 1.702538016755868189e-01 1.815918847995462611e-03 5.670344564105522095e-02
1.000000000000000000e+00 1.665041198975289127e+00 5.055247609129726039e-01 1.687259454867013342e-01 4.575089055237898522e-03 4.578830137790209504e-02
1.000000000000000000e+00 1.404297970241062066e+00 4.994028922774403356e-01 1.707594193276979200e-01 4.180336845934652830e-03 3.921402864077773442e-02
1.000000000000000000e+00 3.736596852941786118e+00 4.959331109657142966e-01 1.518416455177191426e-01 2.405234968413793185e-03 4.043265315115070896e-02
1.000000000000000000e+00 1.990955247870922262e+00 5.034348456272463856e-01 1.616337615586290188e-01 1.993143192416143086e-03 3.233908383428040628e-02
1.000000000000000000e+00 1.767490128728973264e+00 4.991243602974316795e-01 1.598470400272160585e-01 2.047297808603638046e-03 3.571845948581016394e-02
1.000000000000000000e+00 1.405130707051121197e+00 5.036060538115955110e-01 1.754445435285166555e-01 3.230132401321116238e-03 1.996290655112962012e-02
1.000000000000000000e+00 1.864450773095551295e+00 4.998494533297558329e-01 1.608086888953437210e-01 4.745578154752931252e-03 4.634787933081360028e-03
1.000000000000000000e+00 2.474488792843110740e+00 4.842418471276517256e-01 1.591267708086782084e-01 3.506728408385212121e-03 3.823228439462263151e-04
1.000000000000000000e+00 1.796002646600775021e+00 5.134634854507437174e-01 1.736684761334377214e-01 2.070125836869296868e-03 5.582393231663845823e-03
1.000000000000000000e+00 5.215639078149976626e+00 4.799182814727866453e-01 1.428579914613444524e-01 3.589295197154248815e-03 1.956158634663249241e-02
1.000000000000000000e+00 3.183608031708057062e+00 5.172476071085039262e-01 1.693983983003552463e-01 1.845185486476706629e-03 2.450033544563338245e-02
1.000000000000000000e+00 2.301695805599697664e+00 4.850790704492158878e-01 1.617120962568558418e-01 1.113965690627960383e-03 2.315280038417983494e-02
1.000000000000000000e+00 1.730018769534172884e+00 5.076629774036159892e-01 1.658480574038108946e-01 2.014734548338292970e-03 2.711668785875180621e-02
1.000000000000000000e+00 3.200714429676144057e+00 5.186476897794540797e-01 1.692220525238888607e-01 2.430047738203735402e-03 3.016657136484151083e-02
1.000000000000000000e+00 2.191799091364485808e+00 4.972076339263700739e-01 1.627069660799020101e-01 6.507886436886258560e-04 2.831660172625486555e-02
1.000000000000000000e+00 1.672063470589849610e+00 5.158034006409993877e-01 1.770891638863037465e-01 2.141398413489013081e-03 2.194375478593031670e-02
1.000000000000000000e+00 2.579816526320272363e+00 5.037096450824862792e-01 1.784254763691199563e-01 3.772990152062475830e-03 1.426691669190845863e-02
1.000000000000000000e+00 4.346810049895365680e+00 4.717191871810808013e-01 1.532909621055325022e-01 3.776078180070138041e-03 2.335190173246704665e-02
1.000000000000000000e+00 2.924871294764060714e+00 4.795607637382686694e-01 1.506973124516469420e-01 2.912920892769283246e-03 1.944666244145674613e-02
1.000000000000000000e+00 1.988987809930142348e+00 4.954985226080746430e-01 1.553778886997038700e-01 3.703300351487371841e-03 3.063792847621327198e-02
1.000000000000000000e+00 3.341637019906317008e+00 5.248636317534738360e-01 1.862048417330077754e-01 2.624140599430602010e-03 4.361029552730953662e-03
1.000000000000000000e+00 2.602772941538738838e+00 4.933676443304013670e-01 1.705777388685938423e-01 3.402081095597706776e-03 1.011219464401230412e-03
1.000000000000000000e+00 1.906754969233315666e+00 5.154416486154109744e-01 1.815155498767227205e-01 3.225132130657963527e-03 1.815806154859316707e-02
1.000000000000000000e+00 1.219265052674651795e+00 4.993549926100621650e-01 1.612015006628102487e-01 3.419033362436680202e-03 3.954040513989169614e-02
1.000000000000000000e+00 1.496823252561901629e+00 4.892624546788567064e-01 1.655271343549926388e-01 2.862779204097249276e-03 3.237130492418337224e-02
1.000000000000000000e+00 2.175718266015044478e+00 5.217047346575406364e-01 1.783334506965849053e-01 2.874027563048461072e-03 2.735864938306901972e-02
1.000000000000000000e+00 1.571087943263122177e+00 4.994271268664620678e-01 1.732141405697549819e-01 3.242351923030901799e-03 4.361657956922856960e-02
1.000000000000000000e+00 1.493186452117881480e+00 5.101001044094205517e-01 1.738620886623336859e-01 4.228008931501238236e-03 4.282718510767742626e-02
1.000000000000000000e+00 1.399033456280950327e+00 5.089369128190985858e-01 1.696106447538039963e-01 1.857540443089643074e-03 3.838024160944292912e-02
1.000000000000000000e+00 2.519942548102220847e+00 4.874619596899228413e-01 1.575548002089194877e-01 8.158360624850970796e-04 3.694149589006039125e-02
1.000000000000000000e+00 2.700086324056579556e+00 5.142852806690327849e-01 1.663263442049951468e-01 2.606839221225306855e-03 2.593578715100888776e-02
1.000000000000000000e+00 1.642595630489315894e+00 5.005530528104912280e-01 1.620737714610764879e-01 4.489123613364457560e-03 4.139923627570103043e-02
1.000000000000000000e+00 2.646354659504441376e+00 5.170636363686473835e-01 1.711649159290984101e-01 4.377240444636143132e-03 4.289255150091802332e-02
1.000000000000000000e+00 2.235605312313441839e+00 5.076639641438547290e-01 1.671561548230673933e-01 6.107174020633595463e-03 3.086153411145326625e-02
1.000000000000000000e+00 1.398338283917784253e+00 4.920019416732587247e-01 1.643100706478196060e-01 4.677598578451121897e-03 2.880224701904810294e-02
1.000000000000000000e+00 2.844050505856254851e+00 4.807202226097606057e-01 1.591453187878369702e-01 3.943108750068236544e-03 4.205265920817869568e-02
1.000000000000000000e+00 1.559179508821492144e+00 5.155138459511975357e-01 1.779324012171639990e-01 3.664281171572020181e-03 3.747522189180056695e-02
1.000000000000000000e+00 1.511319698048873894e+00 5.054447052085334624e-01 1.762653635190201407e-01 1.664429190556629325e-03 3.910266913953750617e-02
1.000000000000000000e+00 1.264863633711729385e+00 4.951071453570347614e-01 1.662005170217686900e-01 3.052979383772921797e-03 5.873982541189778916e-02
1.000000000000000000e+00 1.366784009590146454e+00 5.032988927341653929e-01 1.723569514943426029e-01 2.752632108086415334e-03 6.739403319376779944e-02
1.000000000000000000e+00 2.795357025509283222e+00 5.210762973317297764e-01 1.779944138283166555e-01 2.456872891314119435e-03 7.141519866769917291e-02
1.000000000000000000e+00 3.065537903480491266e+00 5.162355667788136593e-01 1.719326309403185482e-01 9.794573508353048019e-04 8.033143589973668064e-02
1.000000000000000000e+00 2.101759333180627021e+00 5.102289112792200987e-01 1.695728936612196647e-01 1.228497207246355763e-03 8.434441646239021484e-02
1.000000000000000000e+00 2.308269693761539454e+00 4.961065466528130630e-01 1.667213654762955688e-01 1.048713148317898490e-04 7.456841674039377255e-02
1.000000000000000000e+00 1.712858499433816739e+00 5.021058374980650330e-01 1.757265254279987976e-01 1.892636284894866003e-03 5.861899311621950742e-02
1.000000000000000000e+00 1.711161411664260390e+00 5.024650946568705034e-01 1.672209524918633616e-01 2.911167574724745320e-03 7.780715057186399219e-02
1.000000000000000000e+00 3.897524724912473815e+00 4.998297827105246394e-01 1.716395880496538462e-01 4.171764893269046086e-03 8.155170786259363647e-02
1.000000000000000000e+00 4.679994428523382766e+00 5.034274911902382188e-01 1.551124551228327819e-01 2.644782008380060570e-03 7.039815574094505923e-02
1.000000000000000000e+00 2.472594792193994806e+00 5.113934595390821070e-01 1.753286365538185565e-01 3.576547764896371301e-04 8.147182871691349693e-02
1.000000000000000000e+00 1.808129645473676161e+00 4.940289832934516845e-01 1.682123780590658035e-01 2.624891369844861624e-03 7.828631338670576090e-02
1.000000000000000000e+00 1.773144449719429527e+00 4.954493283098178047e-01 1.617840984760940404e-01 2.557122541812802737e-03 8.199469201033808552e-02
1.000000000000000000e+00 1.322162010564186252e+00 4.965802245031708528e-01 1.669487692426051828e-01 2.390404308586892637e-03 7.760274954487712817e-02
1.000000000000000000e+00 1.961731971875679825e+00 4.956724631744502396e-01 1.630295346149106261e-01 3.482879496989595668e-03 6.892305151221947424e-02
1.000000000000000000e+00 2.357968685810993392e+00 4.859129742118399875e-01 1.615572476103441235e-01 7.074959820869810082e-04 6.355128762199371839e-02
1.000000000000000000e+00 4.857983761303345638e+00 4.741321090139938854e-01 1.481620543420479053e-01 1.114619760571364422e-03 6.049209475111892720e-02
1.000000000000000000e+00 4.521331925005764418e+00 5.217834515664673267e-01 1.868898322373999665e-01 4.336387772114050354e-03 5.793633600983350007e-02
1.000000000000000000e+00 3.639511976944416638e+00 5.284592898966145036e-01 1.866508578848728173e-01 3.588319981197153011e-03 4.453487037464099602e-02
1.000000000000000000e+00 2.819389915663890633e+00 4.823003334984773960e-01 1.581336885969048534e-01 3.693905267847455952e-03 5.754475613912374277e-02
1.000000000000000000e+00 2.376185428023495305e+00 4.869777549688560359e-01 1.536831998445047087e-01 3.641731798615205264e-03 4.678467710677801372e-02
1.000000000000000000e+00 3.707014277359882204e+00 5.141774852999047019e-01 1.819443319582056962e-01 5.765806810819619835e-03 3.545588094721136008e-02
1.000000000000000000e+00 3.311025736031389499e+00 4.899610615665179747e-01 1.692332293894288631e-01 5.065341868550426140e-03 2.563629865348634324e-02
1.000000000000000000e+00 3.510219321310029450e+00 4.823644589109279401e-01 1.491816679069785101e-01 4.290543227364351266e-03 4.060035451869131035e-02
1.000000000000000000e+00 3.602966808015853672e+00 4.913443897520380910e-01 1.514501939584223800e-01 3.127384434306313549e-03 5.997550062770451440e-02
1.000000000000000000e+00 2.445845156830995570e+00 4.925145259868094483e-01 1.720065711786277207e-01 1.756513838603562371e-03 5.194428983898725927e-02
1.000000000000000000e+00 8.658431733372282668e-01 5.004394086988618318e-01 1.693761534602367391e-01 2.358494183161770515e-03 5.122036194094371081e-02
1.000000000000000000e+00 9.051445115973514310e-01 4.970739280841160457e-01 1.627719235397037389e-01 2.644115230214679185e-03 4.128573599573735070e-02
1.000000000000000000e+00 7.813298287909723472e-01 4.982882898572731922e-01 1.667003900511321302e-01 2.436001829796387123e-03 1.787484074769692816e-02
1.000000000000000000e+00 1.509693813686033170e+00 4.947170590907287169e-01 1.609671928239557737e-01 2.529917592173600103e-03 1.068004190105813905e-03
1.000000000000000000e+00 1.943887647522324125e+00 5.143350786087497184e-01 1.778818016275134362e-01 1.704433197356699983e-03 8.236188814176516326e-03
1.000000000000000000e+00 2.411202963912763675e+00 4.857644423553663660e-01 1.535677437236651899e-01 3.277989845216865931e-03 4.793930958923635008e-03
1.000000000000000000e+00 1.895164036653311568e+00 4.974764658111668902e-01 1.572928562975305089e-01 4.062029102965786925e-03 9.025881472382406984e-03
1.000000000000000000e+00 3.144289731878948224e+00 5.004641204488835537e-01 1.776667498727932115e-01 3.655209636348764023e-03 9.913186710678662666e-03
1.000000000000000000e+00 2.792300294513927472e+00 5.104036085604045647e-01 1.765426066900015190e-01 6.869626979829268273e-05 1.194090092974511332e-02
1.000000000000000000e+00 3.667215882266696259e+00 4.818701563946915511e-01 1.632886151169400391e-01 2.770037986363540474e-04 3.693468791084576416e-03
1.000000000000000000e+00 4.127440409724224324e+00 4.956336842011567767e-01 1.499935120470324013e-01 2.894829313460763227e-03 2.146871255595338146e-02
1.000000000000000000e+00 3.957224148122097773e+00 5.040131727327062938e-01 1.583353528087105000e-01 6.484432583134303908e-03 5.789693417618146931e-03
1.000000000000000000e+00 2.892465050691626960e+00 4.835073459673301932e-01 1.504501573271352644e-01 4.993809748401550896e-03 2.111423926637621962e-02
1.000000000000000000e+00 3.101686220359263224e+00 5.009902294159539471e-01 1.581261924656793549e-01 6.028741450277519051e-03 3.227790409260353210e-02
1.000000000000000000e+00 2.294700839960136740e+00 5.114643840579770062e-01 1.764927526946955538e-01 5.159097497468413326e-03 3.941428838280999075e-02
1.000000000000000000e+00 2.671764499625595146e+00 5.121210625689365248e-01 1.632454134528127099e-01 3.645287462110770316e-03 1.917804022527639859e-02
1.000000000000000000e+00 2.818660191813676441e+00 5.020738767909902478e-01 1.569666851934438667e-01 2.560297033355083025e-03 2.764543862171967015e-02
1.000000000000000000e+00 1.692965956786339321e+00 4.883000412889657027e-01 1.655670235046830252e-01 2.626202249869996012e-03 2.732721797249909948e-02
1.000000000000000000e+00 1.697980558001544793e+00 5.180254086965655480e-01 1.748628340335588727e-01 3.218319442198445263e-03 2.418334205666489156e-02
1.000000000000000000e+00 2.270993549410714962e+00 5.224787361533952401e-01 1.794557859121155563e-01 3.061752689506050396e-03 1.683508904309231197e-02
1.000000000000000000e+00 1.508394260292643896e+00 5.096349700308733244e-01 1.688273822046529593e-01 2.147913298404621751e-03 1.776608407847069665e-02
1.000000000000000000e+00 1.158282142263343806e+00 4.984183280103236524e-01 1.678826541010872420e-01 4.324336703365259937e-03 9.307506894900693592e-03
1.000000000000000000e+00 3.071911857156838899e+00 5.277873470110046039e-01 1.842428472716889365e-01 3.313223816488841504e-03 1.799003399447389115e-02
