1.000000000000000000e+00 3.736474824071927969e+02 4.965150557236836515e-01 1.661384657345262306e-01 4.300693117414104878e-03 3.258949724130906500e-02
1.000000000000000000e+00 2.344209956050156407e+01 5.196021387389380131e-01 1.376397344353659236e-01 4.607695314270642689e-03 4.147059632139797614e-02
1.000000000000000000e+00 8.581415964365925575e+00 5.494064124198002608e-01 1.934577825546995866e-01 3.404448945982344998e-03 3.241850094247351183e-02
1.000000000000000000e+00 8.699217052969697050e+00 4.941545343570950544e-01 1.418787599682428402e-01 4.309674192486141059e-03 4.403737420790009710e-02
1.000000000000000000e+00 7.478810908992352680e+00 5.340813173342883191e-01 1.742587446998084266e-01 6.320338413931056096e-03 6.430525753503661679e-03
1.000000000000000000e+00 6.845819274595753789e+00 4.950692084087539580e-01 1.442639665400791693e-01 5.464830865637677372e-03 1.315734536396609075e-02
1.000000000000000000e+00 4.944548800259209287e+00 4.782509288928584734e-01 1.595314276676303433e-01 6.094205979157465286e-03 2.488721036143291820e-02
1.000000000000000000e+00 2.251483906515796996e+00 4.850750731621970568e-01 1.618644565313397676e-01 4.636690372593455824e-03 2.234464030835724493e-02
1.000000000000000000e+00 1.451415722371553363e+00 4.881370763886476727e-01 1.623303111434431789e-01 2.350170720702202294e-03 1.639418825250053835e-02
1.000000000000000000e+00 1.873875670673061711e+00 4.923675896586606204e-01 1.634342919858244314e-01 9.421005247148505311e-04 6.841476271586021882e-03
1.000000000000000000e+00 1.519365529215581212e+00 5.000894071611864389e-01 1.663713802815749154e-01 1.443035504237048881e-03 1.302266585910061628e-03
1.000000000000000000e+00 1.641629006510881172e+00 4.864722480123316872e-01 1.565334078611741175e-01 4.301501102447521929e-03 1.827049760691328711e-02
1.000000000000000000e+00 9.045630128313576490e-01 5.088331894465035754e-01 1.731403092236943331e-01 3.175531936306537611e-03 1.514871927069260868e-02
1.000000000000000000e+00 1.259587244428199471e+00 5.027535232578534963e-01 1.631146054591343098e-01 2.758715133921177658e-03 1.512534848201367577e-02
1.000000000000000000e+00 1.268141065673822565e+00 4.931095222849150583e-01 1.591973310324567570e-01 4.640938261989356259e-03 2.838266277816349492e-02
1.000000000000000000e+00 8.436906626247262508e-01 4.942616270518502830e-01 1.617789782211173366e-01 2.979953990538507583e-03 1.976690622833220112e-02
1.000000000000000000e+00 1.900709005393284245e+00 4.906059640061219418e-01 1.545038743829584005e-01 3.916345664206119688e-03 1.306009661543261827e-02
1.000000000000000000e+00 1.478094500233807507e+00 5.023189476738096904e-01 1.669624986801327704e-01 5.375894866030893685e-03 8.751515462491653990e-03
1.000000000000000000e+00 2.183391927300292412e+00 4.882835271036802816e-01 1.596143695899825410e-01 5.798505630564357478e-03 1.708395695133630571e-02
1.000000000000000000e+00 1.352447243779600239e+00 5.024045044694342987e-01 1.655401071673009983e-01 4.241346145530557228e-03 3.726988914681077930e-03
1.000000000000000000e+00 1.189599619910357342e+00 4.961590862557942461e-01 1.682523666100327053e-01 4.015853131104742298e-03 1.345819650457656322e-02
1.000000000000000000e+00 1.110567960103811869e+00 5.064778639608913391e-01 1.705241313385099378e-01 4.687694484389989986e-03 1.081258635026200246e-02
1.000000000000000000e+00 2.626517491136503235e+00 5.241584810377296622e-01 1.845154180700845914e-01 3.251593951573930434e-03 2.081785595264174296e-02
1.000000000000000000e+00 1.683653665651815734e+00 5.088765687560651285e-01 1.660079295657992116e-01 2.434353920575646740e-03 2.211327193562886290e-02
1.000000000000000000e+00 1.582673360371508631e+00 5.023316654574856432e-01 1.630614103758901978e-01 1.999480770229832265e-03 1.640919358884379217e-02
1.000000000000000000e+00 1.874206582885961536e+00 5.091323492002647333e-01 1.798674953596677839e-01 2.136091576532334144e-03 3.506618016859884557e-02
1.000000000000000000e+00 3.744695645153814478e+00 4.767078994188004293e-01 1.555534214025696971e-01 3.579002110454359599e-03 5.740208885321596011e-02
1.000000000000000000e+00 3.899102202771523196e+00 5.064902864156634044e-01 1.589978730921185190e-01 4.684723408171978867e-03 4.621884950273503351e-02
1.000000000000000000e+00 3.617672278966218347e+00 5.063481230081843254e-01 1.639827280677749188e-01 6.462853493646616813e-03 3.810408166772887018e-02
1.000000000000000000e+00 8.040723310498080423e+00 5.218023348288763907e-01 1.958680276310065527e-01 4.844717815933792873e-03 3.176905749028290094e-02
1.000000000000000000e+00 1.377191872290659314e+00 4.872205260772742852e-01 1.613082393062920672e-01 3.179878448236273317e-03 3.376797265680555465e-02
1.000000000000000000e+00 1.145058768245236669e+00 4.941073549985557922e-01 1.595115365113093098e-01 3.607237449001544395e-03 3.669048232497186535e-02
1.000000000000000000e+00 8.677781378052531469e-01 4.986152464048441146e-01 1.649868193802558336e-01 2.316224647640364922e-03 4.629749090165097974e-02
1.000000000000000000e+00 2.620415120478912563e+00 4.998586459322176268e-01 1.748988715896575008e-01 4.221252622153490175e-03 4.492383514026351832e-02
1.000000000000000000e+00 3.365388811943656133e+00 4.864029925846893865e-01 1.507268922314698167e-01 1.836408260203048655e-03 5.392799775730885287e-02
1.000000000000000000e+00 3.516527106414489623e+00 5.274665324519002274e-01 1.794186712018930596e-01 2.859105840314342655e-03 4.329221020654382135e-02
1.000000000000000000e+00 3.462346503094786421e+00 4.751335182918294819e-01 1.505409988482762085e-01 2.930775345031719822e-03 2.993207290047574659e-02
1.000000000000000000e+00 1.008383879517920079e+00 4.929732961031155769e-01 1.619655618623968563e-01 4.207458184934969106e-03 1.504450055234749818e-02
1.000000000000000000e+00 1.398762303733457779e+00 4.903501557984347170e-01 1.602448198879528329e-01 4.598379364101649533e-03 1.305185776567055651e-02
1.000000000000000000e+00 1.787372907436141967e+00 4.855573653623433406e-01 1.566258745665246310e-01 3.952023155616064126e-03 3.589264044005963106e-02
1.000000000000000000e+00 3.878466564469217559e+00 5.104797889813672551e-01 1.598696513189919177e-01 2.557763910725942801e-03 3.228559416913099472e-02
1.000000000000000000e+00 1.674111753882202569e+00 4.851505060653427126e-01 1.591812750981049518e-01 2.687209635667499839e-03 4.454825459393571552e-02
1.000000000000000000e+00 3.690982145684520432e+00 5.216835448353365212e-01 1.893567890255625497e-01 2.233424904487645718e-03 4.151181986501447513e-02
1.000000000000000000e+00 1.777716171968050540e+00 5.028051101759524188e-01 1.758565391769784936e-01 1.347096856202029298e-03 4.168697477741615393e-02
1.000000000000000000e+00 3.914595569729968361e+00 4.856619188695892042e-01 1.655077911017940606e-01 5.341786187599732033e-03 3.668788971573590241e-02
1.000000000000000000e+00 5.715134018347005629e+00 5.068461169884862505e-01 1.540810114882417148e-01 4.832946745490393665e-03 4.068056185219395132e-02
1.000000000000000000e+00 3.406409785854561001e+00 5.167520574234631958e-01 1.782684056137026352e-01 6.121999135522737494e-03 3.691529595868998231e-02
1.000000000000000000e+00 2.805496960964560582e+00 4.979268195216724480e-01 1.637549042728017323e-01 6.751296769037185008e-03 3.136433742422593124e-02
1.000000000000000000e+00 2.883062988711959207e+00 4.857154994780901736e-01 1.604894280136137941e-01 5.531597338848266363e-03 3.503966784515834959e-02
1.000000000000000000e+00 3.037994648759638761e+00 5.034734188692620016e-01 1.607523260175519331e-01 6.324717977420526126e-03 3.162145076611799083e-02
1.000000000000000000e+00 5.092184077716497725e+00 5.203797090035875428e-01 1.697884524222832425e-01 6.591382943947655081e-03 3.525175063829678185e-02
1.000000000000000000e+00 8.331465168651827069e-01 4.981614504391167486e-01 1.678181791880342111e-01 4.073543292063914502e-03 2.919091677648367328e-02
1.000000000000000000e+00 1.087420133418768087e+00 4.936186265022327047e-01 1.656659542227336968e-01 4.187844903352066356e-03 2.714166091979742720e-02
1.000000000000000000e+00 8.103361512899934782e-01 4.980852268968888885e-01 1.640010971669091933e-01 3.734772742181276424e-03 3.666383626596528278e-02
1.000000000000000000e+00 1.566032366555581534e+00 5.099638446663501412e-01 1.787631413633953281e-01 2.241683656431552301e-03 3.816945029944644741e-02
1.000000000000000000e+00 1.849110166386253695e+00 5.131665398436193737e-01 1.694009309401617314e-01 3.518219484768263239e-03 4.346665222108990478e-02
1.000000000000000000e+00 1.709554025108815711e+00 5.109958318080910500e-01 1.725109691616883989e-01 3.541149865484727235e-03 5.614477644936967382e-02
1.000000000000000000e+00 4.650356930983289949e+00 5.286589401856323089e-01 1.913360249751423214e-01 3.737301451063165282e-03 4.777380977888454061e-02
1.000000000000000000e+00 4.760688961046939838e+00 5.065045550449251976e-01 1.839420211443273390e-01 3.997879179734266722e-03 4.512702949181728040e-02
1.000000000000000000e+00 2.207751460478570849e+00 4.861651656787375764e-01 1.553579711404103336e-01 2.157361670002811913e-03 6.513616116105426512e-02
1.000000000000000000e+00 2.347349592440799881e+00 5.027021958312943850e-01 1.751575336835630714e-01 3.064129647533200308e-03 7.620499966613601683e-02
1.000000000000000000e+00 2.305438735046617005e+00 5.008000625725111954e-01 1.750823824774375426e-01 4.722265593673342053e-04 7.594539056211392636e-02
1.000000000000000000e+00 2.882396124709496021e+00 5.200775593290146714e-01 1.832080515051222880e-01 1.076676922542316346e-03 8.522594911786614269e-02
1.000000000000000000e+00 3.190744104413163029e+00 4.993228555325708307e-01 1.656336935732709847e-01 3.306408602310545886e-03 9.997597512635621186e-02
1.000000000000000000e+00 7.800994866147912710e+00 4.677113974999642654e-01 1.530862067843247465e-01 3.547273615191464270e-03 9.360422980188862208e-02
1.000000000000000000e+00 9.033216926494198162e+00 4.701175912936078616e-01 1.568048033702229560e-01 4.050889880048097122e-03 9.999349865879278432e-02
1.000000000000000000e+00 2.252534026109183518e+00 5.150467646439026437e-01 1.740958910139139837e-01 2.495948025288859552e-03 7.820725834088933237e-02
1.000000000000000000e+00 2.773752109681423939e+00 5.048900804118537922e-01 1.677933601499140281e-01 2.889171043189484814e-03 1.024213927923732503e-01
1.000000000000000000e+00 2.366500301358715141e+00 4.876349722621795557e-01 1.601999117350489110e-01 3.142635130681179813e-03 7.546661589201175691e-02
1.000000000000000000e+00 2.024503439296658769e+00 4.874211975513428885e-01 1.569814942191675444e-01 2.241541623792074524e-03 7.167975621122800456e-02
1.000000000000000000e+00 1.655712385395255337e+00 4.933109576185356060e-01 1.654958406118679226e-01 8.086958385327728486e-04 9.839089622421358372e-02
1.000000000000000000e+00 2.673118380925802562e+00 4.866868516651624565e-01 1.553402263567467412e-01 1.198653966795587859e-03 1.099855553382755868e-01
1.000000000000000000e+00 1.662902908364966237e+00 5.007407268328719629e-01 1.662834276858112525e-01 8.470915403836066886e-04 7.431175291465623445e-02
1.000000000000000000e+00 1.817666213072104631e+00 4.990898696666711820e-01 1.616379925738076206e-01 2.081801593644549628e-03 8.018559912174599846e-02
1.000000000000000000e+00 1.799223230979376531e+00 4.867840101526262342e-01 1.593039871693186504e-01 2.026153334565724672e-03 7.102037920351744749e-02
1.000000000000000000e+00 1.234050701563732755e+00 5.000314699785063377e-01 1.668375307240919925e-01 1.724762888641696379e-03 8.530398428211610762e-02
1.000000000000000000e+00 1.263890454743776814e+00 4.983396971408092235e-01 1.705721888780522000e-01 2.006840692034348415e-03 6.948110230195911341e-02
1.000000000000000000e+00 1.081726977804273293e+00 4.992870114345545063e-01 1.683025288352097693e-01 1.646713529708177014e-03 6.901384532647206194e-02
1.000000000000000000e+00 1.916248916248891376e+00 5.138482620560231862e-01 1.713362108324150701e-01 2.312985112212517097e-03 5.686157282121979961e-02
1.000000000000000000e+00 2.090056546294016826e+00 5.148110250848345615e-01 1.718518361822507223e-01 2.822111654331953615e-03 5.888030266395186119e-02
1.000000000000000000e+00 1.363619559892453870e+00 5.036174652320188905e-01 1.643146235945626421e-01 2.154108378934442916e-03 4.214904402694082119e-02
1.000000000000000000e+00 8.030112344584040551e-01 5.050557667791125693e-01 1.687901885232285515e-01 2.518365021623171843e-03 2.267957837375331187e-02
1.000000000000000000e+00 1.423291798755681015e+00 5.122111601609744547e-01 1.693512143843074469e-01 3.621723482957400937e-03 3.354654940798753454e-02
1.000000000000000000e+00 1.379844084036960128e+00 4.966469962249545622e-01 1.644712966650561659e-01 5.419665212490171018e-03 2.734360600608794212e-02
1.000000000000000000e+00 5.309447013710759222e+00 4.730359052635820238e-01 1.583840669083135810e-01 4.496298999461160670e-03 2.265100244051915929e-02
1.000000000000000000e+00 2.223843875649066604e+00 4.967944728566505708e-01 1.694991315375856400e-01 5.229122149897983893e-03 8.370202219608748051e-03
1.000000000000000000e+00 1.778462459099066750e+00 5.092628576047313338e-01 1.730682524289412216e-01 4.840348677612913222e-03 4.345052946090709536e-03
1.000000000000000000e+00 3.590352057829305110e+00 5.008029150247550465e-01 1.794250038429860972e-01 3.070108876984944078e-03 1.110706368634209115e-02
1.000000000000000000e+00 7.338345110109928404e-01 4.967003017085064309e-01 1.645748167901581738e-01 3.191244420688357179e-03 1.480233074972580817e-02
1.000000000000000000e+00 3.708320307264826088e+00 4.992824174462937026e-01 1.522515013666869976e-01 5.105311752564152018e-03 1.694323912950957897e-02
1.000000000000000000e+00 2.947885472691529785e+00 4.870388528016111329e-01 1.496502293308121512e-01 3.844179456949824852e-03 1.846227254409613106e-02
1.000000000000000000e+00 2.669608029171648855e+00 4.909901416233736771e-01 1.529865613196792207e-01 2.381432881467726668e-03 1.546197772807128730e-02
1.000000000000000000e+00 2.236985287306519687e+00 4.829360809669254739e-01 1.563760658362051137e-01 2.909734972732985498e-03 6.289572097635488454e-03
1.000000000000000000e+00 7.913847997087374297e-01 4.995412377511665447e-01 1.648479506759132907e-01 3.922043263099242970e-03 1.215815096198333105e-02
1.000000000000000000e+00 1.380428284749302570e+00 5.035066098358557118e-01 1.620382400692176039e-01 3.926837223015476608e-03 1.315454334010861086e-02
1.000000000000000000e+00 2.109693440203571857e+00 5.063682582420553357e-01 1.777502042138388860e-01 2.877011144313993980e-03 1.987846208598128064e-03
1.000000000000000000e+00 2.976254905916094984e+00 5.059457332075530944e-01 1.584790366451822308e-01 3.239418812973455467e-03 1.195327519536386676e-02
1.000000000000000000e+00 5.934250606061362454e+00 5.303174448375764793e-01 1.749416108736777387e-01 2.385444865458812708e-03 2.608601934125834299e-03
1.000000000000000000e+00 3.781631633192965136e+00 5.205069827694162043e-01 1.695518103215011285e-01 2.362734222747846224e-03 1.612996659872658820e-02
1.000000000000000000e+00 3.566880324578936445e+00 4.769165742935339569e-01 1.590550548948599097e-01 1.784427178010978676e-03 1.757774319689158274e-02
1.000000000000000000e+00 3.482847168149792783e+00 4.762402198330943359e-01 1.522085570278748912e-01 2.223944027558420224e-03 1.008423556011629751e-02
1.000000000000000000e+00 1.174273028622466519e+00 5.034545623461410546e-01 1.746081756908726412e-01 2.723571910393803464e-03 2.614062561800558140e-02
1.000000000000000000e+00 1.072227906754848803e+00 5.080009658771864611e-01 1.683109265063508497e-01 2.640927840864531594e-03 2.273688729250441035e-02
1.000000000000000000e+00 2.197343893085060174e+00 5.034357531025129839e-01 1.781460671233865978e-01 2.181081335195379344e-03 1.923483213030915268e-02
1.000000000000000000e+00 7.615484121297078079e-01 4.999927019317841337e-01 1.631718440359118949e-01 3.529252096204531404e-03 2.172309185856747746e-02
1.000000000000000000e+00 1.781841053054869173e+00 4.861824155639543066e-01 1.610479143067163887e-01 4.381147995790151024e-03 2.061116267511926142e-02
1.000000000000000000e+00 2.332970663175812476e+00 5.042747259403198568e-01 1.681995484009843056e-01 6.463148577642018576e-03 3.012339446880836491e-02
1.000000000000000000e+00 3.995042922831758325e+00 5.145178217929200493e-01 1.788018011162783583e-01 6.493542181728005624e-03 3.765178284209933640e-02
1.000000000000000000e+00 3.178351501195726403e+00 5.016568519997476328e-01 1.748801289896023126e-01 5.858400613345527731e-03 3.078999960907825503e-02
1.000000000000000000e+00 3.923981078368554698e+00 4.887495247752662308e-01 1.565650464448302692e-01 6.449189653805282620e-03 3.935718909639606550e-02
1.000000000000000000e+00 2.959608358486245372e+00 4.945841787760182906e-01 1.634810099671904493e-01 5.798652701627313166e-03 4.423913692188816138e-02
1.000000000000000000e+00 1.898750618714924565e+00 5.098225385973677026e-01 1.716782155294377388e-01 5.531261502385642626e-03 3.396360253218892733e-02
1.000000000000000000e+00 3.156801893772561485e+00 5.004525827304975305e-01 1.767176545987417802e-01 4.848709350197255401e-03 2.641018739534182341e-02
1.000000000000000000e+00 4.573205861184684196e+00 4.836240141551737537e-01 1.450545252645404626e-01 3.123402169640002082e-03 2.156362987450338720e-02
1.000000000000000000e+00 5.483393244648580023e+00 4.704212431338900546e-01 1.567766382623859422e-01 1.252816955974032920e-03 1.734083121342772094e-02
1.000000000000000000e+00 6.641172982899379740e+00 5.394590265948039365e-01 1.969932264947339418e-01 1.616760375896979631e-03 2.855826389936157866e-02
1.000000000000000000e+00 2.307323398932163983e+00 4.846030404919939305e-01 1.549990808317220359e-01 1.831305434451351933e-03 1.979204444051703426e-02
1.000000000000000000e+00 2.774746326916901484e+00 5.192210580145341092e-01 1.843179726085813486e-01 1.673784393250173520e-03 1.592950197653862296e-02
1.000000000000000000e+00 2.215219279265310259e+00 4.936342302176268682e-01 1.579574744939235276e-01 1.440879440500031361e-03 1.351928024374856978e-02
1.000000000000000000e+00 1.136273145055844314e+00 4.954551220145210211e-01 1.664324286880458081e-01 2.807441920868433954e-03 5.724563227923461575e-03
1.000000000000000000e+00 1.371860203611981355e+00 4.907273331787526116e-01 1.639396950965976152e-01 2.706739462860549474e-03 7.593355312477917222e-03
1.000000000000000000e+00 2.504166395304585180e+00 5.089316806192616394e-01 1.649337723567756153e-01 1.892785144747983692e-03 6.852289765685593177e-03
1.000000000000000000e+00 3.631858382283090769e+00 4.909715873970996181e-01 1.502328103885804123e-01 4.761594340496620552e-03 3.645547921723440998e-02
1.000000000000000000e+00 8.695410119697191131e-01 5.007534345895333638e-01 1.680583783122240604e-01 1.978871065629155858e-03 4.571397213461816239e-02
1.000000000000000000e+00 2.207404939627436669e+00 4.990753318874709410e-01 1.695795797160923601e-01 1.572081763254835549e-04 5.034442217082502058e-02
1.000000000000000000e+00 3.225451281620622446e+00 5.033799857708850523e-01 1.629881578860437052e-01 3.898852358057456691e-04 3.600541131084297741e-02
1.000000000000000000e+00 1.940237697084174373e+00 4.939605653784506778e-01 1.577757487172750661e-01 1.745731901077143388e-03 2.703483400259436287e-02
1.000000000000000000e+00 1.957294884966439774e+00 5.194861390151024327e-01 1.788386392479089093e-01 2.973737904973253188e-03 4.210312675128986132e-02
1.000000000000000000e+00 1.363991032690346827e+00 5.025981028305166465e-01 1.632391779566607914e-01 3.734348611176048754e-03 4.302466662736352532e-02
1.000000000000000000e+00 2.763197370659483454e+00 5.035778160726782637e-01 1.594204597453949823e-01 5.850525295323051253e-03 2.897229946808637518e-02
1.000000000000000000e+00 4.350484919264514971e+00 5.158360374020708461e-01 1.666059672106363354e-01 7.482243648271703212e-03 2.050284098666662475e-02
1.000000000000000000e+00 4.167442298645595677e+00 5.104877915684490342e-01 1.590947461770646776e-01 6.183810708110641825e-03 1.802980811508649722e-02
1.000000000000000000e+00 2.952544155615984156e+00 5.192209735483359623e-01 1.830729401252295940e-01 5.296903473338735770e-03 1.269668415279178939e-02
1.000000000000000000e+00 2.133498546734239998e+00 4.841126084687830677e-01 1.550220470009902873e-01 3.939134810162335174e-03 9.888476045479269866e-03
1.000000000000000000e+00 2.464892220355625607e+00 4.807170915456748239e-01 1.526482032817260692e-01 3.011645358366952727e-03 2.181350565248808132e-02
1.000000000000000000e+00 4.306487872282476204e+00 5.057157802961947946e-01 1.562808653662454694e-01 2.288906212000336397e-03 1.077387880643623785e-02
1.000000000000000000e+00 1.481859207537364220e+00 5.097230894653586031e-01 1.705356808686575854e-01 1.797238600851066431e-03 2.225822972629463645e-02
1.000000000000000000e+00 1.395752401598887138e+00 4.888305058139155723e-01 1.640996106976447821e-01 2.502125939146674499e-03 3.945762636046409172e-02
1.000000000000000000e+00 1.747692819366892358e+00 5.127951986603481727e-01 1.747878519263133812e-01 1.436583415026695910e-03 3.188785522092220381e-02
1.000000000000000000e+00 7.557770191889127132e-01 4.981034172343116184e-01 1.678874907479948331e-01 2.416534179393681897e-03 3.416330035562311490e-02
1.000000000000000000e+00 1.915407271502822972e+00 5.060208481087463683e-01 1.741363417446251949e-01 6.655831774822287567e-04 2.884347670142076159e-02
1.000000000000000000e+00 2.552557622902751344e+00 5.163410703834747650e-01 1.754401217603707708e-01 9.807894089416356858e-04 5.001063165454078252e-02
1.000000000000000000e+00 2.506205546115428007e+00 5.184572736225961931e-01 1.797632849447229897e-01 1.168538426290953924e-03 4.469247169240929407e-02
1.000000000000000000e+00 2.761999508388336189e+00 4.933740422515676682e-01 1.723673728998208476e-01 3.740728992304734497e-03 3.706166107188313408e-02
1.000000000000000000e+00 3.554311732931319856e+00 4.863936019470631589e-01 1.695829399382845493e-01 2.882802987736915110e-03 4.297747128539811112e-02
1.000000000000000000e+00 2.860857905341271934e+00 5.026779274198599490e-01 1.787204192165966210e-01 3.874075807071799410e-03 2.987256368639041801e-02
1.000000000000000000e+00 1.869163318095523163e+00 5.096148262594960565e-01 1.724192106877190656e-01 4.154780068483788363e-03 5.230618463675976160e-02
1.000000000000000000e+00 1.179228200721135211e+00 5.070735110083746111e-01 1.709797142010276716e-01 2.912746504253251913e-03 5.716210467412234653e-02
1.000000000000000000e+00 3.012530532544887230e+00 4.928413023956488836e-01 1.731230470587788173e-01 2.075890959833459615e-03 8.292560925270141270e-02
1.000000000000000000e+00 2.425667780519983996e+00 5.067283769151683659e-01 1.784323944969309628e-01 2.840827510190084820e-03 7.445725184505741501e-02
1.000000000000000000e+00 3.654700472970554781e+00 4.776525026144982089e-01 1.513712574995932370e-01 1.351386569691955279e-03 6.412083472878252199e-02
1.000000000000000000e+00 2.807108627275670898e+00 4.941358756066394631e-01 1.547752801027509895e-01 3.259639995206714286e-03 5.801847947470134548e-02
1.000000000000000000e+00 1.886872482957597352e+00 4.928103578620470215e-01 1.566002678820743454e-01 2.702954655844157228e-03 5.176287558849410053e-02
1.000000000000000000e+00 9.210705831921872644e-01 5.060219449705916084e-01 1.711565639347435441e-01 3.918444475731881066e-03 3.725652477897430093e-02
1.000000000000000000e+00 1.242170821012072768e+00 5.045408438955699681e-01 1.675573794747263756e-01 4.323603551276261267e-03 4.136959268065960177e-02
1.000000000000000000e+00 1.294202604243992472e+00 5.128998099674642042e-01 1.777001070964703555e-01 3.590116678733994322e-03 2.854067642255528336e-02
1.000000000000000000e+00 1.647455733679482615e+00 5.092192357328704233e-01 1.778917558138157773e-01 4.155552432805847442e-03 2.990745886568916406e-02
1.000000000000000000e+00 1.844522510737134136e+00 4.865345596834007580e-01 1.594577077157519063e-01 1.486120022546572311e-03 3.634124886127174103e-02
1.000000000000000000e+00 1.536948987142644940e+00 5.045484118973736498e-01 1.644474107251686912e-01 2.214676135701060256e-03 5.249715265982010659e-02
1.000000000000000000e+00 1.850402918594404200e+00 4.926800996450356740e-01 1.613417286100825576e-01 9.152112598314002950e-04 5.749469969468705421e-02
1.000000000000000000e+00 2.171323661425936358e+00 5.055741918084210029e-01 1.791540655564559659e-01 1.703806913491497056e-03 5.744550353650690333e-02
1.000000000000000000e+00 2.293333093895479013e+00 4.822818251085665420e-01 1.575148936748524964e-01 1.702647664503827239e-03 5.716080437497447764e-02
1.000000000000000000e+00 2.769466403302984325e+00 4.827197353762605614e-01 1.634980651318544698e-01 1.585941291775167395e-03 7.461317821754866186e-02
1.000000000000000000e+00 2.213680252726839992e+00 5.064747650521752576e-01 1.697542095138879492e-01 2.810385606154099450e-03 9.161136833031052751e-02
1.000000000000000000e+00 2.103780863454989269e+00 4.874279641191701096e-01 1.589128056738757788e-01 1.038206529661461677e-03 8.051812459835089308e-02
1.000000000000000000e+00 2.364202475676720372e+00 5.140531145907804023e-01 1.822212289876304903e-01 1.447154190597526452e-03 7.253267690516360111e-02
1.000000000000000000e+00 4.544170887662299485e+00 4.878960065703102922e-01 1.725631579050785069e-01 1.813186997335098239e-04 6.997960566685132444e-02
1.000000000000000000e+00 4.800886678970790911e+00 4.734164499169356000e-01 1.594286148914023926e-01 1.232120470989630503e-03 6.770162948236327360e-02
1.000000000000000000e+00 1.963734992021243686e+00 4.942735388015547793e-01 1.716870936066308417e-01 2.098725986593464113e-03 5.474341751560198727e-02
1.000000000000000000e+00 1.502487122527134122e+00 5.153884832084932865e-01 1.731792165037243370e-01 3.392902856273050452e-03 3.496131401664508143e-02
1.000000000000000000e+00 2.274091536457657270e+00 5.183883084502814986e-01 1.804796579088060460e-01 1.582237482262289791e-03 2.889019544896286734e-02
1.000000000000000000e+00 3.153654992970345461e+00 5.189758727712399100e-01 1.770822881979423336e-01 7.856865240314756145e-04 2.461725372488885247e-02
1.000000000000000000e+00 2.837538834369559115e+00 5.043190827000751941e-01 1.805831464475949888e-01 1.884269516504788423e-03 3.310841642553505326e-02
1.000000000000000000e+00 2.833996150155305926e+00 5.211731570681454873e-01 1.808046153279644908e-01 1.258783666454692512e-03 3.600958811698418138e-02
1.000000000000000000e+00 2.931743337432007657e+00 5.117687109092223796e-01 1.624737293356765255e-01 3.982189089018931677e-03 1.118310261424790980e-02
1.000000000000000000e+00 3.586994072309033665e+00 5.226259483719341015e-01 1.705544837902309430e-01 4.717548901198192687e-03 1.193016429931862375e-02
1.000000000000000000e+00 2.479144441753264427e+00 5.173539136391221982e-01 1.695860287195690153e-01 4.062095961384009669e-03 9.640318293993262178e-03
1.000000000000000000e+00 2.261683709980554013e+00 5.055471430968674351e-01 1.684437832819412340e-01 6.572809198319744944e-03 1.084497697909817503e-02
1.000000000000000000e+00 2.082881475356264112e+00 5.088042862754365014e-01 1.667309519911100435e-01 4.849877012776018792e-03 3.079938867065912939e-03
1.000000000000000000e+00 2.538665644544404465e+00 5.151067812727326833e-01 1.755466433348028266e-01 6.407938469389645383e-03 1.317514343634174079e-02
1.000000000000000000e+00 2.051172886917588922e+00 5.196004801218283564e-01 1.776191266097951471e-01 5.116000302942379403e-03 2.025787680393691115e-02
1.000000000000000000e+00 1.277672630832929590e+00 4.971275776205460462e-01 1.704735032774427617e-01 3.560313469122811623e-03 1.654058139993304019e-02
1.000000000000000000e+00 1.087070662068385873e+00 5.062026362948984781e-01 1.667273521372685252e-01 4.610132444097399772e-03 2.941762817920256026e-02
1.000000000000000000e+00 1.762222184112778534e+00 4.986439120140438441e-01 1.661446736697450022e-01 5.492126433877963024e-03 3.515376050882208780e-02
1.000000000000000000e+00 3.101062860063386051e+00 4.797428444162685213e-01 1.560634811015547685e-01 5.179176613884258276e-03 2.647704713933066167e-02
1.000000000000000000e+00 3.472084046785315792e+00 5.026187633229532992e-01 1.555221184014415059e-01 4.785320332750320378e-03 3.382604528985441728e-02
1.000000000000000000e+00 4.244079442191359242e+00 5.146853574512704199e-01 1.629898387375051660e-01 5.741779374972583172e-03 3.086851675162001485e-02
1.000000000000000000e+00 4.043626341520488054e+00 4.787616855843328523e-01 1.502993780725541684e-01 5.378346443178584103e-03 3.660835185453745200e-02
1.000000000000000000e+00 4.262638025206515024e+00 4.772505554862112587e-01 1.453925680587966063e-01 3.673789910704944837e-03 2.210306245166365063e-02
1.000000000000000000e+00 2.474439063163472063e+00 4.887562342702805318e-01 1.622243670724275999e-01 5.300018575479815801e-03 7.185451216858970702e-03
1.000000000000000000e+00 2.492109194414021900e+00 5.055205896410076560e-01 1.741958311705826268e-01 5.991110076549070046e-03 1.066669958968615578e-02
1.000000000000000000e+00 2.823496438149463383e+00 5.059488068968058805e-01 1.685863003741457644e-01 6.655019616948003834e-03 5.950204852839861835e-03
1.000000000000000000e+00 2.480591829130527337e+00 5.069657011983716988e-01 1.804431469535265342e-01 3.502951109262221908e-03 2.192745581060373886e-02
1.000000000000000000e+00 3.107920990513755477e+00 4.830022922859334433e-01 1.628422749419047300e-01 4.521842954508691580e-03 1.450936954864300715e-02
1.000000000000000000e+00 3.962210861827600183e+00 5.186467019798208788e-01 1.845145131559876028e-01 6.148474563086986019e-03 1.465376091973127209e-02
1.000000000000000000e+00 5.250631696823490735e+00 5.052661396667529337e-01 1.527639441383616958e-01 5.447856338455903981e-03 1.037667523590563717e-02
1.000000000000000000e+00 5.499219330628168478e+00 4.761035939329116284e-01 1.423621984408004193e-01 4.843835064064765106e-03 2.185783090133134460e-02
1.000000000000000000e+00 4.918524047665343346e+00 5.176660510904910195e-01 1.865375464143177731e-01 6.126749178962507050e-03 2.754325449384353863e-02
1.000000000000000000e+00 3.958296901036197468e+00 4.853262697374449153e-01 1.510075114083441750e-01 5.987623184985928562e-03 3.483497529325194769e-02
1.000000000000000000e+00 3.268865109194914798e+00 5.226635354370386954e-01 1.754245036286471160e-01 5.723369858110949338e-03 2.977703560577221742e-02
1.000000000000000000e+00 1.941819314684959608e+00 4.999940391557053943e-01 1.585012022724978376e-01 4.335350288041064926e-03 3.505972591893209700e-02
1.000000000000000000e+00 1.896820881243541201e+00 5.093747867154486686e-01 1.747286750160273183e-01 5.663950094118296551e-03 2.715704925226796601e-02
1.000000000000000000e+00 2.008347220506590425e+00 4.855062282452041744e-01 1.595675667921314378e-01 4.395311425864607303e-03 3.652746282469558625e-02
1.000000000000000000e+00 9.773056127224203360e-01 4.965150557236836515e-01 1.661384657345262306e-01 4.300693117414104878e-03 3.258949724130906500e-02
