1.000000000000000000e+00 2.928558021861130101e+02 4.952337304613264601e-01 1.710786643843813237e-01 1.228334368151818038e-03 1.199522537780912390e-01
1.000000000000000000e+00 1.482591063576595616e+02 6.122522033159953914e-01 1.391110584782311033e-01 9.846330169722338974e-04 2.188745189026981147e-02
1.000000000000000000e+00 9.674349434315583096e+01 4.849927636101473150e-01 8.297798940270989521e-02 1.159519203295707873e-03 2.076664014645585379e-02
1.000000000000000000e+00 3.499334649998720437e+01 5.949989218004875235e-01 2.080223833947264234e-01 3.375128848097788854e-03 2.187691074470556399e-02
1.000000000000000000e+00 9.080858416171608383e+00 4.586370639618164713e-01 1.469541344243971148e-01 1.162332041485523645e-03 3.151169531068468560e-02
1.000000000000000000e+00 1.488105819623210646e+00 5.019557958895058958e-01 1.694223220158884158e-01 1.005552541706047041e-03 2.566055986355036261e-02
1.000000000000000000e+00 2.694265814547136095e+00 4.858207280960414320e-01 1.574110660916326065e-01 7.352199007535501537e-04 2.808321734188792135e-02
1.000000000000000000e+00 2.218862007134811076e+00 5.158952579943167915e-01 1.706502484978464351e-01 2.358215671513192151e-03 3.709628689119894712e-02
1.000000000000000000e+00 8.132162651516571250e-01 5.024310968020804236e-01 1.700903007368608499e-01 2.141271021460058703e-03 3.202323953679468010e-02
1.000000000000000000e+00 8.617276167100174078e-01 5.060939067293029892e-01 1.732571686889508300e-01 3.053259801418189631e-03 3.651567926542168691e-02
1.000000000000000000e+00 2.011688657449886009e+00 4.839472543837456397e-01 1.572198292667634778e-01 1.870477916077192566e-03 3.383910472870315517e-02
1.000000000000000000e+00 4.621573822861352987e+00 5.126093525585752042e-01 1.600861544152237803e-01 2.319724422079624294e-03 2.039503776447966835e-02
1.000000000000000000e+00 1.391714532987547104e+00 5.097157590375354097e-01 1.742845764946275577e-01 3.550648870094302596e-03 4.275054625195253560e-03
1.000000000000000000e+00 1.923243233789531770e+00 5.104636962723871907e-01 1.799598590823767996e-01 3.004420340116098747e-03 1.235848109674769074e-02
1.000000000000000000e+00 1.571939962423972714e+00 5.048694475056818565e-01 1.634133062566730521e-01 2.385774294388356368e-03 2.519046953163622121e-02
1.000000000000000000e+00 1.217149134832523849e+00 4.968175873471267212e-01 1.590558511479846782e-01 4.236214105857841021e-03 2.511334306712044440e-02
1.000000000000000000e+00 1.653442659991210872e+00 4.956928389075117569e-01 1.692144354272422102e-01 3.358634923974034535e-03 3.556522744615889242e-03
1.000000000000000000e+00 4.418261729620088119e+00 5.340854850059419956e-01 1.835346884481514063e-01 4.362584356771308756e-03 1.618077436252448112e-02
1.000000000000000000e+00 1.446346530441885436e+00 4.993598049423256247e-01 1.658768902518342192e-01 5.748405975026509886e-03 1.546174576603479185e-02
1.000000000000000000e+00 1.086627397237385440e+00 5.009043946277668136e-01 1.656790958225054788e-01 4.767385596716569238e-03 1.016272469472119695e-02
1.000000000000000000e+00 1.416128867203208630e+00 5.042155358353943573e-01 1.654004941940557250e-01 5.278698587821398398e-03 1.048603537747527618e-02
1.000000000000000000e+00 1.803554228478550625e+00 4.884465631499159133e-01 1.547360743715046061e-01 3.579101981460676082e-03 1.368094519844689598e-02
1.000000000000000000e+00 2.437486789982922009e+00 4.935883915551017576e-01 1.569182993141846061e-01 5.941037910103636258e-03 1.004829388784353461e-02
1.000000000000000000e+00 9.356062324258691554e-01 5.071885284526226334e-01 1.689062229481293753e-01 4.087359419620684164e-03 3.322863131526855585e-02
1.000000000000000000e+00 1.593091154863376380e+00 5.123283426321814105e-01 1.792782334845041958e-01 2.583814795922666566e-03 4.374435038093262701e-02
1.000000000000000000e+00 1.212790752757038515e+00 5.111705923381096861e-01 1.711824120421792106e-01 2.518075932254467894e-03 3.354226439835336637e-02
1.000000000000000000e+00 1.503843927937832614e+00 5.086327402594128522e-01 1.781693831608653633e-01 3.186867927790543089e-03 2.172094226141585427e-02
1.000000000000000000e+00 4.004127753486024233e+00 4.799813279746553696e-01 1.650453749632290745e-01 2.478839891283453334e-03 2.825401576526689884e-02
1.000000000000000000e+00 2.917345631179433241e+00 5.251743743557953925e-01 1.766283683379867298e-01 3.928653631620623692e-03 1.730093742356254849e-02
1.000000000000000000e+00 6.449456944645346468e+00 4.683097079303719101e-01 1.416775414656344101e-01 3.579780880945984418e-03 1.459939292603020314e-02
1.000000000000000000e+00 2.520405427581291491e+00 4.846979337999815507e-01 1.649148813672267899e-01 2.338767201244585942e-03 1.643098257479397306e-02
1.000000000000000000e+00 3.307973752794620026e+00 5.253229228168676546e-01 1.836447379155879966e-01 4.508739217551255979e-03 5.097063515863876557e-03
1.000000000000000000e+00 2.967328608134856882e+00 4.880683828376954358e-01 1.544674824653362588e-01 6.353173034075647839e-03 2.480587578904400181e-02
1.000000000000000000e+00 2.915849468124506849e+00 5.254256480475429925e-01 1.835732916021664551e-01 4.858068987488448759e-03 1.715893211630251450e-02
1.000000000000000000e+00 4.211249106388915919e+00 4.919003794847343070e-01 1.515490561573022699e-01 6.453002390181595584e-03 7.808350591325350157e-03
1.000000000000000000e+00 2.717865998375898151e+00 4.927448496387991095e-01 1.540216864788030715e-01 6.006460620434982828e-03 1.957362976410828917e-02
1.000000000000000000e+00 3.306359652201573240e+00 5.212890914719323643e-01 1.846147844017753670e-01 5.015837653661129117e-03 8.698635979382411676e-03
1.000000000000000000e+00 3.312664143423959207e+00 4.944649188851907295e-01 1.520604437442323598e-01 4.547422100000655942e-03 6.691287273075635644e-03
1.000000000000000000e+00 1.794505186238916306e+00 5.057761900868501526e-01 1.636052768931655077e-01 3.259725866205878935e-03 4.317514885203094580e-03
1.000000000000000000e+00 2.411807216413615507e+00 4.855318864508930687e-01 1.534068825018203019e-01 3.568205339637101937e-03 5.711729193542290292e-03
1.000000000000000000e+00 6.886420621794989705e-01 5.015702504219512470e-01 1.677637753793892739e-01 3.301639892487015591e-03 1.340438673622209274e-02
1.000000000000000000e+00 2.375987887082076533e+00 5.226290855450457240e-01 1.788855757642556221e-01 3.100849320184710049e-03 1.313379434781935910e-02
1.000000000000000000e+00 2.684496496932226250e+00 5.221388758038032485e-01 1.768984968657622003e-01 2.302280026999498422e-03 1.775723874574444000e-02
1.000000000000000000e+00 2.988740499256570260e+00 5.222072163927933275e-01 1.857180009374609919e-01 1.707245859541365630e-03 3.561942329721470152e-02
1.000000000000000000e+00 1.260304516607227532e+00 5.096047001934895793e-01 1.754810809431761320e-01 1.937513901130844072e-03 4.696878016922408777e-02
1.000000000000000000e+00 1.674390326531784323e+00 5.015980001743387540e-01 1.698179565579971684e-01 6.718032660326454623e-04 5.417884003353606870e-02
1.000000000000000000e+00 3.801552179464823045e+00 4.801931617103232242e-01 1.518792898229756605e-01 7.832807481121820342e-04 6.644811791547594604e-02
1.000000000000000000e+00 3.621583843141793491e+00 4.871491491406603203e-01 1.701583766407882004e-01 6.102065638741024315e-04 6.471764880507815954e-02
1.000000000000000000e+00 4.862022051900647845e+00 5.324116190820001870e-01 1.927061554432043800e-01 2.256292042170250818e-03 5.449751626751651173e-02
1.000000000000000000e+00 3.630398004808784052e+00 5.109843297082041769e-01 1.824033447085113835e-01 4.623166612619369897e-03 4.516075878322369647e-02
1.000000000000000000e+00 4.294303712673045226e+00 5.215882540469578554e-01 1.758974154188831518e-01 5.520814926207053518e-03 4.669874727568247563e-02
1.000000000000000000e+00 5.921355957011671833e+00 4.810327385092308394e-01 1.677081020643985676e-01 4.503291658453562052e-03 3.659022710812351309e-02
1.000000000000000000e+00 4.605769210629448551e+00 5.097669805101446849e-01 1.802376653425440955e-01 6.676336516840274300e-03 3.208222085724360406e-02
1.000000000000000000e+00 4.100368992747315922e+00 5.027350890991166832e-01 1.673192567968118938e-01 7.990633759294400382e-03 2.796919074135029507e-02
1.000000000000000000e+00 1.470207557385164066e+00 4.994883391818760732e-01 1.638693233148978412e-01 5.873365508329117697e-03 2.082274674244945223e-02
1.000000000000000000e+00 1.767736430744849097e+00 5.085747118233842068e-01 1.664319149423541255e-01 2.565900337407487231e-03 6.272931451303939351e-03
1.000000000000000000e+00 3.752921043472975615e+00 4.766728162375755140e-01 1.481257750271100238e-01 4.174647350083124028e-03 1.446329915503435405e-02
1.000000000000000000e+00 4.586745917225936608e+00 5.052350249614665501e-01 1.841459887302822063e-01 2.480225619468209332e-03 9.507952612308931059e-03
1.000000000000000000e+00 1.886347162831828905e+00 4.954845160177198116e-01 1.706374890324255100e-01 1.108928880832899585e-03 1.633762068529119593e-02
1.000000000000000000e+00 2.629134081137215251e+00 5.061597866170851612e-01 1.675404373963666205e-01 4.217951090030232783e-04 3.488098972240607359e-02
1.000000000000000000e+00 4.950362252417809472e+00 4.826106301498680473e-01 1.470755286435860565e-01 1.320486367173826121e-03 1.583574786552655392e-02
1.000000000000000000e+00 3.005272368397213789e+00 5.222897223034740355e-01 1.818636249090163637e-01 1.280914887776605886e-03 2.935295259822332317e-02
1.000000000000000000e+00 2.951176192757563488e+00 4.879373025844818690e-01 1.644481887543071952e-01 1.632368948537412170e-06 4.214968620186200499e-02
1.000000000000000000e+00 2.346906326822385314e+00 5.045246825484339670e-01 1.715838994638231862e-01 1.556298643054530373e-04 2.849039580937562030e-02
1.000000000000000000e+00 3.606704310237483835e+00 5.044741975253034250e-01 1.619754817021301641e-01 4.732230432161284219e-04 4.198424377977483246e-02
1.000000000000000000e+00 4.374269159311106492e+00 5.279571333585512116e-01 1.891927941220285514e-01 1.062976458437982436e-03 2.657855620744639658e-02
1.000000000000000000e+00 3.578397014648128760e+00 5.253525984577489538e-01 1.893446039598072339e-01 3.070473139903161751e-03 2.187525774027887851e-02
1.000000000000000000e+00 2.931915663648350101e+00 5.197975626056141607e-01 1.859083647893454427e-01 3.755326789471971106e-03 3.392417754814154585e-02
1.000000000000000000e+00 1.378273361727254676e+00 4.952068974746819396e-01 1.589793002496628638e-01 4.122871712982364295e-03 9.686239640915309673e-03
1.000000000000000000e+00 1.201794370213880248e+00 5.084658640316128686e-01 1.738697931443504707e-01 3.185110860810859770e-03 6.376640203450382668e-03
1.000000000000000000e+00 1.809040607312884186e+00 5.040051398040669151e-01 1.744716882171651329e-01 1.024335207242590626e-03 1.028633629692481122e-02
1.000000000000000000e+00 2.094291476442239119e+00 5.135335017748283715e-01 1.773077883934381371e-01 1.433353274223419420e-03 2.504618206042420227e-03
1.000000000000000000e+00 1.563486852226101620e+00 5.022031344714659173e-01 1.739369117217684779e-01 1.752655986551709131e-03 8.278001068255387562e-03
1.000000000000000000e+00 3.322787035983426840e+00 5.203760564949275746e-01 1.717727657411756981e-01 3.650066096655454895e-03 7.091551310275121325e-04
1.000000000000000000e+00 2.506484974656387532e+00 5.238214150704704197e-01 1.782125000535211001e-01 3.553425420325284807e-03 1.561684664213205953e-02
1.000000000000000000e+00 2.536756666800378479e+00 5.194762714501516276e-01 1.711403938679471604e-01 3.388579074195826636e-03 2.086623399353047109e-02
1.000000000000000000e+00 2.230440663368902232e+00 5.213363802322893426e-01 1.829784870355037896e-01 3.293055338045209907e-03 2.113565297757606654e-02
1.000000000000000000e+00 1.729335958435799458e+00 5.133740696373650936e-01 1.802195382958255432e-01 3.739829767204961523e-03 2.217696986400475787e-02
1.000000000000000000e+00 2.956517537920559047e+00 5.059354277746973549e-01 1.799569289025361452e-01 3.264549193544484095e-03 2.951637040641403448e-03
1.000000000000000000e+00 2.564042205627801607e+00 4.958394917578232142e-01 1.735833849297613030e-01 3.835650243095969913e-03 1.754217643600473886e-02
1.000000000000000000e+00 1.639723790868918396e+00 4.944673253852034378e-01 1.581604239452986949e-01 2.280882498862023440e-03 1.662689387469774502e-02
1.000000000000000000e+00 4.420236511864606754e+00 4.791997347995566869e-01 1.461651353905298045e-01 2.341927554970751803e-03 1.672864411514662225e-02
1.000000000000000000e+00 1.330521375325436351e+00 5.119908760346193466e-01 1.757620933268098651e-01 2.069239275770144628e-03 2.631529154252440494e-02
1.000000000000000000e+00 2.342296607319231061e+00 4.934563985201544933e-01 1.567564219351567645e-01 4.565755686226238494e-03 4.448069921755838652e-02
1.000000000000000000e+00 1.386616905079143480e+00 5.112997611928902231e-01 1.757235343137228956e-01 4.338870560692699614e-03 3.409695163118945521e-02
1.000000000000000000e+00 3.822890592247893071e+00 4.734616967424029599e-01 1.534902539647979014e-01 3.125800446757216050e-03 1.628747144174111025e-02
1.000000000000000000e+00 4.016343675167707516e+00 5.198434501597324342e-01 1.667992403927940070e-01 3.904433339059677158e-03 7.899503410875715823e-03
1.000000000000000000e+00 3.899697981157361326e+00 4.795954931231918850e-01 1.592044269265923406e-01 4.148406592683822475e-03 1.763846432020835242e-04
1.000000000000000000e+00 3.489489055152707131e+00 5.280424405066900251e-01 1.817823634396409649e-01 3.804743479615403570e-03 5.485705321489963565e-03
1.000000000000000000e+00 2.278028261378630237e+00 4.867966748899334450e-01 1.521163605507981909e-01 3.366660729646097066e-03 1.979413585420333743e-02
1.000000000000000000e+00 1.890604443112181121e+00 4.895863598887728041e-01 1.596415199087473924e-01 1.340687000955146247e-03 1.437927377689176417e-02
1.000000000000000000e+00 1.904355631237276025e+00 5.039868814195916924e-01 1.773188886712603607e-01 2.184238168544238700e-03 1.599318771519646354e-02
1.000000000000000000e+00 2.343753359764884525e+00 5.144753558662356063e-01 1.781831807183792415e-01 8.622005470689973403e-04 3.134638405832421149e-02
1.000000000000000000e+00 1.200256892650453766e+00 5.038383363986852492e-01 1.731274704902338590e-01 1.641530256922108140e-03 2.923212509969017742e-02
1.000000000000000000e+00 2.778414475142585438e+00 5.147452309418012462e-01 1.744257305667840374e-01 7.101346998873753376e-04 1.559773415374248601e-02
1.000000000000000000e+00 2.006001320902843776e+00 4.978389572440712341e-01 1.682321410932532402e-01 4.838909632725574804e-04 2.787934385304759177e-03
1.000000000000000000e+00 2.413592357048761627e+00 4.887535788454256958e-01 1.584402179998930515e-01 1.002899397417628558e-03 3.230277750334173414e-03
1.000000000000000000e+00 1.926808646195252939e+00 5.027839209751443494e-01 1.748500320738373415e-01 1.176664703765025648e-03 3.764695079509854624e-03
1.000000000000000000e+00 1.895600366364011524e+00 5.096847784227817035e-01 1.707753399516441228e-01 1.528498751692786671e-03 2.438111199858954657e-03
1.000000000000000000e+00 4.037066534835504150e+00 4.790618352533035362e-01 1.634065688944220107e-01 9.394646425215910429e-04 2.880901118862610674e-02
1.000000000000000000e+00 4.618893201595644094e+00 5.236578859701729316e-01 1.899648115635496348e-01 4.622101123552832883e-04 4.325348295563232609e-02
1.000000000000000000e+00 2.965182912559559014e+00 4.831907989369700340e-01 1.591276132298440338e-01 4.706135359526633687e-04 4.243578983369939578e-02
1.000000000000000000e+00 6.060773505664633021e+00 5.293481759236197126e-01 1.969168112556594352e-01 1.672151786611125821e-03 5.326318438213443335e-02
1.000000000000000000e+00 6.626543756759934567e+00 5.146945938589596592e-01 1.599554825633776600e-01 1.097664928015763125e-03 4.094952057718187488e-02
1.000000000000000000e+00 4.887775132257747401e+00 5.264931442433127273e-01 1.778319040918964478e-01 7.876507381596992543e-04 4.959774461892749869e-02
1.000000000000000000e+00 3.530229684507789845e+00 5.265090021028261402e-01 1.805596302658597774e-01 2.170630357434053491e-03 6.151082829947561448e-02
1.000000000000000000e+00 2.075167164342775372e+00 4.879508574369723073e-01 1.563693866786282638e-01 2.972507939413065233e-03 6.060177762007494529e-02
1.000000000000000000e+00 1.530136162576442915e+00 5.028962528189924175e-01 1.641875791266135809e-01 2.168331222205736354e-03 6.443010192368686662e-02
1.000000000000000000e+00 9.025374810099630052e-01 5.039893441283863629e-01 1.725981305735529714e-01 2.481580417042683097e-03 4.180359709399979196e-02
1.000000000000000000e+00 1.335979688903744300e+00 5.055764758311820373e-01 1.642982572855858081e-01 2.895928979708517741e-03 3.537064872066558729e-02
1.000000000000000000e+00 2.260841778858614592e+00 5.207820477196124509e-01 1.792794376980646753e-01 2.425552675175393982e-03 1.401875605733766267e-02
1.000000000000000000e+00 5.113624468592582240e+00 5.233656294626478633e-01 1.932568576723326104e-01 2.075089888234935270e-03 1.863017079148755750e-02
1.000000000000000000e+00 1.401050641202857161e+00 4.943121044706176859e-01 1.600898354577572902e-01 3.543264676919755454e-03 4.641614990784075079e-03
1.000000000000000000e+00 7.894264284630552186e-01 4.961793730047710516e-01 1.632395071776974738e-01 3.995794303913543198e-03 1.558831470826089333e-02
1.000000000000000000e+00 2.573600662863455568e+00 5.104049139120352407e-01 1.823825370788332290e-01 2.707280826086829861e-03 1.532232359027432128e-02
1.000000000000000000e+00 2.410417885897222057e+00 5.144439982769586361e-01 1.811215122345011530e-01 1.151666866844189719e-03 2.001027894869187793e-02
1.000000000000000000e+00 2.528767949235494861e+00 4.919777623290552682e-01 1.693786521749603147e-01 4.428753449508177108e-04 2.882341161302076626e-02
1.000000000000000000e+00 2.631519829721375991e+00 5.028324205434887562e-01 1.789495654647192679e-01 1.527855306108778788e-03 2.578495298255341350e-02
1.000000000000000000e+00 3.243777462776679332e+00 5.239375870782942979e-01 1.872785494934482708e-01 1.946554531654094092e-03 4.189070275463097071e-02
1.000000000000000000e+00 3.797651199652579024e+00 5.024052391906587145e-01 1.807138371791505993e-01 3.375079137240191013e-04 4.713398770025261503e-02
1.000000000000000000e+00 9.248454258119032101e-01 5.029548644140141578e-01 1.702716346907490741e-01 1.939635366153210066e-03 4.898755140703665856e-02
1.000000000000000000e+00 9.642566419146217926e-01 4.998384831502031278e-01 1.670469284421080558e-01 2.570855305572133931e-03 5.889783549266590368e-02
1.000000000000000000e+00 4.431038286543531157e+00 4.764646245834397997e-01 1.482882006964899302e-01 1.358692007994582746e-03 4.552308953751461884e-02
1.000000000000000000e+00 4.586367129772257023e+00 4.817022711985283201e-01 1.456561561099277147e-01 2.336515580640041202e-03 2.491878504790112289e-02
1.000000000000000000e+00 1.042791619132905634e+00 4.989365961316394871e-01 1.630520334960192941e-01 2.240168443834995513e-03 2.605414498468999751e-02
1.000000000000000000e+00 1.175416049403615881e+00 5.055539674187013999e-01 1.648030010272205637e-01 3.775845818161701478e-03 3.386797955977478847e-02
1.000000000000000000e+00 8.782336039489933022e-01 5.067141917414207386e-01 1.683356346769745993e-01 3.569671351997239471e-03 3.529166949735727810e-02
1.000000000000000000e+00 7.936339827530338731e-01 5.078914640767737687e-01 1.693555758033936653e-01 3.622896154879641246e-03 2.756212020764369636e-02
1.000000000000000000e+00 2.135359998774667201e+00 4.970768124208245209e-01 1.737996562667468436e-01 3.325730219209615136e-03 3.754259901853978371e-02
1.000000000000000000e+00 8.147272271473429139e-01 5.017793743519888272e-01 1.665873409903775859e-01 2.315645168514787917e-03 3.666596449492078025e-02
1.000000000000000000e+00 2.672182436134371120e+00 5.107091931828868780e-01 1.629999936855481835e-01 4.575649015710822609e-03 3.266069210386662869e-02
1.000000000000000000e+00 1.612499527695139712e+00 4.885510878795669143e-01 1.589258016143810515e-01 4.919842409516537660e-03 2.639699556749826315e-02
1.000000000000000000e+00 1.748682373287175018e+00 4.973047185255571323e-01 1.689392592812245242e-01 5.437493865349229613e-03 2.223256077692130003e-02
1.000000000000000000e+00 1.752254840234100053e+00 4.973108189121386302e-01 1.591640021358424750e-01 5.636512151573944140e-03 1.562802765030443797e-02
1.000000000000000000e+00 1.159178497724851820e+00 4.971655867879519186e-01 1.658111613138275597e-01 5.152779822207112850e-03 2.315865720090610341e-02
1.000000000000000000e+00 1.010431873225975830e+00 5.052836329829818451e-01 1.736063474944210538e-01 3.758017790306536141e-03 3.275338963226292338e-02
1.000000000000000000e+00 1.773093279703517045e+00 4.997062472889116092e-01 1.578333570677618036e-01 3.574894006689291383e-03 2.248945771945927777e-02
1.000000000000000000e+00 2.361326670160763808e+00 4.932871679098266293e-01 1.638926976352776399e-01 6.225682700741223471e-03 1.234157417893767816e-02
1.000000000000000000e+00 5.416102762402812409e+00 5.195719081354047697e-01 1.891933924414640755e-01 5.833417746642846104e-03 1.744068991117699377e-02
1.000000000000000000e+00 3.040248875444145238e+00 5.028091184073456565e-01 1.565498771859040184e-01 5.362744232814023286e-03 1.213169359532262001e-02
1.000000000000000000e+00 3.536943178135152355e+00 4.866858034980446890e-01 1.688418700628270541e-01 2.998825857256826391e-03 5.812368454469716249e-03
1.000000000000000000e+00 2.166629019710213822e+00 5.162243192257069957e-01 1.807202506022327626e-01 1.678841658553894721e-03 1.642257297558438051e-02
1.000000000000000000e+00 1.262315594018760256e+00 4.906278132385085700e-01 1.632502683680769062e-01 3.057867510346386816e-03 9.887506805374958463e-03
1.000000000000000000e+00 1.882274225490701225e+00 4.854912122523214468e-01 1.615900671056458848e-01 3.665125286386185580e-03 1.381279137029137183e-02
1.000000000000000000e+00 2.312887179567761908e+00 4.945853698307608459e-01 1.558690309253337736e-01 2.882768932226364642e-03 3.579717615348167875e-03
1.000000000000000000e+00 1.574463576544343324e+00 4.984470612861744421e-01 1.702777733853257369e-01 1.210882265180735591e-03 8.327562780025559927e-03
1.000000000000000000e+00 2.158688362303275543e+00 4.867289432573093655e-01 1.537355683530047812e-01 2.588118679562829115e-03 1.681878415456131842e-02
1.000000000000000000e+00 1.869018837361211327e+00 4.921657812654220976e-01 1.599962174692781680e-01 1.357214886905545566e-03 1.031021772072740830e-02
1.000000000000000000e+00 3.023978166046671578e+00 5.241973559954706818e-01 1.806567845134623984e-01 1.902469612675352674e-03 1.724145358099669553e-02
1.000000000000000000e+00 9.474004789767311863e-01 5.022793044335110979e-01 1.694691557218882816e-01 4.806413734768170617e-03 2.037936301813505699e-02
1.000000000000000000e+00 1.746896530063337227e+00 4.891651770157781076e-01 1.665084616522421179e-01 3.181134589437647521e-03 2.939894882485570571e-02
1.000000000000000000e+00 2.637202290478369182e+00 4.893900544566636146e-01 1.688438215125067920e-01 3.865444873918498763e-03 3.356117991661976968e-02
1.000000000000000000e+00 1.378810827235075642e+00 5.139171238894179039e-01 1.744711489261466242e-01 2.680327947688214505e-03 4.271818414281635529e-02
1.000000000000000000e+00 1.067643791641843976e+00 4.917630597830977557e-01 1.648247603981995990e-01 2.400041978087670645e-03 3.530745081022117204e-02
1.000000000000000000e+00 4.051714454821039091e+00 4.729214915684736287e-01 1.536465563628438280e-01 1.834879403394030616e-03 3.227802590351155215e-02
1.000000000000000000e+00 3.418334972836137187e+00 4.779126522676450661e-01 1.598531086404099966e-01 1.546089993555664448e-03 2.533290025213249391e-02
1.000000000000000000e+00 3.244654128114899283e+00 4.832458825032954208e-01 1.661631202434944166e-01 2.449317449426050095e-03 2.373333803144092591e-02
1.000000000000000000e+00 3.638382808456464890e+00 4.781632157285455320e-01 1.597884895838893871e-01 9.248692139365171944e-04 2.342753962895633910e-02
1.000000000000000000e+00 4.463653139131849024e+00 4.968165317380763280e-01 1.795019917603962178e-01 1.081960826451974864e-03 3.807557176679324251e-02
1.000000000000000000e+00 3.657036379465480547e+00 4.845313760372307321e-01 1.677102512457089856e-01 7.393091267990513533e-04 2.487615102151193025e-02
1.000000000000000000e+00 4.059656000925422781e+00 4.787817311498056561e-01 1.585098691965790285e-01 6.040897595090653771e-05 3.586747784721288496e-02
1.000000000000000000e+00 2.183313919376069112e+00 5.205317272997797007e-01 1.797078143330860245e-01 3.296853456746781652e-03 4.446104341356856005e-02
1.000000000000000000e+00 1.215480769442600861e+00 5.019159934039827409e-01 1.738091257991837557e-01 2.209252059389889798e-03 3.495138606592641112e-02
1.000000000000000000e+00 1.929119751043690156e+00 5.033598424577205854e-01 1.766894521043393673e-01 1.560821584235130106e-03 1.937017774434560483e-02
1.000000000000000000e+00 2.368868433072969459e+00 5.194191875045592877e-01 1.800560697720712811e-01 1.619512057452609979e-03 2.666048463594800771e-02
1.000000000000000000e+00 3.344368219998133718e+00 5.217469081400425424e-01 1.778024582130784959e-01 1.077268716708083222e-03 2.889014373470489769e-02
1.000000000000000000e+00 4.305822776476971647e+00 5.089454175330568875e-01 1.861794136423754742e-01 1.414307104505694961e-03 4.414582588100447735e-02
1.000000000000000000e+00 2.723527717996762743e+00 4.902540257292049564e-01 1.545693270165693356e-01 1.414761724091953554e-03 3.203498746599798414e-02
1.000000000000000000e+00 3.733146038625877239e+00 5.217494911094153753e-01 1.879268041210675477e-01 1.575701445112366334e-03 4.989786292162234904e-03
1.000000000000000000e+00 2.056180143404187088e+00 4.902045584878187978e-01 1.546926607096114625e-01 2.370634196949157439e-03 2.537598075209124282e-02
1.000000000000000000e+00 1.632887410431653752e+00 4.965194187583430452e-01 1.576419270417746821e-01 2.831486579022389743e-03 2.170901662080309755e-02
1.000000000000000000e+00 2.998995664129509908e+00 5.108037481174422245e-01 1.796156328583269346e-01 5.876164296018552245e-03 1.598908442121204157e-02
1.000000000000000000e+00 3.879993602862294555e+00 5.165530336138335343e-01 1.884158104810645662e-01 2.545394149084881461e-03 2.449493737300953433e-02
1.000000000000000000e+00 1.873760539833790206e+00 4.836418938784777244e-01 1.589657339362428035e-01 3.848189431769292318e-03 2.345503348748297773e-02
1.000000000000000000e+00 1.790278113785823688e+00 4.957920501299063476e-01 1.613679487084469788e-01 5.971926961443682277e-03 2.535820383093442473e-02
1.000000000000000000e+00 2.027996533057660589e+00 5.017395958431780656e-01 1.769821097536102839e-01 2.343012768777716186e-03 3.650371435191825109e-02
1.000000000000000000e+00 1.993641720267780304e+00 5.178781859338843496e-01 1.818721760921818698e-01 3.382087563967680916e-03 1.647698241816572540e-02
1.000000000000000000e+00 3.939750486990600820e+00 5.273436916828866394e-01 1.788591483170469121e-01 2.247440636979251317e-03 7.007452362964782314e-03
1.000000000000000000e+00 4.588546575766261348e+00 5.279157783392136594e-01 1.743764415167118886e-01 3.386021847069565008e-03 7.042048268322691727e-03
1.000000000000000000e+00 2.773892103928362385e+00 4.840376464094719444e-01 1.651236512106556142e-01 2.620552123379264655e-03 1.594372771513086554e-02
1.000000000000000000e+00 1.492306021158667617e+00 4.916084457903081018e-01 1.634348162220932987e-01 3.084523604459899707e-03 2.027706963417457570e-03
1.000000000000000000e+00 1.417454295656414676e+00 4.995486076169771139e-01 1.712542240399828886e-01 1.452779789392132136e-03 1.449912859082197816e-02
1.000000000000000000e+00 2.793742504524387549e+00 4.887128674184549881e-01 1.635100852582559161e-01 4.228639441997920217e-05 2.102131304955581065e-02
1.000000000000000000e+00 1.566563686685714885e+00 5.091167713949579232e-01 1.786776862230861629e-01 2.491629932062094585e-03 2.666329457065318501e-02
1.000000000000000000e+00 1.431934756165923028e+00 4.893345715884150349e-01 1.587638207927610789e-01 3.405159590296838370e-03 4.436441639051350028e-02
1.000000000000000000e+00 2.908948546925860690e+00 4.917907763535815380e-01 1.727306022254276319e-01 1.537665200254197465e-03 4.553850893450655385e-02
1.000000000000000000e+00 2.053207172076164433e+00 4.904664703154880678e-01 1.570607389255967434e-01 1.490708588454497247e-03 4.192688440017239976e-02
1.000000000000000000e+00 1.639798796964193839e+00 5.092886610590479091e-01 1.769626935211710272e-01 3.337811674382164685e-03 5.189731096111039471e-02
1.000000000000000000e+00 1.929774032125546324e+00 5.140129395607963003e-01 1.709818545981155458e-01 3.786706183986503476e-03 4.569117933618090793e-02
1.000000000000000000e+00 3.776763178040568381e+00 5.119800161479309830e-01 1.620991563666684399e-01 2.122167143398208562e-03 3.762308123088758255e-02
1.000000000000000000e+00 4.326291514312496034e+00 5.011613182748143602e-01 1.820488820122295182e-01 1.720482040455059832e-03 5.914259850189339252e-02
1.000000000000000000e+00 3.112715568302271585e+00 4.777873265322880036e-01 1.559941782561180268e-01 3.721481603801108512e-03 4.224425171282303326e-02
1.000000000000000000e+00 2.877385852583927761e+00 5.244255454566166819e-01 1.809206548716469631e-01 3.036362810547387370e-03 5.055558919017514447e-02
1.000000000000000000e+00 2.184716843210439574e+00 5.024297696520655387e-01 1.677852955132310975e-01 3.773905245308955582e-03 6.917886835295800063e-02
1.000000000000000000e+00 2.174030409508670658e+00 4.907593903487502685e-01 1.676520131330492824e-01 2.148596129227338045e-03 9.372661694033154745e-02
1.000000000000000000e+00 3.684262009825569617e+00 4.955488239530543848e-01 1.647508758600461920e-01 3.890741570371029565e-03 8.917566144087767099e-02
1.000000000000000000e+00 1.573836970403505564e+00 5.054298138493088510e-01 1.731131994838740751e-01 1.866472772751009111e-03 1.035199432741499836e-01
1.000000000000000000e+00 3.792240053755968177e+00 5.119020025761122916e-01 1.694029755908782187e-01 2.755997976051183934e-03 1.121203540020115907e-01
1.000000000000000000e+00 3.768737308163586430e+00 4.784472133158146900e-01 1.617674411030460835e-01 1.122162138273550495e-03 1.293629496987183103e-01
1.000000000000000000e+00 3.487315509704896233e+00 5.136362342654783308e-01 1.819460838232153654e-01 2.451202484194774101e-03 1.174393893676538569e-01
1.000000000000000000e+00 2.522510705972226930e+00 5.106884492010493881e-01 1.734117594706964249e-01 2.294679229411380507e-03 1.169303813959815391e-01
1.000000000000000000e+00 4.682415552424317617e+00 5.177502517150296413e-01 1.902857045925271384e-01 1.444541338518714720e-03 1.097201667627432375e-01
1.000000000000000000e+00 4.427008164980135163e+00 4.936353838401893457e-01 1.768720974716671834e-01 1.773837022136560276e-03 1.059960869055388555e-01
1.000000000000000000e+00 3.424768091954441651e+00 4.822879558426944602e-01 1.649448332656070493e-01 7.149730852066280354e-04 1.221306322754089901e-01
1.000000000000000000e+00 3.646371366083202670e+00 5.009524969151291085e-01 1.574574421578606720e-01 1.531164612529457500e-03 1.136098273863795083e-01
1.000000000000000000e+00 1.920212262169920248e+00 4.952337304613264601e-01 1.710786643843813237e-01 1.228334368151818038e-03 1.199522537780912390e-01
