1.000000000000000000e+00 4.809009267641470728e+02 2.592342237135218386e-01 2.735579413803261306e-01 2.277305779644029360e-01 2.314438365171653800e-01 2.356663108223381875e-01 2.394675171146939674e-01 2.169397804742101143e-01 1.624074856758983831e-01 2.226748034202628568e-01 1.921191769728301801e-01 2.462883371458716164e-01 2.378910945452210324e-01 3.207447917666466641e-01 2.946611876136591701e-01 1.640474011464095050e-01 2.781890282966087979e-01 2.010106656837890304e-01 3.770418273521196073e-01 1.705956300927727320e-01 3.472337697348369841e-03 2.392265945631634472e-02
1.000000000000000000e+00 3.786905827314666908e+02 2.496446519365178585e-01 2.549203825819731373e-01 2.382497355844287457e-01 2.334701509578905876e-01 2.401484121449386222e-01 2.286180372149155260e-01 2.348773819764237158e-01 2.046710869378180753e-01 1.890418003809477832e-01 1.688395282339059944e-01 2.626807340944680713e-01 2.419658172380122763e-01 2.870065917468814232e-01 3.064297761699723566e-01 2.330384435763592221e-01 2.511418778224312476e-01 2.255102378802911478e-01 2.411749177044427705e-01 1.601228475274968921e-01 3.411978988151394884e-03 2.332802905403807622e-02
1.000000000000000000e+00 3.013391209871993510e+02 2.496135464297652151e-01 2.554753915872943759e-01 2.356795539174432186e-01 2.328060823782786282e-01 2.414774740766697791e-01 2.231080750851940908e-01 2.333535248144673890e-01 1.892834002505848490e-01 1.932734730330130102e-01 1.806045061431306997e-01 2.764456707110871103e-01 2.232350278621589024e-01 2.972505795465168466e-01 3.167143670426710855e-01 2.265352372132235503e-01 2.589210568835589310e-01 2.219146587908964741e-01 2.388069457618242075e-01 1.609051646805651492e-01 3.600112113138968610e-03 2.383786834056503962e-02
1.000000000000000000e+00 2.559828169490664251e+01 2.599146362612694827e-01 2.501078941808028144e-01 2.368636746609156518e-01 2.363223546724849966e-01 2.370513783441465239e-01 2.125455591368071162e-01 2.323827496714520047e-01 1.883223105804474884e-01 1.868435476461435818e-01 1.813505915123176659e-01 2.592146141982747953e-01 2.072608385823406230e-01 2.926992476371620966e-01 3.098776761747517039e-01 2.374649488795254337e-01 2.412505081659593875e-01 2.201797561911776058e-01 2.388257248068933747e-01 1.645528595764857716e-01 3.658139047258996551e-03 2.267769405426923318e-02
1.000000000000000000e+00 2.325417684546014030e+01 2.635120253771360832e-01 2.557431416376605982e-01 2.477476225451255287e-01 2.386288054890688959e-01 2.260511029560302032e-01 2.145487035486801641e-01 2.268408175914292113e-01 1.944149096645798602e-01 1.898807083677002683e-01 1.845598548974812514e-01 2.686232796385696897e-01 2.223550566466556966e-01 2.865472015381266280e-01 3.022390395682458264e-01 2.370978222571570593e-01 2.436459114939474035e-01 2.087619902295577146e-01 2.445408845635635708e-01 1.702840098628494725e-01 3.591827081883203036e-03 2.264777893172494755e-02
1.000000000000000000e+00 2.236017380896657158e+01 2.625913191886005138e-01 2.612714603958242732e-01 2.478473409667563410e-01 2.334905030245349455e-01 2.201884120705670245e-01 2.127906581553740684e-01 2.245366233942072132e-01 1.920976486437332986e-01 1.883248319669149629e-01 1.929475964836894486e-01 2.692672963856603818e-01 2.225626043693637590e-01 2.921162205784797461e-01 3.026480146929965143e-01 2.360739892914945903e-01 2.295504304615513524e-01 2.094033880912035128e-01 2.594849140369756002e-01 1.686582361360603743e-01 3.680232304257128901e-03 2.114218954424343030e-02
1.000000000000000000e+00 1.848037639176226321e+01 2.714679680498025549e-01 2.632595769014473563e-01 2.392727700739485375e-01 2.311460795104260391e-01 2.190194559193115176e-01 2.095268953823139768e-01 2.195924207635275016e-01 1.882942776472254498e-01 1.844575575527561129e-01 1.949606479969932249e-01 2.612598938146414862e-01 2.201673482470379584e-01 2.989782154961164728e-01 2.961758002866752837e-01 2.516701338407749677e-01 2.390526238438071271e-01 2.027034844906498434e-01 2.664795905313791513e-01 1.680885274993680345e-01 3.769215044543281195e-03 2.358420270833757812e-02
1.000000000000000000e+00 1.246107893954040691e+01 2.696490993094272093e-01 2.494060067297738659e-01 2.499086330662735334e-01 2.291719005270933807e-01 2.203097341548759247e-01 2.074727230983712534e-01 2.123362966210443625e-01 1.923764936570868667e-01 1.837121178751618122e-01 1.946660914980642976e-01 2.688925280623341019e-01 2.216446655913296149e-01 2.909991132260408286e-01 2.986083511265779089e-01 2.364818325707906954e-01 2.330330825551765739e-01 1.991305757518531672e-01 2.693418945267018749e-01 1.655604821341367938e-01 3.857118655048411438e-03 2.391378213642254835e-02
1.000000000000000000e+00 1.058863103020794405e+01 2.651391827868799234e-01 2.507214675032092832e-01 2.366809571621254216e-01 2.358401153144681628e-01 2.272361870902790681e-01 2.092357891049870522e-01 2.053894138952842563e-01 2.010550725011105988e-01 1.857293880674335262e-01 1.996764776574801725e-01 2.645272875725483419e-01 2.125686428975787357e-01 2.857435014347059488e-01 3.246313725259689642e-01 2.179910949160998590e-01 2.563624039783606867e-01 2.122383375430811070e-01 2.670316099585574032e-01 1.666289481837621989e-01 3.851291478823582956e-03 2.229322079264195108e-02
1.000000000000000000e+00 9.283265272827000203e+00 2.625093702454445732e-01 2.507292200829432938e-01 2.387751593987245124e-01 2.385413505597714923e-01 2.152306909306982430e-01 2.140911258120463678e-01 2.094177116738582534e-01 1.919752964114111171e-01 1.825805090116655593e-01 1.991810262882266758e-01 2.592850897764990559e-01 2.022013599183276056e-01 2.974041692276666593e-01 3.264895487005780583e-01 2.115689345914331665e-01 2.437366463682959228e-01 2.139654686916427351e-01 2.587948572674928505e-01 1.658034751457703182e-01 3.844779134445833798e-03 2.302939140598748297e-02
1.000000000000000000e+00 8.132416819892913651e+00 2.636835678729935739e-01 2.445737141868453424e-01 2.340191962753811750e-01 2.466627829468495126e-01 2.316448484142842046e-01 2.059192213190197407e-01 2.085433568413365135e-01 1.960104016887476430e-01 1.931892736969900715e-01 1.905950762370150764e-01 2.727136897237690816e-01 2.019739772752087714e-01 3.139913196083098379e-01 3.344755500652940583e-01 2.151232360939707711e-01 2.588072885048466887e-01 2.153607780399059979e-01 2.723483832507503921e-01 1.664367495146200915e-01 3.903725089233023998e-03 2.293683990499886804e-02
1.000000000000000000e+00 7.954767444022619927e+00 2.582569486928895097e-01 2.398745156507195442e-01 2.411079919646371972e-01 2.386949439071630596e-01 2.385086896358117325e-01 2.064221555607063663e-01 2.168133219711854409e-01 1.898417717659395265e-01 1.834041993845723084e-01 1.961826130610946350e-01 2.690527572429466940e-01 2.070035698067939356e-01 3.223610648397354228e-01 3.228824733126525737e-01 2.195259128613560873e-01 2.472589898043020817e-01 1.983553376415850000e-01 2.734850002441517325e-01 1.649271711335492940e-01 3.684733918908750672e-03 2.343767307240681927e-02
1.000000000000000000e+00 1.132176464858033071e+01 2.582890076998358708e-01 2.346728380846885009e-01 2.528247851653434575e-01 2.358027626773299412e-01 2.360764508817965457e-01 2.145952649558529324e-01 2.174167289480502530e-01 1.729127975252183758e-01 1.847176284998806317e-01 1.902513972801599951e-01 2.696063986595058082e-01 1.892856324758375453e-01 2.944181528917598212e-01 3.213761839621012695e-01 2.127078716353011656e-01 2.402507977513468618e-01 2.051162487832363934e-01 2.677004760198359867e-01 1.656421854950380079e-01 3.666566996543565125e-03 2.440007053906132276e-02
1.000000000000000000e+00 1.184802729673117838e+01 2.617435581881474294e-01 2.395043287348475602e-01 2.612003698984909916e-01 2.347054773571986552e-01 2.375905629294567667e-01 2.036280019383409079e-01 2.354161384592076967e-01 1.817301671559930498e-01 1.779687278767901615e-01 2.044021910101189166e-01 2.660954409412760735e-01 1.883214652402368516e-01 3.041873526935824357e-01 3.258167576635879192e-01 2.155972765590746243e-01 2.459637711157054707e-01 2.010202351061835535e-01 2.597886022730998001e-01 1.686221071025241769e-01 3.508020688976796336e-03 2.440368242811786700e-02
1.000000000000000000e+00 1.219413064113093093e+01 2.514160755236481970e-01 2.315298269007617094e-01 2.528306131081556885e-01 2.311391895548234321e-01 2.374356282143197938e-01 2.095505975060732717e-01 2.303104356521523399e-01 1.906747737968434997e-01 1.741902992169597209e-01 2.004037216124477661e-01 2.580621789165546964e-01 1.834698395654973668e-01 3.078963232423010954e-01 3.327768003244963024e-01 2.207907116462092256e-01 2.461553450359859896e-01 1.996475784980016044e-01 2.563724996292225944e-01 1.641375405249506370e-01 3.482599819056553768e-03 2.356881490389409889e-02
1.000000000000000000e+00 9.735622410832652562e+00 2.606395938820333935e-01 2.318700599506793580e-01 2.447507638901038618e-01 2.281081391285948723e-01 2.371147478669034803e-01 2.094383578094358156e-01 2.264543983790640036e-01 1.941432615956772967e-01 1.795759776054955403e-01 1.980823205561977329e-01 2.516572294153970879e-01 1.732555045603245969e-01 3.155263732327548420e-01 3.525551072538316566e-01 2.181822623848861387e-01 2.509610438743437033e-01 2.128987838398584131e-01 2.652784442113745866e-01 1.664460191475616579e-01 3.482478341158643225e-03 2.401957288336485294e-02
1.000000000000000000e+00 1.175774410889039956e+01 2.545552385791420846e-01 2.407489426503275909e-01 2.433223174764961028e-01 2.330751484879683422e-01 2.259619750322520437e-01 2.117551601332417210e-01 2.216820596965006496e-01 1.937316290402798236e-01 1.825803568052353221e-01 1.912754519337863390e-01 2.591497883518799061e-01 1.783607685830768119e-01 3.167670210283510812e-01 3.506579422407163915e-01 2.243208280687085110e-01 2.391303792182001009e-01 2.085328818728993672e-01 2.599013101284934346e-01 1.645158395863065559e-01 3.500885181648452377e-03 2.269419069973081793e-02
1.000000000000000000e+00 1.025464792340482667e+01 2.570648264488409329e-01 2.511164221494870397e-01 2.383673302710468400e-01 2.446101282009261468e-01 2.294834481071281185e-01 2.016692776109642871e-01 2.056544315093524478e-01 1.925748205897746812e-01 1.887200109078483734e-01 1.939602678883854958e-01 2.608767052750370907e-01 1.605124315038405358e-01 3.187618798309267976e-01 3.245380994741469127e-01 2.300484363147703160e-01 2.449892547268491816e-01 2.136526425299034582e-01 2.577737645346164785e-01 1.654689272907545750e-01 3.579404881102457060e-03 2.225242054030867819e-02
1.000000000000000000e+00 1.078380937930927175e+01 2.543677707238537478e-01 2.639556073229876176e-01 2.258823727184096353e-01 2.409743813520448530e-01 2.195441078613931118e-01 1.912887923055534845e-01 2.117053677904191245e-01 1.936173921256350572e-01 1.774324240931904328e-01 1.910141981583614867e-01 2.597376135099164207e-01 1.625709936029401392e-01 3.224165457090613640e-01 3.015410791011962077e-01 2.363933802360973502e-01 2.473585763946769545e-01 2.140130233018588679e-01 2.700925673022473439e-01 1.644059181262109703e-01 3.752541552315741616e-03 2.302226877371335578e-02
1.000000000000000000e+00 1.536257166727967416e+01 2.596715447533224363e-01 2.525763351182794270e-01 2.410081034819538948e-01 2.362098497994313540e-01 2.207375082796207422e-01 1.916184550712464740e-01 2.134832019534400327e-01 1.902450073514430073e-01 1.797290998303598675e-01 1.910189070992527327e-01 2.590579343635157072e-01 1.610763607169968803e-01 3.327584448782511251e-01 2.947167882619343149e-01 2.567688348944567323e-01 2.425330921233246062e-01 1.992376625079945174e-01 2.727199133188982216e-01 1.635457965300670946e-01 3.805369107776164581e-03 2.388255758589492156e-02
1.000000000000000000e+00 1.474734387884773845e+01 2.470254216551456827e-01 2.461110414808324598e-01 2.463575145481901041e-01 2.280932000019816330e-01 2.309161887333016361e-01 2.067928987050761669e-01 2.098567291525513245e-01 1.891484755892178515e-01 1.804695847523931362e-01 1.863509384335845787e-01 2.478331806040270091e-01 1.700701518260732681e-01 3.293729223043988519e-01 2.990942881439094259e-01 2.591027659528651883e-01 2.496819950481484751e-01 2.055199415360780546e-01 2.688485016242139758e-01 1.643022948570979080e-01 3.900999428017082760e-03 2.531986177712550537e-02
1.000000000000000000e+00 1.409970436450300468e+01 2.420532395952728622e-01 2.465034805004516771e-01 2.497958301404110959e-01 2.354572464510151786e-01 2.403120493731404628e-01 2.066043612017176012e-01 2.089694565193286335e-01 1.805020903421095113e-01 1.829312111073673475e-01 1.884334956571618314e-01 2.465154259803028769e-01 1.884167744902438546e-01 3.452057866789027263e-01 2.926191890215208979e-01 2.573093087930768408e-01 2.469366297112301212e-01 2.159782650024721917e-01 2.769348676596015135e-01 1.645021836990136210e-01 3.908383081612625161e-03 2.550847071540019231e-02
1.000000000000000000e+00 9.700514397140752365e+00 2.470571165985261108e-01 2.555335752358927071e-01 2.465041248571204491e-01 2.389505268741051458e-01 2.514622760120459044e-01 2.046903938460611916e-01 2.266099478353889030e-01 1.769273853419123244e-01 1.814969964180089268e-01 1.833152795269632762e-01 2.478735660678702823e-01 1.995846410624999567e-01 3.407076821801729993e-01 3.011406155403293372e-01 2.365483910823396041e-01 2.504598107828690523e-01 2.297923465121892161e-01 2.876905600865041213e-01 1.654488815016097736e-01 3.844118962157842649e-03 2.617415238891895868e-02
1.000000000000000000e+00 1.135267685503206536e+01 2.548867441741127782e-01 2.514471694806150182e-01 2.327045940786862666e-01 2.312702017674657662e-01 2.425747283799642162e-01 2.031123177335104613e-01 2.427708991565272201e-01 1.957545503772984141e-01 1.840068806935416801e-01 1.774583966445135441e-01 2.557458008424053353e-01 1.936158873345244502e-01 3.318915310961526588e-01 2.871282593656349080e-01 2.319647515008262939e-01 2.647457285716751652e-01 2.316329192946817161e-01 2.928587047489403794e-01 1.662996823097768473e-01 3.887385603773947651e-03 2.649867069694509039e-02
1.000000000000000000e+00 1.276408172957941822e+01 2.533186009065371280e-01 2.485725153324058467e-01 2.310259965793486914e-01 2.430740570656091115e-01 2.306156237216547000e-01 2.068042187163970091e-01 2.486328863310554305e-01 1.867413732924426972e-01 1.795676311728644503e-01 1.693158072599152408e-01 2.566717085105007512e-01 1.975481473519713482e-01 3.384860545383720498e-01 2.871468912989821320e-01 2.371623702380487309e-01 2.650008924153314793e-01 2.405823854847639331e-01 3.017936652427316568e-01 1.667723502882485498e-01 3.976625577244867482e-03 2.763379422433325308e-02
1.000000000000000000e+00 1.339365471637811389e+01 2.560262772831787270e-01 2.336968706647629401e-01 2.295748941574428659e-01 2.399288346728071231e-01 2.308498268328429137e-01 1.969772507704266040e-01 2.413352193739948803e-01 1.965250745426439516e-01 1.709204636648526121e-01 1.652628497608849278e-01 2.564944812111709660e-01 1.875921190186842780e-01 3.255840626652428127e-01 2.762969549281680814e-01 2.437727049547108449e-01 2.581541517498301963e-01 2.415929162950347375e-01 2.920518322027353397e-01 1.654531591618494668e-01 3.756542537862781958e-03 2.827050775971116231e-02
1.000000000000000000e+00 1.344608993358373894e+01 2.652072757581677709e-01 2.283495973782344035e-01 2.279654511183477616e-01 2.411451105146748264e-01 2.352402919803446846e-01 1.969198225576345440e-01 2.417537442723634578e-01 1.991733895775087138e-01 1.741741823220838425e-01 1.702740279848622418e-01 2.611522952849268386e-01 1.928679784373107664e-01 3.395253040156164803e-01 2.651774397884150702e-01 2.318340681870824094e-01 2.646974412111628427e-01 2.429314356326782998e-01 2.838208196737478373e-01 1.647028957039263219e-01 3.599986280272202913e-03 2.889735450765984828e-02
1.000000000000000000e+00 1.384918771125456871e+01 2.710930176119191737e-01 2.272746174014759202e-01 2.200439096255535076e-01 2.606390481020233740e-01 2.357170066507888739e-01 1.929589423629144429e-01 2.474904639846896570e-01 1.964243331834378548e-01 1.782341829702026592e-01 1.744698465395503884e-01 2.649033789563256525e-01 1.978742581972492143e-01 3.491905050771751395e-01 2.579861051875765865e-01 2.229947482239077738e-01 2.622363032216799561e-01 2.400439133073458131e-01 3.016632032248877660e-01 1.651046905580994817e-01 3.389682530081658887e-03 2.755209225611760654e-02
1.000000000000000000e+00 1.188745379254472745e+01 2.576666452774236116e-01 2.277695020065376441e-01 2.135803931747815576e-01 2.595335994450772565e-01 2.289453505873539352e-01 1.827796408417246554e-01 2.480387227054540733e-01 1.930046502560909538e-01 1.829301871386811995e-01 1.767456977992551137e-01 2.536757333058383690e-01 2.071584736808948779e-01 3.436976697766856992e-01 2.590811883262675308e-01 2.124204791031183426e-01 2.560849985378045313e-01 2.416341916181345140e-01 3.132030977224102841e-01 1.654173613347962035e-01 3.493301851482585266e-03 2.690937468741837202e-02
1.000000000000000000e+00 1.048050710811997988e+01 2.557614883547902895e-01 2.389586069908965216e-01 2.164701497482632020e-01 2.408934383416172220e-01 2.295292066390700325e-01 1.788698613390214409e-01 2.479547797239018414e-01 1.911433314237077630e-01 1.845674377205900607e-01 1.733744455824255681e-01 2.542717168972932762e-01 1.961947562050457283e-01 3.301188927340530377e-01 2.721279882373349168e-01 2.076648756901249282e-01 2.641279039911009208e-01 2.302325548598134208e-01 2.954816858634222720e-01 1.633047023049516711e-01 3.408937936004960510e-03 2.765515060423148416e-02
1.000000000000000000e+00 9.979253129243229381e+00 2.491951551864222958e-01 2.591010776635518931e-01 2.234215667847630205e-01 2.381795339895237396e-01 2.357802261552837675e-01 1.721470214387079145e-01 2.395770685300272484e-01 1.950255406492397980e-01 1.793954543544924451e-01 1.796405046000112971e-01 2.620469716430159357e-01 2.101826799422143177e-01 3.297165476046300392e-01 2.565296900925452261e-01 2.055166278753391140e-01 2.649563812188087675e-01 2.242779724969447275e-01 2.979385204293889533e-01 1.623917613035686658e-01 3.319269694585685535e-03 2.750101594606211425e-02
1.000000000000000000e+00 8.709539143817123019e+00 2.493111504991206984e-01 2.503154598846650258e-01 2.119260676951610078e-01 2.377092067172964229e-01 2.366820839912874008e-01 1.666304078857192839e-01 2.488392563938776614e-01 1.852267090113524084e-01 1.593166220785014464e-01 1.835014410620157688e-01 2.591018738944462774e-01 1.955529722084261568e-01 3.379177611243801560e-01 2.723005389784222130e-01 2.004357618691190168e-01 2.583486679406979403e-01 2.187152961008844432e-01 3.009383834148176562e-01 1.630107003826499479e-01 3.396932944001551484e-03 2.715184848945092697e-02
1.000000000000000000e+00 8.846862829614174473e+00 2.522749226336240547e-01 2.614750135719637880e-01 2.092212233120186449e-01 2.419774238558465296e-01 2.390866639725543474e-01 1.756435627954665013e-01 2.488565615738028147e-01 1.885263177565349446e-01 1.525246730962977193e-01 1.922330717136623845e-01 2.619215211580666058e-01 2.038582743106979456e-01 3.405449491954843921e-01 2.680164268091507207e-01 2.189331962847755331e-01 2.577783533847189390e-01 2.057590535873769222e-01 2.988883727774316879e-01 1.626351233306166100e-01 3.269323312425965935e-03 2.615077832889812007e-02
1.000000000000000000e+00 9.800409238952367375e+00 2.576971740177734227e-01 2.542180551859514748e-01 2.148466297311630580e-01 2.433364572935818038e-01 2.496817740733139335e-01 1.736281696602449409e-01 2.349262103364768151e-01 1.912985333778062791e-01 1.586334143212534964e-01 1.922791322349468035e-01 2.614263270662587346e-01 1.944719186810255629e-01 3.308213922802840101e-01 2.764651796896189784e-01 2.170215132989360696e-01 2.561193721413809188e-01 2.011862783547417044e-01 3.083553304729336197e-01 1.659300933561499991e-01 3.358799927804089185e-03 2.555192876845908609e-02
1.000000000000000000e+00 1.038244632507450227e+01 2.493232627469816887e-01 2.466083901041953019e-01 2.210346154388763973e-01 2.382944220482081932e-01 2.432287968293943003e-01 1.723520222593936946e-01 2.364989263810099995e-01 1.795400032413157765e-01 1.632734935586696856e-01 1.968598677847213652e-01 2.497138457186370564e-01 2.022050694052343056e-01 3.278191707197468108e-01 3.041453241011032316e-01 2.140750885514313695e-01 2.501166461966761179e-01 1.974758377754118610e-01 3.192480673443439110e-01 1.621413415652116774e-01 3.340202448677133222e-03 2.573587475027792199e-02
1.000000000000000000e+00 1.080166093816782968e+01 2.556815756372705639e-01 2.426450408143011050e-01 2.281535303189196617e-01 2.471903615412033017e-01 2.433918503726853200e-01 1.751729065748746927e-01 2.389597003450581736e-01 1.787027612148300026e-01 1.718986136339021586e-01 2.002111379311576622e-01 2.380595992770815350e-01 2.003231669857837294e-01 3.303565668867941008e-01 3.040515009249967759e-01 2.147938796427596719e-01 2.463476470783506345e-01 2.044508693308218772e-01 3.230698731996799467e-01 1.644282653770841596e-01 3.569215217113614995e-03 2.631749578785562427e-02
1.000000000000000000e+00 9.849166464466113879e+00 2.425078699457781095e-01 2.626276757984867816e-01 2.178360833791654905e-01 2.577204163028971595e-01 2.321679990830397555e-01 1.758739210670481334e-01 2.411589902673849095e-01 2.027209931701771384e-01 1.778153199706271892e-01 2.044193224828598221e-01 2.282289141746479677e-01 1.889676090730764146e-01 3.337843583207165676e-01 2.926794908699669184e-01 2.140051466780021339e-01 2.457552625712930705e-01 2.114384082383834740e-01 3.292922617030922261e-01 1.635244604440621308e-01 3.712148190064794382e-03 2.582776909554908296e-02
1.000000000000000000e+00 9.531342509009377295e+00 2.425165710996392554e-01 2.643120472388195696e-01 2.236331585430055557e-01 2.443691062601471287e-01 2.320662756941501981e-01 1.667624263439381194e-01 2.334611811485309552e-01 2.138017484420410841e-01 1.757446898206015962e-01 2.087193899824072441e-01 2.369687421787914638e-01 1.884957223288964423e-01 3.339045468537427119e-01 2.871532693844379147e-01 2.071855628250252601e-01 2.506314427321200133e-01 2.090507008026143143e-01 3.349003341453031246e-01 1.632141196548810846e-01 3.735098084582250122e-03 2.626282876687227943e-02
1.000000000000000000e+00 9.213976312262623480e+00 2.495312373181584054e-01 2.617414333964598327e-01 2.190740285720868541e-01 2.452626170160526475e-01 2.344608562927535667e-01 1.710644084240456331e-01 2.402848864014556773e-01 2.111743823673436493e-01 1.741876967833317635e-01 2.086945964115767549e-01 2.303978615094444682e-01 1.869800491366907791e-01 3.299688648398435564e-01 2.998799960900341288e-01 2.225106806429853756e-01 2.618599359729548159e-01 2.014480337974824953e-01 3.350365940459583136e-01 1.656005754887293624e-01 3.822483320943536721e-03 2.482465745251371050e-02
1.000000000000000000e+00 7.320613081038633396e+00 2.516409446556247542e-01 2.614893161375678732e-01 2.174876737610378363e-01 2.385401794825375843e-01 2.396176528571796471e-01 1.766736790919958555e-01 2.416038458581998283e-01 2.056560893102796217e-01 1.727412718575306316e-01 2.131946178273561032e-01 2.212364674124533415e-01 1.939716585077083388e-01 3.370536716327014459e-01 3.037666108414347477e-01 2.288453188811057915e-01 2.736476965489312851e-01 2.209167569721366964e-01 3.338114670711958554e-01 1.666709673915184042e-01 3.635996819864777910e-03 2.587008961172446511e-02
1.000000000000000000e+00 8.577398374133588632e+00 2.533153843944604966e-01 2.625983687543513856e-01 2.253003754355164812e-01 2.323284654361189028e-01 2.347997182125191040e-01 1.756911251128273899e-01 2.429820649819525447e-01 1.938059159020094346e-01 1.703850751898541294e-01 2.091605820517806746e-01 2.333887734409239578e-01 1.968902838384659071e-01 3.365878870869493666e-01 3.000666442089412467e-01 2.310697641962137783e-01 2.669946891839056757e-01 2.163446990573131834e-01 3.501817230916509094e-01 1.630471916851011782e-01 3.570673174368307889e-03 2.528433129926552225e-02
1.000000000000000000e+00 8.807150752453104303e+00 2.566429840903305393e-01 2.664309623405383132e-01 2.205785067007015321e-01 2.291178802314748353e-01 2.430831749855127122e-01 1.727904540630727237e-01 2.416884713398274875e-01 2.092115922381315440e-01 1.673240344203573426e-01 2.069902347798357189e-01 2.564701549826415294e-01 1.979714833513146199e-01 3.272241662586224953e-01 3.001821030720742689e-01 2.247495539142531917e-01 2.568052771806078605e-01 2.113780648990064570e-01 3.472308843623179708e-01 1.657464934959375913e-01 3.549326420309575122e-03 2.564229696382813728e-02
1.000000000000000000e+00 8.074455895043211484e+00 2.501432633229037639e-01 2.810677634491007271e-01 2.245200141217286727e-01 2.263376749311759029e-01 2.501653739128703591e-01 1.814585417820989699e-01 2.450897386164984926e-01 2.031121779777064762e-01 1.678406939389296415e-01 2.028277624352996522e-01 2.526024534671451605e-01 2.011157347951175733e-01 3.209663540490709788e-01 2.902399985353486533e-01 2.396112185631092406e-01 2.639215232875652406e-01 2.064534304139123977e-01 3.470469029003006023e-01 1.671081621934764339e-01 3.423736824723755574e-03 2.578965576746801436e-02
1.000000000000000000e+00 8.584861097542960451e+00 2.469738367796913969e-01 2.912986428949461137e-01 2.197738578558568467e-01 2.300971279923791357e-01 2.495347563370785560e-01 1.780402068308753472e-01 2.495280632312580071e-01 1.952716041890900089e-01 1.808774095004728466e-01 2.096089114118319108e-01 2.596749196410358951e-01 2.042025460820720562e-01 3.347769232173903320e-01 2.912384621928932327e-01 2.416504636978505371e-01 2.628020593606879562e-01 2.015231902149213494e-01 3.478570442324747658e-01 1.696228391842129757e-01 3.549203013139784306e-03 2.649285703429099872e-02
1.000000000000000000e+00 9.616619852710252658e+00 2.482467022745867280e-01 2.955174644128298889e-01 2.149007175643954382e-01 2.362864867056763407e-01 2.566291763579418572e-01 1.896563429441356363e-01 2.516457726461162059e-01 1.876583111437856721e-01 1.922945174674617064e-01 1.990409157968391352e-01 2.525977063129388189e-01 2.208008618707558157e-01 3.173393093979804402e-01 3.100367425961045864e-01 2.318675314100404061e-01 2.634498543637832646e-01 1.962248263436156548e-01 3.517370292089987971e-01 1.710678609651795357e-01 3.664069445911001966e-03 2.623905124924804169e-02
1.000000000000000000e+00 8.813368458039034792e+00 2.641812254156390982e-01 2.914549113451562756e-01 2.214352899563901966e-01 2.380098022561132898e-01 2.487743298787445934e-01 1.879139799413542533e-01 2.430612102871141100e-01 1.928941989805879609e-01 1.970764036223244808e-01 1.979994139420543087e-01 2.585126620664139341e-01 2.312710865601469434e-01 3.213587663278413276e-01 3.135845145910693965e-01 2.326493399791520478e-01 2.738867295864766405e-01 2.045385459460615785e-01 3.404552097373728659e-01 1.707182307804190058e-01 3.585909469962570133e-03 2.620837061914225996e-02
1.000000000000000000e+00 7.306194188185334504e+00 2.662208352841961001e-01 2.832987401342367817e-01 2.165967892501664827e-01 2.302206710229295072e-01 2.560447606523017505e-01 1.910874962844439084e-01 2.470393989422858261e-01 1.916180899477626376e-01 2.064373608734501042e-01 1.921000789582321122e-01 2.564221155642957828e-01 2.388429576659822640e-01 3.224550843354592744e-01 2.946727746618174604e-01 2.259368030532724336e-01 2.662780767176679553e-01 2.015412199624675438e-01 3.481823559682321600e-01 1.710291943870180797e-01 3.486552248919437980e-03 2.687987290473157695e-02
1.000000000000000000e+00 5.283607698891453097e+00 2.499107970686273716e-01 2.807617665559217213e-01 2.299105059873523815e-01 2.311409645265471435e-01 2.526561453307777927e-01 1.850110260714830090e-01 2.315889120964026160e-01 1.843229959351727065e-01 2.013970831375786474e-01 1.889866831919990720e-01 2.449597741961727915e-01 2.290001574188395561e-01 3.206122938871564521e-01 2.951376643012291190e-01 2.265495824365228172e-01 2.750207013066727768e-01 2.081844835166820618e-01 3.489490961520694823e-01 1.694324461673551718e-01 3.525175590383164415e-03 2.623114360517721580e-02
1.000000000000000000e+00 7.679826309282496766e+00 2.573359292712414370e-01 2.780906360340678618e-01 2.273321911337446155e-01 2.254367436481144737e-01 2.494427981981910403e-01 1.808408135874050582e-01 2.326603517626017747e-01 1.867514022822519271e-01 1.974801037403011716e-01 1.962923741622830676e-01 2.572813447577888546e-01 2.104571656351468534e-01 3.244019951432550730e-01 2.865390099986748762e-01 2.143663039278418114e-01 2.782001005962568829e-01 2.007286786989385952e-01 3.356551813444348387e-01 1.681743916781286985e-01 3.479725842392058371e-03 2.640701698029529476e-02
1.000000000000000000e+00 8.871277752146459861e+00 2.646716011366506138e-01 2.625293820386847554e-01 2.327336457128423852e-01 2.274380849990500220e-01 2.622622849049714988e-01 1.815815032035373588e-01 2.383264516211633932e-01 1.918944058820073184e-01 1.998457611315135052e-01 1.991234483744632744e-01 2.570534728497959054e-01 2.111902618935267428e-01 3.243625788561844137e-01 3.101915078642550339e-01 2.057947848721766726e-01 2.879324216490032340e-01 1.917124433861464028e-01 3.295055762658995469e-01 1.678097198291779724e-01 3.487669884179778537e-03 2.654227556989696701e-02
1.000000000000000000e+00 7.422398465798182521e+00 2.576867400752253512e-01 2.673743915293328444e-01 2.259673586311892191e-01 2.289707974661374934e-01 2.604517630644093695e-01 1.864958319915078488e-01 2.337359266119843904e-01 1.855009039770663670e-01 2.018927797673890356e-01 1.907946822491410344e-01 2.566666570116506452e-01 2.037294282777743493e-01 3.238960836243937602e-01 3.147331709886734830e-01 1.944776209855543225e-01 2.920722462140028508e-01 1.940157112020687580e-01 3.276282751590409159e-01 1.692399351731068424e-01 3.367231151956042411e-03 2.598116801987433028e-02
1.000000000000000000e+00 9.709869740630772128e+00 2.672905787209431949e-01 2.621818075180151197e-01 2.308608944091961879e-01 2.183961187338673282e-01 2.537267072853572336e-01 1.893108909725417788e-01 2.267928101047267109e-01 1.926090346229191175e-01 1.988769299796497303e-01 1.896431341407500137e-01 2.490571361800288652e-01 2.042534909222962769e-01 3.215778779209658711e-01 3.127325493014407320e-01 1.984144774328451266e-01 2.875158712242674164e-01 2.108959394624794481e-01 3.256724533377952091e-01 1.662406353736383402e-01 3.329778751018950839e-03 2.480148688816800201e-02
1.000000000000000000e+00 7.427749188862684981e+00 2.580591795148191592e-01 2.669321466974360901e-01 2.326317341006870210e-01 2.160381875843128130e-01 2.406103654907790490e-01 1.955533928031914503e-01 2.175644126144551938e-01 1.834759469735348647e-01 1.873322165435973019e-01 1.877829470473660334e-01 2.492433195157564563e-01 2.035456133709607207e-01 3.355489326540255779e-01 3.050098505337229815e-01 1.948559243434910271e-01 2.865201488407577712e-01 2.050828386389842162e-01 3.339624113233093938e-01 1.645787243496058261e-01 3.355060452739314775e-03 2.490121516438632485e-02
1.000000000000000000e+00 8.075560421063828542e+00 2.476050637125779275e-01 2.761174949832816972e-01 2.297461036631663345e-01 2.113945751921261773e-01 2.432018807826960838e-01 1.913687709056427211e-01 2.187880427426769914e-01 1.763482854731693028e-01 1.833736358058977167e-01 1.822304138454391986e-01 2.392152581252854626e-01 2.158073894072122245e-01 3.209051888299312982e-01 3.052220397838084631e-01 2.013488473958119362e-01 2.868715917796719750e-01 2.140733259871840655e-01 3.362335752490167029e-01 1.632580315534791493e-01 3.280734755741961627e-03 2.269111920754116052e-02
1.000000000000000000e+00 8.335575309442733172e+00 2.455305273097893037e-01 2.750645931685331558e-01 2.300766199993843908e-01 2.212334929174331610e-01 2.337746011138155111e-01 1.954693072193982584e-01 2.176790942550717312e-01 1.750694430460639772e-01 1.910548578048322232e-01 1.865885761595064418e-01 2.522130646269998278e-01 2.217627461785138809e-01 3.122258438204880693e-01 3.027396787051875870e-01 1.986742489322434191e-01 2.930596949154106734e-01 2.252724920895421978e-01 3.513452105033992856e-01 1.637880554143422984e-01 3.286481603448678564e-03 2.344852273932126682e-02
1.000000000000000000e+00 7.054486307626271824e+00 2.438511448558204342e-01 2.697999118464071699e-01 2.233382786053708935e-01 2.215696188210262707e-01 2.335096300097815880e-01 1.871232937633051374e-01 2.093507363667686250e-01 1.633594006323252634e-01 1.979526519706652499e-01 1.784052832436887892e-01 2.410738398097393431e-01 2.167925506227077748e-01 3.188877637242411023e-01 3.030899098614787124e-01 1.885296975307571565e-01 2.848779562331059112e-01 2.290670997672475673e-01 3.440109489891763350e-01 1.619623943120186704e-01 3.281144491883049644e-03 2.425867664009259683e-02
1.000000000000000000e+00 8.696048161220149453e+00 2.514654896357952918e-01 2.633934740714102829e-01 2.249654685477987803e-01 2.262087912935027978e-01 2.350201344466924525e-01 1.879441587617885490e-01 2.134697894108271710e-01 1.765984755306770349e-01 1.948989110034603234e-01 1.897889387306655185e-01 2.361094494128244958e-01 2.240554104931946067e-01 3.210595553831942506e-01 3.020656279948376599e-01 1.945136500113281985e-01 2.858801060918989556e-01 2.206852203677714119e-01 3.519195087283709111e-01 1.628812079084298869e-01 3.293122848786467650e-03 2.388972350837657507e-02
1.000000000000000000e+00 7.768002611511903410e+00 2.440147480204747921e-01 2.656719374726314586e-01 2.280348862437566182e-01 2.316905059737931760e-01 2.329518094184253596e-01 1.940886416743462795e-01 2.063856421880195802e-01 1.726122965458258551e-01 1.991532622201255542e-01 1.890508614225931139e-01 2.367251403349354966e-01 2.232536456744430020e-01 3.033904418337843301e-01 2.837841062147944959e-01 1.746507275361590672e-01 2.877131568412253926e-01 2.137736941531116486e-01 3.546959320203347810e-01 1.635479862668019202e-01 3.466376010661742068e-03 2.602248494781081445e-02
1.000000000000000000e+00 9.458675312455943285e+00 2.458911689511124876e-01 2.796369512502728805e-01 2.356473313775571399e-01 2.198333665116689317e-01 2.259714879879379801e-01 2.075352226043348236e-01 2.080628624165572760e-01 1.786880575611513866e-01 1.949875342656005039e-01 1.967953434882930008e-01 2.249698473943622379e-01 2.392330721434050567e-01 2.925234172723922277e-01 2.903131254362799618e-01 1.796311912318256099e-01 2.835844188146828815e-01 2.117445356303128134e-01 3.620474672511563297e-01 1.634413779851536797e-01 3.510257233624389933e-03 2.459957853456135046e-02
1.000000000000000000e+00 8.592794413001033860e+00 2.556503685389986957e-01 2.710765644200988644e-01 2.417478897485196843e-01 2.170553829528247824e-01 2.245193316824221907e-01 2.104364514855205648e-01 2.170558943387048689e-01 1.683079146237415891e-01 1.948002654263956412e-01 1.946177942775565717e-01 2.264343024227691570e-01 2.357052322314071025e-01 2.930544860361786186e-01 3.036974809748838044e-01 1.776208633762079991e-01 2.832441542432264647e-01 2.173037701229637020e-01 3.564187516303568004e-01 1.665067909168803928e-01 3.376936612822603080e-03 2.327434035251851538e-02
1.000000000000000000e+00 9.737472868300544704e+00 2.452767222827946514e-01 2.700271038695090664e-01 2.391081186466152142e-01 2.155353089608218475e-01 2.259678833743946069e-01 2.208360445642504055e-01 2.126621136754363317e-01 1.679943874372704649e-01 2.132601313302911195e-01 1.921518701065988155e-01 2.169839295732463591e-01 2.471110007946510090e-01 3.060893328273234237e-01 2.856696058862764342e-01 1.754841006273494819e-01 2.706137409540383953e-01 2.071738395934618615e-01 3.624074989155508519e-01 1.660046022440125058e-01 3.302012479873206712e-03 2.301973657270161081e-02
1.000000000000000000e+00 9.170973723917185794e+00 2.414508638967372556e-01 2.782841714929947252e-01 2.390218532220043934e-01 2.157003752746777803e-01 2.183155026503856011e-01 2.305021599520942488e-01 2.058410922262175480e-01 1.693703908720913254e-01 2.221548726417388875e-01 1.955096847964285511e-01 2.244930381393440699e-01 2.476931101198002472e-01 3.189646429748292933e-01 2.859531711616443150e-01 1.794580370323927143e-01 2.893108320453866011e-01 2.177860265296775732e-01 3.575155363593820468e-01 1.653259950848625370e-01 3.427339496748786369e-03 2.457773808871823937e-02
1.000000000000000000e+00 1.348119821915128114e+01 2.361690176938771313e-01 2.860420908885073499e-01 2.291981241672214620e-01 2.215021419602264119e-01 2.235736477138124956e-01 2.331144616558666061e-01 2.222908565973120143e-01 1.670074673969408896e-01 2.256355288313389162e-01 2.021423192242224887e-01 2.367253196626235845e-01 2.430091706054137712e-01 3.229420769296557081e-01 2.745531852179419752e-01 1.898685797373269313e-01 2.867394971933024395e-01 2.148474518589667259e-01 3.687623775088673672e-01 1.679710074548788901e-01 3.559579736032180298e-03 2.476359572459379058e-02
1.000000000000000000e+00 1.437696776186147218e+01 2.452219501303638249e-01 2.796676051991703327e-01 2.230794463472460798e-01 2.313006807933135622e-01 2.282023673226154514e-01 2.298557797733027375e-01 2.141200439163772895e-01 1.701672559024530462e-01 2.316801339920658565e-01 1.956725304007235489e-01 2.441860615583473504e-01 2.483861310337907857e-01 3.179338154255735849e-01 2.865628325254956921e-01 1.826303241642474318e-01 2.812482252280436024e-01 2.081057662642576966e-01 3.726602961528280855e-01 1.662977137887123591e-01 3.597305753009335735e-03 2.353724094250894336e-02
1.000000000000000000e+00 1.376616532597162568e+01 2.502850512670927174e-01 2.853306455093315153e-01 2.300139346062850532e-01 2.356985532738311295e-01 2.259392523503896411e-01 2.367139875777058977e-01 2.284595353992864841e-01 1.723490642416462271e-01 2.351654054722527587e-01 1.865718031379523245e-01 2.463980207327618743e-01 2.455005566098683034e-01 3.164875036366839312e-01 3.019235344014312150e-01 1.839518302305983011e-01 2.787485048498452578e-01 1.935545178194851557e-01 3.666938026747483259e-01 1.707368600651875679e-01 3.470221880338340316e-03 2.311816217957366956e-02
1.000000000000000000e+00 1.379531721439178504e+01 2.592342237135218386e-01 2.735579413803261306e-01 2.277305779644029360e-01 2.314438365171653800e-01 2.356663108223381875e-01 2.394675171146939674e-01 2.169397804742101143e-01 1.624074856758983831e-01 2.226748034202628568e-01 1.921191769728301801e-01 2.462883371458716164e-01 2.378910945452210324e-01 3.207447917666466641e-01 2.946611876136591701e-01 1.640474011464095050e-01 2.781890282966087979e-01 2.010106656837890304e-01 3.770418273521196073e-01 1.705956300927727320e-01 3.472337697348369841e-03 2.392265945631634472e-02
