1.000000000000000000e+00 4.375561766581014211e+01 2.232882794303333029e-01 2.765211871558700407e-01 2.568561838443133571e-01 2.390678340303815652e-01 2.292425540408310758e-01 1.936352073861161982e-01 1.909433800586594066e-01 2.368991668488308333e-01 1.863983455033715320e-01 1.878292537918958560e-01 2.269568985991337606e-01 2.398199269778803211e-01 2.969122974201404142e-01 2.819871468369464229e-01 2.488650027460358738e-01 2.306156016589649138e-01 2.641962238759117954e-01 1.883646603303545386e-01 1.641190096799011455e-01 4.082317359412159993e-03 2.077813977946587135e-02
1.000000000000000000e+00 2.906330242254241369e+01 2.810570762704724945e-01 2.565608293258516137e-01 2.309399185447290059e-01 2.315209788334314234e-01 2.270926005250565316e-01 1.947225282760434717e-01 2.251402088305058669e-01 2.109408019157757164e-01 1.896514985945973730e-01 1.891091462454112249e-01 2.509972964322402245e-01 2.443746958275529180e-01 2.737731809976793329e-01 3.052060402849746112e-01 2.281854242892772666e-01 2.336445497150760886e-01 2.376057440443723190e-01 2.247946166648235045e-01 1.662676604992130713e-01 3.449757201975179113e-03 2.529414795236202551e-02
1.000000000000000000e+00 1.920421901916401808e+01 2.670213779734301185e-01 2.536453899735860995e-01 2.472177502245552494e-01 2.362317569970806830e-01 2.182424779013227290e-01 1.934131420897569620e-01 2.226607194504751086e-01 2.065828451892018081e-01 1.918117905255340427e-01 1.895343866466623339e-01 2.668078272470530976e-01 2.593669362498764452e-01 2.646527268562775537e-01 3.229874459567264045e-01 2.351753103840838466e-01 2.266142083786992500e-01 2.345479941412036140e-01 2.207174956226534424e-01 1.667211586797322787e-01 3.603525262017604446e-03 2.587867584012948710e-02
1.000000000000000000e+00 1.565471490452295988e+01 2.798910324236697500e-01 2.371917076971219451e-01 2.426749582214327849e-01 2.355494441544233597e-01 2.195157729025922488e-01 1.951028664610024999e-01 2.221882783808112605e-01 2.039237980039769194e-01 1.872963463951885787e-01 1.823497943430344437e-01 2.555840440403807090e-01 2.668771057971293659e-01 2.626682749353182467e-01 3.011617391429753376e-01 2.298046183681873855e-01 2.410443407084788270e-01 2.344207041783628320e-01 2.190157466611988013e-01 1.647445057330171603e-01 3.420327214333446740e-03 2.427758311058483137e-02
1.000000000000000000e+00 1.088199567986456096e+01 2.712165795412166958e-01 2.388987130957879734e-01 2.401460532908579193e-01 2.498493369908108552e-01 2.242776442381667901e-01 1.952588362739570149e-01 2.154174067382926550e-01 2.028592340765156266e-01 1.796249928769658444e-01 1.697644664105431578e-01 2.492852587418470378e-01 2.688830875276063126e-01 2.670481307186889364e-01 3.057863226783401611e-01 2.308696311999361150e-01 2.445310267319823205e-01 2.481244199927847560e-01 2.230226678508629434e-01 1.674994426944166337e-01 3.665528843349001240e-03 2.508966240510762669e-02
1.000000000000000000e+00 9.765986848235062467e+00 2.724171315396720638e-01 2.381859518256425057e-01 2.388059424969315725e-01 2.355281901472649209e-01 2.259705766924837156e-01 1.928739474530184461e-01 2.151493294176888837e-01 2.086205910945022057e-01 1.738316239244606654e-01 1.735020057040539965e-01 2.472061677629353027e-01 2.746596442402637894e-01 2.637067332842356060e-01 3.109768056296524641e-01 2.207299368537483653e-01 2.450389406887537869e-01 2.456218892301170187e-01 2.104242317944514384e-01 1.663125845696226124e-01 3.737132580328004182e-03 2.450648682241756554e-02
1.000000000000000000e+00 7.920483008709898520e+00 2.598772535693302799e-01 2.433725112971195925e-01 2.411349390294611206e-01 2.365612752912111538e-01 2.320052024144267089e-01 1.915148067948459210e-01 2.157178704830864380e-01 2.096490788610905764e-01 1.841518441502728032e-01 1.750237169983599184e-01 2.464105625663592092e-01 2.670139901636190416e-01 2.512948807835787557e-01 3.225435879117189986e-01 2.101148584751836579e-01 2.563156392113049575e-01 2.470037129671571463e-01 2.162590264319111111e-01 1.669537893385409089e-01 3.712214839485163814e-03 2.642233157090816825e-02
1.000000000000000000e+00 8.094531888194811842e+00 2.550070899409376257e-01 2.490701174620835456e-01 2.380861988683567743e-01 2.447801093841082687e-01 2.289820245795661513e-01 1.966642108432377078e-01 2.156936824785027629e-01 2.084643112993067871e-01 1.826369074317762409e-01 1.703686262172914856e-01 2.566575531500371321e-01 2.683794856497097592e-01 2.412793633444688668e-01 3.288583190490373398e-01 2.022231009202572205e-01 2.564995544996831467e-01 2.513914394562264398e-01 2.098952464984845112e-01 1.657793128639180602e-01 3.570439115287443559e-03 2.726997219201943851e-02
1.000000000000000000e+00 1.129901386019009379e+01 2.594103546130213656e-01 2.415653506414792984e-01 2.401608625720702550e-01 2.474755230922176530e-01 2.346400616169776743e-01 2.043682820949931089e-01 2.277745761294517612e-01 2.020927442317627942e-01 1.876159587896525649e-01 1.727164908110123964e-01 2.752207579286135575e-01 2.623687889757622682e-01 2.466889031870722060e-01 3.386673441714961874e-01 1.990051404626954623e-01 2.557553832232481450e-01 2.401688482726339890e-01 2.179523703978249738e-01 1.701201404233193826e-01 3.490537427042528663e-03 2.771817554526794999e-02
1.000000000000000000e+00 9.805236977052139480e+00 2.615829997244219496e-01 2.453883690644030890e-01 2.424835715767637845e-01 2.398243231521472452e-01 2.337959935214904694e-01 2.100753944800981265e-01 2.293501258138183341e-01 1.897652970716056653e-01 1.849819304448889479e-01 1.727348587163054505e-01 2.724050939217278477e-01 2.563151504410935422e-01 2.662690576616332794e-01 3.265892794973313529e-01 1.967447471836052675e-01 2.648639240432139053e-01 2.517437454699681387e-01 2.115168020016431893e-01 1.669171934590243656e-01 3.440223620762690015e-03 2.883342566752529132e-02
1.000000000000000000e+00 1.030515869556988839e+01 2.622457457347870946e-01 2.444347928330895814e-01 2.320797345810357570e-01 2.330129495213329738e-01 2.336421015421482617e-01 1.931292171758530740e-01 2.398425326322978224e-01 1.910585719452145836e-01 1.885548199839375549e-01 1.764098790556868912e-01 2.705406256955075750e-01 2.592618028287140275e-01 2.556257231696825172e-01 3.344537670765285187e-01 2.100678272874577923e-01 2.648535403880771244e-01 2.403884136542735750e-01 2.072138346164507927e-01 1.670655620915205974e-01 3.602600887405112574e-03 3.035590251857022553e-02
1.000000000000000000e+00 1.084352868928321456e+01 2.503565784955549822e-01 2.573467278445005779e-01 2.251454018356562059e-01 2.331373847236104246e-01 2.254944779212587347e-01 2.003998292487483290e-01 2.473024214425535439e-01 1.978342458253968539e-01 1.811898722063269018e-01 1.778062008710975805e-01 2.563684007969289080e-01 2.559547961115313797e-01 2.461128708629076733e-01 3.225388369255696164e-01 2.087717510573259827e-01 2.575650832620982045e-01 2.652657111187484706e-01 1.994649129213973138e-01 1.646929547651199421e-01 3.485475590514623342e-03 3.000871868542165019e-02
1.000000000000000000e+00 8.415640127187490549e+00 2.623082283811331572e-01 2.538293574166855526e-01 2.297010653450591577e-01 2.350574875224826776e-01 2.308450166080939780e-01 1.963573032798460460e-01 2.407296857802738721e-01 1.919445885448344824e-01 1.743693710143247311e-01 1.743220948420033944e-01 2.617186417797812692e-01 2.516293893649733104e-01 2.511624933191921039e-01 3.398008270425104116e-01 2.162731967831273971e-01 2.507119267906605664e-01 2.684486843066504758e-01 2.033255131143600347e-01 1.656419387496693429e-01 3.502452795162258603e-03 2.858694899748876958e-02
1.000000000000000000e+00 8.458747403803251075e+00 2.724457048750314470e-01 2.437314672821625783e-01 2.414880753834771909e-01 2.339362813913451744e-01 2.298011506214443500e-01 1.967463151988604053e-01 2.404139915423387786e-01 1.958378886935069896e-01 1.839267987327525278e-01 1.722749878703827564e-01 2.482637112364247389e-01 2.634731966281367299e-01 2.527987566480991988e-01 3.313529588562142969e-01 2.147080389600121708e-01 2.496791989128934741e-01 2.672428713378404153e-01 1.993762333192745928e-01 1.696371051967716370e-01 3.465065072673884951e-03 2.885476183054322408e-02
1.000000000000000000e+00 7.979377734732112870e+00 2.749492880163954545e-01 2.355193527568502088e-01 2.429859186382853642e-01 2.293224391972372433e-01 2.330639351525045366e-01 1.921004570575875481e-01 2.511161372478393772e-01 1.922159593680342060e-01 1.856583706756582408e-01 1.789440127730131946e-01 2.416153719226702967e-01 2.734273834195416475e-01 2.468265676605121972e-01 3.368183273595299343e-01 2.031795176169228501e-01 2.383366395098863999e-01 2.721574134443062731e-01 2.003141943705337435e-01 1.688936813380187696e-01 3.560534414330102961e-03 2.879714704117534302e-02
1.000000000000000000e+00 7.686602443127449114e+00 2.692444082751206946e-01 2.382815656637252422e-01 2.380929395111111291e-01 2.286232021616719234e-01 2.384552979511845028e-01 1.888582680950862402e-01 2.472373773811041286e-01 1.935697726363828641e-01 1.899517382794744802e-01 1.866120498479548750e-01 2.299757206250720443e-01 2.738437232360825258e-01 2.441176314759238575e-01 3.403886374862554742e-01 2.112614632029300443e-01 2.367271054497283034e-01 2.854058299807313848e-01 1.971761060199054283e-01 1.688919615756801218e-01 3.353290701421149551e-03 2.892596569096823542e-02
1.000000000000000000e+00 9.966691475461855632e+00 2.563306882849053503e-01 2.389424427688571217e-01 2.448625650324995073e-01 2.341197920921216924e-01 2.427997049005722052e-01 1.944727266168458091e-01 2.584036750480969702e-01 2.000316329017614858e-01 1.902527049254668645e-01 1.866515999973273887e-01 2.315122898354757541e-01 2.565312421682883759e-01 2.614143060013405240e-01 3.400616701810866838e-01 2.053580518129122234e-01 2.382900363496131546e-01 2.829269583708632907e-01 1.857150349815490653e-01 1.683981621768994852e-01 3.469716495352795100e-03 2.953879293747929680e-02
1.000000000000000000e+00 1.003999755430210961e+01 2.505877772560080596e-01 2.335262914109098586e-01 2.682990475257571727e-01 2.264779915890450246e-01 2.411970845799325247e-01 1.942210171397069640e-01 2.415017448021094804e-01 2.018110787264681960e-01 1.969484779277021758e-01 1.836203680951587203e-01 2.293619993186112871e-01 2.602698142288479843e-01 2.687803209330708598e-01 3.506191648054220455e-01 2.069196179745464992e-01 2.404968449187692703e-01 2.790423577143439915e-01 1.825358909024390741e-01 1.713369739201461572e-01 3.610550053053253328e-03 2.909615783531491889e-02
1.000000000000000000e+00 8.534198910362746915e+00 2.478106898836046623e-01 2.458646480930317124e-01 2.671494893516215829e-01 2.174913668787682997e-01 2.536444469792167866e-01 1.852551118447506306e-01 2.364930737922543713e-01 1.975910436555817218e-01 1.878066127355993153e-01 1.855702387624675043e-01 2.199626159281877491e-01 2.608436702561515164e-01 2.680074599407802349e-01 3.307396708023466747e-01 2.023677042070305410e-01 2.366792059327712805e-01 2.812802695382239926e-01 1.782752539925858692e-01 1.681024955047158986e-01 3.563723090698623069e-03 2.906131983878760400e-02
1.000000000000000000e+00 1.104983723647631599e+01 2.472493949796089052e-01 2.377450425368358988e-01 2.715103587618673542e-01 2.187058917813771708e-01 2.554400070360380304e-01 1.844089259143624759e-01 2.363906891050190640e-01 1.998644468072475200e-01 1.865263716088805535e-01 1.848615942495164810e-01 2.228315145690241694e-01 2.644287399617066825e-01 2.656021624536612502e-01 3.301041158645370843e-01 2.049985598924550789e-01 2.270504779640191151e-01 2.849422530565731138e-01 1.678822001300383782e-01 1.676278213349403079e-01 3.473871468994586126e-03 2.928806442382294109e-02
1.000000000000000000e+00 1.089404409487372938e+01 2.501589355180161012e-01 2.393347649472852001e-01 2.579365353243481263e-01 2.230152065019150032e-01 2.601752233660413749e-01 1.852829592188580954e-01 2.152911968811357935e-01 1.933324121243961968e-01 1.871923183490035447e-01 1.851408097094661698e-01 2.247512632249374087e-01 2.575489935275585562e-01 2.626170807532368645e-01 3.267556943806948500e-01 1.990884414587043849e-01 2.447210733073388322e-01 2.810626429261268155e-01 1.521163285045626923e-01 1.645607874830174178e-01 3.399175987084286643e-03 2.950976938909067801e-02
1.000000000000000000e+00 7.711759155152962286e+00 2.593738099833119981e-01 2.347000166195608029e-01 2.563822427557175265e-01 2.295962539437476635e-01 2.453625083556341679e-01 1.914368979907981883e-01 2.073846986990816599e-01 2.060950951809681353e-01 1.884052163270607538e-01 1.804406651262599470e-01 2.153086454032133723e-01 2.618088630346916967e-01 2.594878207645860413e-01 3.188629890180362247e-01 2.057318029652745184e-01 2.295671410125104672e-01 2.685084321301394739e-01 1.690156034236894866e-01 1.648364412558183112e-01 3.514253098742696913e-03 3.067988692772943490e-02
1.000000000000000000e+00 9.637830721821080360e+00 2.729482100682433243e-01 2.189527430824387555e-01 2.466124841642859389e-01 2.330446553506241303e-01 2.435822036190750661e-01 2.031623554832283074e-01 2.185674858835042200e-01 2.072764526001855123e-01 1.917384500613482090e-01 1.864513684525140047e-01 2.246880271679102814e-01 2.544645308451700672e-01 2.664884066858613787e-01 3.308792971503108915e-01 2.183570290519510071e-01 2.463147943532805750e-01 2.553441212597555299e-01 1.692616037973515286e-01 1.675100217373112765e-01 3.333603844202255497e-03 3.271091835789882718e-02
1.000000000000000000e+00 1.163955195060190206e+01 2.596872346985953373e-01 2.317016232345550653e-01 2.586330836380195675e-01 2.351749407223483190e-01 2.458927039930248748e-01 1.958704303734045693e-01 2.180297584711646253e-01 2.065231024141462035e-01 1.952272047879053951e-01 1.861832272125167331e-01 2.302874078237405475e-01 2.605361342037043060e-01 2.550293292125688227e-01 3.248306689271515668e-01 2.143540479689361455e-01 2.493806574669671094e-01 2.492852393024852509e-01 1.716251185315972871e-01 1.657471815397422166e-01 3.538159085562595126e-03 3.515901837774356581e-02
1.000000000000000000e+00 1.092716448638296711e+01 2.571221667729914895e-01 2.345002293446723507e-01 2.446352171340832327e-01 2.365452926038300041e-01 2.402050681118798880e-01 2.010124976209267944e-01 2.167487644613967090e-01 2.074730808347397815e-01 1.911958514974806955e-01 1.954897231911907063e-01 2.389279235455105121e-01 2.504831678165869158e-01 2.462826988607951795e-01 3.420466818000134634e-01 2.115875280855661345e-01 2.495837775662401725e-01 2.587235207023478867e-01 1.706133841360609193e-01 1.663232474124255178e-01 3.762588814900248279e-03 3.573652395146351135e-02
1.000000000000000000e+00 1.087600198653511185e+01 2.615481687904654406e-01 2.249290749427162173e-01 2.376931053538715866e-01 2.429506391867667925e-01 2.362039268498092037e-01 1.845253640174109866e-01 2.211677649315621774e-01 2.107207002199881773e-01 1.756943368498843916e-01 1.911163391141098844e-01 2.343817121470552489e-01 2.490794217300687230e-01 2.454284981663769627e-01 3.316361476256582952e-01 2.205575452170269179e-01 2.392156237923622752e-01 2.763576055298587186e-01 1.739985475184360475e-01 1.636233906827077311e-01 3.707208680600466641e-03 3.628477815755802582e-02
1.000000000000000000e+00 1.033162624148565811e+01 2.670546694164233625e-01 2.187482488985402207e-01 2.497276787653602836e-01 2.264932089855365704e-01 2.485139457507791749e-01 1.831895397489529398e-01 2.089418817321579136e-01 2.091924781975219583e-01 1.780444512760067377e-01 2.027633911412879131e-01 2.247350218778240427e-01 2.586714173072691692e-01 2.460485145181824929e-01 3.426213673995466835e-01 2.092980536158758897e-01 2.393178552460012987e-01 2.747366978538872684e-01 1.741289989115113179e-01 1.662563849779392644e-01 3.706873511622030617e-03 3.623415167305758106e-02
1.000000000000000000e+00 1.296154621678725860e+01 2.577994697678212543e-01 2.340973941769192712e-01 2.539759042211937601e-01 2.395787353935534547e-01 2.401781737367271741e-01 1.808326317223125090e-01 2.099268167731052070e-01 2.209594703375428182e-01 1.764986003130651904e-01 1.994630544982312903e-01 2.212960513063065016e-01 2.584043667253651533e-01 2.589218897841429889e-01 3.464022781280605701e-01 2.223735961182933540e-01 2.386140053007975159e-01 2.758328019454496793e-01 1.654091343561569227e-01 1.646874751312588092e-01 3.848505189940334189e-03 3.723958143781756075e-02
1.000000000000000000e+00 1.265054279074053589e+01 2.580267430937063788e-01 2.232904785204072873e-01 2.466410691633915686e-01 2.484243981293191295e-01 2.387624708983223931e-01 1.796659234358548851e-01 2.123866582520160529e-01 2.090614030828180925e-01 1.800894978948519021e-01 1.955984450648009521e-01 2.153508911258786851e-01 2.559262059222872643e-01 2.478500809242609737e-01 3.459048187616586834e-01 2.178156099630889353e-01 2.310666278930337825e-01 2.826414860640935611e-01 1.615012030395459319e-01 1.644513335137542387e-01 3.633942765483190538e-03 3.619021750352127698e-02
1.000000000000000000e+00 1.122695725564303615e+01 2.610185647429278388e-01 2.238811926290230347e-01 2.336859490723816324e-01 2.482293029622645586e-01 2.346805377644884116e-01 1.974611251107128984e-01 2.139363627104641230e-01 2.117015428792324017e-01 1.644055181126477250e-01 1.910743305110383372e-01 2.288987240169004234e-01 2.609155549483819780e-01 2.385670948544983960e-01 3.523486972894412927e-01 2.106405104013430174e-01 2.146358004622465898e-01 2.894281141212314279e-01 1.514705684798014207e-01 1.657010151412551535e-01 3.618041090959106358e-03 3.583927761547492374e-02
1.000000000000000000e+00 1.316165033791914141e+01 2.625016150240940260e-01 2.434448249617790494e-01 2.251222653902515969e-01 2.393688334938640361e-01 2.247619366805190533e-01 1.884513286684229294e-01 2.074537562819644687e-01 2.128488453724604879e-01 1.661313334338110348e-01 1.769360611569216757e-01 2.182320916021502355e-01 2.665653343482227711e-01 2.524523100841508105e-01 3.475560333940420632e-01 1.982120020470899135e-01 2.103949203503181486e-01 2.835303762640578595e-01 1.546094731143987933e-01 1.600839294186089667e-01 3.642229575695178460e-03 3.534881051119329737e-02
1.000000000000000000e+00 1.075834217057483144e+01 2.502321149240112619e-01 2.480100473148598994e-01 2.256486564841382880e-01 2.386908300412978745e-01 2.307081746082737528e-01 1.861288177232316432e-01 2.122543493059344533e-01 2.097505823659657487e-01 1.770664248674907459e-01 1.828439037922099386e-01 2.142811459653372053e-01 2.472482254572518356e-01 2.539294958021898196e-01 3.374290845149208184e-01 1.923709351463542272e-01 2.232538039228965099e-01 2.928335660831016263e-01 1.551255105788453270e-01 1.606941728496128208e-01 3.413017080414471483e-03 3.579262949846966774e-02
1.000000000000000000e+00 9.770417518715767358e+00 2.568080092070353371e-01 2.621987857539548883e-01 2.308343745769135535e-01 2.220583102564311073e-01 2.316333121088523517e-01 1.962873624202721434e-01 2.115946616550755943e-01 2.123757559116203342e-01 1.794026206997388351e-01 1.813934183149778501e-01 2.192629890474808996e-01 2.534759456087289364e-01 2.618659520755758363e-01 3.361154668103458198e-01 2.042919991950345460e-01 2.167645106904252661e-01 2.813115466434337186e-01 1.549185311035872759e-01 1.632769183768204291e-01 3.301282495633198113e-03 3.485153569633805265e-02
1.000000000000000000e+00 1.026961945703051171e+01 2.497685537865617922e-01 2.654655136100766977e-01 2.201095950828632908e-01 2.349900652163458004e-01 2.309038193731202948e-01 1.890182440423932020e-01 2.211555475633821821e-01 2.023268586506039579e-01 1.807709293633316949e-01 1.917997637760951724e-01 2.100436507366867100e-01 2.554823252302848013e-01 2.633296273991297953e-01 3.160864203942397865e-01 2.193596940866398559e-01 2.161028269462996199e-01 2.689734965965089319e-01 1.428357945897940906e-01 1.621854839061483977e-01 3.289121244566904807e-03 3.532686095053331338e-02
1.000000000000000000e+00 1.176951724015031253e+01 2.463404232634368585e-01 2.681355164561479154e-01 2.129337147077835501e-01 2.289752250782854104e-01 2.350734296881593910e-01 1.948932813315006063e-01 2.174510752381817458e-01 2.112659258142609298e-01 1.790156006562466373e-01 1.864131949845458380e-01 2.128778492069708927e-01 2.516665557927171837e-01 2.556744663806824192e-01 3.270414205267166974e-01 2.201763637581780064e-01 2.205083155231202519e-01 2.751224186812439298e-01 1.334371467182118298e-01 1.639379038409112810e-01 3.188577693445994368e-03 3.437498374564156023e-02
1.000000000000000000e+00 1.029727784117984157e+01 2.542880060782585216e-01 2.746469072322836880e-01 2.217811031439733682e-01 2.316856614123906644e-01 2.300316766357790865e-01 2.019409076315250018e-01 2.241736516857475159e-01 2.028724786944761105e-01 1.730931764814034879e-01 1.982435142614892842e-01 2.080891688824413888e-01 2.492285339237125807e-01 2.631631393196576241e-01 3.311622098250511792e-01 2.262474986571830216e-01 2.153593562137154360e-01 2.795231803003738191e-01 1.332983982959380365e-01 1.661313722961331452e-01 3.090589682799425430e-03 3.440655393314611538e-02
1.000000000000000000e+00 1.108658982328612019e+01 2.385307420924443478e-01 2.771799923928474074e-01 2.203809494074435438e-01 2.404315199413444293e-01 2.340907898980712221e-01 2.070269615595955459e-01 2.298944454568115359e-01 2.040972353430601238e-01 1.712736480937833428e-01 2.033106400102369371e-01 2.167332394382283089e-01 2.435719917501951159e-01 2.743005288709067790e-01 3.394389040634543386e-01 2.292126390602002295e-01 2.136879345680904041e-01 2.865700715345581573e-01 1.253865500673514988e-01 1.656705164465077651e-01 3.406773651797619009e-03 3.360630899844751357e-02
1.000000000000000000e+00 7.146332779561548776e+00 2.370688387573371692e-01 2.831580530375536475e-01 2.243774876542039554e-01 2.376575352444035838e-01 2.401608550749546878e-01 2.120035030591380376e-01 2.329412828294755988e-01 1.956525224967064491e-01 1.672519059091765459e-01 2.039987206617398241e-01 2.188775184600085522e-01 2.506956214529932336e-01 2.602876433131229850e-01 3.412952918271529579e-01 2.352741039411362922e-01 2.188127895581418736e-01 2.832576015664577951e-01 1.480515715463541493e-01 1.664462202057209184e-01 3.341251304613644581e-03 3.150021603228043976e-02
1.000000000000000000e+00 5.807460835834971746e+00 2.463996233358576593e-01 2.798623382031460438e-01 2.252060704058787555e-01 2.291426280898192502e-01 2.324452774923369824e-01 2.009787720920445386e-01 2.329297126836698539e-01 1.980177511856117123e-01 1.748780381445121934e-01 2.011667747695588815e-01 2.215788690392983540e-01 2.436337246114960720e-01 2.727218807952189739e-01 3.383041299211561048e-01 2.415827883305659840e-01 2.197657676523500914e-01 2.775248509326854185e-01 1.459018529007042597e-01 1.664897998240926769e-01 3.398885837820843012e-03 3.008891714297125958e-02
1.000000000000000000e+00 5.793632132254809441e+00 2.477704737899141807e-01 2.878665012536650303e-01 2.226681382810356824e-01 2.316894593630359489e-01 2.392227673454052628e-01 1.951168841859295677e-01 2.383852382444683060e-01 1.978525557313068617e-01 1.679710739914906659e-01 2.075762593553825974e-01 2.180182490314307442e-01 2.537132085534679615e-01 2.725622096261012817e-01 3.363622992664819789e-01 2.360969776259142783e-01 2.188677125562827064e-01 2.636253909886178137e-01 1.228128737828261402e-01 1.685537590487407311e-01 3.255692090930562260e-03 2.972738490490475435e-02
1.000000000000000000e+00 6.679438410177108487e+00 2.435648791362411969e-01 2.909501714239570158e-01 2.280355805161964622e-01 2.227652640301796272e-01 2.447323904161461672e-01 1.896561348818500692e-01 2.357973559514147943e-01 2.047790542819649395e-01 1.669703389802701388e-01 2.032394685530838352e-01 2.263491342578917986e-01 2.513460021977413916e-01 2.758169558436498470e-01 3.437388113471960827e-01 2.370940677481913061e-01 2.226240725977835233e-01 2.565610484773303002e-01 1.179507024911285590e-01 1.687189650313230538e-01 3.151866253044519495e-03 2.864453383207225118e-02
1.000000000000000000e+00 1.085794546393912263e+01 2.410121016298636953e-01 2.842025533565446516e-01 2.324296743301507151e-01 2.306970983443251966e-01 2.442498067518941163e-01 1.936857921458652321e-01 2.336444170563146128e-01 2.018716869429590943e-01 1.674649463653371251e-01 1.957523733162418456e-01 2.333233340077361107e-01 2.450730740064624991e-01 2.734507869374727118e-01 3.610616118866080138e-01 2.386464059037415320e-01 2.189941499137285363e-01 2.555426982596590291e-01 1.065033898150059000e-01 1.691453555894550098e-01 3.233499862933998485e-03 2.842021201705320632e-02
1.000000000000000000e+00 1.363862764924055604e+01 2.380756529663052568e-01 2.904056741830142729e-01 2.381930634069298891e-01 2.238742696750647965e-01 2.465074727789594577e-01 1.979993467547988273e-01 2.217739229899991227e-01 2.047277856488764203e-01 1.544664447638625648e-01 1.823898627969849362e-01 2.471892038701454519e-01 2.463543778385353933e-01 2.679532220973522283e-01 3.639665737524302447e-01 2.352141290804353191e-01 2.258329932117941752e-01 2.726101182692718949e-01 1.127493570623436664e-01 1.679049020468559583e-01 3.108090163681768645e-03 2.864419118869392100e-02
1.000000000000000000e+00 1.046835103457211247e+01 2.333342170473076960e-01 2.784996264407563205e-01 2.367221823880910070e-01 2.333562145172145275e-01 2.478332139343273344e-01 1.868198569350391358e-01 2.206527747888794577e-01 1.978618771196321846e-01 1.498813869574851798e-01 1.874098239525139042e-01 2.521381391533402128e-01 2.518611356066308149e-01 2.708323283413312521e-01 3.389642824757329587e-01 2.256797153337100625e-01 2.320577934465244685e-01 2.650190169202025769e-01 1.163783948722812850e-01 1.666588371326690743e-01 3.059712424478398633e-03 2.867970702663001289e-02
1.000000000000000000e+00 1.163230983449295941e+01 2.352760868476703737e-01 2.639255404801509886e-01 2.381115115876742405e-01 2.234420634002125261e-01 2.422074612241485458e-01 1.915347586571434224e-01 2.187125192400392604e-01 2.034070946743777031e-01 1.527544340768590692e-01 1.833993731851550624e-01 2.398867497236983892e-01 2.460579733079153730e-01 2.601038746814973712e-01 3.258111877494062059e-01 2.232739453798894269e-01 2.325820262515823078e-01 2.589020532388913720e-01 1.126457205032038444e-01 1.634508209993487948e-01 3.375477562239799414e-03 2.710072813047733828e-02
1.000000000000000000e+00 1.192565354940849964e+01 2.388540960236072430e-01 2.651815079858676483e-01 2.400003147846724305e-01 2.154457024253959019e-01 2.400854491821049486e-01 1.911005205775579141e-01 2.307576818003481689e-01 2.033233212481194152e-01 1.300166994150787625e-01 1.907714927905243829e-01 2.409303540180013636e-01 2.451181073251558207e-01 2.534894485498749295e-01 3.293750714036953742e-01 2.166531481063723452e-01 2.441623308101636969e-01 2.530298553724080191e-01 1.099933833718856890e-01 1.624273676504836839e-01 3.366645019607625994e-03 2.633140028277426714e-02
1.000000000000000000e+00 1.191890784015773086e+01 2.476791684367176671e-01 2.602318841611577782e-01 2.443747191003125818e-01 2.199062532473828879e-01 2.357969717578440039e-01 1.836612238279772547e-01 2.221474820864745015e-01 2.083260814079588297e-01 1.332313503653498876e-01 2.022729175403031321e-01 2.446972901018667768e-01 2.453423004143542308e-01 2.279389536136769978e-01 3.307371302549999004e-01 2.248533326470790739e-01 2.429983400069049004e-01 2.423033759382207109e-01 1.152298109140099530e-01 1.646107170267554487e-01 3.378038333343511088e-03 2.768489554007489556e-02
1.000000000000000000e+00 8.953356403293319943e+00 2.420118911081619029e-01 2.509766463307485096e-01 2.512951404259435306e-01 2.161937019431112716e-01 2.453563217509271976e-01 1.853293942139391248e-01 2.133108732767697024e-01 2.193428963030139012e-01 1.373642806710448083e-01 1.943192225214438462e-01 2.335198828521824199e-01 2.451256420034752526e-01 2.381719557900510709e-01 3.162222652748291063e-01 2.359167963430854331e-01 2.485885937237233834e-01 2.440068648797988349e-01 1.167471549440519951e-01 1.629199955924644783e-01 3.280542298667029916e-03 2.844897737847407182e-02
1.000000000000000000e+00 9.268333082352000929e+00 2.450320110396473072e-01 2.441821299479111917e-01 2.491032329595099237e-01 2.148491412272738044e-01 2.409428149233189265e-01 1.778677734304794089e-01 2.135177635848309607e-01 2.261733152580495398e-01 1.394344679806966691e-01 2.012028820450484368e-01 2.245148941160889644e-01 2.498579226138192555e-01 2.462294269458076834e-01 3.179173102636713155e-01 2.237489580111075849e-01 2.376362598779802049e-01 2.455462691618151283e-01 1.123033376927089211e-01 1.629136035134131077e-01 3.329054162286590544e-03 2.947857930857073275e-02
1.000000000000000000e+00 8.149096082939307095e+00 2.526165406172038996e-01 2.363735182959395553e-01 2.493187873171816282e-01 2.190060242337574792e-01 2.467378268345936931e-01 1.782305741174904923e-01 2.282388628746117587e-01 2.331293291226201603e-01 1.336957882291834043e-01 2.019220995229645821e-01 2.199844531102829737e-01 2.452359763384917846e-01 2.773560704593005521e-01 3.237531269577119120e-01 2.173965793006067682e-01 2.382650971033237752e-01 2.483201322859893145e-01 1.044188475257704363e-01 1.656061092653547395e-01 3.327517465173247899e-03 2.899134704455777131e-02
1.000000000000000000e+00 1.213052195415416179e+01 2.586474171433988944e-01 2.409394060333788223e-01 2.472464819059249919e-01 2.252749313379533436e-01 2.482276894204820117e-01 1.853542172826971313e-01 2.225026862711041165e-01 2.283118958077528793e-01 1.253345018099877028e-01 1.970059849666465912e-01 2.212862434387203869e-01 2.545645945958168732e-01 2.887847278830166786e-01 3.171327157364015603e-01 2.152154841279386999e-01 2.395198534811364410e-01 2.462114154003089417e-01 9.529309698549204288e-02 1.655275976228542389e-01 3.344939081115749432e-03 2.732987469988576446e-02
1.000000000000000000e+00 1.074213990196388835e+01 2.491059309671843081e-01 2.419783033769328517e-01 2.541619726671904278e-01 2.325106027521320062e-01 2.328572688623532505e-01 1.845332626791043318e-01 2.232247526262885196e-01 2.239485596362383868e-01 1.211545682326877760e-01 1.937200593787139213e-01 2.182317937691331533e-01 2.548305172462149715e-01 2.807982112467951041e-01 3.163725358528204357e-01 1.982803976950579528e-01 2.426047661985950010e-01 2.429903761861257616e-01 9.809602943482767512e-02 1.642469437178915304e-01 3.257110470736564439e-03 2.765080791670683491e-02
1.000000000000000000e+00 1.249802314418393578e+01 2.639997252749223811e-01 2.356525152653596022e-01 2.435823049805776741e-01 2.330944378677731743e-01 2.374385617321116970e-01 1.709089503446998282e-01 2.295086770290099554e-01 2.219010735934268397e-01 1.166792448573310270e-01 1.986594613061009040e-01 2.224792653576984913e-01 2.540206590364358918e-01 2.654773827167630773e-01 3.234670167421047626e-01 1.948505523769360481e-01 2.448752173989097447e-01 2.302787327502087145e-01 1.065779055618559235e-01 1.630719119551814478e-01 3.405909278725886054e-03 2.714438136547759131e-02
1.000000000000000000e+00 1.127728202544109770e+01 2.652127526612240160e-01 2.225820610873308902e-01 2.428507489430274946e-01 2.378862860082647801e-01 2.345063288118762468e-01 1.805904521429116394e-01 2.518299893289066005e-01 2.092190268513934304e-01 1.237057778265712726e-01 1.974611353008174086e-01 2.129174930360093199e-01 2.690226393616790834e-01 2.757786292795028071e-01 3.161708636566096242e-01 1.941911621839939595e-01 2.481415654702335827e-01 2.523420192823394581e-01 1.080008287968828029e-01 1.657239751939724448e-01 3.472090927130899556e-03 2.736785557172017463e-02
1.000000000000000000e+00 1.222327885657750457e+01 2.668655191492235179e-01 2.147480062834332126e-01 2.432125292319183840e-01 2.391862847269512204e-01 2.379064955167385920e-01 1.744809060173468651e-01 2.395748740311330061e-01 2.129814675854664885e-01 1.160243061974098044e-01 1.968046191795110034e-01 2.325106303056527213e-01 2.583981297124110510e-01 2.938819688578122591e-01 3.009477398757185451e-01 1.955684489987102592e-01 2.555539764031388716e-01 2.423783941424055566e-01 1.297336291194509938e-01 1.633970589974534371e-01 3.381346353104414115e-03 2.733534233443844080e-02
1.000000000000000000e+00 1.355895608054051316e+01 2.603439228466109534e-01 2.097995827667425428e-01 2.512028099914584423e-01 2.354099270780759812e-01 2.448188854656808133e-01 1.880737842857728992e-01 2.292515904246626990e-01 2.057593028148706482e-01 1.153318918691934314e-01 2.005038913194964467e-01 2.395312187914008795e-01 2.554915327183042151e-01 2.871256719637144128e-01 3.019273019285053650e-01 1.970614207112376393e-01 2.517198579857339302e-01 2.456533466104174335e-01 1.307544184282276034e-01 1.622735583052465069e-01 3.437031450407692593e-03 2.610434594978838785e-02
1.000000000000000000e+00 1.078824773970016437e+01 2.600243224782202711e-01 2.072347516516108157e-01 2.510930679784275643e-01 2.292149487546896736e-01 2.276030882515845122e-01 1.921794698420757896e-01 2.289951198816876921e-01 1.956700909240697006e-01 1.137667026314492097e-01 2.017340786115174311e-01 2.280936792040137717e-01 2.466211330802284274e-01 2.937916574627547628e-01 2.977885835921454949e-01 2.037171232941307752e-01 2.517454458472235812e-01 2.607839375669601667e-01 1.225662253531251272e-01 1.606819427564680491e-01 3.454034978451483388e-03 2.597546529317227779e-02
1.000000000000000000e+00 1.024857679402263244e+01 2.633424804487830007e-01 2.050007081988414470e-01 2.459058727534027822e-01 2.187958976444379644e-01 2.287405039256777961e-01 1.916844137330273312e-01 2.336795479881240145e-01 2.033103153004898189e-01 1.180807458011987748e-01 2.088281929101016288e-01 2.288827404399730592e-01 2.484657172232151712e-01 2.821757658396774615e-01 2.901540184974165659e-01 1.916780611352585928e-01 2.471890764703835452e-01 2.586000482998316308e-01 1.441068557257774163e-01 1.622402414048136898e-01 3.487365335594491515e-03 2.653989656375691647e-02
1.000000000000000000e+00 9.333938181117050092e+00 2.611998916594997500e-01 2.179306332620807030e-01 2.437783841704810051e-01 2.188990948963396022e-01 2.329142449953638949e-01 1.992276422776843581e-01 2.315697865058120586e-01 2.025941436676068630e-01 1.277671827235791480e-01 2.149979664429313986e-01 2.345766520793122478e-01 2.501918301187551208e-01 2.871929457641809180e-01 2.893922356556835052e-01 2.091284915524422860e-01 2.519251314517096385e-01 2.630959973686797237e-01 1.460961737394799176e-01 1.635673916762264701e-01 3.645757583957253984e-03 2.552716114362697450e-02
1.000000000000000000e+00 1.016389253584362962e+01 2.636879324351064091e-01 2.359017791314771129e-01 2.491977847934064849e-01 2.205596577782339973e-01 2.373785825462531029e-01 1.884078265811082176e-01 2.331854215840130085e-01 1.996613481804447310e-01 1.406472535048312877e-01 2.205592481313313202e-01 2.345176678264981607e-01 2.524523886171122777e-01 2.911852156393799351e-01 2.932664457665058455e-01 2.180564267924482436e-01 2.570367886652382139e-01 2.699471579661775200e-01 1.503387422688216568e-01 1.650736848546152102e-01 3.612565163084068259e-03 2.389096518414495635e-02
1.000000000000000000e+00 9.775415480774212185e+00 2.698631594038032322e-01 2.366649840657625847e-01 2.576502485578813229e-01 2.218017130964779760e-01 2.415988724553152223e-01 1.963356603815115398e-01 2.399872329977948415e-01 2.107718597767226087e-01 1.490478036221555558e-01 2.394625875949785987e-01 2.339836746991246497e-01 2.568960089631084909e-01 3.023468407949979619e-01 2.816030635139779026e-01 2.384504978005769493e-01 2.684472838491412938e-01 2.603583863205972682e-01 1.590099388981919271e-01 1.705810982763453498e-01 3.606130618689481950e-03 2.446517737827461764e-02
1.000000000000000000e+00 9.331646933115919751e+00 2.679655074181055974e-01 2.355402186946321808e-01 2.710553776462021891e-01 2.180262288790245084e-01 2.379688319604346403e-01 1.947180059571867183e-01 2.331515415378482003e-01 2.094536844945877607e-01 1.470310868102542023e-01 2.330253754755934048e-01 2.427854609424540955e-01 2.481167410071562496e-01 2.949998897527801867e-01 2.932438417050043933e-01 2.403013334480654517e-01 2.699812791074018836e-01 2.601028274960724418e-01 1.699819478900684300e-01 1.713108498476381691e-01 3.645408394727514718e-03 2.486364430350605781e-02
1.000000000000000000e+00 9.047366918688723558e+00 2.796358175963378212e-01 2.315528803608856157e-01 2.693433546213833130e-01 2.237519182299358145e-01 2.365275741454024860e-01 1.908954282513674883e-01 2.254720618771604290e-01 2.086496709290699969e-01 1.444049906370850900e-01 2.337711204691139411e-01 2.438839246109431314e-01 2.569458604988485440e-01 2.791484645358819350e-01 3.043840919043011572e-01 2.329056608530650496e-01 2.583506234437445426e-01 2.657349388362414411e-01 1.643476241356752743e-01 1.699229882513920431e-01 3.409457194611225858e-03 2.608102653897763357e-02
1.000000000000000000e+00 8.709436305735971828e+00 2.713088054248167236e-01 2.209801413009896132e-01 2.741700356317988141e-01 2.307187544528783718e-01 2.400554371512455820e-01 1.966853718775788407e-01 2.322226680448869485e-01 2.123538070858224658e-01 1.472635418039470734e-01 2.308863915606763073e-01 2.453938768707231988e-01 2.520757448365055775e-01 2.832156538227652565e-01 2.911187183023610792e-01 2.318917695602004947e-01 2.495937436776922425e-01 2.618309504561822099e-01 1.664679231395907733e-01 1.716099566145098398e-01 3.428276125792896999e-03 2.661627376695300043e-02
1.000000000000000000e+00 1.026181133349627927e+01 2.743022670328711388e-01 2.262580488353718722e-01 2.694688056428617418e-01 2.305122092825188373e-01 2.445912206746704010e-01 1.917106201093913276e-01 2.210331776901222345e-01 2.089208631277594819e-01 1.487013247951713968e-01 2.317451199279546847e-01 2.415925759036230691e-01 2.542916142852744144e-01 2.921064513942259744e-01 2.921364811997443356e-01 2.419451053073718994e-01 2.526365645765890067e-01 2.610908838549643174e-01 1.600596262945201409e-01 1.703963776714179090e-01 3.512932867065078450e-03 2.705647887161282544e-02
1.000000000000000000e+00 7.947428090613684049e+00 2.673995793909199614e-01 2.285396017881638209e-01 2.730743652378246344e-01 2.170486483879450201e-01 2.539189351598633571e-01 2.049270634913273048e-01 2.227389379625052401e-01 2.245155878866185173e-01 1.466863819103956523e-01 2.369142548608987320e-01 2.248609311524138454e-01 2.620465530651141517e-01 2.981832260170387272e-01 2.870484105527220109e-01 2.593602143148350248e-01 2.367830167455530488e-01 2.674594770305805391e-01 1.610703667308163167e-01 1.716245843188844156e-01 3.426225549073512542e-03 2.776153126350585157e-02
1.000000000000000000e+00 8.474573138037852615e+00 2.565041848732368401e-01 2.408611986870188293e-01 2.693333402240618013e-01 2.228719739268972544e-01 2.443661005919026408e-01 2.122967323668546458e-01 2.298588827237163235e-01 2.132280346078874456e-01 1.427834192074586839e-01 2.342355622067178733e-01 2.269152392346517333e-01 2.650127497217441563e-01 3.067950713524955630e-01 2.946233886337571439e-01 2.618958116299260341e-01 2.383146894684214645e-01 2.797409146170826699e-01 1.666803234265233080e-01 1.722469131983173085e-01 3.445813312772646152e-03 2.736121571034614425e-02
1.000000000000000000e+00 8.219913896790140839e+00 2.638786743505035504e-01 2.409498074696545811e-01 2.644277784912991147e-01 2.254035396785307732e-01 2.384704115643209721e-01 2.224811408489076325e-01 2.111587186010129569e-01 2.217095338634435531e-01 1.483101902691542351e-01 2.351491008134133642e-01 2.196435072194060922e-01 2.563826677548661781e-01 3.137827500308972839e-01 2.953627785936186467e-01 2.642284249620969194e-01 2.336692319142716356e-01 2.883723836172710775e-01 1.668610896406685085e-01 1.713296755107047431e-01 3.297705915575605950e-03 2.776825128234589046e-02
1.000000000000000000e+00 8.405306252953790747e+00 2.646720783464101001e-01 2.374983635764280621e-01 2.520832476951931911e-01 2.249818285081349456e-01 2.259965446778879061e-01 2.155420196341428785e-01 2.204355112344513479e-01 2.293114469667211497e-01 1.561862866110100001e-01 2.304595365747586222e-01 2.214263142186376765e-01 2.486842232753966042e-01 3.177380390590184844e-01 2.845884175603942134e-01 2.766175391771231173e-01 2.252810442963353865e-01 2.953544870895188357e-01 1.827499851462849600e-01 1.697016502097532242e-01 3.351250524790836283e-03 2.835822541160305799e-02
1.000000000000000000e+00 7.674034036557166871e+00 2.730000713973120829e-01 2.232845192321294969e-01 2.591455086130824426e-01 2.327330180558408179e-01 2.401755063529684431e-01 2.183767447587331989e-01 2.099183582055857422e-01 2.272252974972547857e-01 1.629762857855466263e-01 2.204662965138561026e-01 2.070698458520704721e-01 2.550885628918285186e-01 3.173090268407476322e-01 2.849617827577722307e-01 2.754465331158897912e-01 2.175318034065052974e-01 3.071867549260597907e-01 1.856211746096907422e-01 1.715271755677829912e-01 3.381444230571169305e-03 2.758278168912151398e-02
1.000000000000000000e+00 7.266776107188034572e+00 2.708061965030482132e-01 2.294893595573277434e-01 2.539995929981874179e-01 2.315837495309923943e-01 2.448831074459234813e-01 2.240576644420644303e-01 2.199574318729987099e-01 2.252725083709765930e-01 1.611510444210478843e-01 2.268297540566178994e-01 2.096893095673824647e-01 2.616721544386150788e-01 3.062113804976445142e-01 2.898349537365469408e-01 2.706599332046035200e-01 2.095497083036868269e-01 3.195895637740824302e-01 1.770255948232520860e-01 1.718999321458721530e-01 3.451327978932366286e-03 2.623401763936321351e-02
1.000000000000000000e+00 9.007113748192066893e+00 2.721956439194228583e-01 2.248874191765183606e-01 2.609631921054844095e-01 2.218778047617322446e-01 2.468816319274956261e-01 2.213283318960054258e-01 2.178723709959689003e-01 2.282216462191415385e-01 1.689758922159297350e-01 2.316004542713800685e-01 2.186555831662558846e-01 2.513866278394752407e-01 3.102187257252261299e-01 2.803130854188017329e-01 2.828258085651550457e-01 2.144727300527821123e-01 3.089897328444089486e-01 1.907909989509716242e-01 1.716283126534644821e-01 3.353006574135180759e-03 2.532019238742922243e-02
1.000000000000000000e+00 8.813959123653681615e+00 2.634295573217180220e-01 2.354273573230402095e-01 2.686066668061328211e-01 2.204214549528343281e-01 2.491311779818604910e-01 2.112708801353098964e-01 2.186998720892257275e-01 2.182252852266984289e-01 1.520994102268781178e-01 2.232802294740499349e-01 2.226512804214367536e-01 2.588551234414688818e-01 3.024808915555258770e-01 2.635106277728995194e-01 2.809537611655438250e-01 2.112379061888239595e-01 3.056931553007359303e-01 1.876614365606151802e-01 1.695456137075926351e-01 3.517568197759272930e-03 2.494278523536290482e-02
1.000000000000000000e+00 1.692077053575364332e+01 2.572760794547768737e-01 2.544895390096421073e-01 2.564027292798645719e-01 2.284105900592142691e-01 2.572900746368931846e-01 1.903939588780519110e-01 2.136776371949846154e-01 2.153971186657594739e-01 1.564600034142210050e-01 2.263895045311023202e-01 2.266228287189085977e-01 2.419879218546743815e-01 3.069536769920902519e-01 2.550696057341434453e-01 2.883992561538236687e-01 1.959069594054401453e-01 3.110668188355963371e-01 1.875723907588248973e-01 1.667178223367917489e-01 3.667433998656598280e-03 2.395805770525708672e-02
1.000000000000000000e+00 1.423521865687232513e+01 2.649885334324136310e-01 2.501487908880594691e-01 2.548827102107564246e-01 2.224317984300457629e-01 2.530454161142009495e-01 1.990543475542737584e-01 2.110595825302494788e-01 2.161869934074542865e-01 1.682881052993896176e-01 2.243396623365070675e-01 2.193136965983121245e-01 2.383815966883826576e-01 3.202871987096835293e-01 2.767149182873556712e-01 2.918620613539504860e-01 1.953445536630018520e-01 3.141809370710847982e-01 1.891729690546343212e-01 1.712599522126667939e-01 3.528498984461462575e-03 2.328268382361888683e-02
1.000000000000000000e+00 1.328996824789130571e+01 2.452997551088136885e-01 2.526556534631666517e-01 2.576240881471850708e-01 2.247448151176220932e-01 2.429682044406397401e-01 2.043062694868928719e-01 1.979068471462823164e-01 2.305057855115978660e-01 1.690034215711177512e-01 2.190389845381429668e-01 2.227578638814496914e-01 2.290085155411646090e-01 3.109351303363223629e-01 2.803685563233188627e-01 2.858083384463335763e-01 1.889748230381149419e-01 3.214085700872732487e-01 1.818267125221843528e-01 1.661938623335751097e-01 3.564235612376416302e-03 2.263378006386934996e-02
1.000000000000000000e+00 8.209484155764972257e+00 2.543397023391464895e-01 2.547337066756321100e-01 2.555839946081112646e-01 2.308105704624283105e-01 2.375123736087307313e-01 2.030712882778539785e-01 2.054086893353238297e-01 2.247319657435641327e-01 1.695770903592235535e-01 2.145300550115019911e-01 2.094008131865510436e-01 2.297481208407244624e-01 3.238870292673807216e-01 2.629827269755223851e-01 2.851172812120336131e-01 1.989119609781875297e-01 3.095036463684012751e-01 1.865643911043386449e-01 1.673239829785660437e-01 3.311683867232916717e-03 2.230011408564026854e-02
1.000000000000000000e+00 7.058895008087694656e+00 2.575086840079442441e-01 2.523659355384028080e-01 2.454145768417171636e-01 2.346905826525702288e-01 2.418145831638285059e-01 2.005479471860111551e-01 2.091368357424296665e-01 2.217666123161445568e-01 1.708701334117574688e-01 2.061467705088240732e-01 2.292895679333399883e-01 2.269030961651211931e-01 3.135539067566000537e-01 2.899665609581519310e-01 2.840379162532746804e-01 2.055243707940329900e-01 2.976564798439212400e-01 1.840209042811010165e-01 1.664047717923884673e-01 3.018074459893905874e-03 2.202304113936635194e-02
1.000000000000000000e+00 6.527094523692764660e+00 2.652475011936656912e-01 2.582139721029447776e-01 2.513605309589316827e-01 2.319498458169617083e-01 2.490505754064110955e-01 1.871343488962457502e-01 2.097764163361974799e-01 2.184588868834842490e-01 1.738085149069600321e-01 2.078156149555526466e-01 2.349957320853533205e-01 2.435935824198586230e-01 3.224603543268489414e-01 2.888864127461153175e-01 2.753327152764384889e-01 1.972643333566374002e-01 2.918937253194227588e-01 1.865875254662556215e-01 1.700001606351609074e-01 3.079381882885047581e-03 2.285413607008905668e-02
1.000000000000000000e+00 9.531259193947311914e+00 2.687254593848519280e-01 2.638714682499554431e-01 2.552515302025205601e-01 2.273500097901610117e-01 2.441012696656676695e-01 1.982252958914135776e-01 2.164767979218407690e-01 2.156471983971055273e-01 1.745093918734841043e-01 2.103699697836449167e-01 2.441744141438575988e-01 2.481851105166185956e-01 3.219352950877021335e-01 2.810999417744098339e-01 2.796366583098524594e-01 1.996489185470661232e-01 2.876973920091001058e-01 1.843360950897703909e-01 1.707098681442886234e-01 3.166316144385325927e-03 2.269103178018554851e-02
1.000000000000000000e+00 8.043361000339318778e+00 2.531978958528265378e-01 2.703215723404088777e-01 2.543482071320424254e-01 2.222594259919335180e-01 2.417230841105961758e-01 2.014872079439147812e-01 2.203598260050555480e-01 2.140385029718667453e-01 1.785148522423412598e-01 2.049658530040831261e-01 2.404548344690709549e-01 2.510845290917605444e-01 3.154673610886995494e-01 2.863187714002695672e-01 2.799157858397177678e-01 1.953557849644675382e-01 2.865871309801704125e-01 1.783451204036682614e-01 1.702422830027273126e-01 3.119117624938877367e-03 2.201473760835854360e-02
1.000000000000000000e+00 7.163809315500389019e+00 2.637892299049535705e-01 2.600364135697080248e-01 2.606316322178786615e-01 2.217194852501668534e-01 2.421172232158525228e-01 2.013902209396058185e-01 2.273654929484812404e-01 2.090090468474697927e-01 1.789298328988759013e-01 2.093695009010421992e-01 2.316368597234897686e-01 2.501468779505129914e-01 3.183433637888744006e-01 2.980617971420445045e-01 2.727262680325040489e-01 1.968502005671094734e-01 2.902790153403018714e-01 1.719504433500086416e-01 1.713810049830961635e-01 3.083692858985157600e-03 2.098712653919712623e-02
1.000000000000000000e+00 7.593974722460371751e+00 2.615719623207884981e-01 2.582874542802615081e-01 2.537631146562093210e-01 2.265586669449846102e-01 2.344453741879915787e-01 2.112443130776479605e-01 2.353730890763021388e-01 2.234742600890831654e-01 1.811230627880392186e-01 2.117549032252546148e-01 2.447108516219404784e-01 2.455346237913746954e-01 3.022431880269129678e-01 2.919182148870267945e-01 2.886119522209390498e-01 1.952037842670757972e-01 2.906018193946267592e-01 1.884441933281376658e-01 1.705256753967566430e-01 3.110221962569196044e-03 2.014467218492619477e-02
1.000000000000000000e+00 7.430899528934310716e+00 2.704039220526356924e-01 2.553125407837636418e-01 2.529640372905493928e-01 2.265266443823781839e-01 2.273445040880321122e-01 2.136438714030476638e-01 2.339937449884165743e-01 2.160756512011186292e-01 1.855321942943352620e-01 2.067256597156597597e-01 2.347513110389980173e-01 2.448475651691752741e-01 2.989325780879070193e-01 2.930552815245575093e-01 2.775411661918757433e-01 1.848034069316883687e-01 2.873670314149398552e-01 2.007925952587114593e-01 1.722608566089710858e-01 3.025288286299476423e-03 1.971320656649552111e-02
1.000000000000000000e+00 9.902560396038328605e+00 2.689005943336091331e-01 2.386395840293386028e-01 2.478559928622959263e-01 2.336566438273660895e-01 2.340247054681401928e-01 2.058808312475014779e-01 2.284781974459743348e-01 2.084859414660906185e-01 1.853119194508851819e-01 2.132045339177870702e-01 2.342790427104871065e-01 2.418321693849529164e-01 3.115196085631632417e-01 2.746367446609380703e-01 2.770277750188152588e-01 1.778264362640364638e-01 2.957877534204565451e-01 1.985278282532724203e-01 1.700774605778932469e-01 2.928929701976314137e-03 1.988478618971994613e-02
1.000000000000000000e+00 9.823468396325408136e+00 2.601354394843781725e-01 2.356522575373861117e-01 2.586879081154562776e-01 2.237586131290467406e-01 2.419676026948546221e-01 2.066012958566379731e-01 2.203320602728533473e-01 2.017668774759937556e-01 1.767823508794194309e-01 2.209036144706535143e-01 2.318785760991620981e-01 2.359466655751233377e-01 3.040838514903878576e-01 2.851483153696389161e-01 2.845175727350164330e-01 1.868996324737751680e-01 2.784435063606773286e-01 2.019467243499976639e-01 1.679886594357910268e-01 2.864134277237603485e-03 1.992983790838499455e-02
1.000000000000000000e+00 1.186228096790237529e+01 2.618370780422361044e-01 2.355077871648655619e-01 2.655076183006080948e-01 2.279801059722414147e-01 2.310130001169973801e-01 2.135544575701049941e-01 2.285597293217858927e-01 1.999818169725414985e-01 1.765928235174079319e-01 2.278726639181874458e-01 2.391058223668897365e-01 2.318292517298088939e-01 3.073502726574473543e-01 2.832129162997333860e-01 2.886255340328308661e-01 1.721021788644666595e-01 2.870294957624108245e-01 2.042795410435528369e-01 1.714910763850191477e-01 2.987468672086978153e-03 2.103524763978626907e-02
1.000000000000000000e+00 1.077942513114023804e+01 2.621502696221225670e-01 2.413097565091074093e-01 2.562444988580206418e-01 2.271450195325035726e-01 2.385864420552503973e-01 2.179226915734528702e-01 2.372943194621195961e-01 1.935282427878114997e-01 1.676135739350504139e-01 2.327932587009663989e-01 2.235953914291994027e-01 2.310719391247720578e-01 3.103299356324199509e-01 2.809270248625577726e-01 2.922076765867029358e-01 1.826814004046309059e-01 2.916534949219294348e-01 2.021601911099151772e-01 1.694640858432978348e-01 2.900962239792055988e-03 1.955687410854106689e-02
1.000000000000000000e+00 1.165974673909077097e+01 2.658494582151011421e-01 2.452699224732445560e-01 2.448812945134594132e-01 2.355515561764262022e-01 2.315021866122627947e-01 2.225293286648619695e-01 2.417729585385357816e-01 2.018264213447117372e-01 1.575984320453057419e-01 2.459944081043783648e-01 2.261642473500580508e-01 2.319315974916165146e-01 3.273809256273831347e-01 2.917589244361416534e-01 2.885596766969634741e-01 1.963033162640096807e-01 2.871938709839713111e-01 1.989483989203755521e-01 1.714128866925769268e-01 2.930588040539274224e-03 2.083868037287178385e-02
1.000000000000000000e+00 8.572586273037527960e+00 2.659487733790902309e-01 2.457236456125143353e-01 2.523185929392096072e-01 2.434312643628479544e-01 2.207941046284091768e-01 2.302546589557338819e-01 2.378478105160113931e-01 2.051511594034833019e-01 1.615882426506704828e-01 2.380447282971264455e-01 2.207526978279186203e-01 2.368278714656072426e-01 3.285404173702044517e-01 2.817744497766708767e-01 2.814689546056777236e-01 2.048028162184670486e-01 2.808738168454001372e-01 2.066752688384063119e-01 1.719975021347772970e-01 2.889411481999638268e-03 2.208747071507300916e-02
1.000000000000000000e+00 9.768437662550031320e+00 2.692018001965373331e-01 2.334173743042564086e-01 2.629390304043457971e-01 2.375926910412907711e-01 2.271295549596057117e-01 2.309597321670531500e-01 2.390055563205653322e-01 2.003625636665194998e-01 1.661872604606297599e-01 2.374332307055984359e-01 2.216829051721854460e-01 2.389074411875661275e-01 3.304235255168421759e-01 2.705265728746337750e-01 2.946802516669860816e-01 2.074942638459078836e-01 2.773346742599870351e-01 1.998353014379582182e-01 1.722704494983063883e-01 2.957635062093608158e-03 2.235882522085202648e-02
1.000000000000000000e+00 8.273844629384502269e+00 2.662878742394357845e-01 2.415924130074420528e-01 2.554823225175017476e-01 2.504072341111204247e-01 2.242401147541206452e-01 2.230371650684840612e-01 2.361978956464040325e-01 1.971718306993529568e-01 1.620943824978073877e-01 2.391074083237120507e-01 2.329665595200902939e-01 2.212853756303551356e-01 3.267357428714796619e-01 2.932096300229323216e-01 2.813300983950045575e-01 2.096380331802099872e-01 2.802033965884798694e-01 1.950767846617293688e-01 1.727690697361546346e-01 2.928352441640705295e-03 2.106581076518417028e-02
1.000000000000000000e+00 9.203722217573709230e+00 2.694283394209761040e-01 2.402966116931778973e-01 2.586486378631013272e-01 2.387786207266243965e-01 2.189216131977598234e-01 2.295485395763900149e-01 2.366029937797916871e-01 1.956197207785937142e-01 1.581851479256246307e-01 2.374932285305644541e-01 2.339757775875944412e-01 2.173598822707885903e-01 3.243797141143995311e-01 2.751525387186705696e-01 2.776288601958779023e-01 2.180666682133788059e-01 2.764807570850264518e-01 1.834959695364899168e-01 1.717232195996072075e-01 2.966590459303841774e-03 2.118336676471564359e-02
1.000000000000000000e+00 1.086761578119801364e+01 2.702660253587461092e-01 2.549530930531138107e-01 2.578785475273840389e-01 2.349526938422396294e-01 2.225556864542478919e-01 2.440600835724353879e-01 2.428846227603612407e-01 1.883692142419363946e-01 1.780585886659695749e-01 2.356415849938303386e-01 2.472462634613218357e-01 2.067687573518219857e-01 3.282171715804153567e-01 2.762747227034164643e-01 2.886435746430703331e-01 2.117168409011087327e-01 2.804959606449454190e-01 1.986060435365636923e-01 1.740815365998987507e-01 3.107614585153912600e-03 2.120344339804803094e-02
1.000000000000000000e+00 1.005746809313857604e+01 2.625223111550120114e-01 2.446834839159553743e-01 2.555324561999751665e-01 2.294997512493660019e-01 2.255913058707506580e-01 2.420857764943942780e-01 2.375566083157310548e-01 1.866871315110133489e-01 1.672118702537561119e-01 2.383079444184782458e-01 2.391350981061830250e-01 2.115836301333067770e-01 3.315167229064407972e-01 2.702374619633270969e-01 2.891872103436212149e-01 2.091735184741286557e-01 2.771226679859324915e-01 1.945417213764825126e-01 1.715054712751578614e-01 3.113856194999004706e-03 2.171631655005965347e-02
1.000000000000000000e+00 8.731636202809685443e+00 2.593806586284045923e-01 2.642884502988931406e-01 2.539409283624365909e-01 2.220776372586213687e-01 2.288563451401245952e-01 2.323318166721325406e-01 2.397380517055006655e-01 1.850277640821236802e-01 1.664562914486617806e-01 2.349922284160628205e-01 2.304755651866860766e-01 2.096924755925773654e-01 3.420934847162667714e-01 2.760466407688548229e-01 2.945535652544145622e-01 2.062178213357268586e-01 2.881022623345321776e-01 2.052970132528474934e-01 1.705761070353080111e-01 3.264297807302126830e-03 2.223317597456247324e-02
1.000000000000000000e+00 8.557658609128939275e+00 2.617099831754283179e-01 2.651778425799141137e-01 2.680548058235381892e-01 2.282438510592803838e-01 2.250051693799638985e-01 2.273455351655145618e-01 2.482382059741667646e-01 2.032744738397389284e-01 1.717594192923108942e-01 2.328705496731823810e-01 2.399210430301919050e-01 2.146829486579963364e-01 3.384164206799927799e-01 2.761114556724917901e-01 2.881467962646990788e-01 2.204493198313973723e-01 2.917490883426901438e-01 2.143804051979801839e-01 1.740862670121433309e-01 3.451014187809417402e-03 2.178002184488932180e-02
1.000000000000000000e+00 8.870366777425912730e+00 2.594048535514337228e-01 2.657073089878981276e-01 2.717500250518578575e-01 2.374388917366351548e-01 2.308680234105161266e-01 2.173977174707137638e-01 2.507195413552716357e-01 2.048062495341938516e-01 1.706214925183427988e-01 2.368073794163913226e-01 2.537227463634834090e-01 2.178742865064323408e-01 3.215048027573829126e-01 2.835998354105734309e-01 2.906438718197562054e-01 2.143140132063463543e-01 2.930064724185716951e-01 2.161448939412421166e-01 1.758472789974043493e-01 3.606573164620575922e-03 2.209746138108767063e-02
1.000000000000000000e+00 7.905783390103967356e+00 2.581144641484324764e-01 2.551619336868173327e-01 2.580926922223375497e-01 2.359764325740213442e-01 2.344235507000932139e-01 2.172018080273009077e-01 2.459957141924896395e-01 2.047241882940760704e-01 1.737513421365217137e-01 2.257925735489791919e-01 2.705970024917274119e-01 2.137004478092348059e-01 3.147160184284243933e-01 2.795929884668711951e-01 2.883534463362869005e-01 2.172166400540266606e-01 2.799979817303628882e-01 2.226755145711369066e-01 1.723723999036040067e-01 3.666580258907999219e-03 2.193950820210313624e-02
1.000000000000000000e+00 1.007390776159799195e+01 2.622503879473002120e-01 2.589971520967714880e-01 2.434116523522883713e-01 2.371233083113943041e-01 2.348570634209873054e-01 2.190228178689081762e-01 2.363318426417782558e-01 1.955515538105868090e-01 1.779524013206998934e-01 2.263904857143283211e-01 2.575201955497746775e-01 2.196432037000766169e-01 3.156286225454804084e-01 2.704420476741863366e-01 2.877072897290634534e-01 2.294832619565387866e-01 2.604550211121187120e-01 2.277064127850661479e-01 1.719779385172642006e-01 3.719251902100516923e-03 2.200150904382517508e-02
1.000000000000000000e+00 1.130802862545896659e+01 2.562958728938598552e-01 2.638246810568296019e-01 2.462164781117749390e-01 2.262844894304711363e-01 2.386173767289017644e-01 2.212404559841860963e-01 2.246768991867871823e-01 1.829805494430210566e-01 1.719160762277394672e-01 2.258456098627644737e-01 2.671441857980144663e-01 2.027959822601441697e-01 3.241636557709029476e-01 2.660247512434932293e-01 2.858281453300050567e-01 2.354582047111608845e-01 2.575308738887420734e-01 2.205999194359877236e-01 1.701898130684824373e-01 3.556127153446840376e-03 2.184163064848309091e-02
1.000000000000000000e+00 1.181524945885100131e+01 2.466250581597111691e-01 2.664639809903645573e-01 2.542721034347549258e-01 2.391348285418585240e-01 2.458212708141868930e-01 2.244637744349557151e-01 2.206519759003021386e-01 1.990350393402659235e-01 1.701297292632361902e-01 2.237394946889980640e-01 2.457613157000103077e-01 2.030897216979988817e-01 3.409116754930487936e-01 2.694238502602892549e-01 2.790711067500565301e-01 2.287832323840048587e-01 2.550859814973268080e-01 2.429047473013814240e-01 1.736768923636647921e-01 3.462814032002246162e-03 2.281504057345909442e-02
1.000000000000000000e+00 9.846263750752315858e+00 2.539573875784821300e-01 2.616289946568151059e-01 2.483995018593365689e-01 2.281064923991100168e-01 2.402232633478095236e-01 2.404101229050897848e-01 2.246248155312950689e-01 2.006580755709510000e-01 1.802055587067999121e-01 2.243103438240652003e-01 2.463929750457068968e-01 1.956432225196828578e-01 3.355613614571206216e-01 2.875055439176913419e-01 2.766201455373962781e-01 2.234404875353669662e-01 2.525685793466571627e-01 2.439987193814759647e-01 1.714975540031172530e-01 3.359040407232031285e-03 2.362708037326153102e-02
1.000000000000000000e+00 7.508238657613385492e+00 2.619866270606114877e-01 2.494161742547163219e-01 2.507087875410340949e-01 2.391574424632692819e-01 2.369192610406321842e-01 2.471486551177975444e-01 2.186862989084828179e-01 2.046589434612379743e-01 1.767202763344754013e-01 2.227111444533139417e-01 2.440945129924022849e-01 2.145083757656309209e-01 3.381039267795545866e-01 2.931098064814931514e-01 2.767162599558561920e-01 2.210296768055027006e-01 2.498103354968759238e-01 2.517798209942057053e-01 1.711785399885769887e-01 3.215880104830393018e-03 2.352854250303961989e-02
1.000000000000000000e+00 7.086659372769877230e+00 2.656889995633441859e-01 2.519343951009854199e-01 2.457748126323362481e-01 2.370317405792613519e-01 2.323917080935211377e-01 2.439535034405171943e-01 2.135366506833595579e-01 2.084456352039693872e-01 1.720451080446138148e-01 2.378801121814264619e-01 2.387208357954471449e-01 2.180395749089040769e-01 3.369215489714244560e-01 2.778894211551506399e-01 2.856329125688217285e-01 2.272728239647291149e-01 2.623063470261872698e-01 2.455754008487246454e-01 1.730231031574505363e-01 3.146116375863877799e-03 2.456633189466871439e-02
1.000000000000000000e+00 1.006343420978204861e+01 2.748384196918522426e-01 2.530431473312125812e-01 2.361073810018572139e-01 2.406173400455726696e-01 2.257435170332499630e-01 2.315767468394430983e-01 2.146494704832066225e-01 2.142718070749834447e-01 1.895236487757265831e-01 2.359654821450550832e-01 2.346530025521612883e-01 2.132786775243856736e-01 3.406863678974255683e-01 2.860635511821573718e-01 2.820698562193098002e-01 2.345551166595881976e-01 2.717144877906698675e-01 2.496611702199545979e-01 1.747509646982436105e-01 3.246015188059665595e-03 2.337409430209305000e-02
1.000000000000000000e+00 6.229564827076381484e+00 2.770360577274758040e-01 2.588313014274152835e-01 2.244478182127580823e-01 2.457718479013804302e-01 2.396268102494450436e-01 2.349113994910601577e-01 2.204790716147008167e-01 2.098256003967922390e-01 1.844745861358389472e-01 2.300438589757207719e-01 2.509157659344611879e-01 2.147515574514344272e-01 3.518672532013398802e-01 2.875519912614014628e-01 2.690126341025441126e-01 2.314589998469650522e-01 2.802591351170476419e-01 2.361807461898414173e-01 1.748728899329407560e-01 3.264520859562914691e-03 2.289921570138501311e-02
1.000000000000000000e+00 1.012639199514480559e+01 2.626956341309745202e-01 2.728231444828692065e-01 2.251783027291217598e-01 2.368727219400426909e-01 2.457178593204592254e-01 2.262463124192052311e-01 2.233402962361199784e-01 1.895566860860352087e-01 1.685204871787855385e-01 2.328265057155680662e-01 2.504543240538493198e-01 2.033921632615578734e-01 3.570945950860821561e-01 2.848626564232163982e-01 2.737954508220752925e-01 2.207528626616510337e-01 2.808795633390478996e-01 2.481217312689976973e-01 1.696057691895040687e-01 3.432711046675488310e-03 2.255236922571889416e-02
1.000000000000000000e+00 1.348179612051731624e+01 2.544818555057640763e-01 2.779618111216367038e-01 2.236485406163044587e-01 2.429780376650275409e-01 2.542275049824088140e-01 2.282318556325158010e-01 2.384971000021542664e-01 1.923725074862954465e-01 1.809194488935765843e-01 2.341417471729420330e-01 2.490106683472015081e-01 1.996245252136290838e-01 3.386449541711599176e-01 2.873849681692958180e-01 2.578583013200412832e-01 2.371171390387566968e-01 2.776221671738903773e-01 2.514613000634396967e-01 1.727043633492482133e-01 3.569908840894130478e-03 2.272932627894616933e-02
1.000000000000000000e+00 1.338065094240244690e+01 2.641829421143708223e-01 2.787831804115259438e-01 2.110594570512078216e-01 2.501265372542059717e-01 2.575593452045503717e-01 2.314778586313318842e-01 2.276308360618639060e-01 1.889317588270851556e-01 1.924283681444344252e-01 2.363201764632159585e-01 2.591738314374542052e-01 1.962909128818410287e-01 3.380204549869634811e-01 2.974906901449552166e-01 2.554353413658611571e-01 2.458212167549985172e-01 2.692615688896496384e-01 2.637472133291493548e-01 1.769253787306732106e-01 3.557742638457843474e-03 2.345351459164169219e-02
1.000000000000000000e+00 1.811810021273927163e+01 2.549897378821400218e-01 2.883281827201631398e-01 2.099870897486449950e-01 2.494524551258123501e-01 2.548245674083107759e-01 2.155974744879170235e-01 2.322892731481664141e-01 1.920346584146817026e-01 1.918464589529564890e-01 2.368834127750568952e-01 2.680508081002512255e-01 1.956060598692571373e-01 3.373181864209204850e-01 2.974475467557883279e-01 2.600439614600202343e-01 2.390803752029313500e-01 2.638788557696035708e-01 2.640121467637375208e-01 1.740641603460434395e-01 3.514188933535909286e-03 2.354724942672125482e-02
1.000000000000000000e+00 1.841302159966930319e+01 2.584461377417035521e-01 2.813370869139184549e-01 2.151926745505387262e-01 2.391206140312005235e-01 2.540926045454217075e-01 2.257750385444600716e-01 2.267062022107263486e-01 1.926503937250091669e-01 1.859631694708615279e-01 2.396463307446570767e-01 2.509874209317081162e-01 1.957377413618408835e-01 3.205825989676332477e-01 2.955468904312915646e-01 2.591084298041556599e-01 2.493075355532297088e-01 2.612124237846093489e-01 2.629086674955649072e-01 1.752939395896552788e-01 3.725882513156888749e-03 2.382102317429381916e-02
1.000000000000000000e+00 1.981671454779881714e+01 2.593188134939121148e-01 2.844116703470463414e-01 2.170150064252156785e-01 2.345630174863709283e-01 2.618913613893594783e-01 2.244398681889676894e-01 2.248602396298164663e-01 1.931743744573311827e-01 1.858361298873850154e-01 2.393409688720621598e-01 2.444748487732772424e-01 1.998677321550065278e-01 3.401206374043778680e-01 2.638123462882681625e-01 2.580508732423537621e-01 2.668643184051584516e-01 2.720936480708556204e-01 2.670793234899053181e-01 1.719416709163572032e-01 3.714084409951543073e-03 2.358225610139704984e-02
1.000000000000000000e+00 1.866758644992167859e+01 2.518092127609499742e-01 2.849573742160607659e-01 2.129207011968944907e-01 2.326887920387214204e-01 2.638806618828791195e-01 2.192777533037638948e-01 2.181756450297239469e-01 2.001916147007302416e-01 1.870924555655215649e-01 2.382692020480111361e-01 2.326008429166641911e-01 1.937831826339214414e-01 3.466938605008632601e-01 2.420373296766327731e-01 2.570703590360972624e-01 2.709951401503401525e-01 2.622085461986237709e-01 2.677114510876339448e-01 1.721245336327645592e-01 3.873084005452650646e-03 2.447971222048276468e-02
1.000000000000000000e+00 2.007319310405383561e+01 2.522774458236164419e-01 2.879702586205556414e-01 2.107681290069874092e-01 2.344085250125859110e-01 2.677472781776064070e-01 2.142271621081816568e-01 2.125677989200204232e-01 2.003122237722432808e-01 1.964624671798807232e-01 2.397722150525881113e-01 2.260497432587497968e-01 2.066269298774165708e-01 3.524595610304968041e-01 2.347796114508548804e-01 2.433602258317029421e-01 2.757596015963929004e-01 2.555589353426265253e-01 2.743316110226139970e-01 1.687235793251878335e-01 4.006393542582226130e-03 2.413694908762284083e-02
1.000000000000000000e+00 2.051857020464771963e+01 2.590650296805531161e-01 2.968383721566172362e-01 2.058024396312304050e-01 2.319766166927741124e-01 2.620942922041523682e-01 2.218960246400472069e-01 1.946277366336365833e-01 1.963467531434720248e-01 1.978457998154887487e-01 2.374536366030738366e-01 2.196586606595363755e-01 2.055661549674471789e-01 3.495106244921353245e-01 2.321557316791438008e-01 2.459136584757102562e-01 2.649782770516782016e-01 2.514482870935731973e-01 2.563898813272267319e-01 1.696770009457932993e-01 4.084998667799262344e-03 2.514056551006468854e-02
1.000000000000000000e+00 2.097226809053096019e+01 2.566258330104244645e-01 2.920622549841438986e-01 2.122506940955579402e-01 2.323046858977813323e-01 2.580268369715759680e-01 2.219841798110063491e-01 1.895949872538195691e-01 1.934138994784290189e-01 1.898262061432857417e-01 2.424033217119598016e-01 2.229721397566403196e-01 2.126800434861349232e-01 3.614636364682483061e-01 2.350978550329580474e-01 2.651297230209698208e-01 2.652849780654957246e-01 2.488127751356094264e-01 2.442756145036030779e-01 1.674132679578911320e-01 4.098350848168350394e-03 2.591828988422448243e-02
1.000000000000000000e+00 2.079570911462592164e+01 2.608003970402873462e-01 2.968064525106788309e-01 2.186662108153648587e-01 2.397895786180867517e-01 2.562025609160631934e-01 2.169085527287928916e-01 1.832422525557414750e-01 2.065243877325751987e-01 1.960843942044390442e-01 2.369486356300447571e-01 2.151004765149304998e-01 2.171740182619585902e-01 3.755198901254220289e-01 2.351072063513029997e-01 2.656789047344681465e-01 2.491267011317950530e-01 2.470747525567988379e-01 2.398163082294907100e-01 1.717234344478981711e-01 4.165181081908565439e-03 2.538014239197382282e-02
1.000000000000000000e+00 2.100761228753092169e+01 2.482808224805251318e-01 2.825486540855078887e-01 2.242811866107166374e-01 2.416265813442394772e-01 2.451079592731910950e-01 2.147761345562464175e-01 1.757079869300404440e-01 2.066475858196404891e-01 1.913863057779024990e-01 2.335534138461518028e-01 2.095186943515350841e-01 2.144687605744631798e-01 3.579194586481505014e-01 2.304472687347497717e-01 2.674205278400426100e-01 2.569415059651725119e-01 2.575647614291874388e-01 2.406539026265146763e-01 1.672311557554542472e-01 4.219273158714905748e-03 2.475503302321982457e-02
1.000000000000000000e+00 2.316424327312735798e+01 2.436813687514642335e-01 2.791194708831173932e-01 2.294814879542470543e-01 2.429805992072681387e-01 2.407179778919406599e-01 2.143267471534191226e-01 1.704631275551664882e-01 2.151425375997780831e-01 1.874370239935322924e-01 2.310752958987268013e-01 2.156189400076411189e-01 2.239574897170720780e-01 3.604055721895206288e-01 2.348750240645276488e-01 2.716937759551990017e-01 2.460863228743800646e-01 2.446842351622013079e-01 2.548303516957157733e-01 1.659498631453719675e-01 4.109905652729440445e-03 2.467858189982443176e-02
1.000000000000000000e+00 2.264097983691667793e+01 2.435517612909821605e-01 2.726778366398007192e-01 2.379655921794707474e-01 2.425799709197854759e-01 2.500767434878232720e-01 2.261802148099895937e-01 1.908970229569994514e-01 2.054151810055703797e-01 1.873443545022285273e-01 2.315959625944816747e-01 2.175286427997668581e-01 2.314856447540620532e-01 3.611224519235146091e-01 2.310296276793847581e-01 2.716723050767327896e-01 2.579850794251782320e-01 2.550721133282511377e-01 2.499623759925574673e-01 1.726510499902428608e-01 3.921790187324030938e-03 2.421709061383759201e-02
1.000000000000000000e+00 2.627371488085373485e+01 2.567736003406962397e-01 2.783481987812441716e-01 2.328004898226191666e-01 2.422073813764484274e-01 2.493115091789296356e-01 2.335237080376588448e-01 1.834113767688189400e-01 2.035180542722424546e-01 1.784903478612235306e-01 2.164564639534583002e-01 2.267163944808037457e-01 2.318326219302648261e-01 3.685912658902660843e-01 2.369513175337474298e-01 2.710440791080718226e-01 2.667240961951014566e-01 2.520062640894200068e-01 2.351414546013146367e-01 1.728097210397790684e-01 4.109520497823967999e-03 2.504580287618595261e-02
1.000000000000000000e+00 2.155463177262295105e+01 2.633203763793323104e-01 2.673977263947101557e-01 2.342687720898228299e-01 2.434511975754541369e-01 2.423337054713113337e-01 2.306124814500833675e-01 1.778997173947199639e-01 2.046531687188568316e-01 1.817977351256236940e-01 2.157720893722473443e-01 2.206153210444640189e-01 2.226000766623882354e-01 3.702964674292710257e-01 2.402145115308806089e-01 2.643512161305684449e-01 2.645659332308364919e-01 2.428559133418473626e-01 2.228775593466804372e-01 1.686519067345742251e-01 4.076011145029644588e-03 2.403747906537762741e-02
1.000000000000000000e+00 1.647546524664644352e+01 2.509564363577673207e-01 2.614980982103777274e-01 2.311466568575179514e-01 2.499045710612275428e-01 2.447495577173706971e-01 2.320475991840260377e-01 1.896266123605721277e-01 1.959336224095837575e-01 1.783164164181402778e-01 2.158730087349490512e-01 2.165631217303382039e-01 2.217733098485582810e-01 3.611750144309618382e-01 2.486062420855404964e-01 2.576385157399069259e-01 2.614610704934605678e-01 2.510532796510790421e-01 2.235001039144168533e-01 1.681226483706355912e-01 3.896686246778748378e-03 2.305973718890283811e-02
1.000000000000000000e+00 1.406462336255956025e+01 2.448833083294522650e-01 2.645656539232226212e-01 2.392938500027649573e-01 2.558460332002194804e-01 2.319876915512482096e-01 2.276794967891789534e-01 1.901311471236393491e-01 1.905256029587009403e-01 1.870627243940169437e-01 2.065441688995745817e-01 2.294982077233177209e-01 2.125731999792502824e-01 3.645260091894726440e-01 2.481309649988202581e-01 2.654863277358199825e-01 2.500397786286913671e-01 2.492648794283508218e-01 2.153133731507399784e-01 1.677640418558218605e-01 3.982632665837025979e-03 2.268538377553722812e-02
1.000000000000000000e+00 1.308997933922548640e+01 2.471297351674960063e-01 2.757258157708822321e-01 2.411457396352898741e-01 2.582847058109600247e-01 2.185139972274841302e-01 2.206349702844381255e-01 1.909751432718485020e-01 1.917324303302749555e-01 1.903790638905917265e-01 2.022296991009230882e-01 2.326014187605795203e-01 2.105838442597952331e-01 3.568173741008160427e-01 2.585995258593905555e-01 2.809333364494901453e-01 2.389441158007072907e-01 2.581642773182065698e-01 2.112744894864519718e-01 1.674446718464003281e-01 3.899137928164192642e-03 2.257000988877959705e-02
1.000000000000000000e+00 1.624165693836995672e+01 2.502703843457693700e-01 2.728439065503489025e-01 2.521556654796036079e-01 2.483380512141096508e-01 2.044372753915060237e-01 2.105127692355312219e-01 1.920170726889833812e-01 1.928763752564923994e-01 1.923302394988374020e-01 2.077053553416886578e-01 2.378351816260052543e-01 2.094634548068644575e-01 3.450365761417424904e-01 2.506308554073253814e-01 2.744563523099302627e-01 2.264905993393753481e-01 2.712467048510977530e-01 2.117019290573665946e-01 1.678799765001526834e-01 3.907610270706651269e-03 2.330192035603542364e-02
1.000000000000000000e+00 1.381041475416395770e+01 2.439616479326967291e-01 2.569115560612814098e-01 2.606394582912386904e-01 2.434842531638947705e-01 2.156182888143585163e-01 2.214556944861184040e-01 1.892718290914172374e-01 1.919087124852077164e-01 1.954893271976710367e-01 1.913375226922277017e-01 2.385327886369769113e-01 1.983245733314839832e-01 3.376078432367559112e-01 2.408410655438506520e-01 2.717969551249748705e-01 2.445694782220849406e-01 2.590365246859060444e-01 2.213424810024937350e-01 1.650369481791423565e-01 4.008851384825187249e-03 2.396251167000952934e-02
1.000000000000000000e+00 1.502380017442524363e+01 2.493039739483084716e-01 2.633441869748047726e-01 2.534079579049916542e-01 2.442067134415668583e-01 2.204203488862700178e-01 2.134429520498133392e-01 1.853415688866801581e-01 2.031399587303258092e-01 1.847582443501187277e-01 1.976257790722954488e-01 2.390950151006120128e-01 2.015220310207757326e-01 3.330951060267127728e-01 2.489501784864720513e-01 2.596649915083301119e-01 2.508177309592123372e-01 2.497026624059305311e-01 2.266837713192368930e-01 1.674020912838230513e-01 3.929163770513370395e-03 2.393424246463354485e-02
1.000000000000000000e+00 1.511708899839477027e+01 2.510334389738653749e-01 2.632234761227439934e-01 2.447101425113158979e-01 2.387432014055792251e-01 2.237650105409939028e-01 2.084321018231088674e-01 1.906540016930758641e-01 1.905521971856031227e-01 1.883402588927772792e-01 1.982661719149181878e-01 2.372345779058599169e-01 2.014647865518623404e-01 3.305386135072360676e-01 2.308592893470182705e-01 2.570794793459145189e-01 2.602602646272784148e-01 2.600210364232165561e-01 2.125771742942955955e-01 1.640222410797724517e-01 3.881930581894623214e-03 2.494199293377069582e-02
1.000000000000000000e+00 1.248439549883937971e+01 2.497057823357262674e-01 2.594932802737048294e-01 2.369836981718832225e-01 2.424757460845573809e-01 2.131462257897325241e-01 2.217595142850470602e-01 1.891292881527792957e-01 1.929786417429037448e-01 1.919794943927919384e-01 1.910861505299339402e-01 2.195903011557654994e-01 2.201021896991290638e-01 3.419527013220299283e-01 2.305994640719637168e-01 2.483199706982118227e-01 2.666367311617816593e-01 2.691920932995098825e-01 2.080952433353953079e-01 1.644771984851487734e-01 4.014993782081163406e-03 2.358492825519045363e-02
1.000000000000000000e+00 1.241906472897446534e+01 2.454684814688099792e-01 2.531576811596332743e-01 2.561183958557100571e-01 2.350872506603045586e-01 2.102580633414719569e-01 2.163840617607176442e-01 1.949621884905685942e-01 2.062778092733802970e-01 1.846451591769872891e-01 1.979380100300365541e-01 2.179103311037874913e-01 2.172256484106675489e-01 3.498754136058424002e-01 2.450948670560754439e-01 2.493752803418391173e-01 2.632285273433682682e-01 2.591771039715907721e-01 2.029843763285370528e-01 1.638232555702334170e-01 4.121793478083350150e-03 2.189447912449689337e-02
1.000000000000000000e+00 1.088759719879058530e+01 2.475967855703624376e-01 2.486562701763070649e-01 2.699915680282202191e-01 2.308866619747738103e-01 2.203082363739913840e-01 2.286651505059243417e-01 1.875511697704326519e-01 2.040069704889817259e-01 1.862449002785870333e-01 2.067792047208326933e-01 2.224011790413637224e-01 2.264576451216288866e-01 3.391428258545845509e-01 2.532633864820870162e-01 2.459459147968300063e-01 2.559090058362801789e-01 2.450699046916194890e-01 2.038756345078828747e-01 1.657688914728675800e-01 4.042086652599767051e-03 2.122788797423064491e-02
1.000000000000000000e+00 1.084813869769210726e+01 2.543172994525708108e-01 2.644137043385753616e-01 2.659503171072075123e-01 2.283688657680000011e-01 2.092941501351932576e-01 2.296620292580006106e-01 2.037780989519382413e-01 2.049507752723491449e-01 1.774607142758119482e-01 2.015645372340853503e-01 2.229196893636080923e-01 2.374199488902865862e-01 3.237623646702091351e-01 2.636281701664226484e-01 2.348435485704737646e-01 2.652187386733217966e-01 2.366085028025007309e-01 1.965868331139207503e-01 1.668963130070206247e-01 4.118193315523434664e-03 2.021259171697674037e-02
1.000000000000000000e+00 1.166647668095467338e+01 2.538566861415526565e-01 2.638475539287169491e-01 2.595114306365798318e-01 2.361561544567684912e-01 1.994394895574302939e-01 2.345785199549624278e-01 2.130921254488602756e-01 2.145646036839450044e-01 1.759036907826815044e-01 2.001512000026295368e-01 2.273167998679281043e-01 2.568537754054804334e-01 3.286882123013706858e-01 2.548318739198547900e-01 2.453053588582646549e-01 2.628571860624630552e-01 2.423172540925155050e-01 1.968010604561620247e-01 1.684684924546150930e-01 4.367436216417228470e-03 2.084740633800633708e-02
1.000000000000000000e+00 1.233738681196326148e+01 2.543304690320531969e-01 2.654463797002783454e-01 2.408019562360950439e-01 2.308936342956502685e-01 2.015637364875513537e-01 2.287082407137533135e-01 2.163150878674295341e-01 2.231095153949148313e-01 1.709527750612856722e-01 2.011751856524102988e-01 2.176307194524017274e-01 2.555094127048052610e-01 3.172501053236839175e-01 2.570635193544654751e-01 2.409520772468525529e-01 2.640697805099826989e-01 2.420183657807653543e-01 1.996936460044271833e-01 1.663984845899707521e-01 4.314401646484350254e-03 2.207496188250715474e-02
1.000000000000000000e+00 1.289005743106277357e+01 2.563647605437535670e-01 2.647573001926590841e-01 2.423166394050610961e-01 2.335121840884048505e-01 2.054328869961083714e-01 2.177396077866186330e-01 2.099845907306930604e-01 2.284739177539671928e-01 1.769328835658434129e-01 1.915726130901978519e-01 2.109638860797758697e-01 2.629806134215137980e-01 3.094477240485790648e-01 2.433323857753418584e-01 2.460450548496254108e-01 2.586181979378781026e-01 2.452898150419035861e-01 2.051644149011698504e-01 1.675788597488996889e-01 4.257603163243675951e-03 2.325490056609962400e-02
1.000000000000000000e+00 1.469920470884854424e+01 2.563039860720431884e-01 2.674640697865010575e-01 2.406603298452199002e-01 2.293483040468599354e-01 2.111456905735954737e-01 2.078621052632221022e-01 2.128943244090646114e-01 2.365386537587162441e-01 1.663287812239489238e-01 1.922704507876875357e-01 2.204757172497764928e-01 2.626729597048760301e-01 3.098159463319328233e-01 2.530830476755576153e-01 2.531815601864397802e-01 2.554406757867599964e-01 2.556438315740527378e-01 1.893945040413302083e-01 1.670411929984191579e-01 4.116887227423269083e-03 2.263479102937882015e-02
1.000000000000000000e+00 1.520142547973864566e+01 2.439935190625253936e-01 2.685064614834984931e-01 2.521490125351213418e-01 2.283282564892899491e-01 2.176326985133318070e-01 1.906500880309598966e-01 2.099282960886525440e-01 2.320658368167355656e-01 1.774266495267541321e-01 1.962395308267501637e-01 2.199255624878126147e-01 2.449574466227308900e-01 3.019783601739749468e-01 2.559861760777302209e-01 2.514972804854164190e-01 2.507146208701349632e-01 2.632929189970774631e-01 1.809178926657732389e-01 1.629401497788712239e-01 4.264241915830868819e-03 2.111553631071199505e-02
1.000000000000000000e+00 1.320749318115703907e+01 2.232882794303333029e-01 2.765211871558700407e-01 2.568561838443133571e-01 2.390678340303815652e-01 2.292425540408310758e-01 1.936352073861161982e-01 1.909433800586594066e-01 2.368991668488308333e-01 1.863983455033715320e-01 1.878292537918958560e-01 2.269568985991337606e-01 2.398199269778803211e-01 2.969122974201404142e-01 2.819871468369464229e-01 2.488650027460358738e-01 2.306156016589649138e-01 2.641962238759117954e-01 1.883646603303545386e-01 1.641190096799011455e-01 4.082317359412159993e-03 2.077813977946587135e-02
