1.000000000000000000e+00 2.543150795548554868e+02 2.534849016846433267e-01 3.029934209027599912e-01 2.321208579954432694e-01 2.513360000198048838e-01 2.302270770983817494e-01 2.034997051390260159e-01 2.850689977185260626e-01 1.716810123873382110e-01 2.016772835647383522e-01 2.382059247793309187e-01 2.387712349335628648e-01 2.303319174074890119e-01 3.202805996748168127e-01 3.451750658507223291e-01 2.624562550854764309e-01 2.356009445966303073e-01 2.805784543351443894e-01 2.268550773513218766e-01 1.766627972938346058e-01 2.819986581362128163e-03 1.305855253951637880e-02
1.000000000000000000e+00 1.352333920954809230e+02 2.440525338910854991e-01 2.352639186933962179e-01 2.405279984224069356e-01 2.238271817591284962e-01 2.277469123812627394e-01 2.037055780953362649e-01 2.213255061921507727e-01 2.221596336244419934e-01 1.832366773874928578e-01 1.680973576954244431e-01 2.490029376691840213e-01 2.571564272700411768e-01 2.781635956578430990e-01 2.687066918402938320e-01 2.466911045134317915e-01 2.348955772777375217e-01 2.450655695743390594e-01 2.540656772753231984e-01 1.596903138694523716e-01 3.502323565569510390e-03 2.476840583214205693e-02
1.000000000000000000e+00 3.152292528133499516e+01 2.536832437713050781e-01 2.380859562558312326e-01 2.319521088908051143e-01 2.254452753611290994e-01 2.305867487541379823e-01 2.058617795953105178e-01 2.359777821266902664e-01 2.251613373044719646e-01 1.839844661342906473e-01 1.662293998665672345e-01 2.429132883149148214e-01 2.601483346457113544e-01 2.769972498543368244e-01 2.700737287772435602e-01 2.368367180636153091e-01 2.452925156002823126e-01 2.280662033398933586e-01 2.670431464132124733e-01 1.674111544222365300e-01 3.391380889861325514e-03 2.450819565033068165e-02
1.000000000000000000e+00 3.153834721436777855e+01 2.626988432101017290e-01 2.414931324857845230e-01 2.413826400921648130e-01 2.163983264042380894e-01 2.206726913131823453e-01 2.316891464602948703e-01 2.325940233180752437e-01 2.277728176195925325e-01 1.815184620709821284e-01 1.553656334151764518e-01 2.246918089725538636e-01 2.716082676139504049e-01 2.841610721904178627e-01 2.684603551300300817e-01 2.429340808194720425e-01 2.429635892342379144e-01 2.263435314020172395e-01 2.498111942037060940e-01 1.673081964261327881e-01 3.455148036677217586e-03 2.491719940181828102e-02
1.000000000000000000e+00 3.219692693581145448e+01 2.711753053490442711e-01 2.484485929966589457e-01 2.376735559447625823e-01 2.249725603177169797e-01 2.138989068603325827e-01 2.273822753382774009e-01 2.326280162825387077e-01 2.217361821623583251e-01 1.907784904878151999e-01 1.583047966665952488e-01 2.121701771724747165e-01 2.696458366349565039e-01 2.768150415716488233e-01 2.827231799995794659e-01 2.502476035072684346e-01 2.303884869834417759e-01 2.242685985541442995e-01 2.448611728494159978e-01 1.655559196789385679e-01 3.559382127147391398e-03 2.474505980393883545e-02
1.000000000000000000e+00 3.087216330776396589e+01 2.652268793098521149e-01 2.343101713348544612e-01 2.277664232343417916e-01 2.178660564419869494e-01 2.179130958885515668e-01 2.257614801162486640e-01 2.209030044878728949e-01 2.327061465962495246e-01 1.868899237499830890e-01 1.587447198608543664e-01 2.106417096793236909e-01 2.590619873492363556e-01 2.789113524864904603e-01 2.743421663512850550e-01 2.459335153282416475e-01 2.426001442105086003e-01 2.237287738673020832e-01 2.419196848785932219e-01 1.633248155071168883e-01 3.473668693031202806e-03 2.491234404816283082e-02
1.000000000000000000e+00 1.494245481532497166e+01 2.789592154011714675e-01 2.162599503591853267e-01 2.413394132471854137e-01 2.076440683275612153e-01 2.207436694898177454e-01 2.216163627379090784e-01 2.148914266237006709e-01 2.283527504814648057e-01 1.785761267653469264e-01 1.662278863017097319e-01 2.102107816286001574e-01 2.599660376094852232e-01 2.761772043915518005e-01 2.924878274829928460e-01 2.484164484259863970e-01 2.334874145115630184e-01 2.351008894635174817e-01 2.346540348762617967e-01 1.630968020523113904e-01 3.381108321007165584e-03 2.531685728133766314e-02
1.000000000000000000e+00 1.678710127259747509e+01 2.728649483920011498e-01 2.246414312664764545e-01 2.392248269244722503e-01 2.122600213586345042e-01 2.208664355527613088e-01 2.253890467013220655e-01 2.119901364108957575e-01 2.267329555279031239e-01 1.836619939804768342e-01 1.698184518268707477e-01 2.030118769687426494e-01 2.724110916543462935e-01 2.816826000196547275e-01 2.840067194595504718e-01 2.572654152158985186e-01 2.337851697337118007e-01 2.402006056854453786e-01 2.274455189345243322e-01 1.627005260423416422e-01 3.382411295681108602e-03 2.483531993845965874e-02
1.000000000000000000e+00 1.326896868933034668e+01 2.736420601047044876e-01 2.357690269467123401e-01 2.256130248326307652e-01 2.162065533736143019e-01 2.282564547955839573e-01 2.128681621270905322e-01 2.077027990641348576e-01 2.337299804395006897e-01 1.740884938815834837e-01 1.745269746595023153e-01 2.099351641434479276e-01 2.746034884124389230e-01 2.757831397760451830e-01 2.919421031409569767e-01 2.547169887655412190e-01 2.361938063236970475e-01 2.483374704539800526e-01 2.272324112090878256e-01 1.638107406423009171e-01 3.173840455134032280e-03 2.408279676602581576e-02
1.000000000000000000e+00 1.093588957471631140e+01 2.679509101651660341e-01 2.349408755551379291e-01 2.367237116944030939e-01 2.179633847264061675e-01 2.360114078928634840e-01 2.146623948281289884e-01 2.099466361116472390e-01 2.275266990981779092e-01 1.736869874541967784e-01 1.865081386695621457e-01 2.142900770826508539e-01 2.643354400223456580e-01 2.795469663701322105e-01 2.908100935253190578e-01 2.446349096499561560e-01 2.450233662964157733e-01 2.506671601717765929e-01 2.267070714701562573e-01 1.660196190598894062e-01 3.095871353963531268e-03 2.514702131372313632e-02
1.000000000000000000e+00 1.047067157362861956e+01 2.609475301635791888e-01 2.268051884900189052e-01 2.502618999698946745e-01 2.321575098669413084e-01 2.360286209530930712e-01 2.061070360815632219e-01 2.012456708020442520e-01 2.220120944045979594e-01 1.808987461209413117e-01 1.855557681583143714e-01 2.080808740514249466e-01 2.607274407506482983e-01 2.794478265744477774e-01 2.856121394118705803e-01 2.369793499847773766e-01 2.370621505354791880e-01 2.421618281440866272e-01 2.305706211719385501e-01 1.655179529434628871e-01 2.943886206157756390e-03 2.480948263298563689e-02
1.000000000000000000e+00 8.825246556081033589e+00 2.639226234142773020e-01 2.399765494638120278e-01 2.340412382623767718e-01 2.381313578243559881e-01 2.304374906583219751e-01 2.147812720135780507e-01 1.989557207152143625e-01 2.095428296256768297e-01 1.751445472497437650e-01 1.920500345557575039e-01 2.003508007318726969e-01 2.559266133347581351e-01 2.881872005726751063e-01 2.774183926673000067e-01 2.396043252595373707e-01 2.623105187248734316e-01 2.444848216944363883e-01 2.252772739201644725e-01 1.656887763533217151e-01 2.893905819132844455e-03 2.472973206861603379e-02
1.000000000000000000e+00 8.890559635754517132e+00 2.665901310756801368e-01 2.453312496196056181e-01 2.390672093081109284e-01 2.364716293679928749e-01 2.343356782261456772e-01 2.150311932300975892e-01 2.149559880927650046e-01 2.156689181805586109e-01 1.797807647679378340e-01 2.010239268343965990e-01 2.091462387876618367e-01 2.714476611665200267e-01 2.978731902376282603e-01 2.718703205018768720e-01 2.455919624216833519e-01 2.495104970972158442e-01 2.519693123891904030e-01 2.199782792201550874e-01 1.702039032040384148e-01 2.920761919157367856e-03 2.493208649590375470e-02
1.000000000000000000e+00 9.281326463913277536e+00 2.640480421966217572e-01 2.433270960780182790e-01 2.405657857576887493e-01 2.474957649351010314e-01 2.261955839485838005e-01 2.149058687333486040e-01 2.022793163995158794e-01 2.169228156398033680e-01 1.739104200737102979e-01 1.963165014606864378e-01 2.115822476714407374e-01 2.756340943524503428e-01 2.895974387383282722e-01 2.778786154158091604e-01 2.573183560305045137e-01 2.491432613609885494e-01 2.619630034456526535e-01 2.163623007769922002e-01 1.677183075423871739e-01 2.914531102844135704e-03 2.596303262708607104e-02
1.000000000000000000e+00 8.453521110513499082e+00 2.723465435920852662e-01 2.415988356155838457e-01 2.456846250835298395e-01 2.395854940606265138e-01 2.287518935455511437e-01 2.255361061561293734e-01 2.123397084924935063e-01 2.172484399673602351e-01 1.670763129489631349e-01 1.974166524740184336e-01 2.090409156768682775e-01 2.722122462305988644e-01 2.874611527934409216e-01 2.793659273650070940e-01 2.694365891285208647e-01 2.493512971118887478e-01 2.726802607214610097e-01 2.046589943661799305e-01 1.700898964247572476e-01 2.961860853611912245e-03 2.662619283684318147e-02
1.000000000000000000e+00 7.078606725337391659e+00 2.710658203958686285e-01 2.344996147196875269e-01 2.437757969776976341e-01 2.367292784984285636e-01 2.322411409498145174e-01 2.131106257134401105e-01 2.042734154013714221e-01 2.159618047706224064e-01 1.670966415558488294e-01 1.977100341935360273e-01 2.111108241506019501e-01 2.675110702723958456e-01 2.875215550164212930e-01 2.868166455268886805e-01 2.613713216685593088e-01 2.366720919196381168e-01 2.674053491003419714e-01 2.054783126619046385e-01 1.682656479478058797e-01 2.826208318741588003e-03 2.744278952019912898e-02
1.000000000000000000e+00 8.520630838244224847e+00 2.583557530739135077e-01 2.301903909948173343e-01 2.485387875188716511e-01 2.416439934073789375e-01 2.407845515182834017e-01 2.124498041940061088e-01 2.063315078008273462e-01 2.175339591589918464e-01 1.693562539791794996e-01 2.071215964714424596e-01 2.223332017230060520e-01 2.663809412615393835e-01 2.825402151831106212e-01 3.109892680199582427e-01 2.632265021742650757e-01 2.415742097973949953e-01 2.714528472669724968e-01 2.098949124575293645e-01 1.673830834589356831e-01 2.893608054960128233e-03 2.775504918157567502e-02
1.000000000000000000e+00 8.360481975723194736e+00 2.596971173762356866e-01 2.425562410633639310e-01 2.579235365064300178e-01 2.367754968393300796e-01 2.463804513986437017e-01 2.248428206667115459e-01 2.018625075733050389e-01 2.211536892914381380e-01 1.647258282376254934e-01 1.962710348791057713e-01 2.396443719994725829e-01 2.645075016843909110e-01 2.919652105577900114e-01 3.140553402654643333e-01 2.497134714167158487e-01 2.492421547132083193e-01 2.734047045771130779e-01 2.061453868876313156e-01 1.713912450038010682e-01 2.923255177289803101e-03 2.832245196126102760e-02
1.000000000000000000e+00 9.851958410463076632e+00 2.676043166971088794e-01 2.484093259934847808e-01 2.606563627567279329e-01 2.255783401733803262e-01 2.449775325617329913e-01 2.278694095601951630e-01 2.059384634304664008e-01 2.185444380719369362e-01 1.587764235044061556e-01 1.902856891027413788e-01 2.553153473733027479e-01 2.596837427288674061e-01 2.944931407261127676e-01 3.158439203389676320e-01 2.516917391522342506e-01 2.414537037830177257e-01 2.691539387077075407e-01 1.963861160732058853e-01 1.740007303210760192e-01 3.033640797794365934e-03 2.884257079073400745e-02
1.000000000000000000e+00 1.107855464477151308e+01 2.553294404118184313e-01 2.567007521686990312e-01 2.651567287824025398e-01 2.186515974611110691e-01 2.415568156271954148e-01 2.386127957110253106e-01 1.977420955088048105e-01 2.290348314935667651e-01 1.578144589048315338e-01 1.898378201276885446e-01 2.542017493853521160e-01 2.537736082951221328e-01 2.858745076959025022e-01 3.188271914652466843e-01 2.525953097402414693e-01 2.301134323986447905e-01 2.841966507215217819e-01 2.035662423877342975e-01 1.715094548551628906e-01 3.001370025884365564e-03 2.933128702822074621e-02
1.000000000000000000e+00 1.149667281791652051e+01 2.634233898716951128e-01 2.573346015534381248e-01 2.649050961940309090e-01 2.117730370363225811e-01 2.329150543446678046e-01 2.281423683569765992e-01 2.075572971021477087e-01 2.148809915149852701e-01 1.635952354772642059e-01 1.906499402558654022e-01 2.596959454540429535e-01 2.492898767111233482e-01 2.785303632840815946e-01 3.159322581352934645e-01 2.567540327429795877e-01 2.357164638003823309e-01 2.968787934922457739e-01 2.153724650289653431e-01 1.683773247035098564e-01 2.740766609420056902e-03 2.870796457366877122e-02
1.000000000000000000e+00 1.391740577249680832e+01 2.638712503578048429e-01 2.398436642211096703e-01 2.522834237628900911e-01 2.122337239110828611e-01 2.468218729316565552e-01 2.430014818175892932e-01 2.072919710766932821e-01 2.051105907457681232e-01 1.664457315109724445e-01 2.058999227885364991e-01 2.432981960678990141e-01 2.478668269372226729e-01 2.863731317275670651e-01 3.209253223913179354e-01 2.503612368638145069e-01 2.368646133701543810e-01 2.958693504094821458e-01 2.136985027828700867e-01 1.728560020240240969e-01 2.731830300786234223e-03 2.859510709170484319e-02
1.000000000000000000e+00 1.487568716740436514e+01 2.722352484124451744e-01 2.384254576857806340e-01 2.436569188751635529e-01 2.088895494859912272e-01 2.500414322545671530e-01 2.291284350111640888e-01 2.069089659565118700e-01 2.010744084113364194e-01 1.727364730021659633e-01 2.043301329899230023e-01 2.256995063634018583e-01 2.461468612772186593e-01 2.854947176496133165e-01 3.400353365979201792e-01 2.417674660669838493e-01 2.352430262631760027e-01 2.949229807059264297e-01 1.980520270734862365e-01 1.674450655983620029e-01 2.773156711719080951e-03 2.934135722604253732e-02
1.000000000000000000e+00 1.551964658351079507e+01 2.660828514304947601e-01 2.342779246240098978e-01 2.507357997892586954e-01 1.976319291087352270e-01 2.559824226318902496e-01 2.292561953197187474e-01 2.043682307221090511e-01 2.086136342860108739e-01 1.673452940354181739e-01 2.034722531040016602e-01 2.230572155033487547e-01 2.401709197135342422e-01 2.930031241207680104e-01 3.356432638863400819e-01 2.372049508327248868e-01 2.361892962048385003e-01 2.817691225409618694e-01 2.060984743998997837e-01 1.683764914544470803e-01 2.637907786797764192e-03 2.825262459871639292e-02
1.000000000000000000e+00 1.623015599688866928e+01 2.722428839450583005e-01 2.374591022522752615e-01 2.484018253605956850e-01 2.000179780209911939e-01 2.640745200201367604e-01 2.318664509406839214e-01 2.047414918429641406e-01 2.076752258784260730e-01 1.782422450463510832e-01 2.044971584348939664e-01 2.255360310850036965e-01 2.461577583206330244e-01 3.101265798913992455e-01 3.324066171223697408e-01 2.370523595263183958e-01 2.191910072765248241e-01 2.740372748121236435e-01 2.076045901344354128e-01 1.723282550396136592e-01 2.709151528450946551e-03 2.940886177976414009e-02
1.000000000000000000e+00 1.487854595336505703e+01 2.711655830205559892e-01 2.450599351211223409e-01 2.618099589870815369e-01 2.054873723975817745e-01 2.509960091458869336e-01 2.364365463390761257e-01 1.989765239684854747e-01 2.074785488747364903e-01 1.848908211329879092e-01 2.090836201444974674e-01 2.236117523033497867e-01 2.410346591602898214e-01 3.021832151760916463e-01 3.321825162781999463e-01 2.420301074606253933e-01 2.094020618810831791e-01 2.634083886799392094e-01 2.125133074966728264e-01 1.730682324961471674e-01 2.575257788825952108e-03 2.908118466964527277e-02
1.000000000000000000e+00 1.516041654316187959e+01 2.744297717590151175e-01 2.489111965881791178e-01 2.510666604546880620e-01 2.009560220106667849e-01 2.474416305005754657e-01 2.332267277758354462e-01 1.968496120857553822e-01 2.094434497558660402e-01 1.942262336515844234e-01 2.101697795471758057e-01 2.375107749885997377e-01 2.326457193676107205e-01 3.090839931733125323e-01 3.213831826122096058e-01 2.493779384429324897e-01 2.242289378622400742e-01 2.617759957104811575e-01 2.163562960696225890e-01 1.715174616000810504e-01 2.506883860318185296e-03 3.067441109782882355e-02
1.000000000000000000e+00 1.422932967529976978e+01 2.671894381967843679e-01 2.575015239501732278e-01 2.436062171050084046e-01 2.103075630605031332e-01 2.503223540395725366e-01 2.293783718119479509e-01 1.884930038721271406e-01 2.035274334552079067e-01 1.931813804748290231e-01 2.011967194441919571e-01 2.300543446989344321e-01 2.366597040855011880e-01 3.253154911901898760e-01 2.976408189137648153e-01 2.391463466843490870e-01 2.464144284619756986e-01 2.696101407982153253e-01 2.327344272811525672e-01 1.708228692904982249e-01 2.523422395077248685e-03 3.123058040603628877e-02
1.000000000000000000e+00 1.449387348838228107e+01 2.554966583514386436e-01 2.636467875671230643e-01 2.496644965806388283e-01 1.980736316343228165e-01 2.418872657500655832e-01 2.263845608401975074e-01 1.835472750667478947e-01 1.964835785716977368e-01 2.085562416610865499e-01 2.042026678931758155e-01 2.202498925124114770e-01 2.461765810234303742e-01 3.164469689081559345e-01 2.985047970125642713e-01 2.314571208109309219e-01 2.427641742479303977e-01 2.616523037829054377e-01 2.210111740472308905e-01 1.686836645007559754e-01 2.625733883799784112e-03 3.213389993883409429e-02
1.000000000000000000e+00 1.467181398548683369e+01 2.531402675085677179e-01 2.646185045571750605e-01 2.622864241188737622e-01 1.977115969681617624e-01 2.391499067485951535e-01 2.321179950725714425e-01 1.745525341191054569e-01 2.023377071231132474e-01 2.157161766795177016e-01 2.031315965255015288e-01 2.253492412546702628e-01 2.451371893407201241e-01 3.177318499536420648e-01 2.882482104630494923e-01 2.396769485672685385e-01 2.447679224697720257e-01 2.606196931050586141e-01 2.171272899709160153e-01 1.690501001547771998e-01 2.589560662309259818e-03 3.136175341202277617e-02
1.000000000000000000e+00 1.395601209792463493e+01 2.568209778170818525e-01 2.668806531182223440e-01 2.585723128006855998e-01 2.021334876888858101e-01 2.448129250210741847e-01 2.269428703734796271e-01 1.729478595492346671e-01 2.013339143627475292e-01 2.151452402654430163e-01 1.967818083793991257e-01 2.202394138302116444e-01 2.494080902344938400e-01 3.118237152810388046e-01 2.914137077934397246e-01 2.404695718633525769e-01 2.537597356732077536e-01 2.418943579452979831e-01 2.186350122019195263e-01 1.688612351767582453e-01 2.658576011490095935e-03 3.171472672073814836e-02
1.000000000000000000e+00 1.417702445715360327e+01 2.599510967869130273e-01 2.716185688112680574e-01 2.534312567787204706e-01 2.165904097052328281e-01 2.447362369066621579e-01 2.281762079906728136e-01 1.790987268401252608e-01 2.058650435180096328e-01 2.121533446342292462e-01 2.062970941182384332e-01 2.263183630219618436e-01 2.463065509909696249e-01 3.197346210031816738e-01 3.031374150886512742e-01 2.337875182191015422e-01 2.491898092216878746e-01 2.318144078041767253e-01 2.137531160386799134e-01 1.727994495088464588e-01 2.614794077807499739e-03 3.134978283976895541e-02
1.000000000000000000e+00 1.436300703608946350e+01 2.583696387264674543e-01 2.634920334535948983e-01 2.598140428303398197e-01 2.157079871284411920e-01 2.596505054093904974e-01 2.152706937408722376e-01 1.845647671329967154e-01 2.024902408141781296e-01 2.021334144701385782e-01 2.154258964268713217e-01 2.344777976991827273e-01 2.410535201145710404e-01 3.189420721016479887e-01 2.965340205874580914e-01 2.371075143782986894e-01 2.703663419481295294e-01 2.388700726150896625e-01 2.127768474180634362e-01 1.708013896647218033e-01 2.599755972113473954e-03 2.974291966288259217e-02
1.000000000000000000e+00 1.324137402606696412e+01 2.489650721676214540e-01 2.691557810910850113e-01 2.542885271982056050e-01 2.244402529854044037e-01 2.629029525573038928e-01 2.099723649468673015e-01 1.946683137075028436e-01 2.110325972041136589e-01 2.084596373015696613e-01 2.061360109781540662e-01 2.242452135822596559e-01 2.405517124175295673e-01 3.344364470780120668e-01 2.890358814070310145e-01 2.450847260728192534e-01 2.723222245889849180e-01 2.489051675482337467e-01 2.085784383933876607e-01 1.724835946771388628e-01 2.855115404720184533e-03 2.865329754488119690e-02
1.000000000000000000e+00 1.323051978125250372e+01 2.686745783486760297e-01 2.529851777098234278e-01 2.470606338683861980e-01 2.250649505279139484e-01 2.522934411388225717e-01 2.136833755575478222e-01 1.975870711110395139e-01 2.173447193753846041e-01 2.149869043188449846e-01 2.022928306349910388e-01 2.144429774656762544e-01 2.449583244042436436e-01 3.171437645377356285e-01 2.992256014826705779e-01 2.391783444975350004e-01 2.836433988039481768e-01 2.452393100264975978e-01 2.067273805554242505e-01 1.722612231350700851e-01 3.022379768679876646e-03 2.913137873919612042e-02
1.000000000000000000e+00 1.484976668602842409e+01 2.698056927467968324e-01 2.490724631542034495e-01 2.473759698089491033e-01 2.216032705115804635e-01 2.508052192200785346e-01 2.038577379681278390e-01 2.101029691786672760e-01 2.228419439687174264e-01 2.088322584161088624e-01 2.096944141201203260e-01 2.196074419531049982e-01 2.523667251366365494e-01 3.264476967809701868e-01 2.880663416879162275e-01 2.448705209814739103e-01 2.824331860708949038e-01 2.620890325723997938e-01 2.212642482501245567e-01 1.748862631801320344e-01 3.181657517658018509e-03 2.916379447545675713e-02
1.000000000000000000e+00 1.244934356969587697e+01 2.802116546310087775e-01 2.549808563610471146e-01 2.469504600268001004e-01 2.323287600849245071e-01 2.407057608436120322e-01 2.099028789518978533e-01 2.073462940744314753e-01 2.327922052732374347e-01 1.946524161550655940e-01 2.070419198706390518e-01 2.165661370230946847e-01 2.488601482675933396e-01 3.201137600499351366e-01 3.001697570277082616e-01 2.650743534153711667e-01 2.575609983696751093e-01 2.541450153716538485e-01 2.266145316716100255e-01 1.717674023736430744e-01 3.155721202494840994e-03 2.941715442267650929e-02
1.000000000000000000e+00 5.899435829709450907e+00 2.680051936909779164e-01 2.662733468104927503e-01 2.409148314015440995e-01 2.264484898997025930e-01 2.469730797067149763e-01 2.151481456934533909e-01 2.107943541797834830e-01 2.351361341451682352e-01 1.947574671112577427e-01 2.038118206284123823e-01 2.232217277179684989e-01 2.480375042315313416e-01 2.989650304089030985e-01 3.007591043547168663e-01 2.609258296429416979e-01 2.600996249933656412e-01 2.555655388462118038e-01 2.350482899800752645e-01 1.726911862743763237e-01 3.047863205250390950e-03 2.887938203871303136e-02
1.000000000000000000e+00 6.655352510214368245e+00 2.613964493750342566e-01 2.795838337734063428e-01 2.450111795517440350e-01 2.404940659643150236e-01 2.406160044665835995e-01 2.182905204558339418e-01 2.228259670119262514e-01 2.320913388698054580e-01 1.996090763501533194e-01 2.041027519235363574e-01 2.195942649199833507e-01 2.541526014555666180e-01 3.080259417590051618e-01 3.145952002192292651e-01 2.550595583384939191e-01 2.615361316402992631e-01 2.681060107790101399e-01 2.484262049841835240e-01 1.770646702707495967e-01 3.034584705563471256e-03 2.878788056521508834e-02
1.000000000000000000e+00 6.888796951750208564e+00 2.640476968611914499e-01 2.628216598612217458e-01 2.566960543214265034e-01 2.416201023815457150e-01 2.305458670436971169e-01 2.382527331458968722e-01 2.086159602048090200e-01 2.219132464244071845e-01 1.989678986483963963e-01 1.965529147797420717e-01 2.267041991134971513e-01 2.563714827168546151e-01 3.085527705350001315e-01 3.275263163425217172e-01 2.660644358808955667e-01 2.550252704709305984e-01 2.594616914544158881e-01 2.361030802658212469e-01 1.735227768671517845e-01 3.271853052683015416e-03 2.956312755209522872e-02
1.000000000000000000e+00 5.663396989842021334e+00 2.668478693494163445e-01 2.647073045325852303e-01 2.601737366168778709e-01 2.425362248186944958e-01 2.291371486692788395e-01 2.320962571195969437e-01 2.138314689337444952e-01 2.224224946124115643e-01 1.998205555429704017e-01 1.955756680042098072e-01 2.266392194050975695e-01 2.566012837998025709e-01 3.108943078687645967e-01 3.338822935023378347e-01 2.669319814816480951e-01 2.500936780705011464e-01 2.669772355249165341e-01 2.578234433546301996e-01 1.753949206401807792e-01 3.269155517796489864e-03 2.923172883178285983e-02
1.000000000000000000e+00 4.437876361451128737e+00 2.729769133149860250e-01 2.665833955532855848e-01 2.517286666955333985e-01 2.455944469593380752e-01 2.295466364719594976e-01 2.268264854029322375e-01 2.208125358469512634e-01 2.109644711536783901e-01 1.962202228373000901e-01 2.074064184893316398e-01 2.410367781667817066e-01 2.392330910549937684e-01 3.139978634119539591e-01 3.165754589146060338e-01 2.616352431966033065e-01 2.424797829974175145e-01 2.602708172590129654e-01 2.397762510453103901e-01 1.756467674974921955e-01 3.358539211677954474e-03 2.812043164253870062e-02
1.000000000000000000e+00 3.768557928261915713e+00 2.672037812277592295e-01 2.593566490490467058e-01 2.441221656202978429e-01 2.510462372946085652e-01 2.352275596741386643e-01 2.133163493230384733e-01 2.214158578221696594e-01 2.128551301640852766e-01 1.928538934345710720e-01 1.992827927710569824e-01 2.429793397233031560e-01 2.396124475105683438e-01 3.043245664460899613e-01 3.040755048361154511e-01 2.601120496272352756e-01 2.491490859519109036e-01 2.629656126514396397e-01 2.377767338359753069e-01 1.717657245350563966e-01 3.292763951551213458e-03 2.641220733742408178e-02
1.000000000000000000e+00 5.476360733834330752e+00 2.618218782201019446e-01 2.613463527601089242e-01 2.463895530930691746e-01 2.481423243309519022e-01 2.423541695851649802e-01 2.192847523510230712e-01 2.176818595451058824e-01 2.075092083077807459e-01 1.910604870489271412e-01 1.865673771701185368e-01 2.434942993903909669e-01 2.401432976993305435e-01 2.915926711317179398e-01 3.250905470723631785e-01 2.640591237496498489e-01 2.559539390975823503e-01 2.663391242998548458e-01 2.292714132909221825e-01 1.712642774132606405e-01 3.453622535855758145e-03 2.680671016134885884e-02
1.000000000000000000e+00 6.100607188651926194e+00 2.563064533862651206e-01 2.767106107235369206e-01 2.335143091709009910e-01 2.472509198371307948e-01 2.307158433080304383e-01 2.248369652614571612e-01 2.194407415120515903e-01 2.148453080539214077e-01 1.763804767713940402e-01 1.848928225729081776e-01 2.502196698471606529e-01 2.373063208093847964e-01 2.939106244602609497e-01 3.299273566859253215e-01 2.528285087389108843e-01 2.497269708385189690e-01 2.646361376684682742e-01 2.105781232350772969e-01 1.712923339772168541e-01 3.599507847724426734e-03 2.574456135557712591e-02
1.000000000000000000e+00 5.804109406164681850e+00 2.531039547615884233e-01 2.627191137906478291e-01 2.359776990466456448e-01 2.521511049310391495e-01 2.226009061935149413e-01 2.192118015635972916e-01 2.064513753799834539e-01 2.278565289923386583e-01 1.864541772239339534e-01 1.837269910119144201e-01 2.499863473311995099e-01 2.559300228014844691e-01 2.751083131305869234e-01 3.230487027721793969e-01 2.437260079061300544e-01 2.418677919639480589e-01 2.704211142336708229e-01 1.910964507053574124e-01 1.703162962475007480e-01 3.531492245651594777e-03 2.636020172404739820e-02
1.000000000000000000e+00 5.410973119250063412e+00 2.651165803338786375e-01 2.715055401411303193e-01 2.211077476524078433e-01 2.585062975652442363e-01 2.252654044539552092e-01 2.130369553119027815e-01 2.157308078035190257e-01 2.342171517224722610e-01 1.817919561855707300e-01 1.925298894283916096e-01 2.595768954369820913e-01 2.431978912130436099e-01 2.756479929878826729e-01 3.269446192024546005e-01 2.365958203332850784e-01 2.348701835726344223e-01 2.749687086989620055e-01 1.875939486463842898e-01 1.696863854246344339e-01 3.488713523166120725e-03 2.703269444057685572e-02
1.000000000000000000e+00 5.363339405272447458e+00 2.586303893927997533e-01 2.693230632959394688e-01 2.212051293977715660e-01 2.554485025052871117e-01 2.284462865722728664e-01 2.149705803312072505e-01 2.098328773299537597e-01 2.320474766652024234e-01 1.774006859585851303e-01 1.981051068315306252e-01 2.434421070592180658e-01 2.515317098737588908e-01 2.755630764178987335e-01 3.365681749279109680e-01 2.369673488957074192e-01 2.459256923643046711e-01 2.799447056183005933e-01 1.702263406069320362e-01 1.712284944393023811e-01 3.281193803017370004e-03 2.665916403112108049e-02
1.000000000000000000e+00 8.385081683844406442e+00 2.565530266173018936e-01 2.746401726320746306e-01 2.333092242153839979e-01 2.609170646361004819e-01 2.244097885744709975e-01 2.095985970224656658e-01 2.054157680934738661e-01 2.368596365790978930e-01 1.893366564858701140e-01 1.973850967467798145e-01 2.415915150097089070e-01 2.462532281013040669e-01 2.876869958940505567e-01 3.511244545963790320e-01 2.381248824051046542e-01 2.401766003297305385e-01 2.729625203814548540e-01 1.784810145406689197e-01 1.735955755155769720e-01 3.314336536506643990e-03 2.685145430812154246e-02
1.000000000000000000e+00 5.987686114263028436e+00 2.542981716774292411e-01 2.729992792842555471e-01 2.378977744531750871e-01 2.653370999487822401e-01 2.092466369119170277e-01 2.043180678701798647e-01 2.233989673675502163e-01 2.362358700865500594e-01 1.965662786048516797e-01 1.934140813136256687e-01 2.451831844027950735e-01 2.559589927155485611e-01 2.881100846757077560e-01 3.434740799713915660e-01 2.496136217028647741e-01 2.386060001179806656e-01 2.827481402889380768e-01 1.895405854617510932e-01 1.719577955916744283e-01 3.359337303931431238e-03 2.628220348978116058e-02
1.000000000000000000e+00 5.670844082857446011e+00 2.627626812752308361e-01 2.680189336921710574e-01 2.296044617562287560e-01 2.620517527539047431e-01 2.164116780190451228e-01 2.114644618427591605e-01 2.217704545232974944e-01 2.306912549835837822e-01 1.933416592369952003e-01 2.044487952263752684e-01 2.347224337573358410e-01 2.568770209773255653e-01 2.813152060169336055e-01 3.408643229133722086e-01 2.639376987128137508e-01 2.434447265540349570e-01 2.816493197189109954e-01 1.886487975334173450e-01 1.733396943687842140e-01 3.236167132724023041e-03 2.687428008609843433e-02
1.000000000000000000e+00 6.111745171482655614e+00 2.557681389868034505e-01 2.658518272541637861e-01 2.353503273012383101e-01 2.564707931683666842e-01 2.377833700646535264e-01 2.124446029455213936e-01 2.116499114425083317e-01 2.324114747663523495e-01 1.903158806729375596e-01 2.025131550004546088e-01 2.318401666752579748e-01 2.450745320156909046e-01 2.856739351296454510e-01 3.438616002785404024e-01 2.683285281508027142e-01 2.379011069637238240e-01 2.744286710859275558e-01 1.943405100399699381e-01 1.725967590039945709e-01 3.259374210238539030e-03 2.674291319767881092e-02
1.000000000000000000e+00 7.135151869791569901e+00 2.521918421916112818e-01 2.741016978730392850e-01 2.444238872191815404e-01 2.507030431918700342e-01 2.309354027459649406e-01 2.076283812196165202e-01 2.151766420086091425e-01 2.214308843536476057e-01 1.888850794871702876e-01 2.052106130586117405e-01 2.228323129329463914e-01 2.366632616264762179e-01 2.888283000450145854e-01 3.519132742978525186e-01 2.673747429491631356e-01 2.179716446849742917e-01 2.755230825734169553e-01 1.957323337886022196e-01 1.718604559585532321e-01 3.303333529041258161e-03 2.713623913755735043e-02
1.000000000000000000e+00 5.941081325223182219e+00 2.551924864283026118e-01 2.641335217107790290e-01 2.508785842487887274e-01 2.475646179697671423e-01 2.376773846048256256e-01 2.065373174205758777e-01 2.089365220314333138e-01 2.267055762657610996e-01 1.822176089691257550e-01 2.171641024156707733e-01 2.286586693916561885e-01 2.300915573495363187e-01 3.021583248400795951e-01 3.332786216252074940e-01 2.574904723195796108e-01 2.191379171402944581e-01 2.787494975885935200e-01 1.923533395525794942e-01 1.715976623190793304e-01 3.158627321569352966e-03 2.652642697053296181e-02
1.000000000000000000e+00 7.926294091587614332e+00 2.416540594008743381e-01 2.776970548264595662e-01 2.496384816573071763e-01 2.324808760894123139e-01 2.324926674894780276e-01 2.115475196079133757e-01 2.076115450051190248e-01 2.223774551044604419e-01 1.702658573618669458e-01 2.086336732235493374e-01 2.306119155247902397e-01 2.241609518961245884e-01 2.970804897878773776e-01 3.401997659887429082e-01 2.545602544561199609e-01 2.148052753272139959e-01 2.876226662957168667e-01 1.855948976452399257e-01 1.703497780244416504e-01 3.155877674183530691e-03 2.823677219824623913e-02
1.000000000000000000e+00 9.451901245077836577e+00 2.383249319087471507e-01 2.784774467842616175e-01 2.463384255771829678e-01 2.240729693185710136e-01 2.369855484682866220e-01 2.069794457992814585e-01 2.148191119813563921e-01 2.371154171405666089e-01 1.805549112339633611e-01 2.098985188421970682e-01 2.194414611508731516e-01 2.340722318091638665e-01 2.938081467263976010e-01 3.388496385198798699e-01 2.564630350286574156e-01 1.953120952892683226e-01 2.912302793989651750e-01 2.021651322601218936e-01 1.710687105108754102e-01 3.157564821374229773e-03 2.595314299313909723e-02
1.000000000000000000e+00 9.332970300646969974e+00 2.546674219256399585e-01 2.661011805868143676e-01 2.258189815354148255e-01 2.281302165735995535e-01 2.368680478569997749e-01 2.110714038708603468e-01 2.281183607508027456e-01 2.361014238501651097e-01 1.791285569283601331e-01 2.166724004369000034e-01 2.033953793706120561e-01 2.352139366255580066e-01 2.985324474703500708e-01 3.352661777172834534e-01 2.402653601198052047e-01 1.999155841210231987e-01 2.871769112828276294e-01 1.965956620201791405e-01 1.683301007691695717e-01 3.186863313593399361e-03 2.461091579057951562e-02
1.000000000000000000e+00 1.054752714584327578e+01 2.651245597093873085e-01 2.729159036235463964e-01 2.295723148005783532e-01 2.240766531734797451e-01 2.318527761963435629e-01 2.201294890847486085e-01 2.132656785125736087e-01 2.368806778790970569e-01 1.774204301214221957e-01 2.192700821402251421e-01 2.089533823827394998e-01 2.301996694020974066e-01 2.807416426940397836e-01 3.237036574995336702e-01 2.497250853193035136e-01 1.945786588055342936e-01 2.975630455956357889e-01 2.007478818516221508e-01 1.700516010135184608e-01 3.177764506575397972e-03 2.658137279527839764e-02
1.000000000000000000e+00 1.044944150374938374e+01 2.513177129625799311e-01 2.807211200392779604e-01 2.313747708798191693e-01 2.250119330892112468e-01 2.386934193204957033e-01 2.252143884187848832e-01 2.090024565063709483e-01 2.141810331993010408e-01 1.649129088317245473e-01 2.263927978484011894e-01 2.064368419330790405e-01 2.487187309353761089e-01 2.848001762818806459e-01 3.290377796967961510e-01 2.535152628472884251e-01 1.993915842164183383e-01 2.966570711649180736e-01 2.099710781778824920e-01 1.680391426330367644e-01 3.349193883274932237e-03 2.483974514674858192e-02
1.000000000000000000e+00 6.861705517889348904e+00 2.532900565433825468e-01 2.719577785364672984e-01 2.398082504267817772e-01 2.221257340071293718e-01 2.472626797576057689e-01 2.191479260155538011e-01 2.027552978280891260e-01 2.111359352368024633e-01 1.667094836639981814e-01 2.280217638343945419e-01 1.991547788013704468e-01 2.539251163830396618e-01 2.992551768229761433e-01 3.150306815841964481e-01 2.582056694327758417e-01 1.992427328263292607e-01 2.917663581233327919e-01 1.989044761597373312e-01 1.719939450683097837e-01 3.299577669145797951e-03 2.551864802406407853e-02
1.000000000000000000e+00 4.624936533187397281e+00 2.449726714065902922e-01 2.753566705664515224e-01 2.381256837382817459e-01 2.203790290203132551e-01 2.375268986702141760e-01 2.126149449701631444e-01 2.117894015050291734e-01 2.065549862698035088e-01 1.758917347987757618e-01 2.308044641795550800e-01 2.089730684303498232e-01 2.584442595389676578e-01 2.888709860520987105e-01 3.077652281592584971e-01 2.464347572274117326e-01 2.079043715236760237e-01 2.953479704528768068e-01 1.927261171653750493e-01 1.678283873246613211e-01 3.436272916350872984e-03 2.582917351414013366e-02
1.000000000000000000e+00 4.335718835004485072e+00 2.563311740017388263e-01 2.670587334626364218e-01 2.267382183596257650e-01 2.296204382467287031e-01 2.385254598871441867e-01 2.111177154470723349e-01 2.154654159622151899e-01 2.080606897221994322e-01 1.763061041815941754e-01 2.268373563086658329e-01 2.177781782134999566e-01 2.517228448848907729e-01 2.626179293529442016e-01 3.127834390378327889e-01 2.463062617842317337e-01 2.038820490827764897e-01 2.918005650300455889e-01 2.000243944692239317e-01 1.666719943900583367e-01 3.291362941756269690e-03 2.662693219233404698e-02
1.000000000000000000e+00 8.039477293024948068e+00 2.628434288199867352e-01 2.633808039580543547e-01 2.247556364768755199e-01 2.289447055368863948e-01 2.459436999369126187e-01 2.165018148133849574e-01 2.058487888995557125e-01 1.910422164718000027e-01 1.906085393987411725e-01 2.343643642022950335e-01 2.191274913419895831e-01 2.451335226236445175e-01 2.878152822782107934e-01 3.121796257618801862e-01 2.375993791424030332e-01 1.944991050639332808e-01 2.921127207962136429e-01 2.164466394506029956e-01 1.680076808580950598e-01 3.309163537327354434e-03 2.595335897538738473e-02
1.000000000000000000e+00 7.356167645938056054e+00 2.672362980711300851e-01 2.613938058410759102e-01 2.350424591962795573e-01 2.321105964112815112e-01 2.460440651197347006e-01 2.156346569509126621e-01 2.217893466070273156e-01 1.951527493183632112e-01 1.788792296228176870e-01 2.352807078031958210e-01 2.162606667094548185e-01 2.455982746922716897e-01 2.969165830058149713e-01 3.056016459816596753e-01 2.395607574518614502e-01 2.128904484279355580e-01 2.737330724014020999e-01 2.157609707432341650e-01 1.703827188966058059e-01 3.240458894478888408e-03 2.536905435899307337e-02
1.000000000000000000e+00 5.854007452791821109e+00 2.598057414613575422e-01 2.523695878089629030e-01 2.427070940486703021e-01 2.341255071916318875e-01 2.416684812978474040e-01 2.000929157539134140e-01 2.200483855111428078e-01 1.936171009185541914e-01 1.831983356083921877e-01 2.249662108994076037e-01 2.257266383200891291e-01 2.453234772813736309e-01 2.840511464563777455e-01 3.008887314526129675e-01 2.373641568852555006e-01 2.188463089273239293e-01 2.710333164053712607e-01 2.074597176494942241e-01 1.696457500691423148e-01 3.246567343732525632e-03 2.329890260018141479e-02
1.000000000000000000e+00 5.400330254417899489e+00 2.699248899201656116e-01 2.444891645942458003e-01 2.475820619906341502e-01 2.287236417180994463e-01 2.422094786277021738e-01 2.134119700157919297e-01 2.069279717927721141e-01 1.989330116767580037e-01 1.950169198679894689e-01 2.187141695112023165e-01 2.176445701110266140e-01 2.451839732654217674e-01 2.850794580208050322e-01 3.158614124624677943e-01 2.405688241818061124e-01 2.273603762591039357e-01 2.663155916896161046e-01 2.066602722015092042e-01 1.690746302910072774e-01 3.284372794212812082e-03 2.335308236464776754e-02
1.000000000000000000e+00 6.046633962814127017e+00 2.688097849873881118e-01 2.380198032692432131e-01 2.390936112999438035e-01 2.273356788401710016e-01 2.489083192240465203e-01 2.253262441617039924e-01 2.100788020222685848e-01 1.940507127608380733e-01 1.906831394813856828e-01 2.140753501031973927e-01 2.339170289584245610e-01 2.333276068418443372e-01 2.968059840797404592e-01 3.083957083014561285e-01 2.437518889768800212e-01 2.451697439624107855e-01 2.764221261283301700e-01 2.114758484255040427e-01 1.698111623050281849e-01 3.461840524784013870e-03 2.433059675447736894e-02
1.000000000000000000e+00 8.379530053567266989e+00 2.874236328438963262e-01 2.376674974836032461e-01 2.394355044666937327e-01 2.304170082058676350e-01 2.522357421676654776e-01 2.235687073656029700e-01 2.061852973739330963e-01 2.086183765357468856e-01 1.968409858573478277e-01 2.027676335198673463e-01 2.364495598943696097e-01 2.368602491205183125e-01 2.978615314243988066e-01 3.251118916640906575e-01 2.560247096274508860e-01 2.438666224544236150e-01 2.697910238388359638e-01 2.275918299360196184e-01 1.719479744285993816e-01 3.398478276675776823e-03 2.369515214943757053e-02
1.000000000000000000e+00 1.043642275085730731e+01 2.755413581713060389e-01 2.276497196258992772e-01 2.345123880484905887e-01 2.298269160859639226e-01 2.538913289028320586e-01 2.268802422412957154e-01 1.948097466478495854e-01 2.052687438375293827e-01 1.911083163472083735e-01 1.972409720722488602e-01 2.330742319724058986e-01 2.223140846110660818e-01 2.994615995925670737e-01 3.109095957195957549e-01 2.553555128956079279e-01 2.428999313895742751e-01 2.657087643309034575e-01 2.326377543272845350e-01 1.700484799308448203e-01 3.207529636419691448e-03 2.552128917632548802e-02
1.000000000000000000e+00 8.672313997824662835e+00 2.693674009433686400e-01 2.218184670731574437e-01 2.369468278960597807e-01 2.462782489773638617e-01 2.338572041479773378e-01 2.329045686959221317e-01 2.018975840101726871e-01 2.087265829475454249e-01 1.940656810541257216e-01 1.969007915047407686e-01 2.311877756882548263e-01 2.132776016600909375e-01 3.102995681160211072e-01 3.183364474572917824e-01 2.583757068609365826e-01 2.393653930006630903e-01 2.725167259615735027e-01 2.245045301714748975e-01 1.687377458579456535e-01 3.295130152901093110e-03 2.475559002671693862e-02
1.000000000000000000e+00 8.901465176360890297e+00 2.674614406356289886e-01 2.192868056997688830e-01 2.413633908882343027e-01 2.400940884457066493e-01 2.346874316569494689e-01 2.231385201187537914e-01 1.970428729849557359e-01 2.008873346764651069e-01 2.021615061846935846e-01 1.974815693285608409e-01 2.441169963710510538e-01 2.211586449884158923e-01 3.018418131362108348e-01 3.106355223019003908e-01 2.560744935524801869e-01 2.391373696337900367e-01 2.663946794815782448e-01 2.405424330630595853e-01 1.668148022032217848e-01 3.446531523135630808e-03 2.522451294326784332e-02
1.000000000000000000e+00 9.154675349631464343e+00 2.652361678502265785e-01 2.240888144460110309e-01 2.476927424084114926e-01 2.361726012353885518e-01 2.415883104720739361e-01 2.246219919325901371e-01 1.946489599858379771e-01 2.038043699021893085e-01 2.007691696845091134e-01 1.916157722612084335e-01 2.432656444753547864e-01 2.190178277074705804e-01 3.041987620924637148e-01 3.009794621777443502e-01 2.416032047424595541e-01 2.530116118682593784e-01 2.630695699440419588e-01 2.403899351669668005e-01 1.684492460904194744e-01 3.493287127875683868e-03 2.454762666861155102e-02
1.000000000000000000e+00 9.199676242115668146e+00 2.696961305140866405e-01 2.151741435634542399e-01 2.603859447929446902e-01 2.492806698898527573e-01 2.308611416131461369e-01 2.216892564973377000e-01 2.063578899455147664e-01 1.953442221567157910e-01 2.048804996833175907e-01 1.974269182489806762e-01 2.573330188096625837e-01 2.318029494099063115e-01 2.986325955451593073e-01 2.999729172491580886e-01 2.468055064640633234e-01 2.369253770605407872e-01 2.720721572274521494e-01 2.483693601201353296e-01 1.689009289574503192e-01 3.518584233563469728e-03 2.464268758185670163e-02
1.000000000000000000e+00 9.288974564528572841e+00 2.652026623170828934e-01 2.141032457613682716e-01 2.696320325302527521e-01 2.470564947951343904e-01 2.186188511728003325e-01 2.273743960742010961e-01 1.869232026166426364e-01 1.966654493668801573e-01 1.973030008280395042e-01 1.921012431652959485e-01 2.428474334772550147e-01 2.168386764793568400e-01 2.957530709753666276e-01 3.098502727299867199e-01 2.603442028462643054e-01 2.244510821017134394e-01 2.785463870550427545e-01 2.465248192786871628e-01 1.674263430738728853e-01 3.532868487740146654e-03 2.544391978304495067e-02
1.000000000000000000e+00 1.035778419713078335e+01 2.649655259525253159e-01 2.151206870978255303e-01 2.618133276165823253e-01 2.541464373807992283e-01 2.277623422543287868e-01 2.282631827261666635e-01 1.838242914440226528e-01 2.046354455447988996e-01 1.910924175126016422e-01 1.885734424150404542e-01 2.492128768736610878e-01 2.100698048355831293e-01 3.067370632438021216e-01 3.047764001160819247e-01 2.664273986859088672e-01 2.107307892565802587e-01 2.787037083037003926e-01 2.585512706857651111e-01 1.677523950798833485e-01 3.741536755368263766e-03 2.534311507659431709e-02
1.000000000000000000e+00 9.840978041454755854e+00 2.675399742934401193e-01 2.226143139011272643e-01 2.618100894484616803e-01 2.424428847565223699e-01 2.170331130728092861e-01 2.281531045574933803e-01 1.943752228092928136e-01 2.102092024534633341e-01 1.879482600631336986e-01 1.948007361959939732e-01 2.406211703542144864e-01 2.135864030665683422e-01 3.072077761095795556e-01 3.018570437701258991e-01 2.738330075694442867e-01 2.182619304559524909e-01 2.832745302251075126e-01 2.607439500128163612e-01 1.693896860104968927e-01 3.928691796449673354e-03 2.540746678518146853e-02
1.000000000000000000e+00 9.414528485262774637e+00 2.673869964239453667e-01 2.318934792979078230e-01 2.714478146183161300e-01 2.346067148690849091e-01 2.211364622686141646e-01 2.376585659392744243e-01 1.862997365129232807e-01 2.145592996863023849e-01 1.971508308707951573e-01 1.904841035599597610e-01 2.515944691028433322e-01 2.153354300077418848e-01 3.053276004146495137e-01 3.126708105636978319e-01 2.684835029314888710e-01 2.102165436706703583e-01 2.749605503606467050e-01 2.423903654134706986e-01 1.684558375222469373e-01 4.058981950380216933e-03 2.563736972013110765e-02
1.000000000000000000e+00 9.322981740530428496e+00 2.608467398682497995e-01 2.428687580189426709e-01 2.673727510758840964e-01 2.288860280475430997e-01 2.156402758899956529e-01 2.373042836454172244e-01 1.804509676880916014e-01 2.184159248118404673e-01 1.996732036252654441e-01 1.894553688429504723e-01 2.338840590233171035e-01 2.015744419851922264e-01 3.108994877703723514e-01 3.076919295681259103e-01 2.697558972582324022e-01 1.956092820738721538e-01 2.784026402452954296e-01 2.327911340868276668e-01 1.686363794346582290e-01 3.887547043154727065e-03 2.534333571294256765e-02
1.000000000000000000e+00 9.663750893827501187e+00 2.623482847858093492e-01 2.354628526627311202e-01 2.631425255631856808e-01 2.333048703354090037e-01 2.291094326772497858e-01 2.345733461116727703e-01 1.857361746850409723e-01 2.227672336206030779e-01 2.057633817813187826e-01 1.861044113660469956e-01 2.297413926070160928e-01 2.112151424235831632e-01 3.138709601264195181e-01 3.003165078391083487e-01 2.610965143873719141e-01 2.083855966358664491e-01 2.707586359632923600e-01 2.289495752064736600e-01 1.692717816766267924e-01 3.870413538185363527e-03 2.463664317911424748e-02
1.000000000000000000e+00 1.135846006848365164e+01 2.677726312503152517e-01 2.290293871597180730e-01 2.631096329971132630e-01 2.242890052175506854e-01 2.335746637686947902e-01 2.380387302991550103e-01 1.903152977936773682e-01 2.249875761859668477e-01 2.035757094509936527e-01 1.888720261963291180e-01 2.378861578859435000e-01 2.191827773956716574e-01 3.321686834117569265e-01 2.995779559002859083e-01 2.673272487777481610e-01 2.047617790168466956e-01 2.740508661931778667e-01 2.329052063494894687e-01 1.699061819157992592e-01 3.984698429917536526e-03 2.391087954730016299e-02
1.000000000000000000e+00 1.150227776552903869e+01 2.680410589953823308e-01 2.326974916575160757e-01 2.549262277107940400e-01 2.357369055393287449e-01 2.342840372472860255e-01 2.372536741074387778e-01 1.903256570248249013e-01 2.317453481205260790e-01 2.026356740584059624e-01 1.845182676956764467e-01 2.352122656924148236e-01 2.220120780521807613e-01 3.245492451294827996e-01 2.942422337577080826e-01 2.668411777560667497e-01 2.190758051800490713e-01 2.580034163454983931e-01 2.352316011027677234e-01 1.702806938466081277e-01 4.035587421452359325e-03 2.313551818134229263e-02
1.000000000000000000e+00 9.873942816389734034e+00 2.742458474860983153e-01 2.531721784300261513e-01 2.514764276017459332e-01 2.353482931351078555e-01 2.252729533717774124e-01 2.246534205562658593e-01 1.848567424594661224e-01 2.275779553020767232e-01 2.084772561307230709e-01 1.845901891765225900e-01 2.387500314273480750e-01 2.229443325718109548e-01 3.306920437129590717e-01 2.948883560564757311e-01 2.706431561318761170e-01 2.307625449044287680e-01 2.486100015615206327e-01 2.429878484536377448e-01 1.720117055536626027e-01 4.023138249770867071e-03 2.369556361300903524e-02
1.000000000000000000e+00 1.255909702479124945e+01 2.718947393846872229e-01 2.351253952161525274e-01 2.462941440293099915e-01 2.524072908668471005e-01 2.141269898429821739e-01 2.297487291133006038e-01 1.829279074149619544e-01 2.191715563433016267e-01 2.065916858463173189e-01 1.749690182428191298e-01 2.310930499566862251e-01 2.100169463411760418e-01 3.152232627847942892e-01 3.054141936393393042e-01 2.665769142350444820e-01 2.379208914726338997e-01 2.387759479737014967e-01 2.416361940857855439e-01 1.677821248114462205e-01 3.889400202686254387e-03 2.214008471190991381e-02
1.000000000000000000e+00 9.666810052976600787e+00 2.736773881268097508e-01 2.390327708447117228e-01 2.352711630975865276e-01 2.513440162080995410e-01 2.187191612401809815e-01 2.289770128552833239e-01 1.972674058692899801e-01 2.193176906901518897e-01 2.107598548127329052e-01 1.637936020319780694e-01 2.248903289584899545e-01 2.239595472470104209e-01 3.118843152766642146e-01 2.875622303259276480e-01 2.620554302612562170e-01 2.371144386127967685e-01 2.520524312391567157e-01 2.472748102425162131e-01 1.672502962017110573e-01 3.763056410752339126e-03 2.244115551952649903e-02
1.000000000000000000e+00 1.065195555077014156e+01 2.716605757933115983e-01 2.437003531752135743e-01 2.344387720646404216e-01 2.423808651782093926e-01 2.128163477624893662e-01 2.299624892282535471e-01 1.976310671182708034e-01 2.097571705912653350e-01 2.078920699941305128e-01 1.649212577342837049e-01 2.280718472509240258e-01 2.178607782614746802e-01 3.236952006489328681e-01 2.822009304671435626e-01 2.620720793093808121e-01 2.148671212327239455e-01 2.532986622355190010e-01 2.371605048712117081e-01 1.672553301260918945e-01 3.796127189282925973e-03 2.308241253484827685e-02
1.000000000000000000e+00 1.050784370235542831e+01 2.604706058277289071e-01 2.531589369003135470e-01 2.362489788744084329e-01 2.598803113267150189e-01 2.240449592357697806e-01 2.353046805937531460e-01 2.042455896030176965e-01 2.025696374436312397e-01 2.141411702966173058e-01 1.660064803572610936e-01 2.340877007161868140e-01 2.184070672473797381e-01 3.375970483051964344e-01 2.736813838054311110e-01 2.687925188824519251e-01 2.077184743519792931e-01 2.618696201878378260e-01 2.279515363052105059e-01 1.716996582669177984e-01 3.821919156271585960e-03 2.384805684018609720e-02
1.000000000000000000e+00 1.051151951098173498e+01 2.777763449867959311e-01 2.448328978997605376e-01 2.329582070434612906e-01 2.588059536323201182e-01 2.211364387313038971e-01 2.344461689323470710e-01 2.108304129646074443e-01 1.965479169690557693e-01 2.167792774624237306e-01 1.747325867574550107e-01 2.409008658000309500e-01 2.124698018613488393e-01 3.389741259085475300e-01 2.835933898002984677e-01 2.785891537764814130e-01 2.076369826504205762e-01 2.686814733651446963e-01 2.147477386715472836e-01 1.706359936402960797e-01 3.618951867631778514e-03 2.234329006881266913e-02
1.000000000000000000e+00 9.426212018086706834e+00 2.848251664437104202e-01 2.321533156979383450e-01 2.359251490743360657e-01 2.655329266965670287e-01 2.166330601240558651e-01 2.286603424048959388e-01 2.150936997787718241e-01 1.921571323420968869e-01 2.135391054406475808e-01 1.781637227241148758e-01 2.500580556462270732e-01 2.186343590358398592e-01 3.170255660305258405e-01 2.964352265813811060e-01 2.741789291695388986e-01 2.075932762142480570e-01 2.674056146978641690e-01 2.194300296318024424e-01 1.709284551343286385e-01 3.673975170987126265e-03 2.204043721766904204e-02
1.000000000000000000e+00 1.005846589287916437e+01 2.841537509961697960e-01 2.253572052111436352e-01 2.330279007730643726e-01 2.684292282264487683e-01 2.203760206185229886e-01 2.275608029805081811e-01 2.225845698761007574e-01 1.860610705182777491e-01 2.173663376440843065e-01 1.677978195102645953e-01 2.613303028686250196e-01 2.163454983299014089e-01 3.093513828954158607e-01 3.152270531061007186e-01 2.589687734675856778e-01 2.099974176124685121e-01 2.671545234703737726e-01 2.111324047415946425e-01 1.698837221719683988e-01 3.629944432128334817e-03 1.995966063188412201e-02
1.000000000000000000e+00 1.085581564515671360e+01 2.788038696748730838e-01 2.167571452922934794e-01 2.387711892649147793e-01 2.707313801945621101e-01 2.130159139547675440e-01 2.127045285212714187e-01 2.208081400716074560e-01 1.876572680817752414e-01 2.157406156033304379e-01 1.693442269155952251e-01 2.522648143188109815e-01 2.346446643253197184e-01 3.086013939445949039e-01 3.038805618973632328e-01 2.620322886895759540e-01 2.153531257327869763e-01 2.818549770695055745e-01 2.108306282755367522e-01 1.686724855927917155e-01 3.575860166879273570e-03 1.904581833733098167e-02
1.000000000000000000e+00 8.881759228668734352e+00 2.765479618830788411e-01 2.174599690711213340e-01 2.433006646327815770e-01 2.612535803734363227e-01 2.140177131387966947e-01 2.080555221460586857e-01 2.246877708871461432e-01 1.810711550635633604e-01 2.176806491843552571e-01 1.700745365059790348e-01 2.620826749135640732e-01 2.326332222837103059e-01 3.106243151382848122e-01 3.044765134287900077e-01 2.588030365204813665e-01 2.237721465403036125e-01 2.895439171397992117e-01 2.152825529545155381e-01 1.687698683069953631e-01 3.613326791472670860e-03 1.846952362049785260e-02
1.000000000000000000e+00 1.709327478286198598e+01 2.735429771166965063e-01 2.283186330699784050e-01 2.337606814567494140e-01 2.628662224990822582e-01 2.176301634854965750e-01 2.096928077313320038e-01 2.370057830255696274e-01 1.741689395373897664e-01 2.141288725748935473e-01 1.810937265377354777e-01 2.612573075053112315e-01 2.341999099196765133e-01 3.105568859444370333e-01 2.999523639403112729e-01 2.672269874954677493e-01 2.248518830626292375e-01 2.822749068954079621e-01 2.297949659179540083e-01 1.687650918017407076e-01 3.792668043257027208e-03 1.897646867335112814e-02
1.000000000000000000e+00 1.235700049066786299e+01 2.856495119814601025e-01 2.272387265596406136e-01 2.308125596266855928e-01 2.534976086452177535e-01 2.167198911815444162e-01 2.302754115742486618e-01 2.287050906958703611e-01 1.588384892517189229e-01 2.061196094596907669e-01 1.847131145615263925e-01 2.601683923381688524e-01 2.338287416576813327e-01 3.079208581648021359e-01 2.886318885084792063e-01 2.623431734330139986e-01 2.263932680683512777e-01 2.823292944661782156e-01 2.327814745797823215e-01 1.676117169832199716e-01 3.858125141834356335e-03 1.670415733533267208e-02
1.000000000000000000e+00 1.166192169908684306e+01 2.850545093987342793e-01 2.166186609658657947e-01 2.462203378234936735e-01 2.440858757484573871e-01 1.979535253479699219e-01 2.302983300535015598e-01 2.231532580991955894e-01 1.613132897108882635e-01 2.054113550335494587e-01 1.875032812087225331e-01 2.609516903427486212e-01 2.294644197281876519e-01 2.997560218798528409e-01 2.869714609881490741e-01 2.554105072228013418e-01 2.266139112968546532e-01 2.767667413692896372e-01 2.282681042054033327e-01 1.657645517548882452e-01 3.916743331404207336e-03 1.697779160215236172e-02
1.000000000000000000e+00 9.976006838150942357e+00 2.713825668047731843e-01 2.416753850115128943e-01 2.429858282573041373e-01 2.417826598992797171e-01 2.072834138614343125e-01 2.422736172281492739e-01 2.271008191550273891e-01 1.632801215494394942e-01 2.104321693724143794e-01 1.922428869666037987e-01 2.548265367836801132e-01 2.314674017791105431e-01 2.914227499255768183e-01 2.916797280337031784e-01 2.592112368827561575e-01 2.191717046789902201e-01 2.764892916325831229e-01 2.246570174882889792e-01 1.685880995945112648e-01 3.981101754033091952e-03 1.592053128755564415e-02
1.000000000000000000e+00 1.010042752114625664e+01 2.672979632688402551e-01 2.372474821026444858e-01 2.483497286378157920e-01 2.330204611081268251e-01 2.142462901171464096e-01 2.336567068272520642e-01 2.223604257840343934e-01 1.492346177778180183e-01 2.127171165353802240e-01 1.905889188121217548e-01 2.394976779244097631e-01 2.312331119646884037e-01 2.787895671674698872e-01 3.004289078873536578e-01 2.585740115127228567e-01 2.285595274084389616e-01 2.717430528925754429e-01 2.227191573852771445e-01 1.664536401855386816e-01 4.110417899680809777e-03 1.655512463783812005e-02
1.000000000000000000e+00 1.125386448572242770e+01 2.695772150854972016e-01 2.270400983250180083e-01 2.447234719548519177e-01 2.275434604562507901e-01 2.145613730071330716e-01 2.305587856795532076e-01 2.181099187166506970e-01 1.575193938487104983e-01 2.136542687808022922e-01 1.970448597705696525e-01 2.381661148598711031e-01 2.321744781814715497e-01 2.856155039021432418e-01 2.811681571255507106e-01 2.594086602177513856e-01 2.232288151441189916e-01 2.658579093800373383e-01 2.274482224230480187e-01 1.652755583262859040e-01 3.978412070361491554e-03 1.654779917936059427e-02
1.000000000000000000e+00 1.453695268349254555e+01 2.551029247823788926e-01 2.303637986271345472e-01 2.524145779713914961e-01 2.356818329317130756e-01 2.148847836030728653e-01 2.386216500459288903e-01 2.225847856807334213e-01 1.634415624340090356e-01 2.177269068229406856e-01 2.023300505463570820e-01 2.458552675945505084e-01 2.408080198415282203e-01 3.035704451454561137e-01 2.844185260248711655e-01 2.528389985199987477e-01 2.237915445774897039e-01 2.664921232454747213e-01 2.330236879452429744e-01 1.666068189003020172e-01 3.960178160204896186e-03 1.635276070291928618e-02
1.000000000000000000e+00 1.116137347197105534e+01 2.650808017049058329e-01 2.410252711532001324e-01 2.528606452515456682e-01 2.305952023593617617e-01 2.173369953560109202e-01 2.329040694060082461e-01 2.318564784525421474e-01 1.592319968156624410e-01 2.257249873115851346e-01 2.008022725677220122e-01 2.393496697736985090e-01 2.409615477997246735e-01 2.976748518595039306e-01 2.954302307039198827e-01 2.398462551241100360e-01 2.284545845308009193e-01 2.638708293805128169e-01 2.330166823032828738e-01 1.683766109645601361e-01 3.981403101116279090e-03 1.624243889287398795e-02
1.000000000000000000e+00 1.233211398598566433e+01 2.633272535283174287e-01 2.517067318939715803e-01 2.474185230090852339e-01 2.419835305727858765e-01 2.152129908701943539e-01 2.283291010630719986e-01 2.250037893820953094e-01 1.639335313328658672e-01 2.236876838402616086e-01 1.968227480665341866e-01 2.386639379766418434e-01 2.428906620030482633e-01 2.982480213396451751e-01 3.035080571740665922e-01 2.566848342362467172e-01 2.243008606756496937e-01 2.576704829288394838e-01 2.293007344519923385e-01 1.704056809956895902e-01 3.879095170210323205e-03 1.545497833208035916e-02
1.000000000000000000e+00 1.318403025373606852e+01 2.697174548777576120e-01 2.547743741404342455e-01 2.498161070206462719e-01 2.351798189560309615e-01 2.042330102085719301e-01 2.293153041750463084e-01 2.348128234569149264e-01 1.556207893962801014e-01 2.128869259027294791e-01 2.010294315508285579e-01 2.394477717606976475e-01 2.361671323944288248e-01 3.044724084122480967e-01 3.032916898427195918e-01 2.649336395721607063e-01 2.303636188498314197e-01 2.475543762643562795e-01 2.176187900462386859e-01 1.688145231876264918e-01 3.785966114085975026e-03 1.548324046995820311e-02
1.000000000000000000e+00 1.147278169338619058e+01 2.644980993017753135e-01 2.536085271384393991e-01 2.567144958738634131e-01 2.277090240737379423e-01 2.131255051778641607e-01 2.333611813310272065e-01 2.444591428715365833e-01 1.603981926052984730e-01 2.184441740882619443e-01 1.932792788674496109e-01 2.528058395759997246e-01 2.283662271991593884e-01 3.068079768957319708e-01 2.930466824660672986e-01 2.715773400763974998e-01 2.237225706999398100e-01 2.461126049371126501e-01 2.023006663919318660e-01 1.696000186348026184e-01 3.900637201448569399e-03 1.496744606153235096e-02
1.000000000000000000e+00 1.191804479524298621e+01 2.607092704863731014e-01 2.551258888841164141e-01 2.561230452837654492e-01 2.284610880474888250e-01 2.152811011494236704e-01 2.349714012606237967e-01 2.467680854775486654e-01 1.575960676239653580e-01 2.231172297803911408e-01 1.888293209173629583e-01 2.469636692722939897e-01 2.454814948525150808e-01 3.105061644904898999e-01 2.909078246972003901e-01 2.733159436333040260e-01 2.347570255916989479e-01 2.528562187416690810e-01 1.918388042883833744e-01 1.693082217654262589e-01 4.073157291208489607e-03 1.580688691164870360e-02
1.000000000000000000e+00 1.256451937034558952e+01 2.652155720673101125e-01 2.601565809255763639e-01 2.514906618017405115e-01 2.263897289402842794e-01 2.224832420995742910e-01 2.320411304646529116e-01 2.411835329605864775e-01 1.593826200700838580e-01 2.146339029873443327e-01 1.817531302051709208e-01 2.422935788628964859e-01 2.374362932797428327e-01 3.157560545147863329e-01 2.923279437502164235e-01 2.594251347510809214e-01 2.323371444743149439e-01 2.529930945756506677e-01 1.967969440838614470e-01 1.696586803350325079e-01 4.128841055592466676e-03 1.537984231884491348e-02
1.000000000000000000e+00 1.241578985333688934e+01 2.582300071251967255e-01 2.728370861008038717e-01 2.581400222755471097e-01 2.219091375461345050e-01 2.188820014681679138e-01 2.310711634065339970e-01 2.413268824028244330e-01 1.646164987708162997e-01 2.115608891551023218e-01 1.879770441590107866e-01 2.546391455249985558e-01 2.305055396120018474e-01 3.336740740623310164e-01 2.976360567394709111e-01 2.609525900060093995e-01 2.335150358701289786e-01 2.595473572587207456e-01 2.027398897520216181e-01 1.710810565814599171e-01 4.123949017173406811e-03 1.624085587547116280e-02
1.000000000000000000e+00 1.292114965265478155e+01 2.526119365515277493e-01 2.756025883366629570e-01 2.614119631072447381e-01 2.279666123018249668e-01 2.228994889337435892e-01 2.279466790431650958e-01 2.456991499856350236e-01 1.514714958995564686e-01 2.094172874604082468e-01 1.929143000937668107e-01 2.464225806356361848e-01 2.317994740956211830e-01 3.384696387686171315e-01 2.837765399793239496e-01 2.658554245502808278e-01 2.321937119668149307e-01 2.620102379202061682e-01 1.917245305058762339e-01 1.689919920700405365e-01 4.088374083748678653e-03 1.588788316342943166e-02
1.000000000000000000e+00 1.221255737845213751e+01 2.558793363752398520e-01 2.770895735746524702e-01 2.629723863985504173e-01 2.302971848652528297e-01 2.227658430431067038e-01 2.228640507387286973e-01 2.533646222899373912e-01 1.558142092787080657e-01 2.149674709475718481e-01 1.950869604409808666e-01 2.506081421429486866e-01 2.281640311568056134e-01 3.309720393395470528e-01 2.887017610058924544e-01 2.708249807744046445e-01 2.201085029757327005e-01 2.649601330845047231e-01 1.897019260828746723e-01 1.705402753663074200e-01 4.073597919317125012e-03 1.763356294727906615e-02
1.000000000000000000e+00 1.096430366293421699e+01 2.450077606059621604e-01 2.812288875147626599e-01 2.810211124882799893e-01 2.290770327598233014e-01 2.252103349478751237e-01 2.252540323731498928e-01 2.513193864881154704e-01 1.722616379105587070e-01 2.117900257717871271e-01 2.000692287407496994e-01 2.536838562758359505e-01 2.354170773897505675e-01 3.352255406060276055e-01 2.933852334944269669e-01 2.773666081488973534e-01 2.183650528899283016e-01 2.684004382184174697e-01 1.972241869307395923e-01 1.732068810133083614e-01 4.036256793188229726e-03 1.855815850493300334e-02
1.000000000000000000e+00 1.255424656898042457e+01 2.496932489771101493e-01 2.843257722754676253e-01 2.790708442582879312e-01 2.336796669140303873e-01 2.284111683922725178e-01 2.158376374778785411e-01 2.480188229942422995e-01 1.743280925929399927e-01 2.180351494360895370e-01 2.008195415667141381e-01 2.506676454526548525e-01 2.447819608219609644e-01 3.445900171437221715e-01 3.018109240426842810e-01 2.700173254299750858e-01 2.227769989903725656e-01 2.691446657374225726e-01 1.914164329038227641e-01 1.744051798702072886e-01 4.169473920863761909e-03 1.980447443898796303e-02
1.000000000000000000e+00 1.272751821880341616e+01 2.486527121352512248e-01 2.849552698519627891e-01 2.800845760096560833e-01 2.254912221813253070e-01 2.367888123473449458e-01 2.112866285282969936e-01 2.573498550404048624e-01 1.725399840609787294e-01 2.176613598432249885e-01 2.030950982923372394e-01 2.387553550297907001e-01 2.383350637321623722e-01 3.382100805408502775e-01 2.956475973014928704e-01 2.727889691685454476e-01 2.172030079593526564e-01 2.675525967239727465e-01 1.932013497797150370e-01 1.740174783679039050e-01 4.114876660279320753e-03 1.984531935103049996e-02
1.000000000000000000e+00 1.116576590780533174e+01 2.537497430131337439e-01 2.713948628010389164e-01 2.710947740642126735e-01 2.224275594573722481e-01 2.334862767579016229e-01 2.066817612154422945e-01 2.618201280204646153e-01 1.637744217373961475e-01 2.103814045760440121e-01 2.074565344993471450e-01 2.296821919936942735e-01 2.441528173559461834e-01 3.330928246697174022e-01 2.945187009232179687e-01 2.755415494119277664e-01 2.229473236354508614e-01 2.515589186085621098e-01 2.024316775315333217e-01 1.725962653518658407e-01 4.057478183677459306e-03 2.041214461998980267e-02
1.000000000000000000e+00 9.999228790285286550e+00 2.446350153359841406e-01 2.691253960230509112e-01 2.663410347455263394e-01 2.338075050338926930e-01 2.360461547555096906e-01 2.024180702665166476e-01 2.593730600818786591e-01 1.652280230482638113e-01 2.186932369144010402e-01 2.049348979915719959e-01 2.334717734199084627e-01 2.539202356310729658e-01 3.307335172358092934e-01 2.869936133492088093e-01 2.762984390057408590e-01 2.296155121862391846e-01 2.625848177479158663e-01 2.054825428322863967e-01 1.715499881727813591e-01 3.776011325042547256e-03 2.125265721612882089e-02
1.000000000000000000e+00 1.182507835325164081e+01 2.552284487048757100e-01 2.679930793420814972e-01 2.523853587100102214e-01 2.427742063303054976e-01 2.331953241701739954e-01 2.145360055084310769e-01 2.643926789183423387e-01 1.635419082699440529e-01 2.197643016948237216e-01 2.005399536088715018e-01 2.528012968109586978e-01 2.473881287605392276e-01 3.204230130587512604e-01 2.945886515484005819e-01 2.646928964168755449e-01 2.327518991040528895e-01 2.587938133198292578e-01 2.081660940015581385e-01 1.739280196735265294e-01 3.912714807257271742e-03 1.991137593728924474e-02
1.000000000000000000e+00 1.238816510509464663e+01 2.566462623639366725e-01 2.607066610482875468e-01 2.718215273863338610e-01 2.434523521276850122e-01 2.207203579807861249e-01 2.119360745174529714e-01 2.677570265536997618e-01 1.600514836283903064e-01 2.177824483035433190e-01 2.008818368884000005e-01 2.437788958024118546e-01 2.319574638437757186e-01 3.285014162777080693e-01 3.068512066330772448e-01 2.699980658494322561e-01 2.311749424128917429e-01 2.531833332854541152e-01 2.063997434293602107e-01 1.717610555994016908e-01 3.798626270384460740e-03 1.983770133848145045e-02
1.000000000000000000e+00 1.070920211839898961e+01 2.574500070650471706e-01 2.564926663189026623e-01 2.749505423560938966e-01 2.464408896236973123e-01 2.237795331049760028e-01 2.133404183472029925e-01 2.728117160797127183e-01 1.506471104096045177e-01 2.190849317224450310e-01 2.109434959917238228e-01 2.496071254184752952e-01 2.427740927772537027e-01 3.350854700969133626e-01 2.951938945533050251e-01 2.692475689843555897e-01 2.329847182845282694e-01 2.594098846516932899e-01 2.122083853683507659e-01 1.749280169364699489e-01 3.697627420819661441e-03 1.880439638594888843e-02
1.000000000000000000e+00 9.641344719935910135e+00 2.610572293531699395e-01 2.568306601817546553e-01 2.649706993440625880e-01 2.493750913962211324e-01 2.298912597021894044e-01 2.059208091420670628e-01 2.639581159167559976e-01 1.505711676034570401e-01 2.161626401071009840e-01 2.049182122019691521e-01 2.580058059108157886e-01 2.482138925464031920e-01 3.336442776838152158e-01 2.933993101467201048e-01 2.690113652196913230e-01 2.320247459040764570e-01 2.517980647833563679e-01 2.162688475985074521e-01 1.746376117940012240e-01 3.808797235302757798e-03 2.065621300471908589e-02
1.000000000000000000e+00 1.074246407877823195e+01 2.599546248533305959e-01 2.678646529192210135e-01 2.488949508904500507e-01 2.446100317140147973e-01 2.427151244658894425e-01 1.952338835759451774e-01 2.668192525536498549e-01 1.537906978125205271e-01 2.133682765528445713e-01 2.126162097579989141e-01 2.609061849231991692e-01 2.305110989543298072e-01 3.283664180456728476e-01 2.952388242894062875e-01 2.662581426619828884e-01 2.309529024002549280e-01 2.428703292239673683e-01 2.176536349023580896e-01 1.718552832649317963e-01 3.866153735537730760e-03 2.117634715686194866e-02
1.000000000000000000e+00 1.185640879641311152e+01 2.544668209839560102e-01 2.801960001538660316e-01 2.424370825686701925e-01 2.497265541842356162e-01 2.329494958927625092e-01 1.992943785969684134e-01 2.627029866153962612e-01 1.610841890821032019e-01 2.150804663425561203e-01 2.099603167856108066e-01 2.722897709761126217e-01 2.169228078425731454e-01 3.276145386959642969e-01 3.075396967924334812e-01 2.770227364049864804e-01 2.338248779743835881e-01 2.572590632080973272e-01 2.006567718751523788e-01 1.745331396019497439e-01 3.841891451000214661e-03 2.056594115739257198e-02
1.000000000000000000e+00 1.176950049232359063e+01 2.689185548541230819e-01 2.765422564329165223e-01 2.410792845244247307e-01 2.533415202858024795e-01 2.336400070975913068e-01 2.004737912358980079e-01 2.454577894547111117e-01 1.640318506418941835e-01 2.214631684989968874e-01 2.039421253558347524e-01 2.628894627683219798e-01 2.219847058666686856e-01 3.326239369635156651e-01 3.125775189719932068e-01 2.702562703645733366e-01 2.312105610142717593e-01 2.541386584747970523e-01 2.049597114250957253e-01 1.764880957772308745e-01 3.828166842400283678e-03 2.052766806078869244e-02
1.000000000000000000e+00 9.027239873778871271e+00 2.566571905063064762e-01 2.765256348094307093e-01 2.343813566664901260e-01 2.543852540436515319e-01 2.395818105542733001e-01 2.083347990261817662e-01 2.427977581982323774e-01 1.764548620637977905e-01 2.174607243806394308e-01 2.091071257967356545e-01 2.747544437985995902e-01 2.235883448894164793e-01 3.229493305789141733e-01 3.159432750111581534e-01 2.745739281906142693e-01 2.209969773276350968e-01 2.555424268777452546e-01 2.034864548704213294e-01 1.748652201513967996e-01 3.689506662403055966e-03 1.960627602302392539e-02
1.000000000000000000e+00 9.442268029168213062e+00 2.659698194702447283e-01 2.706975416540730039e-01 2.437087413154232496e-01 2.622294753051686023e-01 2.399473944407417847e-01 2.108287518160181784e-01 2.483102432026924877e-01 1.805464006373474206e-01 2.068659011617897392e-01 2.091621271932363468e-01 2.790601875542630950e-01 2.322264758903536397e-01 3.259981663019934639e-01 3.144872791601393547e-01 2.949762080351225890e-01 2.343222116817612333e-01 2.528534835094257138e-01 2.098677372294371901e-01 1.765945829975357761e-01 3.518216593232179751e-03 1.941919683174673714e-02
1.000000000000000000e+00 8.578920477999950833e+00 2.706254723254862271e-01 2.746019982726159436e-01 2.282179692145921424e-01 2.612455726229228059e-01 2.420750008823019384e-01 2.099660915028915553e-01 2.379310359579567546e-01 1.864045324388421410e-01 2.049008369438497512e-01 2.048761642031340924e-01 2.687003979631030215e-01 2.226067350027423619e-01 3.369614774123701473e-01 3.012416924989007594e-01 2.813776684720660226e-01 2.342112518068278082e-01 2.587346220428120569e-01 1.995785823391975355e-01 1.737211716565130182e-01 3.414407202069739359e-03 1.907913116426003183e-02
1.000000000000000000e+00 7.769318096240403371e+00 2.615808358865495120e-01 2.612312372985514108e-01 2.260183456536521418e-01 2.663771030913155147e-01 2.414824354467800249e-01 1.964407874945790777e-01 2.344503901000151713e-01 1.828903847220745005e-01 2.021516466985595062e-01 2.052655451741791925e-01 2.423452724476666820e-01 2.247172811864786846e-01 3.337108760014403930e-01 3.150233763459766578e-01 2.646310451719257606e-01 2.323254951771172860e-01 2.693977250804751589e-01 2.034649742033376174e-01 1.722743407350355860e-01 3.470806576122647744e-03 1.757730437118444622e-02
1.000000000000000000e+00 1.049925529039382077e+01 2.669085647502565939e-01 2.739506984994036221e-01 2.175081095765702133e-01 2.647662691236643551e-01 2.464420275030634877e-01 1.997373381240599710e-01 2.302026153479060921e-01 1.856612816385053433e-01 2.029330553631251977e-01 2.074755809493484260e-01 2.480889458738353148e-01 2.336271182358582166e-01 3.219733993755833357e-01 3.249247292078150107e-01 2.766893839843817537e-01 2.314665586803851260e-01 2.707978486406910079e-01 1.950574331442857523e-01 1.733115988672962460e-01 3.482158797962858938e-03 1.720628843322489013e-02
1.000000000000000000e+00 1.480565900619780173e+01 2.754880574530442772e-01 2.803593145196909275e-01 2.095871123850441553e-01 2.569004642439471353e-01 2.441476728934093010e-01 1.950935049371174401e-01 2.351542826974772349e-01 1.756649755222816078e-01 2.087174834032946846e-01 2.163873479091589225e-01 2.523343823625941451e-01 2.238662483993620056e-01 3.246424337691435347e-01 3.337489637177162294e-01 2.771186962642390728e-01 2.230530219166510508e-01 2.758666271566144190e-01 1.959796908770187751e-01 1.742638883110081693e-01 3.755452412384443703e-03 1.697548591701554879e-02
1.000000000000000000e+00 1.258173454948903647e+01 2.648380142291618111e-01 2.799608156335155473e-01 2.266063922321273905e-01 2.675553917996851827e-01 2.581999324456277778e-01 1.854167779578725639e-01 2.413571096463959786e-01 1.878642484160956694e-01 2.045818177859886067e-01 2.162322711451791779e-01 2.496422424860560429e-01 2.352860053872251056e-01 3.167025740278515689e-01 3.398217045802420233e-01 2.605069087097733327e-01 2.211747752124339217e-01 2.831576607854184857e-01 2.050731663492386114e-01 1.739230890525356732e-01 3.768403551908806881e-03 1.677887299185677750e-02
1.000000000000000000e+00 1.037960939205756894e+01 2.510055627306002624e-01 2.797835087300848400e-01 2.322822486668570940e-01 2.599573379752636026e-01 2.561642050399609571e-01 1.964493994559574352e-01 2.435569664906760412e-01 1.892752025785634229e-01 1.985814254233456977e-01 2.102434039251958597e-01 2.381850290355765898e-01 2.386097437435549251e-01 3.088108010365794298e-01 3.304973322221521070e-01 2.463484419280000948e-01 2.152023410005828863e-01 2.788058958386528396e-01 2.040226721622488415e-01 1.731029971307041504e-01 3.745596743980294813e-03 1.629737968203580703e-02
1.000000000000000000e+00 9.453989212466156644e+00 2.499383747678091128e-01 2.853080104450618215e-01 2.240729239146060647e-01 2.644721257892150845e-01 2.444288902796313279e-01 1.948357225964945094e-01 2.435271939379067552e-01 1.920365830096328608e-01 1.994170750818217708e-01 2.140596787210254093e-01 2.318191148668170276e-01 2.359499054760383074e-01 3.292303214548176205e-01 3.239903700835625178e-01 2.472499217076233602e-01 2.128020983467676930e-01 2.855871834355946381e-01 2.026764414853231278e-01 1.730930841790830621e-01 3.623071160117052707e-03 1.597737692669176299e-02
1.000000000000000000e+00 1.163343975318593237e+01 2.525366803234517232e-01 3.007213854172794965e-01 2.172557420007246720e-01 2.680605332687039932e-01 2.420585394605633267e-01 2.045075361354372900e-01 2.559836257033026863e-01 1.853606065261199087e-01 1.913883459984013213e-01 2.188910188155313297e-01 2.370108429879820011e-01 2.376308227281680174e-01 3.139280795206342844e-01 3.315959975478419697e-01 2.589007961214616627e-01 2.117032276699959692e-01 2.930964862940704796e-01 2.127473242408173537e-01 1.751599801385994859e-01 3.506421776894366564e-03 1.703993289459490579e-02
1.000000000000000000e+00 1.004004799077064014e+01 2.586622371882291715e-01 2.864876055549000489e-01 2.289657506241087326e-01 2.699758422011553360e-01 2.349273971281739815e-01 2.032660526775426357e-01 2.613085908740520602e-01 1.751707548172385942e-01 1.997434242906317436e-01 2.273611854243500208e-01 2.443264113480750899e-01 2.495765364238818895e-01 3.044702202620056530e-01 3.325474698397406503e-01 2.740735432045731668e-01 2.094422183791139203e-01 2.820117995732957517e-01 2.115747189229356118e-01 1.763479997827911983e-01 3.360141765470575463e-03 1.633580911725214524e-02
1.000000000000000000e+00 1.166003050208506941e+01 2.531185830979454376e-01 2.863907048026688162e-01 2.208626499371733609e-01 2.652032971746424161e-01 2.449233912819924752e-01 1.885416024574477489e-01 2.695498020229693537e-01 1.710728815829765104e-01 2.080642168549476090e-01 2.226007201215124409e-01 2.390185365320312283e-01 2.457790436706499548e-01 2.934956487079405374e-01 3.325211671109874478e-01 2.678933498161954474e-01 2.187154643193405523e-01 2.791838141245742144e-01 1.979748444041767585e-01 1.729662054561845741e-01 3.327051934091822694e-03 1.693984010947292493e-02
1.000000000000000000e+00 9.980210910952008518e+00 2.503760208157266853e-01 2.961811568099489422e-01 2.281806679653647085e-01 2.600868810595886038e-01 2.340772548203704784e-01 1.907587668765430011e-01 2.631048471213150997e-01 1.777621641253377682e-01 1.981999270145421432e-01 2.290357880320618156e-01 2.315698492084869442e-01 2.522788684447507812e-01 3.037892023090811300e-01 3.230102389057410983e-01 2.677065171893165951e-01 2.168390575442676882e-01 2.845623092480824567e-01 1.989864178164051645e-01 1.748300534051342170e-01 3.071999846635762102e-03 1.670688932445905939e-02
1.000000000000000000e+00 1.020989674531262814e+01 2.481001104367524246e-01 3.004102010804609035e-01 2.265551306882911120e-01 2.565286158287705676e-01 2.183077003886993717e-01 2.031690251574702344e-01 2.623519222700750886e-01 1.544959837545107906e-01 1.946480941294384259e-01 2.286315424436635435e-01 2.329309125662144264e-01 2.404547169319016242e-01 2.929408274438483062e-01 3.229573641630547609e-01 2.701740317054974194e-01 2.179988341702290833e-01 2.907230352785265537e-01 2.047413456579086355e-01 1.743476401504057138e-01 3.111502868900753362e-03 1.715159891440330361e-02
1.000000000000000000e+00 1.432146153502026031e+01 2.497777385843853171e-01 2.992065807745044603e-01 2.267107272275462326e-01 2.569300655246405940e-01 2.174671817478107116e-01 2.023574968964169385e-01 2.649853626671770379e-01 1.480310662869430138e-01 1.892643566013155476e-01 2.324854480792832856e-01 2.399581244713696881e-01 2.354308861094674410e-01 2.982729667570264143e-01 3.234932636445758680e-01 2.705667551940226234e-01 2.234457531672847108e-01 2.786626547744741611e-01 2.097013603021428696e-01 1.737376945304155984e-01 3.085635754938927111e-03 1.575602691315430848e-02
1.000000000000000000e+00 1.856361146007614238e+01 2.626329104544402604e-01 2.987377222053207437e-01 2.224905619689944158e-01 2.556059853309257113e-01 2.184995302679038354e-01 2.142731586860676385e-01 2.741229249352299946e-01 1.518587452422266448e-01 1.953610254097476462e-01 2.378070595185889646e-01 2.494994403912149383e-01 2.354733125383083880e-01 3.052520617903163869e-01 3.335130182187827086e-01 2.563126566946106188e-01 2.220020759776247243e-01 2.817395130308855133e-01 2.111142771975856591e-01 1.745849035179302677e-01 2.946480002527209797e-03 1.554917435581394843e-02
1.000000000000000000e+00 1.648617238335368640e+01 2.685409105666295426e-01 3.032312402808530760e-01 2.368919493485758809e-01 2.521532089449559089e-01 2.262427794737645603e-01 2.112672691784473755e-01 2.828179205957626063e-01 1.584997478735975518e-01 2.111258593724875121e-01 2.389236931823727483e-01 2.426555720316344866e-01 2.259199810627881555e-01 3.188498827247900347e-01 3.390864680242836049e-01 2.678665125986530171e-01 2.405912823795196553e-01 2.878989844476962379e-01 2.171838270013669026e-01 1.786260874884593730e-01 2.899825239883688840e-03 1.348612336193036332e-02
1.000000000000000000e+00 1.730020333071713168e+01 2.534849016846433267e-01 3.029934209027599912e-01 2.321208579954432694e-01 2.513360000198048838e-01 2.302270770983817494e-01 2.034997051390260159e-01 2.850689977185260626e-01 1.716810123873382110e-01 2.016772835647383522e-01 2.382059247793309187e-01 2.387712349335628648e-01 2.303319174074890119e-01 3.202805996748168127e-01 3.451750658507223291e-01 2.624562550854764309e-01 2.356009445966303073e-01 2.805784543351443894e-01 2.268550773513218766e-01 1.766627972938346058e-01 2.819986581362128163e-03 1.305855253951637880e-02
