0.25
0.26
0.28
0.29
0.31
0.33
0.36
0.38
0.4
0.43
0.46
0.49
0.51
0.54
0.57
0.59
0.62
0.64
0.67
0.69
0.72
0.73
0.76
0.79
0.82
0.88
0.91
0.94
0.97
1.0
1.03
1.06
1.08
1.1
1.1
1.11
1.12
1.12
1.13
1.14
1.15
1.16
1.17
1.19
1.2
1.22
1.23
1.24
1.25
1.26
1.27
1.27
1.27
1.26
1.25
1.23
1.21
1.18
1.16
1.13
1.1
1.07
1.06
1.02
0.99
0.97
0.96
0.95
0.94
0.94
0.94
0.95
0.95
0.96
0.97
0.97
0.98
0.99
0.99
1.0
1.01
1.02
1.03
1.07
1.1
1.13
1.17
1.23
1.3
1.38
1.47
1.57
1.67
1.77
1.87
1.96
2.04
2.11
2.15
2.19
2.2
2.2
2.19
2.17
2.14
2.11
2.09
2.06
2.04
2.02
2.01
2.0
1.99
1.99
1.98
1.97
1.96
1.94
1.92
1.87
1.84
1.81
1.78
