2232.1794169389314,0.5079676112912941,0.16692907166375504,0.00022259587386490063,0.08222374070600871
110.53675773134579,0.6780423684631811,0.27285852414134365,0.0030072689358801572,0.008314943851256322
24.579220363160786,0.5391800400184036,0.22110077345631388,0.003249741420530843,0.0010527199777111036
10.982995259041894,0.5289053795279156,0.15976358000525542,0.004744644885055951,0.024336958413158194
5.558978873884659,0.48248167697731303,0.14285987897584868,0.0034914564176491115,0.03697687516604804
4.058324779036928,0.47541225853241337,0.15270939475736428,0.003828314650501592,0.054390225089551894
2.0815317179312456,0.4980004816943544,0.15984119681599498,0.004596512682115163,0.04460567190532847
2.161490207768839,0.5101535678117826,0.1687866646577815,0.005414697076290674,0.036792839539477484
2.8631977162443274,0.48318908221720897,0.15350918122829435,0.005113963162940656,0.03482722490783349
3.5695199374300577,0.5221456972106886,0.1821835797189662,0.005704661009435605,0.03563714709581339
4.248671510042965,0.4969339521745437,0.15566278328434963,0.0050390893899841735,0.053724460454237656
4.711424840270491,0.47972017541101986,0.1566411764215702,0.004865479029385481,0.05951378618949071
6.37233875072096,0.5071587311469735,0.1820234062706878,0.006430003601734876,0.041174289017753794
2.301504536895516,0.4926560277714873,0.1562548605251473,0.005932216510891513,0.02465263261790312
1.4280572740020816,0.50443577754367,0.16195798265103553,0.004301036850329657,0.019494674614209274
1.7535414010712331,0.504761654584445,0.17579209665764964,0.002573890652877286,0.002469882386622095
1.1458417725743137,0.4932698291195992,0.15906264198055547,0.003615129194520021,0.013749375039481466
2.5830677732635388,0.49444692146546615,0.16689575950114588,0.005313592584467979,0.003487780630919283
2.471366166182909,0.5061212581859306,0.16144539189068413,0.006102406537154407,0.018369981200147267
3.151832800667529,0.5024176528960288,0.16674836949455113,0.007416823703876063,0.02627372943099237
1.6456802458560391,0.5096663906415996,0.174670099581838,0.005510115960613657,0.018701644114160632
1.7595226294391266,0.49984373620051636,0.16135181557588846,0.0017475567337924013,0.0209119976680556
1.4710283000204196,0.504794681627471,0.17520056706234963,0.001521858063834572,0.0287063814561876
1.6788182723879432,0.5049106744318747,0.1765687320906926,0.003955704067987978,0.02642982381754061
2.243194800311581,0.4939140186208037,0.1600731359102872,0.005688527676192306,0.03583965963618582
1.3812975654461446,0.5069758000081611,0.17455559921658118,0.004151639957421936,0.03893838202897535
2.596763321965345,0.4911742835576986,0.15708373590536273,0.004879422177967324,0.04622493341095851
4.465410828245834,0.4782798158036861,0.14694422459627995,0.002692597704902618,0.06310826571394436
5.535418677852289,0.47747340920422515,0.16344181483704065,0.003851699323711307,0.0573400731430351
6.59749073865241,0.48685873801140195,0.17602900191944074,0.0018046095361879634,0.06350438672518452
6.185559899197982,0.5006004136657932,0.1846026268773855,0.0019091607872112877,0.07330883144520922
6.39255402134344,0.5042492123563138,0.18721244617087168,0.001560648798960034,0.08250088740242563
3.14855873357375,0.4881262839473655,0.16778437953227396,0.0001118444260587402,0.08987568512819996
2.901547805096887,0.4955198438746116,0.15589076322079345,0.0014204235307628745,0.06363586762046942
7.897926496223954,0.48849616484766867,0.14296097083561196,0.0010629051276007813,0.04523028318791808
6.082156077301009,0.5229747841632305,0.19484387872408043,0.0007202951065216636,0.047485709703280435
5.100063586152411,0.4750117031151171,0.1440172205889848,0.0029278870782743203,0.04067366877017491
2.8090720665144215,0.4810218563530001,0.16189810738866733,0.002909598737116426,0.04097046450607357
5.541050191476446,0.5167635322477815,0.16175419716100364,0.0024536815795233274,0.05206257331036076
3.2557890879064546,0.47988416670993744,0.15305611918842782,0.0011904905722194927,0.05260022056907544
2.8477115942594597,0.5221101165855017,0.18481905786223427,0.0036620042043787604,0.04260502217418107
1.3909239901939505,0.5095630591789753,0.168359605701677,0.0025839188871837997,0.04265514269251954
1.7371036320388704,0.4946114785188583,0.15943356728169938,0.0016639789364392096,0.02048747076620242
2.5068800959018422,0.48514900929199856,0.15584155992882906,0.0015196864718732652,0.006595235136652534
1.097848345443471,0.49967540271366534,0.16772095093141975,0.002764018764345358,0.002736749307037047
1.2215117707840486,0.5037908791735763,0.16817892804703188,0.0019077988402966522,0.008199060758684276
1.1177174270067665,0.502603270322272,0.16714662588343726,0.0018716949146818484,0.016079965945833122
1.0010847186533136,0.5110604821225745,0.17277353546432103,0.0031627181437419863,0.016655339173152
1.2362087488771232,0.494538358859944,0.16682089255956753,0.0014856354711467379,0.04492754344430751
0.9569973558165782,0.499330785920235,0.17066984921125528,0.0025238693607663775,0.04259778023230742
1.125376507538353,0.4915468028063833,0.16516137138718795,0.0032318418216832527,0.03470476154600982
0.9502222839138884,0.4940647118459486,0.16666183501707119,0.0026690529828391645,0.03564366097063441
3.1028807156872844,0.47868329118152597,0.15160243987497551,0.003650380211169319,0.043329373940946804
2.2809087647780117,0.5106781662759319,0.1699728500468565,0.003936601758012907,0.05820959282040024
2.242283245863,0.4965304280032321,0.17026103860268962,0.004079158059841298,0.05430103597621693
1.785453252177121,0.503983955365641,0.16267013776408715,0.0040226691488782634,0.04364326479495522
2.1570485073707237,0.5123862269023327,0.17802304138405892,0.004593047269730499,0.041806558802011666
5.141179982738469,0.5240564505316361,0.19336507218817342,0.003185252810569217,0.019543663135566238
5.575737678234959,0.5306068117068763,0.17585926755376582,0.002145845868360562,0.019968798375155153
3.217174249407327,0.5242983034409671,0.1807471563176881,0.0017541912427909436,0.01096066404717594
3.819153605453089,0.5031644413660906,0.15746350930795058,0.006335739877769276,0.006793778619088989
3.7933465895737886,0.4799043827928161,0.14668418817641232,0.00433027809972196,0.022173916650122902
4.155264772510736,0.4827942559139454,0.1477068512506268,0.003929590560706521,0.0023133352254776085
6.29502713227828,0.5039653519641766,0.18210126118228034,0.005417277481524234,0.002742654444203748
6.0713985086166415,0.49400317978656505,0.17596455565779678,0.005714488957339273,0.011926435609173315
4.822659663060741,0.48105300290531794,0.15868277038508238,0.00693266601451558,0.014201708419908872
5.493380232800875,0.5300206008005713,0.17676413305966115,0.006924494649163544,0.023453635590987957
3.0148129078927175,0.48417279408250213,0.15592566109107786,0.00540638532592084,0.006284922380772353
0.8918634232459974,0.5056107490736854,0.16755890176445032,0.003624711935652471,0.011444640431023976
2.025066802013334,0.4915257970405666,0.15709963033026939,0.0017305506763728839,0.016716174060045164
1.149282898313506,0.49719086000452994,0.16092643121640748,0.004343530674367484,0.011439537817036733
3.3650022053943403,0.5100934244504651,0.16426829781314486,0.0064884439969664,0.03017888987607703
3.5535334189715253,0.5102462265668097,0.16238775792831484,0.006753718946655268,0.021749835431328378
3.876561854092813,0.5062052885764814,0.17543976598258923,0.0063077412949676375,0.040659699129284854
2.4190359575355567,0.5024434356733735,0.17324410308697435,0.005477800181110873,0.03550163778700799
2.1371854310858045,0.511539700021698,0.16781580517035977,0.0020012694793547416,0.01644901706038441
2.1765623033805714,0.4901910726093953,0.15480127882568648,0.0021941427692876722,0.018255887114198722
1.9875232225639945,0.4999488868172388,0.15823932048496805,0.00268647684434961,0.02007124651261612
0.9357911990811456,0.5077212780414617,0.1746108586219256,0.002997425787237944,0.02213685240502857
2.3463027853611393,0.5223793013090234,0.17931028443139477,0.004405329624416119,0.011897164779149245
0.8917710401720049,0.4954487266680584,0.16280603428352453,0.003983123760025896,0.012855949924362889
1.9392781866328173,0.4959548370475486,0.16273352977961536,0.00460447864575375,0.0004023363071321874
4.409022778249207,0.5299888927676687,0.18810598636863698,0.0038092069753609364,0.0003763819837454829
5.802521736517904,0.46957951151594485,0.1463629702387359,0.0018602773876474643,0.001922330214940855
4.954437904707038,0.5041367409796432,0.18441292372865845,0.0008612070407572826,0.008819151077904092
3.534243286910714,0.507332677269567,0.16527571927605939,0.00037002469688528477,0.003097919882263626
3.7178575893554604,0.48291612217778096,0.16591702078927018,0.0023475558761436176,0.00017190069207892022
2.3169234849648834,0.5063701706261676,0.1801238816616606,0.002361431513922984,0.02265459156209765
2.080993949998229,0.4839062318911131,0.15397261458012035,0.0031882679699253226,0.015186567054427409
3.2190942871388017,0.5188438404824006,0.16825014301087773,0.003047629176933286,0.02062671251998767
1.1619906265965991,0.5092177890167403,0.17181456533034267,0.002103967788923837,0.021166065928506426
1.7828928363208376,0.48620525178508117,0.1555014731949112,0.004172399087179202,0.030670504516328766
2.305055093884782,0.5065393118150668,0.16322272231939508,0.005603874716728621,0.03144099704857668
3.2166437529311187,0.48861791821110373,0.15325322167444783,0.006351994526145395,0.02603237086172856
3.0502118151604933,0.5239914672169736,0.18448105101215534,0.005138207750025198,0.022482187217786824
1.5947602262472584,0.49797321461653,0.16903674247132014,0.0008337946033052344,0.03584060545180259
1.3600526428687592,0.5060771033410101,0.16541323553311596,0.0023920622884967078,0.03534962224886647
3.1448888241127295,0.48057990821689883,0.15295660980248413,0.001294153359662182,0.05341403849538961
2.5117406281619035,0.505015695674217,0.18010483494983398,0.001971230269441811,0.04607517917098848
3.6354177388558644,0.5272085709781479,0.184967454676907,0.0015010783687009423,0.04715425568904728
1.1787814872803009,0.4934264270172888,0.16649936067229829,0.002127072485463629,0.05617106388640282
3.2897736862636453,0.5146403522690767,0.18340387842856526,0.00034466431994046426,0.04531289372847744
6.589213157031123,0.4709542261441003,0.14351434531095983,0.0011314968177117161,0.03636062561099966
5.541005875885832,0.5341556260235883,0.1813011518640394,0.0030128383946954208,0.05435311780115751
2.9395048770551195,0.5243752130434879,0.1835782977024666,0.0020666654836205235,0.05415458381842162
1.2057892759381612,0.49609832448771113,0.16341873488700986,0.003821356186219439,0.046849980306322765
0.8030696815400427,0.49853977026712776,0.16499029919405866,0.002769982378565178,0.044891870756786065
2.2993120302355607,0.5209126068427123,0.18275940327309806,0.004139740774308382,0.017295374467883623
1.313433421862942,0.5129835564053095,0.172707401743737,0.003768874725133981,0.010100709462974495
1.4850971472001147,0.5119706873389671,0.1715232538972718,0.002251231971148085,0.015911505155003555
1.6422319374634804,0.5013635475028472,0.15982949575911512,0.0034268389364179377,0.012820179081795712
2.0003787005803075,0.49864758919638347,0.17101345733931084,0.005439004091733396,0.020360530980761286
2.292929123708021,0.5026137124455636,0.16221094815992168,0.004890032488523685,0.04386534037785774
1.398071675523476,0.4938243761718946,0.1682439253423478,0.00359197759232949,0.037664899624414216
1.0999276456012168,0.48918174733744785,0.16044335543586,0.0034019354947596074,0.02319014520544306
1.9818443850276373,0.4977689783505107,0.17305936303020708,0.0016426660885155747,0.005923634469773353
3.8631551393407273,0.48587405480708146,0.15006557920162827,0.001568458112650708,0.010866673897836451
2.4127081595691973,0.5209302039400299,0.17762583953577996,0.003237082678921757,0.004776793936229003
2.6330513443361423,0.49668931991294396,0.15700476688374793,0.001845033848030451,0.00483088436239692
4.0425434643372755,0.5208614960114684,0.1706298523317383,0.0019349429620276553,0.007703567817520679
2.8450684620757194,0.4801610075875423,0.15824422780721903,0.003036417838668915,0.0047902408717993925
3.1928148963539074,0.5054109376520225,0.18031490361198232,0.003499612377455642,0.005316429564648405
1.9484297036548286,0.49286554179750597,0.1551451408397321,0.002749415847571659,0.025866689215409085
1.979550325284232,0.5134854563499507,0.1805411248573655,0.003982713861516543,0.03448949729111936
1.3221456693325293,0.5038303156523931,0.1623569524661368,0.003601624959419872,0.03031677060525036
2.222816831208611,0.504086413238523,0.16356381267791695,0.005118811584400475,0.04120940511785923
2.5186188231917956,0.5035510247293569,0.17920527739912956,0.0029221597589646838,0.02943274700558879
4.840482622011523,0.4879844501347147,0.14573756985392525,0.004148505436118782,0.03608439634305688
3.8845697714619947,0.5301144028491197,0.18394457551937848,0.0038404097691315054,0.043150766189946094
1.7480842030856916,0.5088885721113617,0.1691600879053213,0.001419966529047685,0.040547030297104145
0.6829548722323544,0.4990943171446888,0.1652563756821019,0.0026670659997103403,0.02608720598503211
3.0681176644360146,0.5246047161706039,0.18176944903510173,0.005499974093472774,0.012956984286738363
5.534530336354639,0.5328044967019545,0.195400639181275,0.003878331909699118,0.01729935781185241
2.709915688363658,0.5090835039835823,0.16301932465779778,0.006163393385161355,0.022125251792579823
2.4634709438940723,0.501897424993226,0.17237835014724187,0.006172912984598838,0.016394487780801548
2.506527258869013,0.48516131830439146,0.16315105085828355,0.004627608416230444,0.026130022573961634
4.640561519410601,0.5302680133660467,0.1770885687305373,0.0055705335358453515,0.025072093810021595
6.036299121350323,0.5348615652636505,0.1768723867203198,0.0052191251013975525,0.01954704594658561
4.187209592578217,0.5157602288181068,0.16200963652924716,0.003734944705294205,0.015975710189106304
5.209208497752828,0.48760009608859683,0.14758573185933568,0.0013069813078295293,0.014978818268751137
2.735932025972086,0.4902570022864064,0.16822033090301342,0.0003446970991586929,0.006023571760197598
2.213865090561607,0.48940945451539236,0.16522820914302394,0.0007883050666668229,0.0106384805356293
2.1812584841466682,0.5085722591463784,0.1639142015254534,0.0025539613339371045,0.012145689478441274
1.717182258580609,0.5148460089083237,0.16992028404444778,0.003391087832897089,0.02235275431007245
1.0531283943277547,0.5050778758270102,0.17341924993909089,0.0025223941165705564,0.013237513122476771
3.27760344215869,0.4941517595165492,0.17474323417821822,0.003163759784198531,0.01977916999981998
2.6323143267349036,0.48489178460355337,0.16071031296977203,0.005319444080139403,0.014831197602736759
3.6716160929296704,0.4773745924398627,0.15910646570006032,0.003986886390722408,0.0360836520019012
2.7947903810190216,0.4866626380646111,0.1519504218508803,0.00208353831453811,0.04072698805993695
3.6103647634314293,0.5258932081495274,0.17646723415754206,0.0029876127197646903,0.04557952496750411
5.5361779121665045,0.5073071557584955,0.18594857843482404,0.003325316481686544,0.06251455973348133
4.223951995890031,0.49539923223234084,0.15519781422825019,0.0003797633614795815,0.08402341838415822
2.0258027337251256,0.492884613991376,0.15957428869513804,0.0010364826329140463,0.08544126390519577
2.3140901703922756,0.4907806781892966,0.15747947974818893,0.001056195171203393,0.0670439675688886
2.3094031953027434,0.4964444405384791,0.17124997193370542,0.00029318658065452747,0.0602632445235951
2.0969688235938055,0.5014226321569699,0.1614849721103868,0.0022310555782717157,0.07573453437487761
3.792206555945115,0.5083604318291769,0.1831822776269065,0.0031624462923358814,0.06510219966641251
3.3584484679053164,0.5207651600008012,0.18499640192743813,0.0031508544963250984,0.06771312000578227
2.7142401933438958,0.4922654053509563,0.15318954429328385,0.0028480235974825442,0.04857548488648436
1.4801459915980313,0.49836725669739634,0.1725022846727348,0.0019042942160067927,0.05724543934724853
3.9344427047038284,0.5202088471034525,0.18802036066238256,0.0006740474504270046,0.057932592334776975
5.571714405289424,0.46903652587332967,0.15467964468320197,0.0010762174257231225,0.08509275767237615
5.279172507289834,0.5093382986821983,0.18786224605251345,0.0016747398930280475,0.10249559984751924
1.475492858542367,0.4998290527982538,0.16825542013902012,0.0008708051891800459,0.10913989292875834
2.178334759754082,0.5034866938611947,0.16445263567339594,0.0009411327447589645,0.07985374917379823
3.814938333962671,0.5049663152260154,0.15861213253360731,0.0019811118660676315,0.08409231323553137
1.2989955596679008,0.501296884015722,0.1680628099990105,0.0027810966573132766,0.0701654288470569
3.1874065191878307,0.4958444112457919,0.16117815989189455,0.004087195983329295,0.07303574554096254
5.26204066791399,0.49188912450813177,0.15272394269058517,0.00417360548944964,0.0751332692555951
4.741533401261163,0.5148293282264698,0.18073355102577862,0.0053603149059252755,0.057680822579749796
5.708817218178951,0.475301580133155,0.1507166733486719,0.005954808620950384,0.04337418021744199
1.6167212739715355,0.5128560362597481,0.1764440344186994,0.005051130748487368,0.02560696824537329
1.5923177327608045,0.5039256066966846,0.16996113478777744,0.00589722189048127,0.022175013002267586
2.272218906410558,0.5129022053468364,0.1720846078325268,0.005791854391292624,0.032774476409758065
1.1341263170767257,0.4959167160298555,0.16185269575296948,0.0033732890291924985,0.046996136980648806
2.321639373635041,0.48438426899409004,0.15605317021165238,0.003457844133792524,0.05439647547214199
1.16996352420104,0.49453346812283794,0.166990700946189,0.002369418592790491,0.06005378677797611
1.1781583450459523,0.5000390073076364,0.16458917234616152,0.004196071047280129,0.04193941243257729
1.8363663598171822,0.4927280308043388,0.16444458388609598,0.0007728240979848339,0.027110958886623765
3.3588136110673537,0.49971193458773017,0.15557440773632808,0.0019079252839627428,0.05070468316788242
4.016738520187467,0.4922312202553593,0.14849220543083413,0.003984803803737153,0.030823713529756745
4.788354495604931,0.4922117892973341,0.15058977297262172,0.006630369615319218,0.030872098092862656
3.516381225149399,0.5263971802186236,0.18327108262832606,0.004702373766960457,0.03965655838468447
2.0468147406989763,0.518217868528862,0.1756201007204818,0.0035216898051750782,0.045265232402602086
1.814528314819779,0.5158642450421005,0.1738774051730168,0.003386194759646061,0.04663156156024512
2.511745550156744,0.5139039411094186,0.1800546624086752,0.005023434013872443,0.03516610695503873
3.6681845418927788,0.517069314837667,0.17056515261653116,0.005589934898144594,0.04155433201715982
3.9826403307897174,0.5043672126443188,0.15631817914150348,0.004322168326864801,0.04432551914858638
3.477008773281664,0.5244150223182823,0.18740820437875483,0.001492226749622465,0.042515742600217496
2.515294051206544,0.48798048435131075,0.15486515332918194,0.0014096591203835295,0.0471260925820734
2.288776914870448,0.5207163996727743,0.17823569116924873,0.00346215307953706,0.04526340516406447
3.804923358828357,0.5106104622552204,0.16719743639833046,0.004900891323237219,0.05762829447348146
2.605518475805968,0.5107037219373189,0.16819049127858487,0.0047922030650904834,0.0477293664997143
1.7096775240866224,0.48526138055947254,0.15900863106268243,0.002255777070489105,0.046913082390790464
1.9602760963226575,0.5023307124410303,0.1625841163977617,0.0035856135149408153,0.05645751029696319
9.132312414823438,0.513883407736359,0.19089422798552533,0.004834486633091605,0.06904944324908584
7.068022561327452,0.5024498636589481,0.15977466105176572,0.005082741863900395,0.07851560047707988
7.5518597827982,0.5111753306423709,0.15832642209154868,0.004099434285554744,0.07545012540987968
6.559081055318739,0.5350280166478246,0.1813197906840785,0.003907512183370893,0.059213823590737735
4.08219138468034,0.5191041275898456,0.17338655859787733,0.005136249104808728,0.05111703958293969
7.4959180600524435,0.466618805127394,0.14891325017453363,0.005330239743425592,0.046303927711898105
4.249619133421252,0.4984931786658242,0.15159792398296262,0.004014102739214287,0.04113499371075695
6.811937713693244,0.48707990444670846,0.17308951826451383,0.005066917856102069,0.037554908705026514
5.948981702350736,0.46956869935116113,0.15501494308011096,0.00411622169724222,0.04491890909762064
7.490588211695381,0.5187187562836271,0.18533469736302052,0.006870904587407512,0.049236763719468044
7.641161564867476,0.5115640411162474,0.1548193693314554,0.004673090502552412,0.04932862700402005
4.051871985713209,0.48681107942179114,0.17148231700629113,0.002174832163983453,0.034442610807386684
3.7666524845190392,0.5239510849547263,0.18560042078959108,0.000748242366841984,0.03982218895874229
4.314771311794652,0.5079489819036089,0.1566278100226393,0.0027957469056025842,0.028148723547947743
4.88582518887595,0.5276175310419221,0.19219599041201973,0.004757211309446633,0.0221539235895372
2.677916787453302,0.48753382697145575,0.16098964092910872,0.005540461465432414,0.03606814973191134
2.2777569292726367,0.48909190627748284,0.16257731816144394,0.00522710027191333,0.03577866572188013
2.3246217114283523,0.4831603580643379,0.15921820378560433,0.0012923952266160853,0.044612796157943814
2.2410412493067327,0.4846298273850203,0.15627789209938225,0.0028324616034524444,0.06290327821700767
4.008868418587401,0.5280376353238054,0.18102984344915699,0.0019366880998228462,0.0699675673570956
3.452796561251526,0.48157830332289686,0.1595897123901145,0.00016947253697613797,0.072564530636474
3.2770433718652114,0.5079676112912941,0.16692907166375504,0.00022259587386490063,0.08222374070600871
