179.9788375158922,0.49049406869758266,0.16032403143023122,4.870551490906722e-05,0.08624840415731069
112.62800573618067,0.6836829999377447,0.301401124527377,0.006933206864748421,0.05301694658911303
64.85361540660615,0.4155072902760806,0.10370544939385531,0.007644317457758889,0.04437048582844796
8.746028276810202,0.47975052294887627,0.13751237585706086,0.0033337594946810187,0.05251971012488023
6.905664386542722,0.5228628812062628,0.16560177044840751,0.001441474404273865,0.043802473526262396
4.270776863664639,0.4757900095819838,0.15068118515953505,0.000938589693386157,0.06539209662424132
4.143788537009581,0.5164922165393673,0.1873771896579068,0.00032733814738923834,0.07482479379010797
2.6621947562845723,0.5156064753776397,0.1712645141279994,0.0019393405070250275,0.08059307982928325
4.4087218339122165,0.5306255951839122,0.18608327172373312,0.001747929293039366,0.08324516429342775
4.874543259720627,0.5210718151405072,0.1909440042269774,0.002382005144080734,0.08666880169520995
5.84083894148178,0.5353562776819811,0.19199589581388463,0.002553675393452814,0.08484524109322007
5.816720949958277,0.49566085744653043,0.14888219090236357,0.0016932549245674377,0.07988447124724603
3.2270055738764785,0.4789077108216895,0.15256693920753095,0.001750417069176009,0.07384763622359973
2.437613870138402,0.5127727899798095,0.17530786862926345,0.0005427226882891421,0.06743495241797834
2.49947723768656,0.48833518827064964,0.16631127030624943,0.0005669053655619563,0.05225767461238271
3.2967318010144333,0.48479490298702116,0.1487285724611198,0.0029372834779778246,0.025341386018361355
2.354274471443183,0.519062746386119,0.18381505106479715,0.0027325580623888714,0.04118774136989714
2.7132789112639166,0.4846343848899854,0.16594121750710294,0.0018534824868642725,0.040884629807266426
1.9690204836406662,0.5167501700013095,0.179473469086554,0.0030860614411300797,0.052692717453567704
2.242199947750989,0.52197584637716,0.1783431735292575,0.003485016892231961,0.03581119926174313
1.206372925656695,0.49960175500157866,0.1628186812428349,0.004471142127530185,0.03606528263604598
1.1911749552932267,0.4987140612578075,0.16762124383049745,0.004579011207728146,0.03599638749118366
1.8376747563040041,0.5140855790728095,0.17890063507897006,0.0028574983914241535,0.05796524916237191
1.8102298874253975,0.5159814288139097,0.18005491410996727,0.004026273855482121,0.03246183113673678
2.3020995259669457,0.5118125707941742,0.18241736039785567,0.002378389873403195,0.040106119377879265
4.284715311728295,0.5326014235690131,0.18819620339353785,0.0023623588382419088,0.021190183056628592
4.171008036868578,0.4717196067311016,0.15168155273655332,0.0026247555447568636,0.025091568623233855
2.8970091841743244,0.48209429989384506,0.16368579287991153,0.0023145381374167647,0.020748164322441306
1.9896630289666608,0.4879912190603363,0.1657347862073092,0.0037585873569273122,0.024278215821961487
2.5387510053967395,0.4837323521119883,0.1623107330428565,0.004093359814682955,0.03523885934638332
2.377721815418908,0.5163795514187605,0.1832661910990767,0.0038655610635938745,0.030623893682534938
2.520864881415967,0.4984040979554575,0.1549366458926904,0.004517373737613085,0.026760309094247477
2.74239774096482,0.5123214537041996,0.1742580093074812,0.005560431563046759,0.04217115945333666
1.4363648010092855,0.505013322502403,0.17637512694972118,0.0027777366304279003,0.0202855728292218
0.8228489107585176,0.49614324459427367,0.16518890056511368,0.0027461509284675933,0.01398352977862272
1.3813406178855154,0.49461240467851314,0.16865905311018553,0.003376510724923012,0.01189782530995725
3.6704861978463788,0.5148747418246983,0.16570829573623377,0.0020048324230018764,0.007858920035000407
1.6797506543522465,0.5047637932715547,0.16898395698024826,0.0012486199159853564,0.003789463653665245
10.732579287162329,0.5317415449774542,0.1645383984190737,0.0027104407700456823,0.00826227907869898
10.167331240988586,0.55420714697335,0.20001858407832707,0.0033310928379171327,0.006838856948804964
9.842652169904628,0.542503529418446,0.20531984076213644,0.004623340209932087,0.03413673087761078
8.905396812016962,0.5186778019396994,0.1937785648585327,0.006038898291959928,0.012164551526853758
6.562377492539795,0.47760746381713337,0.14267004049187765,0.006815620527305218,0.01850322109857394
3.7065538363947437,0.4921764052393341,0.16669052539001644,0.005943900616912091,0.0027687757310863766
2.125546635551107,0.4891840082962194,0.16402686807693975,0.004998019731539022,0.012936755652035269
1.710926445689289,0.49913242669249086,0.16495659319904865,0.004860232656065587,0.0028872347733693935
1.1580819724852898,0.49345172039437923,0.15966164910495012,0.0030400564485273925,0.012525217528419409
1.992621866078709,0.5183370684270263,0.18140702488185279,0.0038852820490244237,0.01574563028926074
2.9487958456987053,0.5109627774019553,0.16229812513168235,0.003966348960527357,0.007585821716284495
4.62831299206975,0.5268581457634472,0.18007599959599596,0.0007969449630794642,0.027303056172121344
2.886412091248162,0.48872892800103984,0.16108070660156668,6.308573260761048e-05,0.02440894064232006
3.4304846187227556,0.4999420844877691,0.160323108071862,0.00035933422240237164,0.029316448734412724
4.208653991969744,0.512358793558538,0.16173345923597152,0.001962212827598078,0.016939584468597925
5.481541874094098,0.5262434329604111,0.19459202824701383,0.001837972837446177,0.014170900788340811
2.816191207441536,0.5109301112068109,0.18300179485856422,0.0021066787305507794,0.010197485968210157
3.2504278768922776,0.47658304868312634,0.1552891954995016,0.004093212258517076,0.01962507373946709
5.999284287483171,0.4767436792930723,0.1438451109952358,0.0013229303265031669,0.03662267669229535
1.6799165880603553,0.518123426994346,0.1797502406867601,0.003497295654102578,0.022212136415737792
1.0415374978345646,0.5123329241557047,0.17488686920602714,0.003787571162930329,0.02423457369186146
1.0906721532576866,0.4996683935793458,0.16321352635829023,0.004270713991949935,0.03644486215779018
1.43204567059538,0.5086671524501897,0.17737766194972673,0.002127561498733878,0.024203623561190685
1.181206909385316,0.4908698088674073,0.16514402233054204,0.002921632785941508,0.02308927490714716
2.5685938509471646,0.5225469622863135,0.18027660514146543,0.004167908080907376,0.006953396377713642
1.848147112015694,0.4999329347231034,0.15777167488221597,0.004425268975439495,0.01653077367120139
0.8544596635254725,0.5025308459850893,0.17188237849288637,0.0035317763466707524,0.02000992352884514
3.2637154211816766,0.529226548350608,0.18344989101850512,0.003565306647095999,0.023625830694383912
1.4842608642233899,0.4940561377420984,0.15833220713781854,0.00507667719172578,0.0162417340986878
1.7446791408487783,0.49788085789972275,0.17330528853091695,0.0030238070625592797,0.018535433350042384
0.9048799159126835,0.49905552079361987,0.16885516282018845,0.0026140894079132995,0.011885383102356564
1.7926666908839646,0.502478277471847,0.16489651856971796,0.0012664811621938294,0.018114118054288086
2.1206141154654223,0.5115728893738514,0.1814107740323862,0.0024471063572351973,0.01761961642622885
4.485639237551217,0.4720363222499741,0.15258150039873758,0.001701895474344735,0.011914843485995738
3.123865821765387,0.5210555539182109,0.17018881256969637,0.003759427608362261,0.024033754136568823
3.880152404951451,0.5296641342615126,0.18515201574159879,0.00540504624995921,0.026219575425064028
1.5382182594593685,0.50138705877073,0.16768588980219695,0.004466899186454411,0.002232534789374376
4.206876162752876,0.517234398339645,0.18680744194683213,0.0052052129947310274,0.025962758441969352
2.539581156943437,0.4978864368822626,0.1551897346362281,0.005357856588229086,0.02123337996174438
3.117624980547265,0.5194419867710696,0.18559050951091255,0.0031116243888825407,0.00445438035241752
2.865196896526479,0.4849177080840964,0.15127489051660165,0.002195305699125352,0.02489606482302541
1.6785702820814556,0.507041063415245,0.16464489473051505,0.002406581003925658,0.020285704680434842
0.7850741874984337,0.5035224211376084,0.17085738681184537,0.00238683594137363,0.0239611413133675
2.5942164595818498,0.4854599506825621,0.1534651921878763,0.0018418317691109342,0.017766509215019613
1.7258234973177244,0.4990934643744443,0.16669948550886665,0.0008677486048326369,0.009836722415457478
2.348424841193652,0.520733132322089,0.1765044443842684,0.0024762191409620055,0.01729561963713634
1.1434913750213833,0.5002788212888752,0.1714201666322212,0.001676535219672596,0.04347624654863233
1.459197943091306,0.5028111794447728,0.1676330617440492,0.0011435532971008785,0.043891345073248766
1.015719573222681,0.49857687588033406,0.167111033771144,0.0016641958268677338,0.03080064904106978
1.5093078732167229,0.5132546602403271,0.17229187273362045,0.0022426141085868383,0.03387118727473934
1.6470926423782808,0.49441333323866804,0.1563728101100215,0.003116975141401529,0.025452980260431947
1.1693261864563516,0.4951318191198956,0.16845015978250263,0.003827552839156164,0.02474591157560679
1.0910880325667351,0.5012421837559058,0.17276721009383428,0.0034507895015041664,0.026363642814612395
1.873641461624571,0.49277820199115757,0.1554888975636975,0.0029376139077696736,0.015304919295392638
1.4888802895521256,0.4911794514860399,0.1620002371478558,0.0017689300848162744,0.008977878429578891
3.5343779332039595,0.4982199462207022,0.155025006149256,0.001618733818484256,0.01641670132913867
1.1718741318806556,0.5042801258229082,0.172401927874519,0.0021023420116850003,0.008457374065124295
2.2951846544818646,0.5135460346098328,0.17900429915375762,0.0012465614436950414,0.0013837752934427426
5.221333025869098,0.5214558080970473,0.19102843401252792,4.385596065942525e-05,0.0156471138630392
2.9175211749987566,0.5189104442944252,0.1823892618908634,0.0010794589893561588,0.008895611911877373
1.340035252912757,0.49680380093178667,0.1675893009890695,0.0031968607461833505,0.0017937923904125502
3.358700321718654,0.521952764649285,0.17366160609273393,0.002156416028016932,0.012064331551047294
3.817629795814156,0.4835158067508884,0.14704744102035533,0.00303814285526216,0.020315441277513946
4.684378953345662,0.4986516755512298,0.15377132513866215,0.006380028786849905,0.004193375149606361
1.836039008409832,0.502915852812271,0.1693756990136409,0.0062217522093904265,0.017651694203780564
0.732114792414893,0.5039788889971029,0.1716591430552355,0.002828917934789438,0.03178168212055949
2.4936405619213393,0.4908893153626751,0.16830948360770248,0.00045126647825982375,0.039959948081355154
2.062403370672081,0.5120837151858044,0.17328529447385205,0.001078133051354701,0.027058776937794383
6.0215565731327585,0.49584971999163474,0.18156043973356115,0.0012955182634695618,0.03555593526764334
2.812067704068997,0.4791084151103143,0.15242080807156988,0.002685093373062066,0.043622322150341473
2.717640915127585,0.4835666294957466,0.1648318734576667,0.0021292680128249366,0.028867365283292413
1.2565528191161743,0.4969123110290248,0.16369773766014606,0.001513313348187771,0.037613603163500625
1.2652342568962234,0.4940104709082934,0.16658488034033522,0.0016717401624607405,0.020641190476757245
2.497804613813853,0.49536789511525137,0.17192912668382831,0.003831202261847558,0.005799010167513479
0.8798652259557183,0.4971350897929038,0.16305370581162573,0.004086534582484539,0.012540914248833624
2.032316051047215,0.5153443002674646,0.1794486682963921,0.0016236013111582065,0.016580691923174958
2.120348743972298,0.483622338836386,0.15353735533005208,0.00410116450341667,0.018527973648581022
1.33442968169393,0.4951447086294846,0.15862340139620312,0.0027484464604807324,0.021326810408106692
2.5570048065586635,0.4844113161763356,0.15243665862593292,0.0022547886556324886,0.021855428751383115
1.0302533364911317,0.49535026944077,0.15995646062878524,0.003989431949501493,0.029435412843974183
1.3722497461892817,0.4873183382528079,0.15790464253492753,0.0033615844948922985,0.018868683867381622
1.1649604470534696,0.508772093879871,0.16694982964577432,0.0033582777238280966,0.02543026580197584
2.3233096298050704,0.4931338736914211,0.15459991272881018,0.002340720334021528,0.025301989996157244
4.252866720362684,0.5024582322224989,0.15335041481467118,0.0038775910550128906,0.03839524119192408
5.404823314019233,0.4825992127465736,0.1434996424034587,0.0026320241019130337,0.028288315999341153
2.666307081616904,0.5161664197814808,0.18303923962300667,0.004032437105721021,0.04158832750862984
3.63658803878361,0.5270556659420081,0.18643091859480954,0.005003711320903694,0.029807630107003005
0.6674896693276281,0.4977699384206496,0.1648348092254248,0.0028341475754333893,0.022329332979370665
1.5677840143972006,0.5133645836383465,0.16943508990210715,0.003164119669775112,0.02276975805403456
2.1347628244706778,0.4938230077879925,0.17030146127656984,0.0008921996817314562,0.02341245593986669
1.9900683870505516,0.499831286526347,0.167006149196104,0.0004722682715803001,0.03592671855122838
3.1203986440405855,0.5137799791483397,0.16876985005862144,0.001201491004851766,0.013794368659779573
2.055362776914916,0.5051879055792857,0.16889997963654962,0.0007683692431302199,0.007184683813015348
2.843287358449922,0.47901079930711143,0.15119148023685047,0.003904978769480468,0.019547553440034993
3.1290798699703726,0.48114012479551116,0.15051915329028762,0.0021119664753454946,0.03550193394686665
4.8046042510351405,0.4888176765798395,0.14789521892006582,0.0039224326260478524,0.05323439252037604
4.259719649527057,0.5286963937922775,0.18575866822018855,0.005709585028076511,0.03128254766896421
4.584247445356084,0.4963006682894466,0.16980457095735163,0.007641017673923935,0.013982545036057437
6.3038163727761685,0.4694538344642632,0.14450715996180108,0.0055059542816265775,0.03198224180429357
0.8900233191460654,0.4952521656383312,0.16173929305792284,0.002924232690066216,0.016987074150634024
1.9431491387275306,0.48733540632407035,0.1571353314915206,0.003577505052920748,0.0038110744937892398
0.8447556599445143,0.49818371830557856,0.1641997409594955,0.004346562740134043,0.013837093665012009
0.9494582334109557,0.5081764087935582,0.17288435412791017,0.003681696664485242,0.012294146247603681
6.399508529370427,0.5278474920856636,0.1967834195039549,0.0036224177306404507,0.020367212449617797
3.8017538528207724,0.5280642928730666,0.17631755471298197,0.003937284673447694,0.014995417420099761
0.9967569501950782,0.5032069976946673,0.17064836384019227,0.004223066117491029,0.011400855591582517
1.2675846644327204,0.4974367430032238,0.1626692775042217,0.002213569655556365,0.007481618961819749
1.5819409789945431,0.5156614331029483,0.1734586818145825,0.003581895511760125,0.010749211495444562
2.2947837788643564,0.5113191000568669,0.1636593578418615,0.004098412921684891,0.019116682337388086
3.4122870065778925,0.4815281179333807,0.16247253736060185,0.00437233409644219,0.03580837995027326
4.099894766658004,0.47711208594250837,0.15185539931448055,0.00576913377389735,0.029072370733072853
2.6089045868528435,0.5119860166844106,0.1826677305470066,0.0015395644289028215,0.01924759211389762
3.5620679582424524,0.5078804912704313,0.15785700373374525,0.004097751298594561,0.010501964714895892
3.3371908854485097,0.4858069795688214,0.15015797139679166,0.0026652393696349258,0.005326265194244731
2.1735857062033537,0.4893516256314257,0.16359943228561274,0.0006385414161422767,0.02760317657979585
1.8768811036936777,0.4921142381430226,0.1688580480047291,0.0013475228952856085,0.030235655880166558
2.916285244099989,0.5058473839842711,0.16841219546117464,6.407514340091964e-05,0.025836277712608983
3.979116039932899,0.5131237886586475,0.18703887353262702,0.003178205861270593,0.02704204929134728
0.9794817972517956,0.49526080555365914,0.1631497031901562,0.0021838550079578845,0.046128966418915146
1.2312006106459044,0.4936054125664418,0.16635799732144488,0.0017198145579011398,0.061027155609192044
2.0141564549249633,0.5102002194838461,0.18024965007311597,0.00279016672629155,0.05066592608928701
0.8840376206762603,0.49769834400898405,0.16181796715722677,0.003129974962381062,0.032405361318488424
1.6857657249821059,0.5022996422236936,0.1658144943074048,0.0012036755394763113,0.018074301703518605
5.581584787306401,0.536344372831646,0.1855958029920307,0.0019707382492219904,0.028642984660471944
1.6396142853495161,0.49363208048194535,0.1700920946629855,0.00227550994284114,0.04537939862442397
1.3883703716106661,0.502963837073739,0.17396035137566263,0.0023123158796112143,0.06583366581237617
2.347874744472235,0.4948011283405953,0.15767702711082768,0.0021683903760949456,0.08313926181673963
3.454177103978212,0.5030414839222963,0.1794685617588067,0.002626082012438662,0.08769626179822931
2.377552703515292,0.48846398788678663,0.16546889717318888,0.0025805490762661125,0.0847087509712274
2.3908573630994514,0.4961808714539645,0.17055520981427144,0.0026167504273508497,0.09818514190388204
1.7235435997316626,0.49246965804056386,0.16152581440737565,0.0010732674696218066,0.09426714253613025
2.550668000146347,0.5085946747109666,0.17624382721742976,0.0034140440211410314,0.07627695266976342
2.6556250579030145,0.5077091343828829,0.16371875959824803,0.00323777701368967,0.06255418282779783
4.403888939781026,0.5193641125485932,0.19044275387900236,0.0017475986467675164,0.07169508805703666
4.796347288194242,0.5218568202971531,0.18686605270653042,0.003844753323470889,0.07329849338456443
2.03394831675317,0.5019907417159245,0.16944703950012374,0.004209181789938127,0.058317727272320125
1.9302765763513876,0.5049939589994186,0.16600242486186906,0.004058281372245438,0.054118404325104556
1.4475626503006316,0.5128355970676999,0.17690488695413062,0.0031361506211248407,0.047229893894727544
1.0091873267652132,0.49910364440085836,0.16682106786335996,0.0016784101888861953,0.0325253932906057
2.0129344072539905,0.49362065137297984,0.1574033707287894,0.0018114366359214603,0.018400578117959275
1.6597569868542281,0.4911397117477972,0.1678332949661433,0.0019562419026406728,0.028019524068737353
2.380258947140478,0.5010374954213391,0.17364785726685034,0.00023202759750515006,0.008360406162553652
1.4264035481458215,0.5114473214456863,0.16912036549163156,0.0035479678627861975,0.010260282904406823
1.975000123816105,0.4889108773606283,0.16617979226791685,0.002024112056949728,0.008925290329922293
2.3948965307171335,0.4979919670171726,0.1638280975212954,0.0004456071527586549,0.003302904902247758
4.603367658259152,0.48358250338487674,0.169682619872316,0.0012937557580903873,0.017613992140309623
2.0262933446322955,0.5003840623892474,0.1602385288658718,0.0018101273986455358,0.04787150704744768
1.69700354559121,0.495270356704809,0.16872605726394496,0.0009364883712927699,0.027694093241815133
1.9926404541060132,0.505958053144276,0.17252812400275858,0.0005190004798781417,0.03943739270032526
1.6115796115919743,0.4935786435713233,0.16388164376971415,0.0009254391839650629,0.06389361905942403
2.5423671936563306,0.48655233025804306,0.1580390057396599,0.0034382270452138967,0.0683141564797539
1.6099756791165882,0.506974547354647,0.17712053850967568,0.0016246432103499573,0.06153894316155207
1.2790572870168673,0.4939718457037972,0.1601015877127797,0.0022799569895671774,0.04796057666327025
1.888236665042123,0.5019333939769081,0.17266143525687438,0.0005882105869984687,0.034853280699438584
3.9285470683019277,0.49987685735065196,0.18049994421282872,0.0019505144013270688,0.047490320477959175
2.822794876211661,0.4805361549070285,0.16117582323793803,0.002291612611724622,0.054919581491307996
2.6542878318467387,0.5064580949179855,0.17860702861451597,0.0036178861148868356,0.05827831808781165
2.7995108375191924,0.5106805530406202,0.17045374137970287,0.005106768516539655,0.04920184371439011
1.4793424214828153,0.5153026828286489,0.1768583118735852,0.004107765057984736,0.03215428464461094
2.0006541649372975,0.5182844960258651,0.17440118002473454,0.0026147603887576765,0.03445642850390476
1.016361510311504,0.4938310840946999,0.1642060553575873,0.0028444948826801403,0.05031913308976047
2.5374400758706512,0.4917251545424439,0.16539195051185807,6.360377389945208e-05,0.05718676569809875
2.804043597841669,0.4859005254169717,0.16564312216959745,0.0005970259934024931,0.06817672953261399
2.8430364590612456,0.5202870621167077,0.17934752867488574,0.001100771477436729,0.08013261380910043
3.0566450767842395,0.4990867989858187,0.1582484166543076,0.0010105621432468382,0.08026273111974598
3.001255636912673,0.48492228354753697,0.1667185068170687,0.0011364499924236794,0.08731737254530417
5.37250281871733,0.4942702552423815,0.17395281490690206,0.003858202948090932,0.08878794361956914
1.551149999072716,0.5066058822573382,0.1727640943412205,0.0009969244452481753,0.08505762254654575
2.140040697009893,0.49532202363600203,0.17187163748169249,0.0019363710571981554,0.09455028391259267
2.943666056766729,0.49049406869758266,0.16032403143023122,4.870551490906722e-05,0.08624840415731069
