738.4017143680143,0.5277873470110046,0.18424284727168894,0.0033132238164888415,0.01799003399447389
466.65336542054956,0.8382134928533794,0.3827107067352857,0.005655309673672286,0.04231332234889256
436.2721202093354,0.8646369171133114,0.4657994595292365,0.005630295995283592,0.04955319688450602
275.8228713165182,0.7097596507751442,0.3929033915116185,0.003598437524023558,0.04986644255970319
218.96244355147985,0.749137796828892,0.3356140477291705,0.0012990218549918408,0.08333739386859404
103.11636297118683,0.6532082236577781,0.23749662913029906,0.00048436238705656985,0.08722054522821389
38.270834089036896,0.6080036077287583,0.23921554658159314,0.001928231654979388,0.0721329168130686
32.87199527953942,0.5831962298887472,0.24259720964097276,0.003523126302831096,0.07260858079501643
27.905651047538566,0.5802056528477901,0.20107889395794196,0.0043491323169335145,0.06580709293471522
19.64686220606272,0.5372221497879198,0.15953398214265097,0.0030552670583523676,0.08240775377251289
13.229433810120554,0.49252987773030665,0.13599387438204302,0.00428917462774396,0.05431210643799235
4.0062214238116685,0.5236566847846079,0.17648534808650973,0.00589817422265639,0.0361699340442138
2.5687026487245284,0.5061662409393897,0.1629164024660954,0.006272400424149504,0.027041887122837956
3.826304082175401,0.527358417268922,0.18589243287063328,0.0054585376130244665,0.011201234580525701
6.035879960378016,0.4721742797456062,0.16042493596473265,0.003593112359097761,0.01844719294507593
3.177705962703233,0.4777710354801962,0.15052611476854325,0.004260554706947993,0.017700287384414214
3.504678576506873,0.4948141999929372,0.15093716088325387,0.004001884078480548,0.010342280490610263
3.055547929275059,0.4825920105536351,0.16499864519146012,0.0018783469801924545,0.036312307983052544
1.2265004286366736,0.5020744050907039,0.16514637562068507,0.0018155156635659957,0.042384912298170235
0.8812696806839896,0.5039015700923851,0.16963417478371462,0.002334866098484837,0.0509723828664097
0.9437657498332483,0.5005182327102218,0.17010544359571533,0.0027153100901720034,0.05167189871455513
5.252313762951475,0.46932123222562905,0.14932023185150903,0.0014606695875768435,0.055081116386550756
1.21670000767746,0.5008581549217076,0.1713367356676375,0.00260649891540668,0.06284498491641148
2.2970078411526687,0.503681040787437,0.16831334956705624,0.0003269343827793582,0.044255766516842994
3.0733000254564526,0.49564999801792925,0.15618602291377512,0.001128738162902193,0.03876877149815857
1.1222553318950834,0.49851528352870467,0.16295369501756352,0.0020291833361307026,0.03372529241938661
1.7753399246582588,0.5179591857134646,0.18076743933015718,0.003402084708428419,0.02214706967902572
2.251839447241249,0.48730018729659136,0.15436623677304018,0.0020306194749937735,0.021426153742728507
1.1185874374725309,0.5078865853657514,0.1738475865993493,0.004136315319478808,0.03436768585901101
1.1060968932919018,0.5109043481834609,0.17268521012247598,0.002764532684520443,0.04177854416597432
1.545154650422127,0.5143932209770837,0.17580292345066084,0.0038804784727316495,0.04066002206867623
1.341927049789654,0.48951513287226284,0.15939760638256203,0.003404284887971767,0.04294869125214439
2.462740462724454,0.4935122278860353,0.17147347056502155,0.002983699796225449,0.005856284422004476
6.7972306719648925,0.4925578791744737,0.17965791792216101,0.002259065877538324,0.005081432618847833
4.101396594376992,0.4752641583533445,0.1478611943036669,0.002422275443746934,0.017918180614926296
2.549368984844273,0.5137606058888666,0.17744898918366753,0.0006864797403125452,0.006221684177155315
5.8382798278037304,0.4691783602273327,0.1474138751931066,0.0015298548267484887,0.001049287740753085
8.041130477288235,0.5388567292915689,0.17981697443474184,0.0021833422428430326,0.005793749936268447
1.278811566468018,0.4889017460028671,0.16083424124692094,0.003577308116258653,0.013635467279112579
0.7737982327389756,0.4981646624460889,0.16601774480891382,0.0040835027682760055,0.014558103971510493
0.9557470081356298,0.5034197222147316,0.1690484140782744,0.0020430400280509495,0.01741589387124897
3.35811959219269,0.5213737512217571,0.18689044515856654,0.001549662295905687,0.015923104195331158
3.142452835562652,0.5051690067584398,0.18181950367726865,0.0019785679783416257,0.037536620843853424
3.0212382959229385,0.5255413181041811,0.17914075907555058,0.003721589921982163,0.03952985229514155
5.938122636888526,0.4688680951454072,0.1569183089647196,0.001482602579165407,0.045339960138085285
2.5509148238329327,0.5105007155876545,0.1685781787057665,0.0009611974342484167,0.040885910123295066
0.8061242145294353,0.49876550175245726,0.16836597614451165,0.0034367243837149907,0.03809741974283261
3.0917890509713652,0.4923251384772009,0.1508091014294809,0.004072510687047101,0.013622114448346202
2.304006844483869,0.5225065147513845,0.18000044581266303,0.0029325828741544593,0.01639353123128412
2.3665874521315966,0.501992688323791,0.1687333159821833,0.00014303644761105372,0.026667431008931604
2.8573718316689147,0.52144996208941,0.18180621380160542,0.0013258701135901853,0.027449880689002774
0.9251900455509657,0.5049070276196816,0.16890687330088128,0.002141794646985805,0.025696904899619365
4.60906151252983,0.5107409872435537,0.15829155427767505,0.0026241166685241567,0.01588090300124629
0.7263908590273069,0.5035375507504715,0.16991800449644184,0.0030044928958629312,0.014661781391659853
1.220074804883159,0.4938391960824602,0.1591008724072504,0.0041578263075604,0.032634464565882655
2.2625672610801293,0.48809452406348436,0.16721020097147707,0.003299014739312748,0.035978311332377555
1.0462653388453602,0.5109248126102556,0.17232259839015507,0.003379799697790924,0.03696545808974809
1.5529053527739685,0.5159488897275393,0.17919579896295473,0.003868659857773178,0.023054797059189933
1.0219097624688813,0.5009362398593197,0.1706600268880615,0.004407652052779325,0.02339861743407485
3.50429003767293,0.5002330749586118,0.15391604968204525,0.003254709545512777,0.00897791160496457
4.142580053349867,0.4776891517952571,0.1482497316169542,0.0037057608057114596,0.0025470685518557603
4.263549672753911,0.5310935631791219,0.18968326752890102,0.004669784499074066,0.01449541347621147
3.5086196182310396,0.4911965335930142,0.16515660962108947,0.005608707425291169,0.000554955486919681
3.1299955029692983,0.49298225983968186,0.17256982429509035,0.00041693822212106237,0.002016262470527929
1.0502090729368374,0.4959433706422366,0.16807882935642385,0.003060194596283407,0.012485904533450377
1.6013234873076534,0.4875566241305145,0.15764917958063332,0.003137078180232154,0.009360616412137488
1.0202645476531838,0.5083732255855324,0.1740987591229368,0.0034272584148595507,0.012492445228304234
5.419205262527994,0.5320139326267043,0.17793814391618964,0.005435403490653516,0.0050926121856003405
5.349251838568677,0.516453490534388,0.16126208612015508,0.003533172040944321,0.0025334852948266616
2.4204403194712523,0.5029139304332693,0.17725303075755483,0.0010762600918695618,0.00671468997720621
2.796662079613645,0.5118082886392906,0.18327391385486747,0.0019022017169797573,0.01179712096655644
1.077959181607166,0.49927034992543634,0.16734840233782305,0.0019612429922264757,0.008983228714919373
1.933183687970629,0.5070034719259293,0.17704685759130134,0.0014102141093258092,0.004578337457613341
1.4562037590849852,0.49105134000235745,0.15649890983238873,0.003240637710568911,0.01827920791363164
2.2506063676948935,0.5205381199322469,0.17819534029854972,0.003017272900323469,0.0072414117938968195
1.8720673721561922,0.4900181843438079,0.15685201898908174,0.002900183525977893,0.003506325642694543
1.9468310559909485,0.48710582742498404,0.16101916693026755,0.001685598557133501,0.00421433092389493
1.6267427450995666,0.5011027049056529,0.17078203162530745,0.004283720621121612,0.003728877425269527
1.6208682233545082,0.5037228539608786,0.1626496654193219,0.004420160880570722,0.007078661661411774
1.1142889048987956,0.5042333323834503,0.16946681193883598,0.0027792918871953507,0.003040992553288562
1.1719249284335949,0.49215244383750656,0.16462946528833694,0.0018980136342917056,0.028280970153856375
1.373913444405044,0.4905749413609917,0.16308605966698542,0.0017252733042652038,0.02280121327722837
1.096465190248478,0.5081639408581627,0.17349962358999796,0.003844905907607941,0.010050567829670847
0.9332166855426762,0.5072362894945732,0.17332045054566608,0.002507252403790212,0.019484282453703778
0.630968707227192,0.504054559017451,0.16736102778591538,0.0034507755343448124,0.02347029430554874
1.199363591168127,0.49784508176788833,0.16068292640799636,0.0029066909350531625,0.04039022758961975
1.7256381205370497,0.5063857111401942,0.16651871307572497,0.001562930864291918,0.05706643904204335
1.0755350061406077,0.4962187646764545,0.1684448514273861,0.0028254132127680572,0.04898683692290717
1.6988089238525077,0.48792489675883205,0.15940307669179032,0.001565114587693103,0.04672663708862128
2.660111894348579,0.49384041114857397,0.1731079813381003,0.0030546985736871987,0.04241228701676619
0.9548142523224841,0.4940457286579556,0.16566995880780508,0.0027083947264084415,0.04501325550804262
2.0451370377901057,0.5187036405693259,0.18236593077272242,0.003103246586921943,0.033488105804343644
5.33241594803018,0.5227695261354203,0.16646507778008715,0.002780010381406011,0.027528063431231636
4.292302920312483,0.5225225487042571,0.19081673797049953,0.003612102739510753,0.02769805993206855
2.3100482154545205,0.4825387237374767,0.15354211386673744,0.0025748887567391323,0.03935187051228774
1.9028277464649437,0.5178922889644296,0.17565794949804522,0.0023243074459118294,0.03039306636394256
2.451765189087964,0.49233960196525417,0.1712769152132993,0.003412281544343034,0.021142907880085042
2.61067750454049,0.5201176892611717,0.1835643129623554,0.003995339886840964,0.009524279454698649
2.390971629239979,0.5109190106191626,0.1819339291807291,0.002133569375057626,0.0157449974371386
3.1542506112200517,0.47921747838914197,0.15600973718175887,0.0015974304803327004,0.0014545274311084967
2.2489650492722304,0.5139061579553015,0.18012689662850173,0.0016576163241273807,0.0023322820655964347
2.212262959061314,0.4974077531646046,0.17408522507551746,0.0014114633392565891,0.018064814752633832
2.0424052117996983,0.5072347709922196,0.17852568810754596,0.0019432687687341763,0.006509593426988879
2.1624733831696648,0.5105806151272979,0.16551151448504153,0.0029724684582914445,0.007314475968169687
1.2698955672649705,0.491698730394468,0.16486354401611397,0.002282866008597248,0.01226554991940635
4.150430599542731,0.5308891212597234,0.18600235840723053,0.001942311744662553,0.02012843240639251
4.54232927610869,0.471247863164399,0.14920709937642068,0.00213548978167093,0.028590139052358292
2.3267293749352915,0.5088661495659768,0.16863368485157698,0.0008648770602143296,0.04680211173109529
1.9885020141461855,0.49795988883981956,0.1686359711892447,0.00035079801104931775,0.054664478826434444
2.8729904541983924,0.4888515204785476,0.15339474624010935,0.0015055539322690844,0.03813697718927596
3.6385852794184004,0.4973625465072337,0.15795705101711086,0.00042286519362957084,0.03198207074309697
2.8452517513617557,0.5209964505420676,0.18366418100940887,0.0013308650261225634,0.06288854824569713
2.6885760135161227,0.48337187785827057,0.16123758268604632,0.0007080905556374244,0.07772456718682466
2.6581197383575503,0.4871852870918969,0.15533266529847206,0.0011220119878017196,0.09268151195974458
2.6823894479831143,0.5067186991395557,0.1643406825361442,0.0011190836481664071,0.1008436769698402
2.306937851434253,0.49468706478741176,0.1584272301020211,0.00114384612434044,0.07510841296830142
3.7059739394756503,0.5248530980757633,0.18466117225593334,0.0008404752624004419,0.07788328248114561
3.333709563880218,0.4909056135647621,0.17225277966618846,0.0005708769924579365,0.046324150005034745
3.671299460933153,0.5036061178605172,0.15518461711205062,0.0031439734241424135,0.0342051506808999
3.879054555928697,0.4999022052951519,0.15724309625556532,0.0007009789004226137,0.07817811605917849
4.314304523543779,0.47449055753220976,0.15517691738371794,0.0030539546308864796,0.07077839361119123
2.251786599288896,0.5140807894768532,0.1762609940591046,0.0008514269717910792,0.06489787951402107
1.9965848873901921,0.5126044415592768,0.17025380167558682,0.0018159188479954626,0.05670344564105522
1.6650411989752891,0.5055247609129726,0.16872594548670133,0.0045750890552378985,0.045788301377902095
1.404297970241062,0.49940289227744034,0.17075941932769792,0.004180336845934653,0.039214028640777734
3.736596852941786,0.4959331109657143,0.15184164551771914,0.002405234968413793,0.04043265315115071
1.9909552478709223,0.5034348456272464,0.16163376155862902,0.001993143192416143,0.032339083834280406
1.7674901287289733,0.4991243602974317,0.15984704002721606,0.002047297808603638,0.035718459485810164
1.4051307070511212,0.5036060538115955,0.17544454352851666,0.0032301324013211162,0.01996290655112962
1.8644507730955513,0.49984945332975583,0.16080868889534372,0.004745578154752931,0.00463478793308136
2.4744887928431107,0.4842418471276517,0.1591267708086782,0.003506728408385212,0.0003823228439462263
1.796002646600775,0.5134634854507437,0.17366847613343772,0.002070125836869297,0.005582393231663846
5.215639078149977,0.47991828147278665,0.14285799146134445,0.003589295197154249,0.019561586346632492
3.183608031708057,0.5172476071085039,0.16939839830035525,0.0018451854864767066,0.024500335445633382
2.3016958055996977,0.4850790704492159,0.16171209625685584,0.0011139656906279604,0.023152800384179835
1.7300187695341729,0.507662977403616,0.1658480574038109,0.002014734548338293,0.027116687858751806
3.200714429676144,0.5186476897794541,0.16922205252388886,0.0024300477382037354,0.03016657136484151
2.191799091364486,0.4972076339263701,0.162706966079902,0.0006507886436886259,0.028316601726254866
1.6720634705898496,0.5158034006409994,0.17708916388630375,0.002141398413489013,0.021943754785930317
2.5798165263202724,0.5037096450824863,0.17842547636911996,0.003772990152062476,0.014266916691908459
4.346810049895366,0.4717191871810808,0.1532909621055325,0.003776078180070138,0.023351901732467047
2.9248712947640607,0.47956076373826867,0.15069731245164694,0.0029129208927692832,0.019446662441456746
1.9889878099301423,0.49549852260807464,0.15537788869970387,0.003703300351487372,0.030637928476213272
3.341637019906317,0.5248636317534738,0.18620484173300778,0.002624140599430602,0.004361029552730954
2.602772941538739,0.49336764433040137,0.17057773886859384,0.0034020810955977068,0.0010112194644012304
1.9067549692333157,0.515441648615411,0.18151554987672272,0.0032251321306579635,0.018158061548593167
1.2192650526746518,0.49935499261006216,0.16120150066281025,0.00341903336243668,0.039540405139891696
1.4968232525619016,0.4892624546788567,0.16552713435499264,0.0028627792040972493,0.03237130492418337
2.1757182660150445,0.5217047346575406,0.1783334506965849,0.002874027563048461,0.02735864938306902
1.5710879432631222,0.49942712686646207,0.17321414056975498,0.003242351923030902,0.04361657956922857
1.4931864521178815,0.5101001044094206,0.17386208866233369,0.004228008931501238,0.042827185107677426
1.3990334562809503,0.5089369128190986,0.169610644753804,0.001857540443089643,0.03838024160944293
2.519942548102221,0.48746195968992284,0.1575548002089195,0.0008158360624850971,0.03694149589006039
2.7000863240565796,0.5142852806690328,0.16632634420499515,0.002606839221225307,0.025935787151008888
1.642595630489316,0.5005530528104912,0.1620737714610765,0.0044891236133644576,0.04139923627570103
2.6463546595044414,0.5170636363686474,0.1711649159290984,0.004377240444636143,0.04289255150091802
2.235605312313442,0.5076639641438547,0.1671561548230674,0.0061071740206335955,0.030861534111453266
1.3983382839177843,0.4920019416732587,0.1643100706478196,0.004677598578451122,0.028802247019048103
2.844050505856255,0.4807202226097606,0.15914531878783697,0.0039431087500682365,0.042052659208178696
1.5591795088214921,0.5155138459511975,0.177932401217164,0.00366428117157202,0.03747522189180057
1.511319698048874,0.5054447052085335,0.17626536351902014,0.0016644291905566293,0.039102669139537506
1.2648636337117294,0.49510714535703476,0.1662005170217687,0.003052979383772922,0.05873982541189779
1.3667840095901465,0.5032988927341654,0.1723569514943426,0.0027526321080864153,0.0673940331937678
2.795357025509283,0.5210762973317298,0.17799441382831666,0.0024568728913141194,0.07141519866769917
3.0655379034804913,0.5162355667788137,0.17193263094031855,0.0009794573508353048,0.08033143589973668
2.101759333180627,0.5102289112792201,0.16957289366121966,0.0012284972072463558,0.08434441646239021
2.3082696937615395,0.49610654665281306,0.16672136547629557,0.00010487131483178985,0.07456841674039377
1.7128584994338167,0.502105837498065,0.1757265254279988,0.001892636284894866,0.05861899311621951
1.7111614116642604,0.5024650946568705,0.16722095249186336,0.0029111675747247453,0.07780715057186399
3.897524724912474,0.49982978271052464,0.17163958804965385,0.004171764893269046,0.08155170786259364
4.679994428523383,0.5034274911902382,0.15511245512283278,0.0026447820083800606,0.07039815574094506
2.472594792193995,0.5113934595390821,0.17532863655381856,0.00035765477648963713,0.0814718287169135
1.8081296454736762,0.4940289832934517,0.1682123780590658,0.0026248913698448616,0.07828631338670576
1.7731444497194295,0.4954493283098178,0.16178409847609404,0.0025571225418128027,0.08199469201033809
1.3221620105641863,0.49658022450317085,0.16694876924260518,0.0023904043085868926,0.07760274954487713
1.9617319718756798,0.49567246317445024,0.16302953461491063,0.0034828794969895957,0.06892305151221947
2.3579686858109934,0.48591297421184,0.16155724761034412,0.000707495982086981,0.06355128762199372
4.857983761303346,0.4741321090139939,0.1481620543420479,0.0011146197605713644,0.06049209475111893
4.521331925005764,0.5217834515664673,0.18688983223739997,0.00433638777211405,0.0579363360098335
3.6395119769444166,0.5284592898966145,0.18665085788487282,0.003588319981197153,0.044534870374640996
2.8193899156638906,0.4823003334984774,0.15813368859690485,0.003693905267847456,0.05754475613912374
2.3761854280234953,0.48697775496885604,0.1536831998445047,0.0036417317986152053,0.046784677106778014
3.707014277359882,0.5141774852999047,0.1819443319582057,0.00576580681081962,0.03545588094721136
3.3110257360313895,0.489961061566518,0.16923322938942886,0.005065341868550426,0.025636298653486343
3.5102193213100294,0.48236445891092794,0.1491816679069785,0.004290543227364351,0.04060035451869131
3.6029668080158537,0.4913443897520381,0.15145019395842238,0.0031273844343063135,0.059975500627704514
2.4458451568309956,0.49251452598680945,0.17200657117862772,0.0017565138386035624,0.05194428983898726
0.8658431733372283,0.5004394086988618,0.16937615346023674,0.0023584941831617705,0.05122036194094371
0.9051445115973514,0.49707392808411605,0.16277192353970374,0.002644115230214679,0.04128573599573735
0.7813298287909723,0.4982882898572732,0.16670039005113213,0.002436001829796387,0.017874840747696928
1.5096938136860332,0.4947170590907287,0.16096719282395577,0.0025299175921736,0.001068004190105814
1.9438876475223241,0.5143350786087497,0.17788180162751344,0.0017044331973567,0.008236188814176516
2.4112029639127637,0.48576444235536637,0.1535677437236652,0.003277989845216866,0.004793930958923635
1.8951640366533116,0.4974764658111669,0.1572928562975305,0.004062029102965787,0.009025881472382407
3.1442897318789482,0.5004641204488836,0.1776667498727932,0.003655209636348764,0.009913186710678663
2.7923002945139275,0.5104036085604046,0.17654260669000152,6.869626979829268e-05,0.011940900929745113
3.6672158822666963,0.48187015639469155,0.16328861511694004,0.00027700379863635405,0.0036934687910845764
4.127440409724224,0.4956336842011568,0.1499935120470324,0.0028948293134607632,0.02146871255595338
3.9572241481220978,0.5040131727327063,0.1583353528087105,0.006484432583134304,0.005789693417618147
2.892465050691627,0.4835073459673302,0.15045015732713526,0.004993809748401551,0.02111423926637622
3.1016862203592632,0.500990229415954,0.15812619246567935,0.006028741450277519,0.03227790409260353
2.2947008399601367,0.511464384057977,0.17649275269469555,0.005159097497468413,0.03941428838280999
2.671764499625595,0.5121210625689365,0.1632454134528127,0.0036452874621107703,0.0191780402252764
2.8186601918136764,0.5020738767909902,0.15696668519344387,0.002560297033355083,0.02764543862171967
1.6929659567863393,0.4883000412889657,0.16556702350468303,0.002626202249869996,0.0273272179724991
1.6979805580015448,0.5180254086965655,0.17486283403355887,0.0032183194421984453,0.02418334205666489
2.270993549410715,0.5224787361533952,0.17945578591211556,0.0030617526895060504,0.016835089043092312
1.508394260292644,0.5096349700308733,0.16882738220465296,0.0021479132984046218,0.017766084078470697
1.1582821422633438,0.49841832801032365,0.16788265410108724,0.00432433670336526,0.009307506894900694
3.071911857156839,0.5277873470110046,0.18424284727168894,0.0033132238164888415,0.01799003399447389
