373.6474824071928,0.49651505572368365,0.16613846573452623,0.004300693117414105,0.032589497241309065
23.442099560501564,0.519602138738938,0.13763973443536592,0.004607695314270643,0.041470596321397976
8.581415964365926,0.5494064124198003,0.1934577825546996,0.003404448945982345,0.03241850094247351
8.699217052969697,0.49415453435709505,0.14187875996824284,0.004309674192486141,0.0440373742079001
7.478810908992353,0.5340813173342883,0.17425874469980843,0.006320338413931056,0.006430525753503662
6.845819274595754,0.49506920840875396,0.14426396654007917,0.005464830865637677,0.01315734536396609
4.944548800259209,0.4782509288928585,0.15953142766763034,0.006094205979157465,0.024887210361432918
2.251483906515797,0.48507507316219706,0.16186445653133977,0.004636690372593456,0.022344640308357245
1.4514157223715534,0.4881370763886477,0.16233031114344318,0.0023501707207022023,0.01639418825250054
1.8738756706730617,0.4923675896586606,0.16343429198582443,0.0009421005247148505,0.006841476271586022
1.5193655292155812,0.5000894071611864,0.16637138028157492,0.0014430355042370489,0.0013022665859100616
1.6416290065108812,0.4864722480123317,0.15653340786117412,0.004301501102447522,0.018270497606913287
0.9045630128313576,0.5088331894465036,0.17314030922369433,0.0031755319363065376,0.015148719270692609
1.2595872444281995,0.5027535232578535,0.1631146054591343,0.0027587151339211777,0.015125348482013676
1.2681410656738226,0.49310952228491506,0.15919733103245676,0.004640938261989356,0.028382662778163495
0.8436906626247263,0.4942616270518503,0.16177897822111734,0.0029799539905385076,0.0197669062283322
1.9007090053932842,0.49060596400612194,0.1545038743829584,0.00391634566420612,0.013060096615432618
1.4780945002338075,0.5023189476738097,0.16696249868013277,0.005375894866030894,0.008751515462491654
2.1833919273002924,0.4882835271036803,0.15961436958998254,0.0057985056305643575,0.017083956951336306
1.3524472437796002,0.5024045044694343,0.165540107167301,0.004241346145530557,0.003726988914681078
1.1895996199103573,0.49615908625579425,0.1682523666100327,0.004015853131104742,0.013458196504576563
1.1105679601038119,0.5064778639608913,0.17052413133850994,0.00468769448438999,0.010812586350262002
2.6265174911365032,0.5241584810377297,0.1845154180700846,0.0032515939515739304,0.020817855952641743
1.6836536656518157,0.5088765687560651,0.1660079295657992,0.0024343539205756467,0.022113271935628863
1.5826733603715086,0.5023316654574856,0.1630614103758902,0.0019994807702298323,0.016409193588843792
1.8742065828859615,0.5091323492002647,0.17986749535966778,0.002136091576532334,0.035066180168598846
3.7446956451538145,0.47670789941880043,0.1555534214025697,0.0035790021104543596,0.05740208885321596
3.899102202771523,0.5064902864156634,0.15899787309211852,0.004684723408171979,0.046218849502735034
3.6176722789662183,0.5063481230081843,0.16398272806777492,0.006462853493646617,0.03810408166772887
8.04072331049808,0.5218023348288764,0.19586802763100655,0.004844717815933793,0.0317690574902829
1.3771918722906593,0.4872205260772743,0.16130823930629207,0.0031798784482362733,0.033767972656805555
1.1450587682452367,0.4941073549985558,0.1595115365113093,0.0036072374490015444,0.036690482324971865
0.8677781378052531,0.4986152464048441,0.16498681938025583,0.002316224647640365,0.04629749090165098
2.6204151204789126,0.4998586459322176,0.1748988715896575,0.00422125262215349,0.04492383514026352
3.365388811943656,0.4864029925846894,0.15072689223146982,0.0018364082602030487,0.05392799775730885
3.5165271064144896,0.5274665324519002,0.17941867120189306,0.0028591058403143427,0.04329221020654382
3.4623465030947864,0.4751335182918295,0.1505409988482762,0.00293077534503172,0.029932072900475747
1.00838387951792,0.4929732961031156,0.16196556186239686,0.004207458184934969,0.015044500552347498
1.3987623037334578,0.4903501557984347,0.16024481988795283,0.0045983793641016495,0.013051857765670557
1.787372907436142,0.48555736536234334,0.15662587456652463,0.003952023155616064,0.03589264044005963
3.8784665644692176,0.5104797889813673,0.15986965131899192,0.002557763910725943,0.032285594169130995
1.6741117538822026,0.4851505060653427,0.15918127509810495,0.0026872096356675,0.044548254593935716
3.6909821456845204,0.5216835448353365,0.18935678902556255,0.0022334249044876457,0.041511819865014475
1.7777161719680505,0.5028051101759524,0.1758565391769785,0.0013470968562020293,0.041686974777416154
3.9145955697299684,0.4856619188695892,0.16550779110179406,0.005341786187599732,0.0366878897157359
5.715134018347006,0.5068461169884863,0.15408101148824171,0.004832946745490394,0.04068056185219395
3.406409785854561,0.5167520574234632,0.17826840561370264,0.0061219991355227375,0.03691529595868998
2.8054969609645606,0.49792681952167245,0.16375490427280173,0.006751296769037185,0.03136433742422593
2.883062988711959,0.4857154994780902,0.1604894280136138,0.005531597338848266,0.03503966784515835
3.0379946487596388,0.503473418869262,0.16075232601755193,0.006324717977420526,0.03162145076611799
5.092184077716498,0.5203797090035875,0.16978845242228324,0.006591382943947655,0.03525175063829678
0.8331465168651827,0.49816145043911675,0.1678181791880342,0.0040735432920639145,0.029190916776483673
1.087420133418768,0.4936186265022327,0.1656659542227337,0.004187844903352066,0.027141660919797427
0.8103361512899935,0.4980852268968889,0.1640010971669092,0.0037347727421812764,0.03666383626596528
1.5660323665555815,0.5099638446663501,0.17876314136339533,0.0022416836564315523,0.03816945029944645
1.8491101663862537,0.5131665398436194,0.16940093094016173,0.0035182194847682632,0.043466652221089905
1.7095540251088157,0.510995831808091,0.1725109691616884,0.0035411498654847272,0.056144776449369674
4.65035693098329,0.5286589401856323,0.19133602497514232,0.0037373014510631653,0.04777380977888454
4.76068896104694,0.5065045550449252,0.18394202114432734,0.003997879179734267,0.04512702949181728
2.207751460478571,0.4861651656787376,0.15535797114041033,0.002157361670002812,0.06513616116105427
2.3473495924408,0.5027021958312944,0.17515753368356307,0.0030641296475332003,0.07620499966613602
2.305438735046617,0.5008000625725112,0.17508238247743754,0.0004722265593673342,0.07594539056211393
2.882396124709496,0.5200775593290147,0.1832080515051223,0.0010766769225423163,0.08522594911786614
3.190744104413163,0.49932285553257083,0.16563369357327098,0.003306408602310546,0.09997597512635621
7.800994866147913,0.46771139749996427,0.15308620678432475,0.0035472736151914643,0.09360422980188862
9.033216926494198,0.47011759129360786,0.15680480337022296,0.004050889880048097,0.09999349865879278
2.2525340261091835,0.5150467646439026,0.17409589101391398,0.0024959480252888596,0.07820725834088933
2.773752109681424,0.5048900804118538,0.16779336014991403,0.002889171043189485,0.10242139279237325
2.366500301358715,0.48763497226217956,0.1601999117350489,0.00314263513068118,0.07546661589201176
2.0245034392966588,0.4874211975513429,0.15698149421916754,0.0022415416237920745,0.071679756211228
1.6557123853952553,0.4933109576185356,0.16549584061186792,0.0008086958385327728,0.09839089622421358
2.6731183809258026,0.48668685166516246,0.15534022635674674,0.0011986539667955879,0.10998555533827559
1.6629029083649662,0.500740726832872,0.16628342768581125,0.0008470915403836067,0.07431175291465623
1.8176662130721046,0.4990898696666712,0.16163799257380762,0.0020818015936445496,0.080185599121746
1.7992232309793765,0.48678401015262623,0.15930398716931865,0.0020261533345657247,0.07102037920351745
1.2340507015637328,0.5000314699785063,0.166837530724092,0.0017247628886416964,0.08530398428211611
1.2638904547437768,0.4983396971408092,0.1705721888780522,0.0020068406920343484,0.06948110230195911
1.0817269778042733,0.4992870114345545,0.16830252883520977,0.001646713529708177,0.06901384532647206
1.9162489162488914,0.5138482620560232,0.17133621083241507,0.002312985112212517,0.0568615728212198
2.090056546294017,0.5148110250848346,0.17185183618225072,0.0028221116543319536,0.05888030266395186
1.3636195598924539,0.5036174652320189,0.16431462359456264,0.002154108378934443,0.04214904402694082
0.803011234458404,0.5050557667791126,0.16879018852322855,0.002518365021623172,0.022679578373753312
1.423291798755681,0.5122111601609745,0.16935121438430745,0.003621723482957401,0.033546549407987535
1.3798440840369601,0.49664699622495456,0.16447129666505617,0.005419665212490171,0.027343606006087942
5.309447013710759,0.473035905263582,0.15838406690831358,0.004496298999461161,0.02265100244051916
2.2238438756490666,0.49679447285665057,0.16949913153758564,0.005229122149897984,0.008370202219608748
1.7784624590990668,0.5092628576047313,0.17306825242894122,0.004840348677612913,0.0043450529460907095
3.590352057829305,0.500802915024755,0.1794250038429861,0.003070108876984944,0.011107063686342091
0.7338345110109928,0.49670030170850643,0.16457481679015817,0.003191244420688357,0.014802330749725808
3.708320307264826,0.4992824174462937,0.152251501366687,0.005105311752564152,0.01694323912950958
2.94788547269153,0.48703885280161113,0.14965022933081215,0.003844179456949825,0.01846227254409613
2.669608029171649,0.4909901416233737,0.15298656131967922,0.0023814328814677267,0.015461977728071287
2.2369852873065197,0.4829360809669255,0.1563760658362051,0.0029097349727329855,0.0062895720976354885
0.7913847997087374,0.49954123775116654,0.1648479506759133,0.003922043263099243,0.012158150961983331
1.3804282847493026,0.5035066098358557,0.1620382400692176,0.003926837223015477,0.01315454334010861
2.109693440203572,0.5063682582420553,0.17775020421383889,0.002877011144313994,0.001987846208598128
2.976254905916095,0.5059457332075531,0.15847903664518223,0.0032394188129734555,0.011953275195363867
5.9342506060613625,0.5303174448375765,0.17494161087367774,0.0023854448654588127,0.0026086019341258343
3.781631633192965,0.5205069827694162,0.16955181032150113,0.0023627342227478462,0.016129966598726588
3.5668803245789364,0.47691657429353396,0.1590550548948599,0.0017844271780109787,0.017577743196891583
3.482847168149793,0.47624021983309434,0.1522085570278749,0.0022239440275584202,0.010084235560116298
1.1742730286224665,0.503454562346141,0.17460817569087264,0.0027235719103938035,0.02614062561800558
1.0722279067548488,0.5080009658771865,0.16831092650635085,0.0026409278408645316,0.02273688729250441
2.19734389308506,0.503435753102513,0.1781460671233866,0.0021810813351953793,0.019234832130309153
0.7615484121297078,0.49999270193178413,0.1631718440359119,0.0035292520962045314,0.021723091858567477
1.7818410530548692,0.4861824155639543,0.1610479143067164,0.004381147995790151,0.02061116267511926
2.3329706631758125,0.5042747259403199,0.1681995484009843,0.006463148577642019,0.030123394468808365
3.9950429228317583,0.51451782179292,0.17880180111627836,0.006493542181728006,0.037651782842099336
3.1783515011957264,0.5016568519997476,0.1748801289896023,0.005858400613345528,0.030789999609078255
3.9239810783685547,0.48874952477526623,0.15656504644483027,0.006449189653805283,0.039357189096396065
2.9596083584862454,0.4945841787760183,0.16348100996719045,0.005798652701627313,0.04423913692188816
1.8987506187149246,0.5098225385973677,0.17167821552943774,0.005531261502385643,0.03396360253218893
3.1568018937725615,0.5004525827304975,0.17671765459874178,0.004848709350197255,0.026410187395341823
4.573205861184684,0.48362401415517375,0.14505452526454046,0.003123402169640002,0.021563629874503387
5.48339324464858,0.47042124313389005,0.15677663826238594,0.001252816955974033,0.01734083121342772
6.64117298289938,0.5394590265948039,0.19699322649473394,0.0016167603758969796,0.02855826389936158
2.307323398932164,0.48460304049199393,0.15499908083172204,0.001831305434451352,0.019792044440517034
2.7747463269169015,0.5192210580145341,0.18431797260858135,0.0016737843932501735,0.015929501976538623
2.2152192792653103,0.49363423021762687,0.15795747449392353,0.0014408794405000314,0.01351928024374857
1.1362731450558443,0.495455122014521,0.1664324286880458,0.002807441920868434,0.005724563227923462
1.3718602036119814,0.4907273331787526,0.16393969509659762,0.0027067394628605495,0.007593355312477917
2.504166395304585,0.5089316806192616,0.16493377235677562,0.0018927851447479837,0.006852289765685593
3.6318583822830908,0.4909715873970996,0.1502328103885804,0.0047615943404966206,0.03645547921723441
0.8695410119697191,0.5007534345895334,0.16805837831222406,0.001978871065629156,0.04571397213461816
2.2074049396274367,0.49907533188747094,0.16957957971609236,0.00015720817632548355,0.05034442217082502
3.2254512816206224,0.503379985770885,0.1629881578860437,0.00038988523580574567,0.03600541131084298
1.9402376970841744,0.4939605653784507,0.15777574871727507,0.0017457319010771434,0.027034834002594363
1.9572948849664398,0.5194861390151024,0.1788386392479089,0.002973737904973253,0.04210312675128986
1.3639910326903468,0.5025981028305166,0.1632391779566608,0.0037343486111760488,0.043024666627363525
2.7631973706594835,0.5035778160726783,0.15942045974539498,0.005850525295323051,0.028972299468086375
4.350484919264515,0.5158360374020708,0.16660596721063634,0.007482243648271703,0.020502840986666625
4.167442298645596,0.510487791568449,0.15909474617706468,0.006183810708110642,0.018029808115086497
2.952544155615984,0.519220973548336,0.1830729401252296,0.005296903473338736,0.01269668415279179
2.13349854673424,0.48411260846878307,0.1550220470009903,0.003939134810162335,0.00988847604547927
2.4648922203556256,0.4807170915456748,0.15264820328172607,0.0030116453583669527,0.02181350565248808
4.306487872282476,0.5057157802961948,0.15628086536624547,0.0022889062120003364,0.010773878806436238
1.4818592075373642,0.5097230894653586,0.17053568086865759,0.0017972386008510664,0.022258229726294636
1.3957524015988871,0.4888305058139156,0.16409961069764478,0.0025021259391466745,0.03945762636046409
1.7476928193668924,0.5127951986603482,0.17478785192631338,0.001436583415026696,0.031887855220922204
0.7557770191889127,0.4981034172343116,0.16788749074799483,0.002416534179393682,0.034163300355623115
1.915407271502823,0.5060208481087464,0.1741363417446252,0.0006655831774822288,0.02884347670142076
2.5525576229027513,0.5163410703834748,0.17544012176037077,0.0009807894089416357,0.05001063165454078
2.506205546115428,0.5184572736225962,0.179763284944723,0.001168538426290954,0.044692471692409294
2.761999508388336,0.49337404225156767,0.17236737289982085,0.0037407289923047345,0.037061661071883134
3.55431173293132,0.48639360194706316,0.16958293993828455,0.002882802987736915,0.04297747128539811
2.860857905341272,0.50267792741986,0.17872041921659662,0.0038740758070717994,0.029872563686390418
1.8691633180955232,0.5096148262594961,0.17241921068771907,0.004154780068483788,0.05230618463675976
1.1792282007211352,0.5070735110083746,0.17097971420102767,0.002912746504253252,0.057162104674122347
3.0125305325448872,0.4928413023956489,0.17312304705877882,0.0020758909598334596,0.08292560925270141
2.425667780519984,0.5067283769151684,0.17843239449693096,0.002840827510190085,0.07445725184505742
3.654700472970555,0.4776525026144982,0.15137125749959324,0.0013513865696919553,0.06412083472878252
2.807108627275671,0.49413587560663946,0.154775280102751,0.0032596399952067143,0.058018479474701345
1.8868724829575974,0.492810357862047,0.15660026788207435,0.0027029546558441572,0.0517628755884941
0.9210705831921873,0.5060219449705916,0.17115656393474354,0.003918444475731881,0.0372565247789743
1.2421708210120728,0.50454084389557,0.16755737947472638,0.004323603551276261,0.0413695926806596
1.2942026042439925,0.5128998099674642,0.17770010709647036,0.0035901166787339943,0.028540676422555283
1.6474557336794826,0.5092192357328704,0.17789175581381578,0.0041555524328058474,0.029907458865689164
1.8445225107371341,0.48653455968340076,0.1594577077157519,0.0014861200225465723,0.03634124886127174
1.536948987142645,0.5045484118973736,0.1644474107251687,0.0022146761357010603,0.05249715265982011
1.8504029185944042,0.4926800996450357,0.16134172861008256,0.0009152112598314003,0.057494699694687054
2.1713236614259364,0.505574191808421,0.17915406555645597,0.001703806913491497,0.0574455035365069
2.293333093895479,0.48228182510856654,0.1575148936748525,0.0017026476645038272,0.05716080437497448
2.7694664033029843,0.48271973537626056,0.16349806513185447,0.0015859412917751674,0.07461317821754866
2.21368025272684,0.5064747650521753,0.16975420951388795,0.0028103856061540994,0.09161136833031053
2.1037808634549893,0.4874279641191701,0.15891280567387578,0.0010382065296614617,0.0805181245983509
2.3642024756767204,0.5140531145907804,0.1822212289876305,0.0014471541905975265,0.0725326769051636
4.5441708876622995,0.4878960065703103,0.1725631579050785,0.00018131869973350982,0.06997960566685132
4.800886678970791,0.4734164499169356,0.1594286148914024,0.0012321204709896305,0.06770162948236327
1.9637349920212437,0.4942735388015548,0.17168709360663084,0.002098725986593464,0.05474341751560199
1.5024871225271341,0.5153884832084933,0.17317921650372434,0.0033929028562730505,0.03496131401664508
2.2740915364576573,0.5183883084502815,0.18047965790880605,0.0015822374822622898,0.028890195448962867
3.1536549929703455,0.5189758727712399,0.17708228819794233,0.0007856865240314756,0.024617253724888852
2.837538834369559,0.5043190827000752,0.180583146447595,0.0018842695165047884,0.03310841642553505
2.833996150155306,0.5211731570681455,0.1808046153279645,0.0012587836664546925,0.03600958811698418
2.9317433374320077,0.5117687109092224,0.16247372933567653,0.003982189089018932,0.01118310261424791
3.5869940723090337,0.5226259483719341,0.17055448379023094,0.004717548901198193,0.011930164299318624
2.4791444417532644,0.5173539136391222,0.16958602871956902,0.00406209596138401,0.009640318293993262
2.261683709980554,0.5055471430968674,0.16844378328194123,0.006572809198319745,0.010844976979098175
2.082881475356264,0.5088042862754365,0.16673095199111004,0.004849877012776019,0.003079938867065913
2.5386656445444045,0.5151067812727327,0.17554664333480283,0.006407938469389645,0.01317514343634174
2.051172886917589,0.5196004801218284,0.17761912660979515,0.005116000302942379,0.02025787680393691
1.2776726308329296,0.49712757762054605,0.17047350327744276,0.0035603134691228116,0.01654058139993304
1.0870706620683859,0.5062026362948985,0.16672735213726853,0.0046101324440974,0.02941762817920256
1.7622221841127785,0.49864391201404384,0.166144673669745,0.005492126433877963,0.03515376050882209
3.101062860063386,0.4797428444162685,0.15606348110155477,0.005179176613884258,0.02647704713933066
3.472084046785316,0.5026187633229533,0.1555221184014415,0.00478532033275032,0.03382604528985442
4.244079442191359,0.5146853574512704,0.16298983873750517,0.005741779374972583,0.030868516751620015
4.043626341520488,0.47876168558433285,0.15029937807255417,0.005378346443178584,0.03660835185453745
4.262638025206515,0.47725055548621126,0.1453925680587966,0.003673789910704945,0.02210306245166365
2.474439063163472,0.48875623427028053,0.1622243670724276,0.005300018575479816,0.007185451216858971
2.492109194414022,0.5055205896410077,0.17419583117058263,0.00599111007654907,0.010666699589686156
2.8234964381494634,0.5059488068968059,0.16858630037414576,0.006655019616948004,0.005950204852839862
2.4805918291305273,0.5069657011983717,0.18044314695352653,0.003502951109262222,0.02192745581060374
3.1079209905137555,0.48300229228593344,0.16284227494190473,0.004521842954508692,0.014509369548643007
3.9622108618276,0.5186467019798209,0.1845145131559876,0.006148474563086986,0.014653760919731272
5.250631696823491,0.5052661396667529,0.1527639441383617,0.005447856338455904,0.010376675235905637
5.4992193306281685,0.47610359393291163,0.14236219844080042,0.004843835064064765,0.021857830901331345
4.918524047665343,0.517666051090491,0.18653754641431777,0.006126749178962507,0.02754325449384354
3.9582969010361975,0.4853262697374449,0.15100751140834417,0.0059876231849859286,0.03483497529325195
3.268865109194915,0.5226635354370387,0.17542450362864712,0.005723369858110949,0.029777035605772217
1.9418193146849596,0.4999940391557054,0.15850120227249784,0.004335350288041065,0.0350597259189321
1.8968208812435412,0.5093747867154487,0.17472867501602732,0.0056639500941182966,0.027157049252267966
2.0083472205065904,0.4855062282452042,0.15956756679213144,0.004395311425864607,0.036527462824695586
0.9773056127224203,0.49651505572368365,0.16613846573452623,0.004300693117414105,0.032589497241309065
