245.84757957060322,0.4964243023255027,0.15650579612538312,7.837582467972063e-21,1.0831772276627066e-12
33.853220579026626,0.5965725935051222,0.21388293905875266,0.0023409476728540237,0.02655557562927932
15.067620511317127,0.5603149769586869,0.19728506872437424,0.0006444282991932124,0.04995559622971728
16.454261874724917,0.5662710098388544,0.20607595706871584,0.0006356791305065649,0.0943368591072985
6.731942753728248,0.4710500456224497,0.14493791206757278,0.00034680446535627883,0.13667996350853348
4.038090271311477,0.5072411769547085,0.16237641429346955,0.0003538173013800581,0.2027311941140882
3.65503419388617,0.5181718821451476,0.18051644751667997,7.043401879910601e-05,0.20256166005638349
4.468015199455586,0.523420644745474,0.18443294960664655,6.050870058171168e-05,0.1795054510582514
3.950732270202705,0.5066682751218555,0.18170917740012532,7.009029531372917e-05,0.13322986846680593
3.529494874669038,0.5158716924290183,0.18059427113445634,2.5012021670300568e-05,0.08731732862800295
3.3361550326526657,0.4862339596702536,0.1584991151396482,2.0560987396283554e-05,0.10919894270899624
4.177045154393233,0.5068740729398112,0.16400316127024603,6.5253490129963525e-06,0.10513994874635854
2.734112795102144,0.5052702910110128,0.17481224772601647,8.594201147594057e-06,0.12046322724615836
2.797142470319339,0.5022514581074443,0.17449357712997376,1.4036414383875103e-05,0.2040327699374865
3.379511904916808,0.4849633389078747,0.15882012348929372,1.4585526922237822e-05,0.211851954642005
4.174354339916216,0.4789075467249423,0.15769513357638787,1.4770905161601757e-05,0.3635836232137304
2.6773774342570715,0.5040637957672983,0.17414589155356447,2.0434394593544296e-05,0.5135141475826358
4.117333738676216,0.5094394290061952,0.16580180163049513,1.7114472579256526e-05,0.5666746122708664
4.241579329905951,0.487534000324635,0.15372832297838832,2.3700149233864958e-05,0.6901982140618862
4.441298501421166,0.4797414949883945,0.1623810583878337,2.0387372289350796e-05,0.7966859219252262
4.315598777103658,0.47780479641104395,0.15707684507891853,3.441446940096223e-05,1.109447676235634
3.1223666800768335,0.5100233303864166,0.17936772953659055,4.7047558835251524e-05,2.2384146989999714
3.160062441822832,0.48925689173165493,0.16735721947190194,4.4077627147156796e-05,0.5420434335536792
2.877610603189849,0.48956563319768737,0.16472561157063903,1.9402422332856802e-05,0.7461944766583823
3.229412472256519,0.5081043071476592,0.1791389842514072,2.58289962864465e-05,0.37067909048080855
2.8168131492914394,0.5053510059009343,0.1760957792972325,3.9553748162432024e-05,0.5671059394324696
3.0909635645676743,0.5027229582585824,0.17665303142650476,4.4906822647719266e-05,0.7452884155368251
2.4187764611365665,0.5000694770458504,0.1681116229284958,4.2190790304770845e-05,0.964260997299003
2.5893822195690146,0.4962620563818021,0.16440625958920807,2.7558605617187648e-05,1.1411703818988954
2.5117498514178735,0.49734480472602005,0.16968170826714446,3.762503032695944e-05,0.6742683958901512
3.1738410097690766,0.4862202777964256,0.15832192557325206,7.055540625129276e-05,0.811943097148583
3.588849355906097,0.5119269808473877,0.17025605425946339,2.2391768198607383e-05,1.268711578727775
3.4460440116096063,0.495984783371761,0.15950233921809878,1.2089520173460567e-05,1.348587632516012
2.993479931071813,0.5001151642849704,0.1744942846854187,1.4870860318404724e-05,1.0760285070653366
2.7050075487501952,0.49639585662851793,0.17023103092133782,9.804329617238355e-06,1.4946671038929757
3.293749877221962,0.500659003681765,0.16271600461760732,7.284162045857791e-06,0.7562918203530077
4.9818328428259075,0.5223849339548527,0.18837555867124736,3.6325843791805056e-06,0.749341460201711
4.4799799850063176,0.5081505892254329,0.1636632260089364,3.2435931772665594e-06,0.7939107000723812
3.2047124405054532,0.5121432756684704,0.17394025677660474,2.865904979958172e-06,1.031156122771525
3.4631654861214725,0.4895684336617902,0.15752076353791603,4.898631060194399e-06,0.7688780423934505
3.1141031740863045,0.500552014838791,0.16365462351667154,3.342101658082233e-06,0.3874838114947476
5.287613873377183,0.5107110583867807,0.16337537537819405,4.3611514432383966e-06,0.3052343620834469
7.1796089747408285,0.48939485874380373,0.17766303665702052,6.230872364409056e-06,0.2594617065615221
6.774481880410494,0.4773989980881796,0.16710204067824855,3.865988372521042e-06,0.029754570236816213
5.056409719725988,0.5066774153678905,0.1611320604824203,3.722030051959827e-06,0.021479400224847497
3.142442330699329,0.4885400071094378,0.16604980483910467,6.355633497498055e-06,0.04264931764678957
2.939943841263954,0.4888479704415172,0.1627131815381091,7.353953956583675e-06,0.06714016833873289
3.4923993445234296,0.5032475829907805,0.1785008619437135,9.986626132309292e-06,0.047398460768246484
6.323480420182441,0.504359222565404,0.15653046747191346,1.5933720531784273e-05,0.05774974205124309
6.023541469891377,0.49368307624126806,0.1514907385316525,9.0199516827564e-06,0.06265202524714548
6.582753623209755,0.4761803288318575,0.14630580407509355,1.2226202615289436e-05,0.04638920533681961
5.211652117959286,0.5264577736662073,0.18243230349329015,1.4352902113086584e-05,0.07616894100936049
4.261037049860038,0.49162759017498703,0.15521968016702128,2.1800164304830105e-05,0.06520442726027678
4.5922129435885495,0.520734275574294,0.18713277099878767,2.326329313656311e-05,0.04094220876985368
3.4089431141025512,0.5142077463574374,0.18035935545271112,2.0596536161694795e-05,0.056633551270587223
4.348380135033675,0.5195181334283554,0.17599919296518168,2.898722571888287e-05,0.061327944238746976
4.122893035002718,0.5207813020785182,0.18186859039463724,1.552304278858752e-05,0.02495319028379412
3.7547107708109633,0.5076289575572542,0.18144493688949032,2.8727475284137667e-05,0.023660241669849646
3.0919382999542706,0.5042815191063771,0.16657278800224756,1.7548914660299996e-05,0.04145737364877097
3.6495611999983275,0.5141071967927484,0.1729722870885102,1.5395524910642503e-05,0.002763541255370483
4.0408994920783465,0.493760981092795,0.15669928769855443,1.0674560004636868e-05,0.003304974918868159
3.7352169369502155,0.4952807006149914,0.15842970639268475,1.1022810650448302e-05,0.0037731147535998446
4.45473222962737,0.5172410799449675,0.17249983795420082,1.5050256514932938e-05,0.0038998622127544907
2.7564065161482914,0.49567684810019286,0.1634341879450226,1.5623360186013047e-05,0.001487587128407123
2.6966477126210524,0.4981717732708475,0.17115627356886162,7.469486611463102e-06,0.0027586408927845977
3.699769266730688,0.5136540356326456,0.17192450038837667,7.0042539859001346e-06,0.002973611793578242
2.7850228106108506,0.49132097435840705,0.165647674505498,1.3419160030951816e-05,0.003789304423390075
2.678009277134267,0.49513568891362286,0.16897772823223034,1.2634709282433323e-05,0.004519858582604025
3.945888565049533,0.5058963660023897,0.1637885859093355,1.2410537667694643e-05,0.0018714099391360273
3.975276884114921,0.4942851678571425,0.1558043746116265,1.66338710221351e-06,0.002152821533297217
3.242255338993887,0.5112660722955892,0.17142995788779472,1.4633513534306632e-06,0.002786891087839014
7.321789394362984,0.4801866218109427,0.14391748206732288,8.979420237615357e-07,0.0028003368139735973
3.7878063671788578,0.49007782393950033,0.16886585578605778,9.511506172769052e-07,0.0038875511322197234
3.1184716337230163,0.5099895324890988,0.17610537697872425,1.0854260564984148e-06,0.006635146962003584
3.0193410261778917,0.4956517626700781,0.17005096151861748,8.04354844852722e-07,0.008634715426260119
2.8335739504474144,0.5070780295098488,0.170432877532066,6.398944006871502e-07,0.015917871238545163
3.488053084282726,0.48718819537049873,0.15698125229647636,9.334006645868021e-07,0.030559040062321585
4.171774837527443,0.5177557687908962,0.17446354123335697,1.5042142979044266e-06,0.05085793025822083
3.5838737101214138,0.5109500461224847,0.1809960451304398,1.566857511556346e-06,0.02501737272178427
3.581739861715565,0.4835235196502432,0.161064121942969,1.7427555628313034e-06,0.008207224662205293
3.6600674892052742,0.5114860940617608,0.1690098473392723,9.982505908233295e-07,0.012456842226642194
2.8937273716605683,0.4896903761632733,0.1624642276811995,1.2776399732237098e-06,0.007786070042003414
3.402325209418213,0.5108938515337211,0.16968911871149442,8.934762387462213e-07,0.007945454205742589
5.285451215132338,0.4890520676500324,0.17237010986230464,1.0221133083845853e-06,0.007379814910371596
3.6799927193690865,0.48268243685947076,0.15690094102855642,1.5721794461537737e-06,0.0029218773752311394
3.6387541169927027,0.5103839705412023,0.1680495675780739,2.1544857177606907e-06,0.0037003014395962097
2.807504357607263,0.503825626634063,0.1672580072573619,2.5625525802090606e-06,0.00337133011659886
5.59529530605326,0.4756144710454621,0.1492585731659979,3.0105120195157197e-06,0.0036191981124396966
4.6886732309433565,0.519354613262946,0.17384345383093994,4.756935401009142e-06,0.007814084064653276
3.9649215489987646,0.5192419468856809,0.18147950772979313,5.024654475011759e-06,0.0029905490592984293
4.477303343250936,0.5090227926064518,0.18335952663918462,5.3268601404721425e-06,0.0025489202582134112
3.9199628035862153,0.5020746063337177,0.17852867351966512,3.298648645892459e-06,0.0051153559809457546
2.8934300478604946,0.5009286224101032,0.17403540638885423,4.291664458326353e-06,0.005105152129667708
2.7638110943558556,0.49278663180515425,0.16554362036875514,8.327493753343109e-07,0.008044281306366106
2.8920388671200077,0.508724458645874,0.17458470134818085,1.5850573064505775e-06,0.00913735265160466
3.4924519632527407,0.4842889100063594,0.16169007681477893,2.183051024002662e-06,0.006418941240070981
2.7817922211117736,0.5020751465162552,0.17388774668106116,3.151981498914146e-06,0.00938222829497393
3.603631573990836,0.48775212552154606,0.16772730331133073,3.6682406554899604e-06,0.014723264652102977
4.327447543344091,0.49216211765876877,0.1548775861627877,2.2773618669842455e-06,0.01020146445083375
2.860858051317745,0.5070294654786006,0.17537061337737844,2.2540952157454596e-06,0.00855202009440225
4.9378962614837425,0.517033714134366,0.18655501280165337,3.1408674453905544e-06,0.002723335375528626
4.102094111706119,0.5181694363047531,0.1821464943297384,1.9692116656505526e-06,0.003400728659119329
2.988610250487874,0.5098272510739982,0.17331292765979195,2.1514237487050177e-06,0.002123331329913311
3.1306635921458374,0.4987819017963943,0.16156646427711635,9.111854692246054e-07,0.0013391982169992152
7.316090359871356,0.4743114270981076,0.1435220821777357,1.234825387928231e-06,0.001978412555640113
3.4619354618451856,0.5067861511780899,0.16535541746836685,8.440809176692798e-07,0.0036639906509041307
3.7133879958145624,0.49289802332253735,0.17211972226772285,3.126103015710594e-07,0.00016259957882532906
2.8097611082380243,0.5024700856637729,0.17405966241685986,2.3188005535332851e-07,0.00016921952106684136
3.766056481270794,0.4848697822954658,0.1559576157800505,2.2760249826822e-07,0.00013467593479729953
6.096349793159761,0.5200892930621949,0.1697209044176114,8.409320549686382e-08,0.0001885699477562748
5.853870139983046,0.47209186026118494,0.15067840313242026,1.4067709280653466e-07,0.0004112475469886328
3.4477667584704577,0.5151530701200077,0.17718825263004512,1.7131213279768218e-07,0.0006927185250551515
3.3456446229354517,0.4860967145021283,0.16424241724940805,1.9377917424932177e-08,0.00021617317964545054
3.321642820624299,0.5135207921045771,0.17542753659298305,1.3290057387477637e-08,0.0001285186206609174
2.964109641209631,0.5095597521317913,0.17327191037303996,1.4178488442298013e-08,8.902885317657328e-05
3.618771692472494,0.5009949658252518,0.1775064667432371,1.6394446341781355e-08,7.165602868725416e-05
3.9285199861055324,0.5082664277746731,0.1660034040921374,2.3075468616724527e-08,8.680090805394765e-05
4.683859177461177,0.48979096522407806,0.15347445641167803,1.9474796718311506e-08,4.341645451743326e-05
2.97523582953757,0.503774052143022,0.17609194326698205,1.5207121006018276e-08,5.478924198213505e-05
3.843464606678935,0.48821467147644515,0.16924806873792583,1.282302589566139e-08,3.526716865229942e-05
3.4480542157001866,0.48477832970523776,0.15863190649567635,1.0857234941317785e-08,4.9136761954579874e-05
3.7415164013555176,0.5100212458438605,0.16833682460154337,1.4179588316244621e-08,1.264120466233225e-05
2.841831034457131,0.49620819670581867,0.1634267759552313,2.5246505790884396e-10,6.845680607517424e-06
3.367150530204711,0.5080376029652106,0.17977998363507527,2.2331342991601496e-10,7.787712958014895e-06
4.911090143710824,0.49914140725105294,0.15707977235078413,1.4367655983103967e-10,6.225810927076808e-06
4.158113771708157,0.47910552614081087,0.15828405112430652,1.9949311983302082e-10,9.815275868436744e-06
2.838766515345453,0.4938595201419939,0.1693899579668175,1.2246299515780638e-10,1.3113551787324699e-05
2.5667143643491146,0.5024518089902092,0.17087398634411485,1.342229004513582e-10,1.306129072988804e-05
2.6499438376566284,0.49364615932422956,0.16527994867320608,1.5230529480977053e-10,5.543033311806685e-06
2.5493363666272524,0.4990715978576981,0.17019497952153254,1.5183110134401634e-10,5.841247308045359e-06
3.1105860343963605,0.5028619763282486,0.17660652524978296,2.191355564901551e-10,7.474090822727055e-06
3.7421487974573293,0.48483995658591983,0.16555953774044996,2.3974017457140985e-10,1.336690260626645e-05
3.483527252788872,0.5154533337785226,0.17949765528210979,4.0592490100266413e-10,7.592181643713029e-06
3.963956224434672,0.5149730959014872,0.17261255238209963,4.6544481141609994e-10,9.525554974205417e-06
5.211352111224375,0.474772877869138,0.158865886483445,4.2066677962128356e-10,5.082682007066363e-06
5.066052636378593,0.498581939891181,0.15638108498458306,7.176386826305445e-12,4.63937789276377e-06
4.88504171026885,0.5094930688737105,0.1640360231630217,5.921244777742476e-12,1.1136182901441839e-05
3.117580445639809,0.4910901942754134,0.16020828872209802,1.2170861278258176e-12,1.7083761493802428e-05
3.655320391584157,0.515905895207188,0.18170003317182712,8.56145820100985e-13,4.390257201960463e-06
4.147313282716305,0.490245160964766,0.1554516389171335,7.993441876137148e-14,4.6037064727380895e-06
3.095548112665339,0.4886691595424602,0.1604269404975247,1.8492386171785422e-15,4.9533699778489325e-06
3.80344406699865,0.518160012851748,0.18007600118491396,1.4965982992209612e-15,6.485910977825288e-06
4.727882647585907,0.5243094858929284,0.18391979869328873,2.206143935944774e-15,8.366738943376733e-06
3.019406801540591,0.49418660223784217,0.16155037697435712,1.016001233374935e-15,9.960423742942176e-06
3.0010378632890533,0.5101369707002643,0.17401395815342635,1.4850989472605016e-15,1.1198162244222042e-05
2.83918534484168,0.5026077936055646,0.1749298290438814,7.757512279547114e-16,1.1944713385513703e-06
2.608078299697439,0.5002002580557116,0.1717787757268785,6.768768570506154e-16,1.3171974563648918e-06
5.9443162196793065,0.4757671912316774,0.14848477873455915,2.6454356224469183e-16,8.941065878376359e-07
6.458513705964197,0.4712735177463737,0.14818121174156193,2.5895665047837145e-16,1.4665857975677034e-06
5.822692577218085,0.49285914220182386,0.1779283138233779,1.2407248434750106e-16,2.064866396776721e-06
5.981132452719487,0.4832153947831008,0.14856860215546142,1.8527717963378068e-16,3.317638813875507e-06
2.7254848864626715,0.4968771508236103,0.170913359334169,1.6708696814055754e-16,3.5193822538809448e-06
2.7204270460747044,0.49887051342794786,0.1721838750470801,5.538680329160228e-17,4.755362364190319e-06
3.7631031586313526,0.49214730044935134,0.15742280266973216,2.9589302395967686e-17,4.8813028235272966e-06
3.3678698862693395,0.5064809086489095,0.1671607029824687,5.2015099479746393e-17,1.0926275602649646e-05
3.9171672193985243,0.5017456820146555,0.17906393140204394,6.275251595897235e-17,1.3418793996120934e-05
4.531348680745355,0.5214557768373854,0.1862020509123998,1.2618090001545324e-17,1.4742353275081915e-05
3.358693800828531,0.4946624342242398,0.17280042091152828,1.5480462617221567e-17,1.8055069932962926e-05
3.8688300256574664,0.5144652863177446,0.17255080297381464,2.0245605299636987e-17,1.3675345144379216e-05
2.83077845423547,0.5020126316458868,0.16678275415087998,5.9160896613224775e-18,1.4882898330007642e-05
3.6455214927051784,0.5119398458105351,0.17092137461024665,1.1953431372174969e-17,2.038291189534186e-05
3.0479108464036573,0.48762784457679165,0.16304753953267723,7.560208283572711e-18,1.4921884499292491e-05
3.1378140860369585,0.4869161040146922,0.16336984057903636,8.502690068096338e-18,2.265057820070435e-05
2.819947249775526,0.5014338739825612,0.17428121936646634,1.2870671384279468e-17,3.222344901115093e-05
2.641128003907525,0.5047185047175815,0.17258174812836888,1.9828785096316718e-17,2.1865526108781006e-05
2.5646393786654462,0.49862481555462357,0.16735581292263266,1.7525598228487598e-17,1.8669179050884532e-05
6.1265136064644015,0.47018423628460104,0.15181435816877284,1.931002113415691e-17,3.158948302225217e-05
4.081652680828466,0.4923428877920419,0.17356377064069356,3.31828643428041e-17,3.288158784919796e-05
3.846965329858759,0.5144746296003837,0.1726856691062176,5.763948524249889e-17,1.1514942496331328e-05
4.874355036122039,0.4894853104026164,0.17350075579053117,3.62681514626414e-17,1.763837837227862e-05
4.641542219622376,0.5045662916209265,0.16113486277650443,5.679361066455782e-17,2.476280499137319e-05
3.4700340506527807,0.5072337859834173,0.16730346956846157,7.210115683474379e-17,2.780931775810454e-05
3.3509138494926987,0.5085511169794685,0.16909552746578788,3.809914642225462e-17,5.497230989215118e-05
3.018310870777784,0.4879926783150049,0.16220458105039093,3.794412889823704e-17,2.8322685724775815e-05
3.496050546247294,0.48880438989623715,0.15775938362912295,2.6668069566983726e-17,3.780237328312418e-05
3.23898910677846,0.5025567625276833,0.17706328904334012,1.6722779811394163e-17,2.8307389648815517e-05
2.7617695497684345,0.5005456086324689,0.1734290303883585,1.1746828474371871e-17,1.625355455932919e-05
3.5314945839717016,0.4915724221051233,0.15817862797062707,5.4677348294210116e-18,1.598602230009815e-05
2.674947547710548,0.5015991635925434,0.17315311217800064,3.3119850536867584e-18,2.4209765430178724e-05
3.169243680881265,0.5039462100023723,0.16614938575684826,4.3886038902867386e-18,3.06811920544662e-05
3.1478388030935065,0.5056115028053043,0.16759494580247405,1.8869134382198585e-18,3.1033284203548105e-05
3.080910097388954,0.5100181689425151,0.17270561884907829,1.5449104052571557e-18,4.4695230235605833e-05
3.417157442564678,0.49370099263608314,0.15936776506983438,2.5149017603303334e-18,6.991534777028323e-05
3.617593924046357,0.4874851236662018,0.15702086538629675,5.2820079036374804e-18,1.3968408641433895e-05
3.8526793003427775,0.48099768108069424,0.1592702224226317,3.8952310667912175e-18,1.2616474984788427e-05
3.7724508858929493,0.4815514822847394,0.15974195167673214,5.1513971028567185e-18,1.7372183218320235e-06
2.9556681889668743,0.4972790777219949,0.16317060331839187,6.2493737474926936e-18,1.6952545047071546e-06
2.631798122945459,0.4948650930004608,0.16525194981146635,3.866337065040441e-18,9.923782724612833e-07
3.424671384687901,0.5144026054352632,0.17604434176766462,4.750188816224452e-18,1.2556065587918991e-06
3.9611975115635922,0.48064888747756696,0.15710699808111164,5.467879298699974e-18,6.403928437366211e-07
3.2700976170445952,0.4899241331408138,0.16849023270897767,1.0448016667893329e-17,2.177307886362076e-07
3.9538949375807837,0.5092381328991984,0.16694828311665955,6.963321442422113e-18,2.341238646699361e-07
2.622189704987703,0.49671331034013283,0.16568751192870113,1.419020564368439e-17,1.0512845807932512e-07
3.2743325168557544,0.4870577626448155,0.1592388383290017,6.8288784988339446e-18,2.03228719705554e-07
2.7763856703824974,0.5048976356622475,0.1697078060145335,9.706459865656755e-18,2.1414410842591772e-07
2.749164994492184,0.5036158931710016,0.17455833556215528,2.6786737200510124e-18,1.4898220027127362e-07
3.8243381956244042,0.5083221107592251,0.18177223476471596,3.673462267264968e-18,1.7757766648715918e-07
6.31264583769487,0.4871172468903924,0.14872384378173042,4.4264189321239854e-18,1.4653962844674451e-08
5.7731654718592,0.5276989738994774,0.18095469629742184,6.5929613456543085e-18,1.3390871434404861e-08
5.265387448030923,0.5184651386866188,0.18938687823605338,9.681502478110595e-18,4.643860076777889e-09
4.521539957536049,0.5071008662422204,0.16329179448774975,1.6083179184210306e-17,4.27656616415413e-09
2.8667170536190176,0.49301059317666823,0.16883173556198242,6.674641000181429e-18,5.2604439287771136e-09
4.46761511968368,0.4983563565194782,0.17860560047247467,8.857490536982322e-18,3.556944812239157e-09
3.058380277999392,0.4927218168990859,0.16089691459899078,1.1195379673651305e-17,5.717975457386282e-10
3.0322974513150056,0.5107087002083655,0.17466636601327076,3.781965866186099e-18,4.173535427918529e-10
4.454850877265704,0.487831776154859,0.15379654790615982,4.544771402682513e-18,6.876100148607504e-11
5.8641308082534565,0.4983991166266968,0.15436398574867546,5.47244063019739e-18,1.1249448610255355e-10
12.004424234928631,0.491773879900671,0.14058717058167539,5.581244750825302e-18,9.99290283746386e-11
5.563516304238886,0.4723902966944551,0.15309088016360006,1.4008163495511028e-18,4.252799621567944e-11
3.787491733520501,0.5126845831005397,0.17097338344859078,1.772029402751589e-18,2.440806788930172e-13
3.6913882831616456,0.4844026289011608,0.1647241858608183,1.1456471062952711e-18,5.418554846313115e-13
3.0093994605092305,0.49342382359751047,0.16138423603096524,1.925978926773048e-18,6.190414488558738e-13
2.8180506323997485,0.4910917695316373,0.16603375543156867,1.6847750599381858e-18,7.797614704192864e-13
3.248912163404701,0.51140563340126,0.1794710845065823,3.0303301280214025e-18,6.694615970875921e-13
2.8717216147733975,0.5032299397313426,0.16740725914979418,2.765261364793344e-18,8.000446635272124e-13
2.6077016361695122,0.5033751264635961,0.17248809272151933,4.654581532157527e-18,1.0471027370009496e-12
2.8164214765967506,0.49300265656643577,0.16838814104842537,7.413301727954854e-18,7.609624576455918e-13
4.262471047801399,0.4918999447104394,0.15561624767394447,8.546996890046576e-18,1.1589092552098274e-12
5.132839096255824,0.4860337798460898,0.17136252928393722,8.726004159701582e-18,2.1908631809340387e-12
4.095789743781932,0.5078476561005776,0.1652708111098651,8.05383536627978e-18,1.4362287320364707e-12
4.847500156358807,0.5188271328316666,0.18802052923908455,8.422123727342323e-18,1.7689997412286322e-12
3.375228282971099,0.5144195603295156,0.17905943314683148,5.822882272973219e-18,2.2714857666207222e-12
4.270198097893583,0.5131907368592274,0.18487611929621314,3.1269571220217615e-18,2.399071875163381e-12
4.893127461134488,0.49055766980226734,0.1743537547126268,6.3834012789405664e-18,2.791027206119903e-12
3.2160240381432903,0.5050469992509304,0.16675904936060051,9.02574206693011e-18,5.087943522768877e-12
2.8742873188407527,0.5003741543224854,0.17410572681796588,6.158635877553865e-18,7.410968954080457e-12
3.6613583201351787,0.48804100598626055,0.16856474790364637,1.1518585255442263e-17,4.5846501388243145e-12
4.8226259055598195,0.5009279562333618,0.15833473129851464,3.313347217075181e-18,7.924699418870712e-13
3.2577467346723816,0.49267716377208404,0.17085374864334124,3.744893319678551e-18,8.539165504669264e-13
3.4992899773754225,0.515020671137958,0.17630419205656347,1.549615333974968e-18,9.086435264527988e-13
5.9888953648890935,0.490747123895769,0.17676298936809776,1.4085311192625153e-18,7.550495840271042e-13
5.810026232801557,0.5070694059328719,0.15979452169986744,1.1717823087738214e-21,1.2067990713576804e-12
5.0106640868782275,0.524936271302815,0.18763998083285177,2.035235729379107e-21,1.6518105566050662e-12
4.461470665991856,0.47927439539904226,0.15393105813548652,2.5755637485757153e-21,1.9507113657145744e-12
5.339313136095889,0.5274044821740385,0.1841156511669866,2.0492669402412807e-21,3.2638461014370097e-12
5.0106141678329905,0.5012884494723263,0.15804770515738928,3.809662973061684e-21,4.757543568035183e-12
4.763927782508182,0.47924928376714715,0.16351879533203995,6.826966427484797e-21,3.540675504610344e-12
2.7414743575929172,0.5059803940498259,0.17146783447128133,8.701538653599096e-21,2.018615121457616e-12
4.608892718135074,0.4964243023255027,0.15650579612538312,7.837582467972063e-21,1.0831772276627066e-12
