354.175610244137,0.5030185654272731,0.17472433384248753,2.802621653836108e-16,1.459790120434103e-19
259.7755400703472,0.5113772021960324,0.2588799249047097,0.006860880901901756,0.022379208132755332
26.459930747142323,0.5132120854499107,0.12831044716651566,0.0034574214946642137,0.028013016052218814
7.410363701326423,0.5228566097723565,0.1620355794689096,0.0028265449505908455,0.04567328421464133
5.098452523566747,0.5158703090448675,0.16109814943340564,0.0023084748299298193,0.0306401984792893
1.695288375618107,0.49517624452435294,0.1683992022619733,0.004331981681188151,0.03539036870806525
2.2649530425560727,0.4984929787254796,0.1583616655159308,0.0018116967683632973,0.01434475476301917
1.3806627600927575,0.5062107354205765,0.1649046056301037,0.003317173455711902,0.008251379182272329
1.196502978412892,0.5010649465102127,0.168851381305878,0.004826883336401131,0.014280616069113027
3.3401716535109496,0.521517091742016,0.17606071621666033,0.005501821245269517,0.00398385610131222
2.4372821856427453,0.5169380458786783,0.17177064873743145,0.003913695320874717,0.0021283541043052834
4.320747553766871,0.47884338159145834,0.1476411325533264,0.0019818919488969093,0.0028431848769019047
2.64509332617778,0.4989602992769235,0.157260214937365,0.002269729142398541,0.002125959842964098
2.160470696631812,0.5023316994977166,0.1631981280242526,0.001450843817349068,0.000786100598711784
1.4211319305810983,0.4990983720852372,0.16342217483200513,0.002536923442430315,0.0005110951465328835
2.605248226785452,0.512530073573745,0.16679896634761404,0.002667109428602794,0.0005071753073586956
2.4508405838354577,0.5172808913095749,0.17403443991818912,0.0023194932388198378,0.00015233608907119897
4.042816234673743,0.5243549605316173,0.174033783539476,0.002392119202478081,1.59400814338929e-05
3.2179140434349236,0.4842632283688741,0.16337094919945777,0.0030402032644674453,3.8712766312339794e-06
2.5059900356796945,0.5011550407710682,0.16730596671151432,0.005226846133163517,3.324407516274011e-06
2.6972460541728465,0.5037317533076314,0.15899958469260828,0.0033762115606765994,5.230155487409461e-06
2.2586453593771028,0.5174068033835291,0.17573993213125222,0.002803665640017463,3.7808606873145193e-06
3.8546016205019997,0.5010379836768047,0.17641229363483565,0.0034922359060708366,1.1163242684092365e-06
4.394055497911636,0.5114685761047362,0.1824368468121513,0.003994409387452978,1.3865867393384653e-06
4.0717519490743745,0.4874791876848604,0.14813786714077273,0.002303512020437876,1.9632138040157127e-06
4.37604872471211,0.4850365240912349,0.16792857968498467,0.0008187210499801649,4.125979015036014e-06
5.284389449682249,0.47246889162238564,0.15662741911909756,0.0011400464250413708,3.505407876048829e-06
2.442197713143995,0.49972453924582233,0.1655015819835476,0.00018440287090788765,4.597949594993659e-06
2.636239188912436,0.49256871377565864,0.16642988605965553,0.00028659832548341886,6.823283734508374e-06
2.394748384445524,0.4993315840288986,0.17030866630724417,0.00039814431585423075,5.2083644169436765e-06
6.301487368944735,0.5343057436792138,0.184866347344156,0.0007228982800998509,4.052591218465074e-06
7.01107396214275,0.5121408832271097,0.18884655795383198,0.0006217083141692733,3.0395215420217953e-06
4.4169757908863865,0.4927065931414032,0.17329272075584257,0.0005120652571160701,3.2059122127705517e-06
2.37836734069249,0.4933149299619599,0.1630305531592689,0.00036018760005106546,3.490829175396065e-06
4.607230709847155,0.5250982091097104,0.18369425746982046,0.0002623835713587539,1.0150119539123435e-07
2.8187062069526334,0.505902541244777,0.16694567931486623,0.0003551830552505481,7.549962900245003e-08
2.5990063638543965,0.5056793320825238,0.1686841681889157,0.00030078300508119593,1.2307019546493617e-07
3.294106836843889,0.48529006429801486,0.16323212909197657,0.00015628653583383954,1.74509516841098e-07
4.445444768635106,0.5130006075186551,0.18505029630122022,2.212167382589157e-05,2.1930069149422472e-07
3.339476119721198,0.514246177584817,0.1767837685478411,7.592261084332535e-06,1.7207852875239972e-07
2.8208467583156738,0.5050932895069847,0.17518461595109663,8.885804513690266e-06,8.818825536887686e-08
3.1314850837774664,0.5017137976789708,0.17578823707555938,1.789478016729851e-05,1.213186802649744e-07
2.6027641188092403,0.5002136176734177,0.16711032154058753,3.7877599881650203e-06,1.7107461878697601e-07
2.803897080883061,0.49601935267215486,0.16301628045813352,1.8431570092602977e-06,7.947560933068364e-08
2.7000932864462968,0.5058098112261287,0.17300589046989018,2.0831091621942365e-06,1.776808978677122e-07
3.502837539794208,0.5139990389784252,0.17379491227723912,1.957628481231436e-06,1.1070991453091186e-08
5.170698800134926,0.47658387305598765,0.1610092639744983,2.4449520712720684e-06,1.1969958961457562e-08
2.6393822653558794,0.49722811136297096,0.1698395663632237,4.971800073600814e-06,6.868606410999686e-09
4.382184570571481,0.5172863513521418,0.17269280051876315,4.683738855882691e-06,1.0007965832237397e-08
2.6370079368382013,0.49747838726299276,0.16998911496839056,4.768159270378825e-06,3.172547870344127e-10
2.9203371098420234,0.5094812685607731,0.1736790774746041,7.29031442494911e-06,4.412892731095015e-10
3.2083060345858283,0.5026024481777994,0.17647008578847778,5.449135246181854e-06,5.515522575701138e-10
3.52434991403646,0.513516803091985,0.18060417127123105,2.513852535831727e-06,5.543644333360361e-10
3.5070571746614916,0.5131533582390468,0.1725949198714756,2.6514344294997884e-06,1.0238498531972957e-09
3.5313351902756347,0.4864880086673881,0.16573587211992638,3.5425277262196763e-06,8.251477307415617e-10
2.7957046192289137,0.5066827676939614,0.17486611197123408,4.341632348304924e-06,5.43473292553632e-10
3.404232301435237,0.5126182931660591,0.1726709576078982,2.5136980019537197e-06,2.0708133060250497e-10
2.998863126916404,0.510313864192742,0.17616769208554517,3.165244895297205e-06,9.55827219634541e-11
2.982779467432223,0.5048643331964581,0.16738544935219007,3.6863495953404808e-06,8.053717419513753e-11
3.4762889729823603,0.4914407831360261,0.15781001607456976,1.3643774296893546e-06,1.3033749682820868e-10
5.121439557782838,0.4800988440823114,0.15036514082625266,1.3168611038418812e-06,2.149972551122812e-10
2.7029805966066065,0.5048943170657691,0.16996259654089108,1.64382364064809e-06,3.5748674905014387e-10
4.44329347621266,0.48745982538615096,0.1532216517136794,2.4946058036709176e-06,1.9868361328925298e-10
4.353651714318184,0.4866896321042294,0.16918361755532066,2.698129038472646e-06,1.9593992144664886e-10
3.85419699002123,0.5094076731225541,0.1668162343773542,1.1775189636159554e-06,3.510513848721066e-10
2.9077734369272816,0.5052580306627408,0.17497194933515403,9.049104700135319e-07,3.934170749048447e-10
4.125706845216164,0.5056204680545269,0.1630766923126769,1.7238002751919975e-07,4.979441647397036e-10
4.142537849596628,0.5041537324147038,0.16203420123683648,1.2618801652364503e-07,2.2069779420335365e-10
3.0384904633685563,0.5031014352444202,0.16580922220984892,1.5996415194474818e-07,2.2482730115154181e-10
5.146960306322379,0.4838699362395021,0.15063023082836915,2.705535859882742e-07,3.287661190646172e-10
3.2611608323749217,0.5024310488663359,0.16411554053936026,2.730885764315645e-07,4.395803273137884e-10
3.1322234198794567,0.5018822143560077,0.17580579974454424,1.1557386099951166e-07,4.2091759749149155e-10
6.7512595746987625,0.5258491810496191,0.19452700113384427,5.033744514185153e-08,6.020154757971495e-10
6.149854579600274,0.4726248355302882,0.15960860379015535,7.50104971275936e-08,1.1561032478257632e-09
5.090020139972393,0.47512458142675135,0.15812918149957667,1.1431018794705694e-07,1.2050935099134074e-09
5.08114093149451,0.4981894317998254,0.17932759679966803,1.7395063346015246e-07,2.975007573865649e-09
4.351010967038936,0.5203150952819858,0.18488298323108482,1.3660063946216366e-07,1.3974123126167238e-09
3.8591989424719144,0.48553327708717525,0.16654186861255652,6.319762271266272e-08,1.8594004301451204e-09
4.6336876961274465,0.4856960534133842,0.16940997979101471,5.7865369440710294e-08,2.1064847211501337e-09
6.867466043828002,0.46870366323526824,0.1482427323065846,7.561235824462956e-08,3.966707986687438e-09
4.6164571098445375,0.47847183465341914,0.16126364772701102,7.574938055916558e-08,1.6716555670603857e-09
3.591805349816217,0.48668177569626736,0.15693347809285574,5.7990654126019234e-08,4.3441194564613273e-10
3.6549732205253664,0.4848138082728335,0.15683767031237505,2.7219417400219644e-08,1.8195284936409317e-10
3.738840284986869,0.49200627415154635,0.17197440064830122,2.536914762399319e-08,4.114519070787338e-10
2.7426662905643524,0.4922859499177267,0.16626169742928265,4.038773111098787e-08,3.439220130326003e-10
3.7024993874960677,0.5033268507033742,0.16307303255366593,6.467887069351524e-08,6.417862746542626e-10
5.604294050409458,0.5198101587946917,0.1709517662788831,8.577699095390942e-08,9.239607868628046e-11
3.7006416005129172,0.5057367597530913,0.16483432698845094,4.6422627485713575e-08,7.895511236516529e-11
5.77249570517812,0.5265761552338958,0.19123593549550097,3.841704053294075e-08,9.719828133918067e-11
4.675347926532795,0.5210883571110767,0.186925744835598,4.563151486779479e-08,1.8655751088326066e-10
5.70965020353414,0.4818479487279925,0.1489326400801357,2.2459921446188447e-08,1.6406012534598456e-10
5.901740723769263,0.5264496055842947,0.191822173759993,3.700160370299026e-08,1.5133764472238554e-10
7.226983177574792,0.5353432738624921,0.19456442062817644,2.1484983369934216e-08,6.274280162934856e-11
5.782605915952476,0.487161623057647,0.1497915979446165,3.3781928494655027e-08,7.781408289621442e-11
6.140330635056727,0.47015121996647924,0.1537713419715306,5.363188119809061e-08,7.920868259079065e-11
4.359503680689162,0.48960303959176715,0.1719027571867294,6.131239910387048e-08,8.59678482642762e-11
3.1754358319255944,0.496884937397063,0.17323530286289512,5.3681648252803955e-08,1.0230817055952139e-10
3.9904580315376816,0.49596070003003345,0.17551648280398785,4.167812889746894e-08,9.72869813115312e-11
5.4853797714199475,0.47268994143802345,0.15458590194727367,3.422852188465438e-08,1.6467173612353992e-10
8.852687990293505,0.4937599095999646,0.1830134923810684,9.701495940334987e-09,2.9906490249919704e-11
8.194595402325984,0.47500484956375205,0.16753742420444295,9.418108312465437e-09,2.70532020100779e-11
5.811699604409251,0.4978664727527737,0.1809440974350353,1.683223178449193e-08,4.5023057916287846e-11
3.0282272197534317,0.49031155341546484,0.16712421368915473,1.1403489440522692e-08,3.5042887871296095e-11
3.094664779060811,0.5035937337622926,0.17666568331068205,1.6560936635026237e-08,3.3726668917902304e-11
4.908732831685902,0.5234242447690747,0.17875745847721103,2.1615078875472383e-08,8.043365460161598e-13
4.062654437595177,0.4907276503377206,0.1557557375482964,8.559609412130683e-09,4.2821610504524894e-13
8.360692648667538,0.48736077356611035,0.14462211768720903,9.847954950888529e-09,1.7818348245558095e-13
3.0788336528036737,0.5115150871309166,0.17557340288773135,6.682220928551018e-09,2.1495712917588867e-13
3.4445090489181274,0.5097299587853749,0.18047485193820859,6.930911443527434e-09,2.609255405336761e-13
3.511200715364722,0.4868363656828233,0.15748596717518196,7.922030712805968e-09,5.403407189194665e-13
5.109253232290704,0.517763433351499,0.18858985909553755,7.442505721191598e-09,4.53118439986934e-13
5.342131074423234,0.5267646291114566,0.18207335834952293,7.020153526348981e-09,4.437536642781018e-13
3.0804103398966487,0.48808983080184,0.16469809239075806,5.152057523926036e-09,5.69590229453625e-13
3.0508237194669863,0.49733639211969793,0.1625560674943252,3.562311221005406e-09,3.1250911315809436e-13
5.135616794533324,0.516776924490086,0.16964690724225023,2.1214360063121102e-09,6.025270325461573e-13
4.304882390203544,0.519796113433882,0.18527667687440166,1.1083840144045268e-09,4.56981733654783e-13
3.207462689996321,0.5128261061738062,0.17789518459936482,2.866338169201501e-10,4.72943230478489e-13
6.583494241727885,0.5331301968516536,0.19217314495598328,1.8528371095330372e-10,5.049722972549123e-13
5.753749631680245,0.5288546552414976,0.1834384385288743,2.9520015983784185e-10,6.277929508275174e-13
4.293439026768597,0.4794052224042562,0.16114018025445587,8.47580557421542e-11,6.179211122944589e-13
4.631575166294918,0.5180734906243255,0.18711288334502105,3.7800336243534414e-11,1.350731693343195e-12
2.954770444639731,0.48884112586249384,0.1623638357433756,1.0927729204255766e-11,1.2681828118436491e-12
2.9125188782593563,0.49385337119405054,0.16992325378370238,1.3164639283521256e-11,4.457732928871133e-13
3.48419803122989,0.5117499268103516,0.17165490128112765,1.0953647168608068e-11,3.7242853314175254e-13
4.135737505158786,0.49010981583759594,0.1720162835613412,3.6152967101873127e-12,5.498741868363775e-13
3.6099488954463306,0.49294869379921946,0.15829317916268335,3.5726280999398557e-12,6.454137119215001e-14
2.8534918106683427,0.49499336241869846,0.16291270104390349,3.2320751230293986e-12,8.236780627780228e-14
2.7785844698381856,0.5030380055987685,0.1746350437420039,2.3571699329410426e-12,6.824645970233306e-14
2.958707332864447,0.48895028362193255,0.1645733795527931,2.739123504632403e-12,6.883578985279818e-14
3.2802293896088415,0.5135039743293999,0.17652007905142558,2.4757919489144973e-12,8.36443472949577e-14
4.720109019650605,0.47694013622392756,0.15388171753491897,1.9521948168991698e-12,9.2658200358191e-14
5.1844545008274086,0.5236890869026217,0.1893355442937079,2.8116553201997957e-12,8.731424476179269e-14
4.710394725897113,0.48402585981479246,0.1523095296712117,2.4147363912319362e-12,8.888315998129324e-14
3.4793857556662955,0.500281187366998,0.17682469530729814,4.349748408808842e-12,1.1213117024393195e-13
2.5867491279253754,0.5025730810981137,0.17206762856578672,1.9599716098678078e-12,1.3437315537111486e-13
3.6309958967913065,0.484367569677719,0.16427276089502102,1.781350601556904e-12,1.1928177324984368e-13
3.202057663609983,0.5066597572596375,0.16819200247169727,9.307018573289365e-13,1.9238073984528312e-13
4.333819722862655,0.5111342785014998,0.16718130659382016,9.220136676612955e-13,2.203696925271032e-13
4.4127238344458295,0.4946325221734557,0.1760784866108409,1.089622136239761e-12,2.0408289997848077e-13
3.4414239052622717,0.4841974832622359,0.16194281855382028,1.8821271837643944e-12,1.7606495822846587e-13
4.696038306726121,0.5239854596647373,0.18268273323743905,1.939772143639882e-12,2.4140875407724267e-13
3.175397786715393,0.49638017074364627,0.16157306395357626,2.0954285121157795e-12,4.2765085488190677e-13
4.055917599552962,0.5119102438768514,0.16896129035622365,5.515786643099772e-13,4.864989467148428e-13
2.598520481050416,0.49502837458751403,0.16607808278469974,8.790145704314268e-13,6.699632565707919e-13
2.909219465200543,0.5072377115473398,0.17090311793806853,1.3674721671233666e-12,1.3978233966206462e-12
3.590016270295881,0.5048376657744642,0.17951430603782711,1.07832289490143e-12,1.7929399662827682e-12
3.242460867444026,0.5016139627135048,0.16415181364527934,1.2042695458047883e-12,1.4330327184223294e-12
3.3550444663546015,0.5029666393009126,0.17774812956355782,1.563533521273828e-12,1.2756831509280915e-12
5.314837797801921,0.5111379437523086,0.1871192418580908,1.3340305274732424e-12,2.025224844617324e-12
5.516519311998219,0.48140557729432387,0.16820312818897545,1.033666598122282e-12,2.4444701153461965e-12
2.80676910767552,0.5025058181116482,0.17465438390471164,1.4240174289371137e-12,3.4549436124191434e-12
4.017577859156181,0.5028121877676782,0.17992356654770783,1.0313549431536469e-12,4.3663352048547386e-12
4.362637330716746,0.49316986869942797,0.1749376412254879,1.8111473320222154e-12,4.544123773044158e-12
3.9641497641546737,0.5137063324285727,0.17119562480880388,2.6456333800660166e-12,7.681288634194597e-12
2.6645821606235716,0.4931187068392956,0.16563364208312417,1.450507389324714e-12,8.201259625036805e-12
3.385183376223426,0.4857959241105052,0.15872321047718838,2.225347778447934e-12,6.011057199795592e-12
6.8309931288558285,0.49971441145989093,0.18405810030228562,1.7199373345070248e-12,7.925632827045083e-12
3.1618597432454227,0.498212460929933,0.16253416139038998,2.085050103437974e-12,6.803261744204584e-12
3.6466781933026944,0.48440755149773307,0.157144015609456,1.6477250925905336e-12,5.773433879701786e-12
4.229905605102116,0.4952639633753402,0.157077630887765,1.936293054362436e-12,6.1333737706965605e-12
2.999033079199334,0.5078115566887093,0.17747871329173748,2.9812612112366347e-12,7.005718807092545e-12
2.855303254272984,0.5083176594473052,0.17326882287083994,2.3698755859802284e-12,1.2787970781477583e-11
2.8883092266286834,0.49019660204601423,0.16235828628776838,3.378325266887636e-12,1.203282561592673e-11
2.996957934051481,0.5017308732377143,0.16550644934257377,5.384755160976785e-12,9.624511247452897e-12
2.9849143836468146,0.49249823361581707,0.16133098387300515,3.5339996460764136e-12,9.627364086623472e-13
2.974214828881684,0.4978186375276565,0.16332565037774707,1.1682517562149539e-12,1.8264546115802107e-13
3.8348723608305755,0.49808810219577687,0.15974230210963883,4.2548596356577944e-13,2.558219531306391e-13
3.439941998432845,0.5009512389698223,0.16286045488779324,4.4992186283108553e-13,2.382140462769475e-13
3.4820943552959402,0.49178945175657307,0.17110449778862322,3.123236612389219e-13,8.821511480484266e-15
2.7189370648314606,0.4954925747694421,0.1697773827910432,3.7703492724341134e-13,1.0618436314424878e-14
4.61554081310523,0.48121311732383387,0.15263282788246268,2.1186397717194227e-13,7.808119791425304e-15
3.7654764914264804,0.5119924326891172,0.17035421279159932,3.54716008157736e-13,2.3542012605218552e-15
4.499728688682952,0.5007895155760854,0.15915617072706745,2.7698101687223017e-13,3.210125060190975e-15
5.669466102328922,0.5117774756772754,0.18818341607956443,3.893346691826734e-13,3.34085626515366e-15
5.537461058925588,0.4845642965722712,0.17106991888795797,4.4925340411788066e-13,5.9791633454486434e-15
4.336205650891751,0.5212995416002085,0.1845238903115785,5.407993045436393e-13,6.787438551206592e-15
4.3307918262577,0.5188388315739291,0.18570910829235276,4.676925287192947e-13,6.427765010998688e-15
4.335367537511735,0.4971162117469912,0.15763768431229466,4.79374679112983e-13,5.3189407821074674e-15
5.142570519759487,0.5048435876673865,0.1599444524810136,8.816317253940976e-13,4.6182663368333315e-15
3.7248993085540523,0.48220500135645344,0.15803310822178104,7.842090270831825e-13,2.579069207356649e-15
3.0142037155452073,0.4883678021900964,0.16438564389544222,2.3735299454227495e-13,7.778631132556469e-16
3.7187274797642442,0.5161565607954963,0.1821826080443107,3.64214366813671e-13,7.63437254075289e-16
3.5543563690985023,0.4860627730446561,0.16596436949090942,5.791602495588702e-13,7.033182175054846e-16
3.3313200533700766,0.48807513232161304,0.15865869683998973,4.622079611733907e-13,1.0719558772083022e-15
4.19784895843583,0.5188750973164762,0.17647763409091152,5.934225850249819e-13,1.226102351830377e-15
4.788470883800668,0.4963066659058978,0.1780849688529623,3.554994080787991e-13,1.6368183513461317e-15
2.5528970577657937,0.5015619802096655,0.16995048185622683,5.377589448530175e-13,9.910991966309613e-16
5.961788278187864,0.49120180902208865,0.1508823302229636,1.2759562188648226e-13,2.067527472540111e-15
2.783147709564098,0.5035468153011455,0.174842435030328,1.3892702592853293e-13,9.45417470406352e-16
4.225401768315421,0.4828790326103656,0.15417260902453098,1.0146471979211891e-13,9.196711614697467e-16
4.31433929684767,0.47993311509010067,0.16218961733852347,6.790253138168814e-14,4.147166626617217e-16
3.899836704991544,0.5149092161518721,0.1835922701760839,6.705693109073386e-14,2.1510015250537548e-16
3.4843546674424886,0.504740964050378,0.16525298348978923,1.3931917517978319e-14,2.6823398349462013e-16
3.4382056116466364,0.4911196218621602,0.17036947132258798,1.4492602128262827e-14,2.732999931250599e-16
5.41518665610824,0.5051658467851918,0.18454882686881877,1.312915149155309e-14,5.861692420725508e-17
4.648732900896388,0.47909933283021305,0.16279991102951438,1.096263301394866e-14,9.248737534487567e-17
4.004022383973407,0.49855951903686724,0.15942177775840008,5.473999691160557e-15,2.0692945489687632e-16
4.593670435349711,0.5133954811584762,0.16831711793771245,4.995275056698345e-16,2.991350032391833e-16
4.355622246233055,0.47862145296447833,0.16007368823555324,2.2199367262242694e-16,5.002417185174511e-16
3.7454259938769185,0.4920594879776954,0.15746086185085492,2.579959684676955e-16,3.20209043028776e-16
3.152056257870458,0.5103332008111212,0.1787613032483838,4.451679656191659e-16,2.501875263765749e-16
4.337668007419261,0.5065292913086289,0.16344506500252698,3.576795800609558e-16,1.5805714410880586e-17
3.907712546983668,0.5130813422131139,0.17079900042204,1.9759293575728575e-16,2.4014646992755556e-17
2.802470962127657,0.5056060135608071,0.17017573433173186,1.896936161987787e-16,3.3851621528789214e-17
2.6496652950382114,0.5039401697950168,0.1733532766855372,2.268850401256592e-17,6.558936469044049e-17
2.7025504624875145,0.49828355947693265,0.16548127685994454,2.7460923620585187e-17,2.5475401749999417e-17
2.529430136657588,0.49821316478845806,0.16841963876408758,2.0576525888887035e-17,1.5219337441417053e-17
2.6423915818357595,0.5001923729224392,0.1721834904827419,3.114151458051943e-17,8.398995515212495e-18
7.1124926613632,0.5338847142271157,0.18454073329533824,2.791069028734837e-17,1.3129615708205383e-17
6.335273108718384,0.4782566573486342,0.14714987344134184,4.8994567791057466e-17,6.58928728512438e-18
6.105632531171803,0.4962352934946703,0.1527348014398083,7.099326050188261e-17,3.453865241781543e-18
4.210362046952215,0.5183585938431793,0.18509067087812392,1.2953428055644313e-16,1.6601866879150584e-18
3.242955868397725,0.5097146377658105,0.17943931655175335,1.1113983045403227e-16,3.001780710456705e-18
3.298136923787255,0.4980653814005151,0.1748314772329331,1.8041222123866952e-16,2.240723141793056e-18
3.2174896798982875,0.5074883422966003,0.1788593730472206,4.41771624136187e-17,4.299235541920565e-18
3.5057443869296705,0.513525258142961,0.1812147831054464,4.4119651528896963e-17,5.804969314872786e-18
3.9601938240487966,0.4917133946797386,0.17272584733939672,5.085230232843548e-17,4.930708145364622e-18
4.092868974993218,0.5149295343793571,0.17192169971408244,7.066608367944698e-17,6.025333280984104e-18
4.639262184345569,0.5219084807468723,0.18675098144120492,6.792429388129662e-17,3.6107977236083796e-18
2.5628700637304176,0.49636630291923334,0.16817769174407654,9.796280003632101e-17,6.633347226619091e-18
2.5427473225708903,0.5002020572834213,0.16886981040018897,1.191717366392887e-16,8.580530977909969e-18
4.442103873319023,0.511284579727822,0.16693224418335226,1.109337198800427e-16,1.508599338243506e-17
3.347410215099311,0.5111875240633813,0.18023025459348926,1.6599820895706168e-16,1.1560070310824234e-19
3.7287236613135626,0.4899658818520709,0.15692567995888465,1.3459022625591603e-16,3.700631582274994e-20
2.837363186951527,0.5013280898235507,0.1662525213666487,1.6060091325314895e-16,3.9095071162106316e-20
3.3619175734347695,0.48472214473020186,0.1618201639843413,2.8868282085757905e-16,7.104198744982216e-20
2.790448568530772,0.5030185654272731,0.17472433384248753,2.802621653836108e-16,1.459790120434103e-19
