4728.180311809069,0.5155792305672865,0.18000841672646722,7.122487792978973e-13,2.336779634948363e-30
186.26502086804533,0.5574865193812015,0.2757104850864772,0.010922206684386983,0.03650876602172877
106.85018602921544,0.5772451063461627,0.2577897717065083,0.01897082822410636,0.018818059300693586
91.63342676191316,0.6437942209268128,0.26119195847755294,0.020210635466960326,0.013746381976805968
36.016322489588354,0.5437850114299656,0.16377658449647348,0.015023178132593348,0.016056666988627455
13.838936331136702,0.4978926979991475,0.16012950040819596,0.012683822098276898,0.00938271305235781
14.74846341369886,0.5194029845955142,0.19627864143354157,0.008163416826963447,0.011011961307768148
9.144765435068841,0.4875544835018929,0.14504306242771287,0.009070273961143028,0.011526964994054771
7.358332546482498,0.4664772047034853,0.15521715862911808,0.0038349154365216577,0.01239159504025254
6.332547592494458,0.5353414834341033,0.17638069225864156,0.004461654378345442,0.00952432749863749
1.909535884090337,0.5010114048365569,0.15940256793177388,0.004977000147713733,0.00979846990193975
2.682790744207412,0.5064680423460074,0.164176587260863,0.006658654239420683,0.011041394517982485
1.8303251513275827,0.5010493550799727,0.16949192583640135,0.005818395804928199,0.020074083103902504
3.853191003625646,0.47533077410688224,0.14957840478705195,0.004901092383713284,0.01827396012479447
3.7218104373905985,0.5266805886861113,0.18350652642833626,0.00587514516487799,0.023142556474642653
2.9777941460435784,0.5164062022993953,0.1802015674119539,0.006009811593233274,0.019893147245869484
2.3778940688417887,0.522614297817242,0.17677875691702624,0.004427504672884148,0.02627353375077024
1.8713122431500182,0.4929142537444703,0.16851051999904737,0.002304638086397829,0.007492787299758358
1.1802170226672901,0.5052487085729299,0.17108447484238817,0.004528015897555585,0.011552197916372586
4.9645669937728005,0.5011925582868297,0.18164927928463684,0.0020187254156262464,0.0027081168137467315
2.9355404709268056,0.5102446571944428,0.18149998200637882,0.0014982539417988513,0.0021445643782768164
2.209886295637627,0.5049922770623813,0.17638237154717,0.0012613748212586897,0.0033281111590762026
2.5714998658569197,0.5073166142618383,0.1639971870237627,0.001685829274535422,0.0029329610540901833
1.9846164884023485,0.5140503638860138,0.17273173129921812,0.0024453369399271316,0.0011242003802084584
3.728799073390341,0.4763752025434115,0.15151527413492175,0.0027650013576406515,0.0009345749081187307
3.59571061103611,0.5067406917359993,0.15890686306839294,0.002580328265712595,0.000648412682868132
3.0437442241489925,0.4876523493920888,0.15291247421501555,0.0018218566769007576,0.0005613591902687467
3.18020835389487,0.5199306067147259,0.1760764022841512,0.0013781836363965158,0.0008629118393260847
4.476235407582067,0.5291024871167156,0.18369263204377856,0.0014393578577914803,0.0010369609082873342
5.284078336655762,0.5049463903355516,0.15628534975206634,0.001042682055418608,0.0005269485634432429
5.100905698230492,0.47988071711098046,0.14726804159921103,0.0010602117672852509,0.0006495521901197371
3.7238823312354286,0.5206833587286142,0.17149701200021944,0.00212675433726835,0.0009869637215816495
3.345150242042421,0.48205594461940826,0.15173366455925383,0.001775675066844981,0.00037661307580883754
2.4304412032200866,0.4911069536007898,0.16727992930632973,0.0007865236496107384,0.0004874899305842136
2.166822898446358,0.5042624909047102,0.17150016388218267,0.0005196889249259414,0.0004363602304464106
3.934243026416127,0.5118729561044939,0.18438174262070825,0.0004612449742066863,0.000521311794000851
2.0676179901596123,0.499553069424448,0.16315221616442452,0.0011714998041098088,0.0003377388989916887
2.51020533543549,0.5056501608184113,0.1774219074388936,0.0009375947304454341,0.00011175621743852082
2.4732754082140356,0.49905548063114463,0.17340353357983446,0.0006856025596302397,0.0001215628614785558
2.3928413655979344,0.48988889101611777,0.16666109967354734,0.0011754252397124794,0.0001064968182189129
1.726577598232463,0.5028268012955956,0.16864056930007962,0.0011647915798179778,4.849810923123166e-05
4.1442664856006335,0.5045279183360742,0.15803227307684342,0.0013452673526308104,5.811997523176697e-05
3.4737125805815134,0.48428298605786324,0.16360681520801795,0.00024319425342419197,7.213601175608021e-05
3.27060502738443,0.515107275143749,0.1772926879456871,0.00015490958590767508,0.00010290806085818564
2.62824710656076,0.5060152179006623,0.17289232111503536,0.00010147284101441931,4.861328462290669e-05
2.5899743103239308,0.5067926501259633,0.17160594609960264,0.00017918709067682524,9.076854275358509e-05
4.142062813283147,0.4804177035798327,0.15265646617378076,0.00012519671639288796,3.6980881345145697e-06
2.504662830238474,0.502656687044544,0.1706424342885256,0.00022616985348354037,3.6489322155770374e-06
2.4865982339928063,0.50542890759208,0.17028845719579624,0.00024213097469697527,6.99973568377149e-07
2.8558306218493588,0.4894157607353223,0.15989332071366322,0.00021105747172604466,9.202614884853872e-07
3.9887856087883793,0.5175004865289027,0.17313088520891678,0.0002065762572215374,1.805930413294636e-06
2.8205536115389926,0.4890985293269923,0.1589486227336256,0.0002127081537007946,1.865668904137617e-06
3.125160769210865,0.4866537856716084,0.1619593576100673,3.202088259427168e-05,1.2301457808127577e-06
4.610539463049337,0.47988289373089943,0.16316070016842504,1.9858082513158827e-05,1.3003197630522207e-06
4.282413314274805,0.5045081895390199,0.1810654229286283,2.4111820638537783e-05,1.7706141925430094e-06
2.5555502663171157,0.498755051962417,0.16692402699098743,1.0303693225943374e-05,2.8371944212830887e-06
3.4446445195843625,0.5101414429266048,0.16948190037208466,2.120685746299719e-06,1.751765040439276e-06
3.3925696288298073,0.5126680550682501,0.1793654271092889,1.243964786124572e-06,2.7285420073908716e-06
2.832529311291545,0.4918282998469184,0.16202033189718057,1.6580693810633696e-06,2.3460819086157492e-06
3.0268138402637756,0.4879747301603393,0.1616591650593003,2.3456870148761924e-06,1.8606607755004969e-06
3.080901654074677,0.5109537568795958,0.1735993534663823,1.3351340345317086e-06,1.5260648593790782e-06
3.1475661596970728,0.49515817152657104,0.1715102365194504,1.952339189744831e-06,1.9385617588727094e-07
5.064770251252358,0.4980402698734953,0.15551801202589102,3.2311790637156404e-06,1.5426059301222521e-07
4.261345722507759,0.49077120249807327,0.17224285838866135,2.5867713479911237e-06,8.836833176645797e-08
4.171605073756458,0.5190403013695479,0.1824992074173576,1.1347615204825685e-06,1.375314498819946e-07
3.439115089431071,0.4841564538447046,0.1593712772159106,1.0264852617157768e-06,1.4166560609866424e-07
3.368529346046585,0.5073977192772336,0.1672083584773915,6.753788467305306e-07,1.3207599353449523e-07
5.655301882153408,0.5105776484495667,0.1864070615631998,6.237509914521779e-07,1.7462548604347514e-07
8.34003024113743,0.46584845439109496,0.15659320004201452,8.134829755000007e-07,1.652848387107557e-07
3.3465464839123404,0.49867354129717634,0.16130630295159415,1.1635785395772292e-06,1.920569345583995e-07
3.526943234657827,0.5018806798111781,0.1624496322152309,1.6277227734598762e-06,2.552861713182227e-07
4.51595890724956,0.4905098348824665,0.15382157758695167,1.9924040185011074e-06,1.0381963495524756e-07
4.097170273333738,0.5176527609034653,0.1836377713002691,2.2040334152789476e-06,1.0046553425251667e-07
3.0408735147571466,0.5004785530763286,0.1638401137133863,2.884077894195637e-06,4.259148919612207e-08
4.381438868389273,0.4860817772880504,0.16874200216282748,2.857958961514391e-06,6.862971837954025e-08
2.6808623052796716,0.5026979414255213,0.17292953004014427,2.406624215399781e-06,7.777570938920911e-08
2.5477214602313496,0.49931196873438255,0.1694320091327666,1.1573886854307762e-06,5.517982772986291e-08
2.6826440090754216,0.4947133143463855,0.1638187848067821,1.526015411270308e-06,8.731624652571627e-09
2.9179875192259876,0.49585100503335533,0.1706938826350171,1.275891793688628e-06,5.02245652914247e-09
3.9109007499958786,0.485346003845809,0.16588923503888434,8.837842146683182e-07,5.282802485073753e-09
4.935039520516957,0.4967913017752288,0.15533716080751345,6.688799604623955e-07,1.381518920624364e-09
10.453291155813412,0.5436716145857493,0.20337347240600118,4.899588782048081e-07,1.2653085867325815e-09
7.500772537840375,0.47988422209063286,0.16985245840720734,7.15271996833512e-07,8.785474794830218e-10
7.399742359193037,0.5270884938155195,0.19539390628094755,5.939243583502405e-07,3.8081680569391227e-10
3.9932287284660775,0.5008042465409273,0.16009121891340652,8.50033700719159e-07,6.697334377872875e-10
5.554731723700072,0.5184563116435003,0.1694081269626993,5.722283066808528e-07,9.093232513939341e-11
3.523541326090843,0.5020651437909517,0.16255467228144774,7.13393625636756e-07,1.445047310636707e-10
3.440113789863158,0.5124149450263185,0.17956299699842831,6.966242707589525e-07,2.353447054242871e-10
3.7583195904042115,0.4819120546837702,0.16001673334920435,5.789229443408141e-07,7.323060658705503e-11
3.372601305240962,0.484616790965518,0.1599381437440571,6.276653726225433e-07,1.3960949072132316e-11
3.4464187028252424,0.48900957270071443,0.16779642934955769,3.756799362823124e-07,3.0659225087399247e-12
3.0691542971903316,0.5031682399376395,0.16554600767864264,3.564492784899879e-07,1.0048135363288173e-12
3.5629944970769865,0.5117509829156347,0.17077309742297642,1.0758181941112374e-07,1.0574900659530521e-12
5.238164606492877,0.5236410401982399,0.18908658806221035,1.1532959356748656e-07,5.994627011819158e-13
2.7581825568969567,0.5071170712609644,0.172850349086411,1.3762294874143286e-07,6.605018412530241e-13
4.3123748410579426,0.5026137431192803,0.18010565644278242,1.458884496104841e-07,8.950139023890193e-13
3.7015958607883137,0.4858752575556511,0.15627745320783146,1.5583583680663202e-07,1.545745531804665e-12
4.190252472043151,0.5150378987307559,0.18414466909551483,2.9710336895941915e-07,6.762967366386845e-13
4.051361511095156,0.4922548428214745,0.15611506297605612,1.5858247300857193e-07,3.9311143764606867e-13
3.564679741124041,0.5153779135133706,0.17570455936722323,1.3869459150100163e-07,4.901165169564559e-13
3.8232439364582036,0.481353315355456,0.1580920630108212,2.4694466117076214e-07,2.407913977984673e-14
3.150433921989858,0.5071330268959187,0.16839035261322685,2.7498410484234224e-07,8.620662198972609e-15
5.383026089008268,0.4747773457315799,0.15107202367774467,2.005661823744567e-07,5.692928923141527e-15
4.259423911907863,0.49158133998975495,0.17290850973291358,2.113180881444725e-07,4.1491607944710155e-16
3.2133389774769143,0.503425433037902,0.17672528405359356,2.3217148923975873e-07,6.426067962628626e-16
3.3795129386847886,0.48639383332801256,0.16452250680234068,3.7470868003085087e-07,1.0664922834694366e-16
2.561188254182712,0.4995119669355894,0.169627388631855,7.249784862842551e-07,4.211299461634742e-17
3.344460553031605,0.5078177871135466,0.16777456871269555,5.243302534972187e-07,6.199887391223647e-17
3.744817708050747,0.5173305874533071,0.17880770800572807,8.583438002584799e-07,7.143048888570055e-17
4.820134985735086,0.496961952844932,0.15576287030417202,4.581577405369347e-07,5.4905769870756676e-17
2.6316972737103272,0.4953565472976561,0.16451687456172115,6.857457434201479e-07,5.1120116119507236e-17
3.6373845823160105,0.49686456179389143,0.15924677666914008,1.0642564167228194e-06,5.226896942305335e-17
4.089007198638147,0.5184401730679139,0.1832392564135027,3.915886305254818e-07,8.425829333616303e-17
3.2356915569720153,0.5106631722175419,0.17829293640118188,5.762171517650596e-07,1.7752219322748245e-16
4.024239102634533,0.5179516787464262,0.17603697184104994,2.2331516480754575e-08,1.9617601454843015e-16
3.3278070256941734,0.4860031643477491,0.16383868891277903,4.1033915887215315e-08,1.1859799236096411e-16
3.204673495582206,0.5120133516840073,0.17404667498061804,4.206774206965983e-08,9.27430539692116e-17
3.4768814473829233,0.5143408121798506,0.17497742575030126,2.2849157518666565e-08,4.9741625389109375e-17
3.7886357297243127,0.4815770117700725,0.15830888828450826,9.58916119172196e-09,2.8499603692426e-17
4.875550871211111,0.5183635487402442,0.1723436443074446,2.994153041699514e-10,3.7595181032016835e-17
2.745651810947442,0.5032371166335928,0.17440238600646332,3.621989896047576e-10,6.251190759575544e-17
4.982946739898887,0.5114752249198814,0.16533116778478674,5.527870727989152e-10,1.0245693267035381e-16
5.166319879595201,0.5202228808910379,0.1733196064626369,3.2674685937692585e-10,7.250535613309016e-17
3.6627520296758753,0.48913888215838447,0.16957007387289577,2.860012575323159e-10,6.127667066988618e-17
2.824207837421487,0.4908422558148731,0.16306633143648355,3.8240461373543376e-10,9.072316376416436e-17
3.2239706774563097,0.5121422645693183,0.17437918992436646,1.9808568630876617e-10,8.047332746939709e-17
2.5878777064672995,0.4959358440963971,0.16838894167787463,1.4337131407357204e-10,1.1485727308412325e-16
2.9165821284685576,0.493989908775078,0.1700587374185658,2.2098490315506247e-10,1.525694316335905e-16
3.1153173674718424,0.5060276650637369,0.17786765555145914,5.639830682371586e-11,1.5291010890701848e-16
4.76818611074949,0.4786413128604081,0.1525018958963512,4.974453104791468e-12,9.715138729082841e-17
2.576268421807821,0.4963060667828628,0.16852763519260128,3.286172482725206e-12,1.0733457583945873e-16
4.591176716007244,0.47672025250699807,0.15690997961137051,3.483070706560086e-12,9.372419706699559e-17
4.514368073213785,0.4771733775051994,0.1576618414937108,5.6736335810650445e-12,9.648895103710399e-17
3.8253892399693044,0.503569993269127,0.16307755184761563,8.58643515122132e-12,4.2094626856817806e-18
4.330623006368585,0.4822582992438126,0.16533254603858422,1.5018228414881805e-11,4.816846722723983e-18
6.2623945886254955,0.531784993720273,0.191033992682129,7.256843177059543e-12,5.397475329867766e-18
2.8559465208958676,0.4999945667553385,0.173787981841232,8.895472299315985e-12,1.0249976393111383e-17
3.5138813842588323,0.49768054455943217,0.16071929593598835,1.21493260003096e-11,4.221748108500488e-18
3.4829593156478174,0.513205517036551,0.17347880431639448,1.839337995993695e-11,4.200584200438998e-18
3.4750564840198033,0.4990234650904792,0.16158860806598727,1.2779464111516594e-11,6.4884650575345886e-18
3.709224345224251,0.4951244795524971,0.17439366799098974,1.803847190255515e-11,6.402930577111655e-18
3.1366432126774524,0.4993634566077061,0.17491844346657126,2.5887113509637234e-11,9.971299466819205e-19
2.7328267433884443,0.4980436588798762,0.17177046790115919,3.122567494494184e-11,7.871589311588101e-19
2.9978352381596127,0.4911947592984723,0.1610651929520401,3.596852682970794e-11,9.961369078776698e-19
2.6586508224912935,0.49974450052234276,0.1667238634034701,3.18340712667043e-11,8.923796836910981e-19
3.9904258369962546,0.5195406832017685,0.1814069526605433,1.3825585180456918e-11,4.952001041556062e-19
3.527425481387042,0.5066323800234409,0.1800166847523766,7.612058720965806e-12,3.4564529163617244e-19
3.7590988438380313,0.5146549401951177,0.17344292949306933,8.372941781390887e-12,2.2418267519876007e-19
6.182276419542639,0.523805304857439,0.17382832472777773,5.139607880460177e-12,5.4012298722504154e-20
5.669347451823938,0.5242038037242912,0.17622144891151204,2.8475590913438044e-12,6.780527209713842e-20
3.566706447377416,0.5160643543172757,0.1778519684191378,4.891099282620996e-12,3.905928512289568e-20
4.968769440092658,0.48009608723695074,0.1652910038124332,7.761163076106358e-12,4.0856207321618894e-20
4.766235027178795,0.5228615683014448,0.17905052002187996,4.022528850753017e-12,5.275852147880495e-20
3.521867771410344,0.5071920928907265,0.16702769461611,6.9020331018636856e-12,1.0658280893106166e-19
2.7200253344589695,0.5055646090583793,0.17437935741477179,9.382557372801727e-12,1.9971188914375407e-19
2.743205828564564,0.4918720281623932,0.1658484509159717,1.1673160542363949e-11,2.2530163212226096e-19
3.3419993071884457,0.4854167891377073,0.15944848067737818,9.732559079285225e-12,1.4219547913668873e-19
4.5346576965586705,0.5038786111192011,0.1818694950119176,6.310219209596821e-12,2.636070343534603e-19
3.0283679656752884,0.4969586635643224,0.17290711098603148,5.3254405863157386e-12,1.3149810839056328e-19
3.1302519217126,0.511870723599626,0.175399506266175,7.59434918665981e-12,1.1146279915060567e-19
2.650381156257387,0.4973529372953818,0.17054152409100967,7.837906553572503e-12,1.6841521132445484e-19
3.3769357558040385,0.48458926597164353,0.1601513600551769,7.753211385236429e-12,1.6834983602632396e-19
3.7659330177491857,0.4832288312133902,0.16357638576483371,7.257828774545117e-12,2.0228587448334005e-19
2.857865405075263,0.5081055260977161,0.1758220810268245,3.493338855529036e-13,3.5555422375726977e-19
2.531747849920311,0.49788212497001566,0.16835096341425557,5.743995102892091e-13,3.156748605035232e-19
3.3725763957609107,0.5139983370705796,0.1796489554015171,7.947543869962679e-13,4.1418810875912765e-21
4.256536025995855,0.5207360884809663,0.17947857553674992,1.0209782625204997e-12,4.736152222259139e-21
3.9727819082417994,0.48064577654254204,0.16061890095749723,2.1042808817482256e-12,5.627472628809803e-21
4.999917829033021,0.5168934921296536,0.18818992055463168,1.5567088275991993e-12,6.069266298829661e-21
4.275308686601201,0.5017707055856501,0.16041697741751865,6.856241240299461e-13,5.645574496403171e-21
3.833933841337922,0.4862656306963776,0.15590631932821372,8.100907280457262e-13,3.3583232670334262e-21
4.929425008341516,0.5176991001385224,0.17141679834667847,3.109755578520788e-13,4.015749871575723e-21
4.288386262207064,0.48356729318714453,0.1666018382822589,4.399756755694921e-13,2.1664451529043863e-21
3.7441802435388736,0.5017699915836585,0.1621901146037797,4.989819026613499e-13,1.4776328719538197e-22
3.594534273377759,0.49107710704915214,0.17096708183126075,1.0939723494455206e-12,6.947116090351841e-23
3.4021342937317947,0.5122519699737454,0.1728364767820671,1.9947186847728985e-12,1.0521945561388416e-22
2.997561835847029,0.4951359466840153,0.16201186376735557,1.6279349238703792e-12,3.127630125349113e-23
4.328084496219814,0.5184558637318207,0.17503508085355257,1.6725511823709168e-12,2.6591221778883073e-23
3.4437472967630725,0.5103039153813649,0.18070658652855415,3.4639510342163638e-12,3.2709804255091365e-23
3.9560831421822367,0.515254678106726,0.18389505454298039,6.402948253572343e-12,4.303062322264668e-23
2.760859454088008,0.4922214183379603,0.16350935839990333,1.158772093914968e-11,9.282426270622953e-24
2.684408081327561,0.5021608208010554,0.16817536401019004,2.8738923063839965e-11,1.1648370608170241e-23
4.682008019072477,0.5199880757908197,0.18738343777241265,5.679290413207142e-11,1.367404466702225e-23
9.580654914108687,0.5021002840048512,0.14929125314310723,5.923633431441782e-11,1.6273910542501937e-23
4.234778348744186,0.5014887548662285,0.1603676497677173,6.620713924442141e-11,1.3173221054850937e-23
3.7233725738775076,0.5100465587601415,0.18194690824075538,4.144223320281217e-11,1.813857347933017e-23
4.680638699570104,0.4939574726222013,0.15518438574194784,2.918304449675018e-11,3.301667293386217e-23
2.6793693991621383,0.49773857019790707,0.17110345968126142,5.1850556896301187e-11,2.243114230400535e-23
3.4235082584097967,0.4842336025048445,0.16163972525262077,5.011636009866448e-11,4.178782365776438e-23
5.887078543240155,0.5113988456816762,0.18848380672233897,8.56516557181794e-12,4.338807052650917e-23
5.5974220297397626,0.5123778880141217,0.1643738355388377,1.0059463640374404e-11,3.822833729783903e-23
5.107009091528776,0.48110975837514863,0.16679911159699817,1.2216585746521336e-11,3.453451983859507e-23
3.1987109719993168,0.5124958427716866,0.17551535321437575,1.987587812469396e-11,4.3279558543929496e-23
4.190616470456607,0.49648524932369226,0.15776889495809093,2.6066579208149835e-11,3.786506258640403e-23
3.189008773581488,0.4977163137824012,0.1621471060609802,1.8848166894432276e-11,4.234413386186997e-23
3.082413351534231,0.5112652420291589,0.17744284718207848,7.991518219094457e-12,4.735686018527365e-23
2.914177220212354,0.507695374242415,0.17140682075127242,4.567029219886077e-12,3.1240081792044455e-25
2.78036722917438,0.5060827947290273,0.17522129293100738,4.922019956561461e-12,3.7373673458329438e-25
3.124481868928501,0.49093423622624466,0.16862784543942017,1.856660077220866e-12,7.596968783851269e-25
3.779825656134755,0.49956581883784457,0.17742546391913397,2.6219257739828654e-12,5.882638415306379e-25
3.449070738346134,0.5048978453841292,0.17900154835217533,4.3532221782600815e-12,6.3956944854074785e-25
2.804418987408945,0.5058000623208863,0.17036896819278133,4.23826607851542e-12,3.987739987837932e-25
4.343766567699852,0.5125722446966373,0.16845421490903015,6.813771456209287e-12,5.2935618604276765e-25
3.683517860735314,0.49613521495656465,0.15931766652667073,3.162099649257905e-12,4.131926685673286e-25
2.896727706296513,0.48945101553252907,0.16304302739520338,5.407870834780992e-12,1.3705927338009244e-25
3.051511980847244,0.497199338539975,0.17318277896259773,7.235891388787598e-12,4.9377074358673625e-26
2.863474263263118,0.49014817292811647,0.1651496973481041,1.1404841632184293e-11,5.143579149313706e-26
4.504645297105126,0.5006974702284774,0.1590877222841668,1.756171855128899e-11,5.713276099598868e-26
3.3157983905752646,0.5108578724940275,0.1717497461931258,7.054482590380478e-12,3.6028077026343323e-26
5.601665196567864,0.4770392617958162,0.16389597484556673,9.103955895222617e-12,5.206209110286953e-26
7.658859302885663,0.5195883991510232,0.19518218307466687,7.911707729473596e-12,7.67079017208468e-27
6.591972116904377,0.5220328488606807,0.17063346556426778,1.3167228236687542e-11,1.0509357410895427e-26
3.8335853741466748,0.5103585403145297,0.16844204519795708,1.4269656654289557e-11,1.1742687239032565e-26
5.42629976964057,0.502961272588925,0.15801057303863997,1.0529844120246084e-11,4.7342074081532816e-27
3.0334407881167134,0.48777505010066324,0.1630656161102416,7.394768613835762e-12,3.0729971049060943e-27
3.250403683221514,0.48671700198638684,0.15960764908107827,6.085500730283285e-12,3.392839514318714e-27
3.2172330452060494,0.4923226744500922,0.1598864570347452,7.273630771647546e-12,5.923723573360683e-28
2.547438321798111,0.4968017729854635,0.16753041973436059,8.460098105665169e-12,1.3579962977534197e-27
3.200584823104664,0.5119049718007688,0.17426701979242362,5.2653904334129106e-12,1.740175982187326e-27
5.072494610171187,0.5259373198195192,0.18315105400012607,6.2912172838575235e-12,1.5277629961855264e-27
5.3282490699651035,0.5098369524810931,0.16305858186855338,8.841941885990711e-12,1.8967515487300184e-27
2.5440398858982682,0.4983512880327815,0.16771209816709853,2.1615975513484468e-12,6.839263295988937e-30
5.3162282112334545,0.5018738417020351,0.15761796494897387,2.2755478846403812e-12,7.013709761245792e-30
4.04126882044698,0.5190777088853968,0.18345783775172064,2.905772120257697e-12,4.944562830652257e-30
4.374244490055382,0.5114229883731276,0.1846920751997001,2.432502787311766e-12,5.830342055059873e-30
3.362190304753123,0.4870038017114129,0.165883894379735,2.045216366460308e-12,3.8601831572442266e-30
3.3164327350152663,0.514012907506768,0.17756260553668038,2.343871416656931e-12,3.1410016952914083e-30
2.5785250206762553,0.5027704066072419,0.17167448554172068,2.2905765576852035e-12,2.7298077138154722e-30
3.066817934212524,0.505387438756001,0.16788637259243644,4.673611184910171e-13,3.5939902989800806e-30
7.208004559293158,0.46775936712863175,0.14740713093583796,4.801582993209829e-13,2.0658152800695605e-30
3.4171665727739753,0.5076899562236121,0.16795615521897655,5.680938762640813e-13,2.119597257332344e-30
3.5130954645972263,0.5155792305672865,0.18000841672646722,7.122487792978973e-13,2.336779634948363e-30
