693.9020232171204,0.5081506408738296,0.17479607075712653,4.337663981237076e-22,8.994594582562121e-18
95.23080988002513,0.394733142718095,0.12406257760449915,0.008418951179324157,0.020419329772260988
36.24009762482929,0.5609922722534119,0.16865905567810624,0.008815120397108779,0.03721735580429403
30.07199263111285,0.5940955587344313,0.21403512418642437,0.0072657805097384905,0.01486665597526603
21.12254542234905,0.5814660432820198,0.21985480709319913,0.004078851099035033,0.0191984964893614
5.10579769302528,0.5144970322762643,0.16012995086102652,0.002847715477380734,0.04996483757178448
1.8419941373821214,0.486499029143796,0.1622778974547698,0.00175858875104737,0.034636498727704815
2.564660425240295,0.5166599590372366,0.18385754568904886,0.0029673190377871575,0.03263767242807525
1.9254977230976948,0.4835195478909067,0.15504390520784364,0.0039942562029057944,0.021864904751461186
4.867461313923355,0.5285704777277282,0.19303142380680358,0.0029243744830466573,0.02820139698296883
5.156219866811362,0.5360866647497272,0.18174335059321065,0.004318781249982259,0.016451828282293163
5.082560901512811,0.4847939930808848,0.170499213168429,0.0003833765624150125,0.012912576816941395
5.286327673161045,0.5252720673496686,0.17653108732677078,0.00045060789569131333,0.011414613273126643
4.721328905504664,0.5189553029775152,0.18863482940172346,0.0004377743839404205,0.0001796531803615782
4.469015560129293,0.4814009727889295,0.1513119955026242,0.0004239916327872234,0.0002447166112152585
4.523072691988542,0.49361875916581377,0.15474106021165193,6.202693070402016e-05,0.0002270847989731336
4.2608261240358685,0.47907162281139565,0.15535801357753234,4.1781361753157424e-05,0.0003721283783997102
3.8512235385062454,0.5144076223386385,0.17092311533353505,8.434889233366575e-06,0.00022640169096684772
3.999080015035013,0.49657832129068313,0.15662969894425804,5.022846799821972e-06,0.00034199527011309
3.5933086008365245,0.5147052884318823,0.17344347055509712,4.276630094191577e-06,0.00017282940875658755
6.520861573021665,0.514392666075985,0.18716497068361157,7.504171284856407e-06,8.059037596747483e-05
5.423211003138627,0.4747286007563775,0.15034337045421406,7.234696323194825e-06,5.212143815784152e-05
5.740273238852495,0.5268096133035922,0.18625255933054904,8.361017902444852e-06,8.061375247952347e-05
5.384940222309891,0.48475112028610995,0.14949137774284438,6.996687419839812e-06,7.038769196395037e-05
4.48869932742865,0.48156536793168103,0.15230843423069187,6.202952664536915e-06,6.0190279425438115e-05
3.9809434977985205,0.5127143026743295,0.16797040969401425,9.53864462180791e-06,7.96050269100567e-05
3.368908747384895,0.4943514253975837,0.17010151038227853,8.985331818009999e-06,0.00011047961954709269
3.345395134191479,0.5094066507494316,0.16800921483769188,6.626245776800019e-06,0.00015236684626587806
3.161164378376721,0.4891086221958848,0.1643381327598827,4.870152239348858e-06,0.00015678140979204347
3.5626657103328534,0.5150611087784379,0.17454330226772435,7.528545285743052e-06,0.00019727177004506087
6.018172439821802,0.4856044166837145,0.14724676990177352,9.744863317924968e-06,6.909757874581419e-05
3.5047079386738567,0.49769124830698686,0.16003144324982693,7.027385506463885e-06,2.4090828641834797e-05
3.8556849725811047,0.4830837993844894,0.16324847427886324,8.718338191240075e-06,1.3087563498071179e-05
2.6031697598749726,0.49887887136568143,0.17048347739956435,1.164960606661733e-05,7.3134836746870015e-06
3.7687861985377666,0.5179742219724298,0.17948197917106148,1.1454863165143364e-05,4.39228570449794e-06
3.7553981416913844,0.4857108667251129,0.15568753323859402,1.454849017644722e-05,6.435616857013198e-06
3.453230178156333,0.5020552216578203,0.17708067498632407,4.999219229948571e-06,9.663953863378256e-06
3.841741766562481,0.5138595810182253,0.17133730772954978,6.723525785434269e-06,1.1840117626735097e-05
2.6272183124818937,0.5040103460883405,0.17220099624426174,5.16659930791004e-06,1.7297492131682015e-05
2.5280623358802417,0.4990047502426827,0.16829741370941967,1.6535628279142523e-06,2.0764568266834325e-05
3.558547110806226,0.49270395450394877,0.1578265004673329,1.699896212012635e-06,1.8708504010128867e-05
5.653983242206649,0.4814376054910017,0.16739237238280963,9.699736448762655e-07,1.9385236318625545e-05
2.778421239874128,0.4935769931409022,0.1677831540641501,1.1069888856331459e-06,1.9842518242124037e-05
4.279247091492093,0.5032755807541919,0.17953288880693022,8.765195867627271e-07,8.263494289762572e-06
3.019414905731824,0.5079249753387927,0.17671358275932383,4.6330950560356904e-07,8.37430564091986e-06
3.0178508766602254,0.4934210866168562,0.1606358073325609,7.702725672098669e-07,5.589476054331413e-06
2.8667943308430326,0.49050400729886945,0.16210326234799233,3.0223795384129835e-07,3.7250315386451513e-06
4.885295599075864,0.47556485824054096,0.15424205651215755,4.16909244467079e-07,5.7564946111785045e-06
2.616690562701426,0.4964458160052336,0.16846099724385125,6.699167190622822e-07,6.026688560994511e-06
3.9365667403863385,0.497303658303418,0.1750139960785878,1.164781926594934e-06,7.770736763860141e-06
3.1300494666600613,0.5099223655007519,0.176924666454706,1.065452063056216e-06,7.954965197293708e-07
4.317875862783261,0.4868690076634453,0.15355686139501182,1.232271503414815e-06,6.687795240096861e-07
3.153586648772287,0.5088667311745706,0.17793032768213887,1.980408174429859e-06,3.4925083461205906e-07
5.117482465284819,0.526168857378187,0.18567982042539435,1.9318799880222167e-06,2.1460064961541216e-09
4.324914002917918,0.4877527476460974,0.16980546702227703,1.2893560237525743e-06,2.46487775352371e-09
2.981424963691943,0.5046377502295017,0.16704509989822175,6.736931361472273e-07,4.0689823923854824e-09
4.187591518328559,0.5146892367512227,0.18382240191521015,4.989427387637891e-07,5.174826419768681e-09
4.311184601357382,0.4783238507474336,0.15719238787031115,7.893385609770634e-07,3.26200882000024e-09
8.214967714430337,0.5397624483145468,0.19340053081319497,6.772630247440682e-07,4.380424211644853e-09
9.83597564403857,0.4591192332348107,0.1462443297532774,8.096786742598606e-07,3.1458618411151706e-09
6.670661947317041,0.5177972809329259,0.1908606284117961,9.959447839335957e-07,2.334449525917257e-09
5.287922774065244,0.5087458034593161,0.18447454910254726,9.275328335955043e-07,2.7442508633520833e-09
3.2724307792896417,0.48599764468394435,0.16312071503729597,5.0548429920558694e-08,1.8014245940156268e-09
3.5105105521464646,0.5157104675722232,0.17759222687744794,3.779162652558392e-08,9.85027021897215e-10
2.6259460827224794,0.4976350632613017,0.17019681100269243,3.927074988294896e-08,1.728355057603131e-09
2.68755245346644,0.49315394956855896,0.16431722853622285,6.901661134948376e-08,2.2256477447845673e-09
4.549647408058491,0.5019435962716013,0.15948575145935998,3.2618057444063736e-08,1.0095797617389664e-09
5.439123140488711,0.47366829439708347,0.15768506873409147,5.6434502785754027e-08,1.997664428198336e-09
4.940073225060286,0.48448811075079196,0.15146834649359214,3.3493138779652984e-08,2.4695722200674716e-09
4.359642346179559,0.4793395067217405,0.1611037389171694,4.9355227800867505e-08,1.511347439564992e-09
3.0609544854925055,0.4884205857098207,0.16477996878455217,5.528613407423976e-08,3.3182788187555394e-09
2.7035321496387223,0.5037544944940952,0.16903344900562056,6.139854253500294e-08,3.5909501563107387e-09
2.591697897174494,0.49917370136440065,0.16691853416060268,4.2475467845573154e-08,2.831240447649129e-09
2.64543067475589,0.5047505519743594,0.1726503377755161,7.73918910949852e-08,1.5110734705246496e-09
3.3076337568999645,0.4859375191560843,0.1592844176282393,7.724797310606726e-08,1.8373573860895615e-09
3.6749175998006467,0.5038231248005871,0.16372339645190195,2.4331510819916225e-09,2.0413129753573755e-09
3.9974891025003343,0.48411851304553927,0.16589257491535356,2.5429583036125913e-09,2.9503095648878285e-09
4.111021820435697,0.479427640261753,0.15771017514487087,3.7053778845525704e-09,3.89258981127697e-09
2.7808367819045046,0.49621297332845116,0.16377410226311756,6.060395845286059e-09,4.802882928878623e-09
3.3653830384272125,0.514305217105219,0.17690680688831556,5.182090292024408e-10,1.094554829983963e-08
3.4688096219814764,0.5040395006038557,0.1647824757105966,4.66841273477163e-10,7.903067247997206e-09
3.5473336002336677,0.509965013448662,0.1811282553892147,7.690700714087959e-10,9.120243345516114e-09
4.062038509637128,0.4860596474851041,0.15485885278012446,8.825435150691698e-10,7.672278668660211e-09
4.4222215391487385,0.5212716487772522,0.18542842823311795,5.175424365484298e-10,3.766280079105405e-09
2.9908947958377174,0.48838249101517683,0.16216899527124606,3.071740597393893e-10,3.4218267877440637e-09
2.9049472710704647,0.5090285919374876,0.17603521452457496,5.484510074533264e-10,3.5937272550913415e-09
2.8516447693414673,0.4908279079400258,0.16259617920533032,3.8195194465092636e-10,2.315842890908173e-09
2.9540233554526685,0.4979141088241526,0.16346710362127523,5.20599199601472e-10,3.0080826554593915e-09
6.684275580681095,0.533372847467971,0.19278637182088165,6.526743789250538e-10,1.7345036121255309e-09
6.312447482729428,0.4775794778042345,0.1663748727519442,9.065765994982433e-10,1.2548330146818901e-09
2.6672101729964703,0.49427677996703934,0.16794851199652752,8.174083717698118e-10,1.2993580745618045e-09
3.8187167090171314,0.5134720068699598,0.17162115689079488,1.2021983240331091e-09,1.970008902889284e-09
7.568345148278755,0.5127193167144318,0.16001773385712592,4.3867002525531395e-10,2.002952375116027e-09
3.6679956055963436,0.48255935921772386,0.1612691380420459,4.743658674978053e-10,3.994711191478401e-09
3.320472623176589,0.5135442807146783,0.17577139899277414,9.364960078760949e-11,5.508795625877728e-09
3.399157499473449,0.5104021877015225,0.17068620587888325,2.9997026406967745e-12,6.042885910678859e-09
4.967294214500956,0.4805804484028313,0.15131817130086792,6.254845204863885e-13,9.842846089911301e-09
6.037728961278427,0.5191626226641683,0.19165270309948876,7.134586685008415e-13,1.0284189358345691e-08
6.591202621080934,0.46857446259344154,0.1541778377807333,7.512551352273126e-13,5.4434995714067675e-09
6.6891260914703246,0.47234687041372975,0.16153685440245708,1.0759370366438772e-12,2.8166834341237998e-09
5.9549957094817545,0.5293770433188449,0.19128025984004537,7.130590402546111e-13,3.024994193790529e-09
4.304290150472163,0.5214670628965021,0.18089560691809012,1.1075982937629843e-12,3.4270604860196572e-09
2.9163058650704197,0.5020627891109826,0.17519331577768443,1.8360231195230258e-12,5.857247089715243e-09
2.73186148688487,0.4971060790916276,0.16467061185312665,2.016777903506173e-12,8.384255624805571e-09
3.5350692787577254,0.5011367597445838,0.17749421065396734,9.889498681519923e-13,3.759226011199924e-09
3.4699307594629247,0.5145048667409106,0.18053900905283765,1.5775185380302501e-12,5.322039005954059e-09
3.1691468355396064,0.48857518204951744,0.16640270361434303,1.591570384776846e-12,4.30398872576434e-09
3.059025752358508,0.4874711600920322,0.1626253574253993,2.0430493301363456e-12,1.872036501207921e-09
3.1656285471637093,0.4864071257911294,0.16159319348353482,2.6549266093207644e-12,2.4997328443128075e-09
3.1017745338822205,0.5078545162887477,0.16996323927699575,2.71406353968052e-12,1.6087573394561286e-09
5.033908394337569,0.5202286802420962,0.1888472405790237,3.404959917488682e-12,1.982594926161044e-09
5.607178191846543,0.47527087261439654,0.16169338835785038,4.199141272592653e-12,2.0960721493429746e-09
4.4314804454708305,0.49420130427038883,0.15600297481469858,5.094987188630194e-12,1.6726240179250514e-09
2.657568636817455,0.4953758287673974,0.16488129750841418,5.683373869115158e-12,2.0085826906791714e-09
2.7371868710954734,0.5058801225972066,0.17139795954360063,5.83983583742814e-12,3.327956387866288e-09
5.403897704175301,0.5051277456002964,0.18450573335696485,3.216604483265008e-12,4.489209628707305e-09
2.7793411166220827,0.5067367242669242,0.17193712340272013,1.8000315517380376e-12,5.7462185986218005e-09
3.7308427394781662,0.49675269559110435,0.15943719850410548,1.840850974558411e-12,6.652682409010806e-09
2.7819194828149776,0.4939621974818039,0.1632430131348595,2.5299378398854394e-12,1.2005053664883261e-08
7.431662677731721,0.47150635897557974,0.14478657871970418,2.047764465251709e-12,6.929049346248284e-09
3.7502106144007534,0.49969865240427536,0.16092278082920083,2.941346688959108e-12,1.1223508105309367e-08
3.585571307656219,0.5010938840428342,0.1623643641416402,6.134665884459936e-13,1.1383099091848296e-08
2.9085822467784537,0.4928109208517308,0.1689670264727026,4.5078481678436777e-13,1.0525104252867384e-08
2.5711227149897846,0.4969083895306542,0.1666168917522785,7.649524551349675e-13,1.6308950041115126e-08
2.6744595751349975,0.5049057204956564,0.1712059494380677,5.633336142017523e-13,3.0828691281477904e-08
3.306102955008539,0.5057847285315817,0.16689265888899965,1.3694845261359283e-12,2.6784807999548538e-08
2.896543385134075,0.5059141081392968,0.1695923095526215,7.302060561932731e-13,1.44368437768741e-09
3.166430173949399,0.48730425746445644,0.16023011607683024,7.993479080690296e-13,6.879935413531512e-10
2.6430671460317554,0.5046296502864166,0.17166633817682678,1.0405445899969157e-12,1.4790952352654495e-10
3.530997446176047,0.5132641082141008,0.17319434319349986,5.858338520559669e-13,1.1078502988860604e-10
3.1492631388274477,0.5002213790053527,0.17546044378724795,1.034683432167987e-12,7.922639484179743e-12
3.815493563144866,0.48136466185544063,0.1601716550299952,8.683728433999848e-13,1.0271632858767282e-11
3.3126155548556815,0.5081923641603029,0.1689690514657447,9.263054232562087e-13,1.1165534526524704e-11
3.271378464097836,0.48893436765556886,0.15904176244417131,1.2960934553892093e-12,1.649525924802959e-11
2.7707752329962565,0.4929749281230944,0.16788875140988646,1.8129686148032502e-12,1.658292367119629e-11
3.252280541066273,0.48637721062816475,0.15979779455877408,1.2163189838774138e-12,2.959217728106737e-11
4.0718410923284205,0.5021761226419656,0.1613159516529137,1.1581265662812192e-12,3.101994619208741e-11
4.126685493572184,0.4985122577484044,0.15900124351852205,1.9103898174665723e-12,1.2198473106881478e-11
2.881098674888346,0.4896905562975558,0.16444282128141036,2.1712713967726126e-12,6.0416816900677095e-12
2.5966429803494075,0.503176876790331,0.17065529593058423,8.583376932836925e-13,3.0076744055433218e-12
2.6180618005911698,0.5028273458160472,0.16968651263065007,9.052761237567218e-13,5.402768018372625e-12
3.7584732568174566,0.5021578541942598,0.17878958678610715,7.568273632624677e-13,6.161269908567552e-12
3.5456454180904853,0.5154725789477222,0.1766351636084618,1.0263341410832572e-12,9.078284549282036e-12
4.618917042284753,0.5064301240959663,0.16250467501524052,1.042106739813638e-12,3.56005651000562e-12
4.5926045974619765,0.5044998471212675,0.1823303175671889,7.142563261494645e-13,5.167123797025759e-12
4.299197477727006,0.5030895227251652,0.16117844978549903,4.519304977166563e-13,3.464203167121799e-12
4.85353806500529,0.5161565865162656,0.1875585811618165,2.3606249029603387e-14,1.7956399574027967e-12
4.189903886403379,0.5163025233744476,0.17303445600279851,2.1256433868886673e-14,1.4714980542726611e-12
3.2277049483167497,0.5131247207998931,0.1776426799880194,2.1309725390353508e-14,2.0875871283840564e-12
4.034824611723957,0.5069970825608008,0.1819517052685915,2.4435117925015265e-14,1.6791950129316373e-12
3.9437929197359827,0.5169208505930442,0.18368543480210656,2.1408914819021156e-14,1.77778106581886e-12
2.9399258803705868,0.5097570540168045,0.1746634911067243,1.4672023803170915e-14,7.684948412697053e-13
2.5613558896264506,0.49875086611491093,0.1674838062671894,4.7339619459777755e-15,1.1532256630855411e-12
2.8667458051431423,0.5071088171964703,0.1762052864471837,8.242628217101899e-15,6.187799685328011e-13
4.419390589391805,0.4898572044747439,0.15445186763809773,1.8502422603863408e-14,6.822407909227049e-13
3.471635317216765,0.5153694093508815,0.17789483614655352,1.0020279019761556e-14,9.674514891003668e-13
3.736883042569615,0.5027429922332417,0.16284595554260134,1.9046022526195273e-14,1.0954918205785238e-12
3.3955674266697895,0.5027625966769865,0.16422505580382796,1.0263026416767645e-15,5.518370526253518e-13
4.761421968958994,0.4823205622206802,0.16696275346683798,3.2518924880536187e-16,4.4520020041546345e-13
3.0636556021109005,0.49865366522727983,0.17415627746150233,3.5010377622131585e-16,6.074629262327323e-13
2.5772492460543006,0.4962937493299274,0.168538901435338,5.384716953595668e-16,2.7042217657191207e-13
2.590809509403347,0.4987627380587174,0.17075996531543317,7.883465852675741e-16,2.1661539885566621e-13
2.575414933757023,0.502530382952387,0.17169008401381536,1.0162526161858838e-15,3.025137463419011e-13
2.629725902361989,0.49583373345298754,0.16535807964435018,4.642342157536741e-16,4.0524708250811106e-13
2.533299348506131,0.4992206572074189,0.16850482783430246,8.510730997390646e-18,6.137940004387786e-13
2.9887239341511544,0.5103769806185489,0.1763123948408586,2.564310060722793e-18,3.334720871093086e-13
4.530255857427789,0.47703350071278067,0.15672366851942712,1.221187809496284e-18,2.0569458273393884e-13
3.237584022631027,0.4863144318798095,0.16370473138236286,1.3283822577432556e-18,1.701981360881012e-13
2.891308542127494,0.5034154919517306,0.1756039826584701,1.1898214050551305e-18,6.67735053434047e-14
3.140560814967886,0.49792604204310326,0.16249053401376934,8.696178611964222e-19,6.529520206292773e-14
2.8848794397125497,0.4904753957019598,0.16227436026297343,6.549541452376501e-19,6.415477833129844e-14
2.7419659730182735,0.4921171952036245,0.1639167807978922,1.368409800627589e-20,5.933531464237696e-14
9.427105763575733,0.542526134445794,0.18937166577026454,2.0397941574884715e-20,9.552690576664794e-14
2.8083746780696464,0.5062293394655163,0.1755640398110352,1.9599862148875112e-20,1.1196425087106487e-13
3.149617032473338,0.5026563147063919,0.16531225292419252,3.2461412684227074e-20,1.5106267039496688e-13
3.6709172690415244,0.4961132361469911,0.1593542934054324,1.5086575899084827e-20,1.4127428293808356e-13
3.1611093801909167,0.504881208164742,0.17771076415299203,1.1223204408549374e-20,2.818631218692046e-13
5.817011205274445,0.475243263421808,0.14906367635750895,2.35676282967485e-21,3.798154448131789e-13
6.005800471858369,0.5049126237878342,0.18557624936894668,2.521011926663103e-21,6.180909922483766e-13
5.2323342020619705,0.49117066567652745,0.17556053471554375,1.0460011828488592e-21,6.264097256677147e-13
5.21542921782726,0.514637538398621,0.18818519997526087,1.3033244630432516e-21,1.5744635011840888e-12
5.142449483629912,0.47773026914086614,0.16312362004642078,1.6349302760353199e-21,2.3598709842145387e-12
5.21988279665284,0.5164177989034284,0.18874312844841606,1.0571201282367907e-22,3.5319678891832208e-12
4.48900446864292,0.5224580039536834,0.18487644088860036,1.1117074303944433e-22,1.4100150649226667e-12
4.954461966725912,0.48156329319833663,0.15134191854277826,8.9255337424282e-23,9.32202227901156e-13
5.389162359422149,0.5023667067501069,0.1577357735463805,1.5734144948949718e-22,1.0488921900566196e-12
6.155895001993159,0.48084576663513956,0.14778836561910894,1.6221718543649838e-22,4.3733708286995665e-13
2.62957313675426,0.49652768396523533,0.16965813549790082,2.112925472488445e-22,2.424848944574418e-13
7.877117676426259,0.4691562151424768,0.16080193775689122,2.052300698433058e-22,2.0830974664748545e-13
5.614947544269526,0.5011930192757338,0.15648977270231826,7.084726065605273e-23,2.051859783381794e-14
4.138724631459392,0.5201973757932702,0.1833595396067548,1.0434570040675835e-22,9.487398830966355e-15
2.7622125860864615,0.49299609368611397,0.16781283616864892,9.21150701944953e-23,1.7525334881055126e-14
3.748639161004591,0.5177059972643836,0.1795014700982687,5.798990661257318e-23,1.2035637281903073e-14
3.665201255605886,0.5097499169477937,0.18162068766503106,9.500998979428139e-23,1.5112606879271306e-14
3.355625090793974,0.4854573582375255,0.15923885128134713,1.3258136415237708e-22,1.999610961900818e-14
2.5580008728353176,0.49899012291155265,0.1676790910388397,1.1295362114737564e-22,3.212483206834139e-14
3.494443244566531,0.49620829252957177,0.17438646127674967,8.258106961429776e-23,3.531680709856622e-14
6.061632286653438,0.5083713498617093,0.16012038093365047,9.327727978124058e-23,3.1329658206552186e-14
6.501286231706308,0.49065874498239215,0.1776144797245057,1.4316348896550288e-22,8.404985805424333e-15
2.725054033280996,0.501152352172618,0.16701865720951123,2.0288586409512659e-22,6.919911318832403e-15
3.700463272715243,0.5144129931593144,0.17351488436169402,2.7654132965347073e-22,6.2334086882011e-15
3.7423745252530014,0.48562142452951074,0.15635663177564726,1.6168884752331979e-22,5.157317061011965e-15
6.798445502133335,0.48089228380655896,0.14625853748096665,3.3983452302496955e-22,8.662372898953969e-15
4.537611116213674,0.5191292012545258,0.17479421780631535,1.6701963607100903e-22,4.5621565297350585e-15
3.8501095570706676,0.48111671923504873,0.15997118504101526,1.4965916016802103e-22,4.849378893271213e-16
3.7043289519527027,0.51089412348506,0.18208674128893454,1.6615700059951713e-22,3.676561268243626e-16
2.6607465008591764,0.5006211108651878,0.1672735035464264,8.311234132560145e-23,1.3349975302859784e-16
2.575500076789033,0.4967004509356249,0.16648316733195226,2.0952305399430604e-22,1.230158528404133e-16
2.7455021514368374,0.5068930954928604,0.1737856474363621,4.59917361442951e-22,3.032318292365792e-17
4.731208109826851,0.5143646711363284,0.16875261756449433,5.589746409228538e-22,3.696125300352331e-17
3.9340852271788,0.5184383945578871,0.178099919566117,2.4055060375985767e-22,3.001753283505624e-17
4.578762759692687,0.4954687091243017,0.15613945622199218,4.5077282408008295e-22,5.3782546268677754e-18
4.610936172337158,0.5212755215781132,0.17744647594049537,4.816622066799499e-22,4.688170844892629e-18
2.9320454797264333,0.5095925149357691,0.1743865984993823,5.719207481610045e-22,5.6722642688374295e-18
2.9488624808995754,0.4962851136283969,0.1627636862850586,8.87634429817985e-22,8.425984970417518e-18
3.3494025563617575,0.48643814565440857,0.15878894150607822,3.8155660777900185e-22,1.3867317758221205e-17
2.824228727336942,0.5081506408738296,0.17479607075712653,4.337663981237076e-22,8.994594582562121e-18
