1.000000000000000000e+00 1.011227542915594029e+02 5.887016583221482691e-01 4.897702038913623879e-01 1.171967827784010929e-03 2.220071040560116504e-01
1.000000000000000000e+00 6.792955480905057186e+01 5.417354719702857091e-01 5.266032540479193003e-01 4.293256079262802553e-03 4.094693520327531006e-02
1.000000000000000000e+00 3.497603752616004869e+01 7.304990472977157534e-01 6.783582269915422458e-01 7.204842977421403727e-03 3.752470949925985205e-02
1.000000000000000000e+00 3.150211815180873032e+01 7.925205454554571372e-01 7.360147917744362944e-01 6.597082895180305523e-03 4.524576498213320197e-02
1.000000000000000000e+00 1.106162971812588758e+01 8.152431689182392249e-01 7.219796203265232970e-01 5.795153928336058136e-03 5.256133529560615136e-02
1.000000000000000000e+00 4.959443733592709513e+00 7.131105940995785542e-01 6.165541300712298334e-01 6.102641751851834058e-03 4.189266210676094448e-02
1.000000000000000000e+00 6.499064438010853095e+00 5.522799486387615087e-01 4.380831478966614179e-01 6.465157093816721774e-03 4.487921510016230908e-02
1.000000000000000000e+00 4.694495615183573278e+00 6.009403840389974105e-01 5.000276342817914221e-01 1.027646700728599392e-02 3.407900121606077803e-02
1.000000000000000000e+00 3.712084646755042350e+00 6.759924793705904822e-01 5.725811529135410582e-01 7.887388855418776129e-03 3.732129587553313643e-02
1.000000000000000000e+00 2.460906196113761712e+00 6.166888813357052079e-01 5.077981631291665909e-01 7.178480131620556572e-03 3.264370436207872372e-02
1.000000000000000000e+00 9.898823187528624779e-01 5.766301436148043580e-01 4.768135060843170514e-01 4.762144076479116715e-03 3.685092250694453619e-02
1.000000000000000000e+00 1.302515952252662590e+00 6.412930945188437537e-01 5.390250716928874919e-01 4.980665444715226889e-03 1.312415090385311151e-02
1.000000000000000000e+00 9.551452687329722302e-01 6.063537169909052338e-01 5.011266926308022285e-01 5.628906077405636948e-03 2.154346584895058814e-02
1.000000000000000000e+00 1.196405652269773245e+00 5.541962399509071657e-01 4.568385167377670419e-01 2.353109529295764266e-03 4.937174095304379395e-02
1.000000000000000000e+00 3.945531038444473282e+00 5.407358719749735254e-01 4.315008129244761736e-01 2.458529915100027968e-03 5.755574176031318101e-02
1.000000000000000000e+00 5.045591664701093215e+00 7.230499969719303976e-01 6.177296427060254835e-01 5.070144143383122602e-03 5.163992617357246462e-02
1.000000000000000000e+00 2.172449611164151140e+00 6.514168473515236091e-01 5.451098000773810792e-01 3.207769200664178054e-03 3.922567653357253437e-02
1.000000000000000000e+00 2.089154808207939418e+00 6.185255080517110260e-01 5.123102981207514617e-01 1.521589066135274615e-03 3.165773877947274800e-02
1.000000000000000000e+00 3.339802054686724198e+00 6.893304244185445295e-01 5.945530593924066576e-01 9.196100367974113223e-04 1.554225140043845321e-02
1.000000000000000000e+00 1.689986190604673144e+00 6.348992816227454483e-01 5.386666507081987465e-01 4.260510686632253997e-03 8.978525152561599859e-03
1.000000000000000000e+00 1.597531185485298932e+00 5.545058349092240046e-01 4.487942154773817971e-01 4.067186427435144115e-03 1.692249321592306094e-02
1.000000000000000000e+00 1.148455439968964598e+00 5.841182907780019251e-01 4.903394130803930828e-01 1.701489413673118369e-03 2.355314205473241912e-02
1.000000000000000000e+00 1.373071638354104840e+00 5.464987381726330584e-01 4.482085886675616360e-01 2.260020698566108342e-03 2.300765162559996815e-02
1.000000000000000000e+00 1.508820718637324587e+00 5.946147763546715259e-01 4.885489380088072764e-01 2.470218295774496628e-03 5.089588339554819429e-02
1.000000000000000000e+00 1.742455945308932996e+00 5.839216003416873857e-01 4.928224627958837645e-01 1.110488421373423537e-03 2.928587216182904421e-02
1.000000000000000000e+00 3.566948288760420471e+00 6.524259165537563687e-01 5.647364749881020884e-01 1.327565913465902697e-03 4.405883162376751649e-02
1.000000000000000000e+00 3.134296644590102598e+00 6.083535636097056054e-01 5.210934133020885817e-01 1.798675188899604522e-03 6.957765011389976939e-02
1.000000000000000000e+00 3.411599597347773294e+00 6.573515082303875712e-01 5.687785276217544039e-01 1.072678791423941876e-03 8.439994772023433345e-02
1.000000000000000000e+00 3.477885482226326097e+00 6.669985219241558738e-01 5.603652132860394985e-01 1.343468058404811592e-03 8.377242961026153123e-02
1.000000000000000000e+00 1.047065075292685110e+00 6.309028115041116491e-01 5.320762179951489257e-01 2.611465517027058633e-03 5.914750959252854101e-02
1.000000000000000000e+00 3.048754599330022685e+00 5.248371073362985140e-01 4.216486542854204767e-01 3.861227874636797945e-03 4.704191840596871205e-02
1.000000000000000000e+00 3.960869089941502885e+00 5.578268674312274467e-01 4.531897322678694051e-01 6.514507472362186802e-03 5.756242882005839501e-02
1.000000000000000000e+00 1.735918821608760876e+00 5.775223324752373211e-01 4.729506613451839314e-01 5.757205594931947071e-03 4.182868876471926289e-02
1.000000000000000000e+00 1.927091866802502551e+00 5.927405229548300403e-01 4.839676057170093082e-01 5.175847459511830409e-03 3.491859808466478421e-02
1.000000000000000000e+00 2.091670991963880066e+00 6.387198596492160707e-01 5.316237362515340292e-01 4.356241024107936413e-03 4.473715090552561613e-02
1.000000000000000000e+00 7.790883949289701960e-01 5.833942297735419391e-01 4.863446495777281053e-01 2.939362887716354903e-03 4.881737823979488688e-02
1.000000000000000000e+00 1.180978440425723530e+00 6.125747209447307551e-01 5.172200771431328947e-01 3.731397399469528215e-03 3.358440355273934613e-02
1.000000000000000000e+00 9.693118642711878730e-01 5.667142700723880600e-01 4.659990220683266071e-01 2.468966656219104185e-03 6.744734075402382401e-02
1.000000000000000000e+00 2.549696348101798016e+00 6.565093887421196150e-01 5.515673762176778183e-01 2.231911208079691983e-03 9.801510435300285484e-02
1.000000000000000000e+00 1.388645303876825388e+00 5.608745013153554337e-01 4.590152386970211551e-01 1.805905726110206694e-03 1.152690460279212625e-01
1.000000000000000000e+00 1.562482154720246541e+00 5.543063916114975287e-01 4.597021748818160281e-01 8.155669547367059170e-04 8.692306587407833129e-02
1.000000000000000000e+00 8.373762435206342225e-01 5.983685200251169789e-01 5.022855119611148167e-01 2.170726565372788075e-03 6.922785787943475100e-02
1.000000000000000000e+00 1.429274669637274897e+00 6.293359519971618576e-01 5.329683015516241129e-01 4.288262010929294946e-03 1.331550305576063853e-02
1.000000000000000000e+00 2.181220766373061615e+00 5.466841332400628195e-01 4.531883338748665113e-01 1.310635280022875646e-03 2.069472972922655751e-01
1.000000000000000000e+00 1.498664264907749510e+00 6.182210241514742854e-01 5.239633363389120113e-01 2.592134645389115259e-03 8.222105153680137057e-02
1.000000000000000000e+00 2.984438434321985412e+00 6.471007748220704014e-01 5.403843824667593498e-01 1.480776235850816795e-03 1.466070940786320664e-01
1.000000000000000000e+00 2.913241061053525094e+00 5.973916447760987403e-01 4.892658402325451017e-01 3.494170140846586566e-03 9.365909661762633620e-02
1.000000000000000000e+00 2.494338126260816413e+00 5.888507583184948713e-01 4.983766397243862278e-01 2.807099893582213831e-03 8.595081369472404309e-02
1.000000000000000000e+00 2.709706696449368124e+00 6.764815348977287757e-01 5.709302808300215082e-01 6.657833816763734924e-03 2.615093294196645796e-02
1.000000000000000000e+00 4.504515749669434577e+00 5.473554135184025560e-01 4.515550867621480613e-01 4.529109878924788765e-03 1.100174892237011093e-01
1.000000000000000000e+00 3.269473425474249240e+00 6.806863069027897506e-01 5.857179950850223138e-01 1.576408982267732059e-03 2.663346420775432044e-01
1.000000000000000000e+00 3.111545225593830288e+00 6.016289976950204288e-01 5.113798924697118276e-01 4.896025983490176481e-03 2.914298383270697013e-02
1.000000000000000000e+00 1.459121000024897308e+00 6.380700153165371757e-01 5.387681881190279354e-01 9.429068228752109787e-04 1.550193516245968461e-01
1.000000000000000000e+00 1.912491309560403252e+00 5.795252979592118159e-01 4.786239141300834832e-01 2.899822552020641254e-03 1.504403801923605566e-01
1.000000000000000000e+00 2.920378269697127216e+00 5.859168062421319378e-01 4.925130078883631080e-01 4.521293561219838844e-03 7.657344083075529051e-02
1.000000000000000000e+00 2.344402230737917314e+00 6.231541461773165702e-01 5.267070637124395827e-01 1.768738413321898142e-03 4.376498368838059316e-01
1.000000000000000000e+00 1.460354065901656062e+00 5.629474918760798419e-01 4.680185165971226802e-01 8.640017972021104067e-04 4.784862097107326351e-01
1.000000000000000000e+00 1.012833968414691421e+00 5.856325899811420932e-01 4.886621783604041536e-01 3.018482134095647196e-04 4.730264220436520284e-01
1.000000000000000000e+00 4.563335024402405793e+00 6.021595582343088893e-01 5.117781649540829036e-01 4.052869225693379526e-03 1.331172272448332139e-01
1.000000000000000000e+00 3.930317103707397841e+00 6.265679660443268517e-01 5.174727000252674625e-01 1.790320867947063372e-03 2.523054231932037039e-01
1.000000000000000000e+00 3.663638109484315564e+00 6.162192391665962665e-01 5.091557509559270223e-01 1.773175014660707208e-03 4.118633888324497727e-01
1.000000000000000000e+00 8.870553089562125848e+00 8.014715099075382376e-01 6.978224058018853704e-01 7.687392883134799154e-03 8.021951833984963809e-03
1.000000000000000000e+00 5.024737302358087909e+00 6.819707004449842014e-01 5.945792020818969625e-01 2.255725859346902756e-03 1.190396292723912980e-01
1.000000000000000000e+00 6.394813981535327763e+00 5.525198169967666662e-01 4.408581900240821638e-01 1.289620125639517889e-03 5.229986553439408548e-01
1.000000000000000000e+00 3.586495986190188390e+00 6.321637735201821595e-01 5.242450174176801481e-01 9.812809955801709942e-04 5.040042339762650370e-01
1.000000000000000000e+00 2.910638492107552544e+00 6.180699392199471287e-01 5.217941535062954328e-01 4.909231280893424851e-03 8.224023981342953871e-02
1.000000000000000000e+00 1.006220243541035009e+00 5.892587625087902792e-01 4.902450983437333099e-01 1.280773319305476398e-03 2.672364740126417226e-01
1.000000000000000000e+00 9.688527654974961045e-01 5.674785361647577409e-01 4.691651286122719977e-01 1.206460552796725623e-03 1.245939146317577018e-01
1.000000000000000000e+00 1.820103653443714053e+00 6.419603871237334891e-01 5.426035717819610582e-01 4.133072468348868590e-04 4.495007491522735876e-02
1.000000000000000000e+00 1.508412703573515090e+00 5.907430003835437704e-01 4.859380778615704499e-01 1.727243670763772918e-03 9.102529797144222334e-02
1.000000000000000000e+00 8.958759479372400136e-01 5.887016583221482691e-01 4.897702038913623879e-01 1.171967827784010929e-03 2.220071040560116504e-01
