1.000000000000000000e+00 1.027796928993483192e+02 5.747972136148734590e-01 4.765066816095824831e-01 7.151972135999115111e-04 6.167773657402333409e-01
1.000000000000000000e+00 9.504783771413687532e+01 3.983135345739692856e-01 4.537794808080150011e-01 4.115634332093981614e-03 5.336101096012175332e-02
1.000000000000000000e+00 7.107353678187996593e+01 9.106879834605612345e-01 7.608877214440989967e-01 4.115121641751883635e-03 4.981496026416859513e-02
1.000000000000000000e+00 2.121360269306860857e+01 5.599830642258909474e-01 4.313107178500739103e-01 4.483662845661701493e-03 6.203069203341083498e-02
1.000000000000000000e+00 1.553830083287621067e+00 5.851706350462846373e-01 4.817951693690853410e-01 8.035221522848805427e-04 6.224868588155104548e-02
1.000000000000000000e+00 1.507517223039745335e+00 6.223493184504468312e-01 5.277825481291182896e-01 1.939748744812922528e-04 7.844782794378703239e-02
1.000000000000000000e+00 1.137502762100037756e+00 5.669980908025991084e-01 4.701232580882770962e-01 6.289140092197570680e-04 6.521362801351446303e-02
1.000000000000000000e+00 8.285930453336803891e-01 6.181983940346698070e-01 5.186345403604976090e-01 1.947254768936132474e-03 4.909930815242302682e-02
1.000000000000000000e+00 9.238959335496973457e-01 6.134898589702725280e-01 5.107173134483732335e-01 3.115988066630071777e-03 5.004568657418615590e-02
1.000000000000000000e+00 1.433346466137147779e+00 5.687814696229894773e-01 4.755679050520030815e-01 1.944757438429316372e-03 4.670568215234129766e-02
1.000000000000000000e+00 3.551293119181198499e+00 6.889710869673671967e-01 5.894795577238591822e-01 1.186023557133548088e-04 4.161645363220951160e-02
1.000000000000000000e+00 3.941504294413166853e+00 7.060310116844463746e-01 6.114519974693728432e-01 2.253065405155551312e-03 1.492046011644622763e-02
1.000000000000000000e+00 3.863707191797468798e+00 5.124095397575006983e-01 4.113883758593749329e-01 1.137401320790708574e-03 3.375796955165780155e-02
1.000000000000000000e+00 8.109494597670018345e-01 6.179971267444640537e-01 5.168517194404499415e-01 2.558672498019723233e-03 4.379132329361860865e-02
1.000000000000000000e+00 2.258778518527653212e+00 6.406457409710518691e-01 5.493183628274154184e-01 1.727521443680908077e-03 3.274599625145373227e-02
1.000000000000000000e+00 1.032748995348171661e+00 6.308222809225346728e-01 5.303168042177235364e-01 2.229374348193290719e-03 2.991051755015166139e-02
1.000000000000000000e+00 9.065748943076241684e-01 6.051459056511332424e-01 5.013449174776385409e-01 5.152812207493449176e-03 3.149592257574791027e-02
1.000000000000000000e+00 9.035831873500936862e-01 6.176977586201233272e-01 5.136130988046988533e-01 4.810151112601239454e-03 2.728004079807749491e-02
1.000000000000000000e+00 2.537555129650982177e+00 6.843191413493472375e-01 5.834362564631119241e-01 4.893732868215411487e-03 2.168244599455699390e-02
1.000000000000000000e+00 2.182289230665996893e+00 6.499916654647059922e-01 5.422597013517637121e-01 4.306038686627849076e-03 2.873964683062846248e-02
1.000000000000000000e+00 2.566407019451907523e+00 5.369776164312051181e-01 4.331862321393524229e-01 1.459445968143424123e-03 1.794962592154862591e-02
1.000000000000000000e+00 2.612777019741127305e+00 5.282116381809736083e-01 4.304429680445853168e-01 8.130454448148972425e-04 2.827050791056204618e-02
1.000000000000000000e+00 1.344574779117145180e+00 6.082800073515942652e-01 5.146700964611173879e-01 2.996308757540856044e-03 2.307987555021866893e-02
1.000000000000000000e+00 1.516375423712471582e+00 6.428081458102907764e-01 5.384956309138371200e-01 3.678653035908027898e-03 3.818838545377244154e-02
1.000000000000000000e+00 1.609481087525478360e+00 5.982330039648895426e-01 4.913354240646779503e-01 2.744147776842923055e-03 4.087941249185458870e-02
1.000000000000000000e+00 1.683507488277379727e+00 5.942595921614073351e-01 5.014962085727813212e-01 3.253487919104411288e-03 5.316236702476290904e-02
1.000000000000000000e+00 2.188046417344156946e+00 6.660733632401589777e-01 5.657587640875521018e-01 4.239628733658231882e-03 5.091820954554860529e-02
1.000000000000000000e+00 1.616256029143294359e+00 6.220159768175020920e-01 5.170772667287292235e-01 3.913162814695930053e-03 5.890908522489281263e-02
1.000000000000000000e+00 1.045126475589251536e+00 6.166800677800345909e-01 5.154441624045039694e-01 1.479369419669578078e-03 3.356889357153331616e-02
1.000000000000000000e+00 1.126745678612187218e+00 5.969669860650765880e-01 5.015022255928911488e-01 4.995728770469660789e-04 1.178966934975944625e-02
1.000000000000000000e+00 1.611432970343909865e+00 6.168977790283129981e-01 5.119357925426829548e-01 2.767217723359729955e-03 3.095366582103020736e-03
1.000000000000000000e+00 1.494012239580598811e+00 6.460782701995018140e-01 5.428112201080877997e-01 3.559252235112903267e-03 1.213760810495251828e-02
1.000000000000000000e+00 3.393111223327999859e+00 6.743435676848336113e-01 5.835373364986959910e-01 2.319775472513594273e-03 3.849752999753692367e-02
1.000000000000000000e+00 3.384811152895228936e+00 6.451470414978137669e-01 5.385710261244035513e-01 4.324360239787453097e-03 8.773419209299668231e-02
1.000000000000000000e+00 3.324914247175320803e+00 5.495121540710495855e-01 4.460188886037468881e-01 3.898354757817967808e-03 1.049881337679151039e-01
1.000000000000000000e+00 4.748780842375374789e+00 7.029673570715854192e-01 6.129446926984638555e-01 5.098914124678248158e-05 3.101669027180490312e-01
1.000000000000000000e+00 1.769944534294783045e+00 6.048388127094890265e-01 5.015148969958002079e-01 3.888194489189302329e-04 3.784207613841921169e-01
1.000000000000000000e+00 9.587716039508608068e-01 5.982707030056311215e-01 5.022018331805950808e-01 6.015193224545705439e-04 3.500747812303491857e-01
1.000000000000000000e+00 2.909059026087223110e+00 6.792131407916652819e-01 5.846049567711683048e-01 3.319943745222675349e-03 1.708911318045924776e-02
1.000000000000000000e+00 1.565577159056027234e+00 5.965613220345662437e-01 5.048249890944106477e-01 3.423170143162560485e-04 2.107209074169641982e-01
1.000000000000000000e+00 2.797929323073601093e+00 6.680982129459775987e-01 5.755999915584562032e-01 1.623816379682495661e-03 7.844744141210274746e-02
1.000000000000000000e+00 4.156988350256031417e+00 7.021129949229718559e-01 5.996269366004273182e-01 1.124901041003572265e-03 2.861825879300502473e-01
1.000000000000000000e+00 4.538704899328068976e+00 6.524038648770003057e-01 5.485083943662131256e-01 3.138294945999342035e-03 2.332345904690445171e-01
1.000000000000000000e+00 4.654004218063588993e+00 5.478362007658510446e-01 4.392928635585012787e-01 3.642431114271988367e-04 3.149124987063576242e-01
1.000000000000000000e+00 2.722046282117089433e+00 6.358211805212368173e-01 5.319746359748553921e-01 1.257208429209281074e-05 4.282996138942407605e-01
1.000000000000000000e+00 3.423383419756768298e+00 6.728148757527343538e-01 5.818945138409336026e-01 2.734486372671173600e-05 3.605192691691190832e-01
1.000000000000000000e+00 2.217181233286740216e+00 5.885064611376600308e-01 4.821324777412600016e-01 6.259778083522049216e-03 4.301381277547983162e-02
1.000000000000000000e+00 1.494750418582884599e+00 5.779587340680415464e-01 4.749330490262255733e-01 6.763833344556719439e-03 2.759233920574730159e-02
1.000000000000000000e+00 1.752563149293253186e+00 5.688897936608070527e-01 4.772062249337034046e-01 1.312719843959418362e-03 5.305052527789221040e-02
1.000000000000000000e+00 3.784047570944588657e+00 6.924222778646448306e-01 5.914258610574008035e-01 2.239275992699989257e-04 1.193824314349902077e-01
1.000000000000000000e+00 2.100721153005809860e+00 6.338775605073194708e-01 5.312815870684562958e-01 2.180843328415429418e-03 1.860773003819671811e-01
1.000000000000000000e+00 4.328152069412882774e+00 6.013609773688018967e-01 4.885970341854258825e-01 5.097008247488494202e-03 5.390206142954862001e-02
1.000000000000000000e+00 2.945747998688068581e+00 5.926568029777962154e-01 4.944435277063300993e-01 2.595820096357402511e-03 3.069588357409691048e-01
1.000000000000000000e+00 2.974101934330372732e+00 5.611062411921032833e-01 4.720038543460904901e-01 1.703543912714496284e-03 1.228206307677966735e-01
1.000000000000000000e+00 1.520377671255891849e+00 5.547760939966404070e-01 4.591893059457210491e-01 4.207613380353921774e-04 2.796157995294646925e-01
1.000000000000000000e+00 9.365172652624372818e-01 5.774611921017026583e-01 4.798329677090025225e-01 7.450886725762829489e-04 2.741560118623840858e-01
1.000000000000000000e+00 3.300614910764996246e+00 5.939881603548694544e-01 5.029489543026812726e-01 4.496109684860097322e-03 6.575318293643472867e-02
1.000000000000000000e+00 3.644497562881022112e+00 5.832669828667915723e-01 4.947302740970159762e-01 1.816141748687936583e-03 3.562568197937383552e-01
1.000000000000000000e+00 3.124378761104621205e+00 5.905764592349520559e-01 4.967512171603769011e-01 2.302239142248105851e-03 3.599281863969889805e-01
1.000000000000000000e+00 4.558000041477672681e+00 6.352159165849520228e-01 5.406052967924749320e-01 2.517025865258500691e-03 4.382079214457177962e-01
1.000000000000000000e+00 1.441838250683681766e+00 6.064047398737951733e-01 5.090562416299128090e-01 1.111432096329447762e-03 6.232041556449300357e-01
1.000000000000000000e+00 2.374768535148262583e+00 5.569471228221980486e-01 4.535528329225249067e-01 2.264501350944694673e-04 5.395329159133716024e-01
1.000000000000000000e+00 3.155669212155259196e+00 5.351668964781655102e-01 4.324728631910635945e-01 1.521373685857186926e-04 3.968903565324876093e-01
1.000000000000000000e+00 3.824069215900950169e+00 6.632127034457444559e-01 5.740538548291392873e-01 1.328528852284192483e-03 3.580203590968295546e-01
1.000000000000000000e+00 4.440197067543770082e+00 5.595443714224953569e-01 4.733207679215371000e-01 1.659032045291381060e-03 1.947585943634173034e-01
1.000000000000000000e+00 3.109872431555621652e+00 6.984186687408584504e-01 5.959652479608116282e-01 4.751716068602317850e-03 2.587608782471173541e-02
1.000000000000000000e+00 3.093036100718132619e+00 6.840666176276768429e-01 5.875143770341835214e-01 3.083822064998027745e-04 2.869204857440584289e-01
1.000000000000000000e+00 1.862529355779571016e+00 5.650603738900926709e-01 4.639331981528754256e-01 1.840891881990444536e-03 2.634567983145794101e-01
1.000000000000000000e+00 1.463610018173946203e+00 6.033410402577618070e-01 5.009577495446475570e-01 6.360734869669641689e-04 4.636772359426197809e-01
1.000000000000000000e+00 4.573529438766399835e+00 5.521236535175720883e-01 4.442922556242569487e-01 1.950009910895850228e-03 3.277018630559501711e-01
1.000000000000000000e+00 4.947530192235058522e+00 5.830874086838478965e-01 4.718469025660410043e-01 1.018216065055003441e-03 3.946205924496141715e-01
1.000000000000000000e+00 4.969594758824267267e+00 6.653947919433812475e-01 5.743893189030958579e-01 2.407937752901840450e-03 3.339265378226242698e-01
1.000000000000000000e+00 4.103167627459690436e+00 5.768385556762689603e-01 4.726745555797905451e-01 2.184014284947872336e-03 4.857955596556639555e-01
1.000000000000000000e+00 1.116360382954463493e+00 5.747972136148734590e-01 4.765066816095824831e-01 7.151972135999115111e-04 6.167773657402333409e-01
