1.000000000000000000e+00 3.995422188002141866e+03 5.998261158828498418e-01 4.977200757302381873e-01 4.696355618554286498e-04 5.176476552440785195e-01
1.000000000000000000e+00 8.930249548220015754e+01 7.097714306309828025e-01 7.794776104250982218e-01 4.770616201507208581e-03 2.333901301760938490e-02
1.000000000000000000e+00 2.734855387342856758e+01 6.874087385065345002e-01 6.289590806412375112e-01 5.460489593645534434e-03 1.751287171560809292e-02
1.000000000000000000e+00 1.344377178524911010e+01 7.200601283901904015e-01 5.997010757559053662e-01 1.786269896746540790e-03 1.841219243615570267e-02
1.000000000000000000e+00 1.209323406851323135e+01 8.080882983187599455e-01 6.982764837882617925e-01 1.591280324292276447e-03 1.887684664896100220e-02
1.000000000000000000e+00 1.228005128973859250e+01 5.929268282778112908e-01 5.205930464006122138e-01 1.060931554448310814e-03 7.903888271989711542e-03
1.000000000000000000e+00 1.023146154725129087e+01 5.014011272481683212e-01 3.895443723863286078e-01 4.694246764629200460e-04 1.227817754370652895e-02
1.000000000000000000e+00 7.355743925161486452e+00 7.510478883102582603e-01 6.439060517633974356e-01 1.711050109867114522e-03 2.097861052169372464e-02
1.000000000000000000e+00 6.836158153074355148e+00 7.564230525941022520e-01 6.636104999715674024e-01 3.959860808114513617e-03 2.546197130836753975e-02
1.000000000000000000e+00 5.115665873018183873e+00 7.077755483437085937e-01 5.975030832334862207e-01 5.315835571206429903e-03 3.867098250756215161e-02
1.000000000000000000e+00 2.326812317408856412e+00 5.530342021503996675e-01 4.616586712800342940e-01 1.711419898127732389e-03 4.634607482167785175e-02
1.000000000000000000e+00 2.641149873323804798e+00 5.468966409226114767e-01 4.391191243221853613e-01 4.207928193388188812e-03 3.853581752072895300e-02
1.000000000000000000e+00 4.481264287381767630e+00 7.043406163812226950e-01 5.957921068093117167e-01 3.860622564532350306e-03 3.314339121797141990e-02
1.000000000000000000e+00 3.455167343426169158e+00 6.956710277255403474e-01 5.922646925349809299e-01 2.100131673165340183e-03 5.555766020946300426e-02
1.000000000000000000e+00 4.722890608617150043e+00 7.285182692010651051e-01 6.279122577049678355e-01 2.305785597144469588e-03 6.167587391953559262e-02
1.000000000000000000e+00 2.203475595308352020e+00 5.680238026607820068e-01 4.753315048793731457e-01 3.810015391564064956e-03 4.488516460540065145e-02
1.000000000000000000e+00 2.351030235434759863e+00 6.698964283978483536e-01 5.652691620392897853e-01 3.243634403342582004e-03 2.945270103108991663e-02
1.000000000000000000e+00 4.002489549112989486e+00 6.956497898067026675e-01 5.881328312333705677e-01 3.664255891957815276e-03 4.400085935405512183e-02
1.000000000000000000e+00 2.409496420413027362e+00 5.844504695912545733e-01 4.769516465138231021e-01 1.515408026795487910e-03 3.776034766115429764e-02
1.000000000000000000e+00 1.168499288621328569e+00 5.641931316594623880e-01 4.635476678999203570e-01 1.143250798490627954e-03 4.363464792384346563e-02
1.000000000000000000e+00 2.478848842811589570e+00 5.643706820821273729e-01 4.597429572760511896e-01 4.326951198651191087e-04 4.498723363525475305e-02
1.000000000000000000e+00 3.153535407354693731e+00 5.223594775230665510e-01 4.250462857529552774e-01 4.731177488504029150e-04 3.129112055620673211e-02
1.000000000000000000e+00 2.439957228717740456e+00 5.849056431913753906e-01 4.962604386226728836e-01 4.747899024376453199e-04 4.574430168727013774e-02
1.000000000000000000e+00 8.231748291323933708e-01 5.785224987282747700e-01 4.823001238977389082e-01 1.492073798556514327e-03 4.813519775112833077e-02
1.000000000000000000e+00 1.135267913106357440e+00 6.323340629523455103e-01 5.304944000277429517e-01 2.867442120279212366e-03 4.973903134589249819e-02
1.000000000000000000e+00 3.138596037758781598e+00 6.563595234278162271e-01 5.667510971204896553e-01 2.046448269301114585e-03 4.187368813471412099e-02
1.000000000000000000e+00 1.469766592612136380e+00 5.584839891463356798e-01 4.634452565610450714e-01 2.789437679570857132e-03 4.857882248484778759e-02
1.000000000000000000e+00 1.207734378830911171e+00 5.845059047342940906e-01 4.866589434518310830e-01 1.129219575622254605e-04 5.712914919127790037e-02
1.000000000000000000e+00 1.131512658347211042e+00 5.789115583968912349e-01 4.789895116859442803e-01 5.983950611829784352e-04 6.827982059246995306e-02
1.000000000000000000e+00 1.296796013422251592e+00 6.037246603024828406e-01 5.108309144813255598e-01 1.343930391599793732e-03 6.792449086201035602e-02
1.000000000000000000e+00 1.103740968400896971e+00 5.795893856980034453e-01 4.847809727575406180e-01 6.406832895766536359e-04 6.185185476552317041e-02
1.000000000000000000e+00 1.740438506312675271e+00 6.371427814914218946e-01 5.441006980104102775e-01 1.249215776190959731e-03 4.862456874987372557e-02
1.000000000000000000e+00 1.492045473100951813e+00 5.592523368523063532e-01 4.653881860591627118e-01 1.300760272419467824e-03 5.570638832001110347e-02
1.000000000000000000e+00 1.187405469344335884e+00 6.047770091909210333e-01 5.029189107280851445e-01 1.050533709782137774e-03 2.978194309316248983e-02
1.000000000000000000e+00 5.636873871290946081e-01 5.977586987851518652e-01 4.990684747621692008e-01 2.888029335483739170e-03 3.846545274615037480e-02
1.000000000000000000e+00 1.204612025567028732e+00 6.113753588957754337e-01 5.155280456914739240e-01 4.282742912523903635e-03 3.039871121253035283e-02
1.000000000000000000e+00 2.338943652676959140e+00 6.405558500669642497e-01 5.464034732568787689e-01 5.074777424277076947e-03 1.516573652547481381e-02
1.000000000000000000e+00 8.028546622856996828e-01 5.946953991946215545e-01 4.951824181820724813e-01 3.812346681026652917e-03 4.902867372675929342e-02
1.000000000000000000e+00 1.845837160465502613e+00 5.906577754057859009e-01 4.953726129286917246e-01 1.544577420437743751e-03 4.569086626817900343e-01
1.000000000000000000e+00 2.627421578881621311e+00 5.840896657019279958e-01 4.960595491134865975e-01 5.542386490642429737e-04 4.285626825279471031e-01
1.000000000000000000e+00 2.155072042154175360e+00 6.060476493053710279e-01 5.038185903191407800e-01 1.310017286001820226e-03 6.497828066318551699e-01
1.000000000000000000e+00 2.882112017828183603e+00 5.954999222357525435e-01 4.966191616041063517e-01 1.814072547036490448e-03 6.343613330621226121e-01
1.000000000000000000e+00 2.589442264400149352e+00 5.639493604500596113e-01 4.741794882438667424e-01 9.217963633935842213e-04 4.502231280889501530e-01
1.000000000000000000e+00 1.425327224002708171e+00 5.576192132545967350e-01 4.613649398434973015e-01 3.609862112855198851e-04 6.070182968506181442e-01
1.000000000000000000e+00 1.102326954710225682e+00 5.803043113596589864e-01 4.820086016067787749e-01 8.048637993261552413e-04 6.015585091835375930e-01
1.000000000000000000e+00 1.326012315846053502e+00 5.699555844819284012e-01 4.736916525374382791e-01 7.877179460397990777e-04 7.611164748227836618e-01
1.000000000000000000e+00 2.209380279219622434e+00 5.772650608500888847e-01 4.757125956007992040e-01 1.273815339599968562e-03 7.647878414260342872e-01
1.000000000000000000e+00 5.235218951092622142e+00 5.278074437984917600e-01 4.202091868934113017e-01 3.888333783649902675e-04 6.811166016944758539e-01
1.000000000000000000e+00 6.778741335839195692e+00 5.060272174544592216e-01 3.991292171619499896e-01 3.145206118562394928e-04 5.384740423135918608e-01
1.000000000000000000e+00 7.022415241021943366e+00 7.440779042094169959e-01 6.393766563109776202e-01 1.054009051227104655e-03 5.505764510271738965e-01
1.000000000000000000e+00 3.399285028542388343e+00 5.568417386540649439e-01 4.500101036335987237e-01 6.677845649757231487e-04 6.620145695220476245e-01
1.000000000000000000e+00 3.725438169453542780e+00 5.253442649238740936e-01 4.242816325605491268e-01 1.262788867817267414e-03 5.972914949606088486e-01
1.000000000000000000e+00 1.439516979237898342e+00 5.998261158828498418e-01 4.977200757302381873e-01 4.696355618554286498e-04 5.176476552440785195e-01
