1.000000000000000000e+00 3.350387888940744006e+02 6.382910074060105243e-01 5.349375671543596944e-01 1.376723832397364414e-03 4.693528978922031358e-01
1.000000000000000000e+00 3.831643360335853998e+01 8.032725588922208226e-01 6.618152793929683586e-01 7.121654647047915947e-03 9.008678706548461229e-03
1.000000000000000000e+00 5.324278585199937019e+00 6.568861410824311520e-01 5.674264582584525041e-01 6.785810179842570282e-03 1.025341597788849944e-02
1.000000000000000000e+00 5.756691054150902431e+00 5.487254591008693394e-01 4.344332629015237313e-01 7.977940705129351814e-03 2.463846585363433511e-02
1.000000000000000000e+00 5.527325324057600575e+00 7.376080222574119549e-01 6.396835504924753835e-01 5.468111820812955257e-03 4.007861779543017700e-02
1.000000000000000000e+00 3.092489599284131252e+00 6.027789355364265855e-01 5.079044810041878355e-01 6.783431855151263526e-03 4.028703092195130842e-02
1.000000000000000000e+00 2.635007652867027872e+00 6.486555773537410197e-01 5.431433226306203732e-01 5.949619183304872758e-03 4.740233479766352287e-02
1.000000000000000000e+00 6.809957667976784812e+00 7.165207394430668231e-01 6.051384286417484937e-01 5.683536560603925578e-03 5.792478385627545384e-02
1.000000000000000000e+00 7.288548714617262725e+00 6.327158176401862510e-01 5.359139085335944408e-01 8.281754348136081273e-03 7.411853813719213036e-02
1.000000000000000000e+00 6.287447783978905136e+00 6.901671112519707219e-01 5.913426630216278568e-01 7.393052686827700400e-03 6.673665178094825845e-02
1.000000000000000000e+00 3.596459289437316631e+00 6.474877066572594098e-01 5.451075233752056270e-01 5.609449749780536995e-03 7.698186100569459622e-02
1.000000000000000000e+00 4.177522387858648933e+00 6.376157728866126417e-01 5.306669264745347281e-01 5.819165924826822170e-03 7.509662217325799305e-02
1.000000000000000000e+00 3.280649594312655459e+00 6.137314687531360002e-01 5.145384225297682246e-01 6.305898270736590150e-03 6.525089245634602131e-02
1.000000000000000000e+00 4.723439774009641212e+00 5.558890124884672268e-01 4.617820607477622907e-01 6.237764129916242503e-03 5.801072580244426291e-02
1.000000000000000000e+00 5.027198893599155838e+00 6.780716101043523514e-01 5.880531332402041400e-01 5.073938439477819647e-03 4.689236547861132254e-02
1.000000000000000000e+00 5.858705707562053888e+00 5.222373124013623968e-01 4.103931985769673219e-01 6.077012506777655990e-03 2.929432299509685325e-02
1.000000000000000000e+00 5.508892162886618316e+00 5.815213219125480171e-01 4.778817824716401486e-01 9.807783509422770066e-03 4.256031479082737073e-02
1.000000000000000000e+00 6.003884131012762637e+00 6.677748881904050915e-01 5.520284750175254995e-01 6.700217942560788599e-03 3.732181888284823168e-02
1.000000000000000000e+00 7.275446955402962601e+00 4.928607062540127925e-01 3.926131263899954038e-01 4.727017908449216918e-03 5.195072977405173348e-02
1.000000000000000000e+00 1.711473334536271818e+00 5.784383907693055882e-01 4.704547382445891657e-01 4.863549255231244990e-03 3.222329554240395411e-02
1.000000000000000000e+00 1.946594063048179724e+00 5.983787542964676964e-01 5.012952869223111785e-01 6.141831896035242905e-03 3.727745930367495908e-02
1.000000000000000000e+00 7.053821597606124705e+00 5.801188480431310746e-01 4.635439568205155236e-01 3.422905379221518295e-03 6.370577104228569709e-02
1.000000000000000000e+00 2.527471751862931271e+00 5.949968011251335342e-01 4.868922415821613781e-01 4.029549178832742343e-03 6.734477285617512798e-02
1.000000000000000000e+00 2.307382551229986145e+00 6.097397022966852820e-01 5.019441009490912542e-01 3.131474929469026461e-03 7.185887620943844090e-02
1.000000000000000000e+00 1.908756078857021032e+00 6.256989937944504865e-01 5.328674010158824803e-01 2.744751379035998903e-03 7.187117377652799122e-02
1.000000000000000000e+00 9.898647168728968992e-01 6.072588567436495444e-01 5.066109869233662577e-01 1.113197197618428363e-03 5.085357809544595320e-02
1.000000000000000000e+00 1.013147102281100720e+00 5.906637188325699617e-01 4.909578702021761831e-01 6.659748970506340279e-04 5.972160529317901978e-02
1.000000000000000000e+00 1.484249158501046661e+00 6.188044327397165256e-01 5.242498642399679998e-01 9.719168719989307141e-05 5.527264361915928265e-02
1.000000000000000000e+00 2.507742812848304137e+00 5.313383048136639530e-01 4.361602532494690543e-01 1.178911058592370257e-03 4.910656895160035035e-02
1.000000000000000000e+00 4.305121865098689327e+00 5.148987384079334317e-01 4.112846133464811427e-01 8.475892347291249639e-04 5.813338803801056803e-02
1.000000000000000000e+00 1.178635550407814758e+00 5.577624131577773037e-01 4.604349617936230876e-01 1.153500996910781584e-03 5.558285721822116970e-02
1.000000000000000000e+00 1.376924565241270493e+00 6.073108749591542566e-01 5.147658707517209775e-01 1.023099473142706191e-03 5.852157442893939077e-02
1.000000000000000000e+00 3.134974836418778832e+00 5.422574926238152848e-01 4.348095598182017407e-01 3.900809596497916906e-03 5.369560128923281384e-02
1.000000000000000000e+00 4.573531474762120297e+00 5.053471392038356713e-01 4.068209547792174807e-01 3.427748281595438366e-03 3.878423669942894503e-02
1.000000000000000000e+00 1.841749561807370261e+00 5.364838445959461133e-01 4.368748965758709746e-01 3.520703507605432974e-03 1.896562617351258903e-02
1.000000000000000000e+00 1.052200660870672433e+00 6.128954319645394389e-01 5.155840898673497152e-01 3.502489066525083308e-03 8.068422813076443420e-03
1.000000000000000000e+00 1.073935371298767594e+00 5.706317873876562974e-01 4.662137278991835276e-01 3.585140686674089232e-03 3.732067350375638248e-02
1.000000000000000000e+00 1.055871006550047841e+00 6.120332652644039362e-01 5.148866477901352656e-01 3.960047787122675592e-03 4.317716479223961817e-02
1.000000000000000000e+00 2.478408535944372826e+00 6.789154238710517486e-01 5.754769683650277079e-01 3.530702990817388351e-03 1.821881144138554759e-02
1.000000000000000000e+00 2.188511530396513027e+00 6.685272036191566292e-01 5.693205477075916621e-01 3.504750197000515346e-03 7.868408977608924715e-03
1.000000000000000000e+00 1.296974554820761627e+00 6.189009461241476995e-01 5.157768990353618355e-01 5.147745034984525271e-03 7.058084228522084995e-03
1.000000000000000000e+00 1.916221241987831059e+00 6.480814372953365154e-01 5.466523266007666804e-01 5.939779546737698583e-03 8.174890458533454890e-03
1.000000000000000000e+00 1.553779991542668437e+00 6.022209864229938203e-01 4.954312715259603928e-01 4.677348803487274553e-03 4.203782765981793623e-02
1.000000000000000000e+00 1.784074160764918204e+00 6.304862839083256176e-01 5.361573879165686396e-01 3.437872040887965559e-03 8.597310442671507458e-03
1.000000000000000000e+00 4.062689734862669155e+00 5.323577395462292250e-01 4.247275922139049920e-01 2.998063450722252953e-03 7.685116910881457930e-02
1.000000000000000000e+00 4.301886778994023608e+00 6.702544869950773920e-01 5.618127242708896851e-01 2.067868776796045940e-03 1.456887108207257642e-01
1.000000000000000000e+00 2.302553962302734902e+00 6.636863772912194870e-01 5.624996604556845581e-01 1.077530005422545163e-03 1.173427306668828329e-01
1.000000000000000000e+00 8.541317908243508672e-01 6.127912073434780282e-01 5.116772814457025698e-01 2.811314912324397106e-03 6.052205942100977176e-02
1.000000000000000000e+00 1.311128866831012596e+00 5.816332882582339048e-01 4.815715284199736934e-01 1.298964824616038322e-03 3.708013105207922377e-01
1.000000000000000000e+00 1.934164889273898069e+00 6.625757260442680652e-01 5.639746520105468619e-01 4.017389247384143235e-03 3.781564247090229980e-02
1.000000000000000000e+00 9.945377608292566007e-01 5.799239072871690270e-01 4.841946843337892603e-01 1.039762516477723935e-03 2.314474367074072503e-01
1.000000000000000000e+00 1.803535507524230974e+00 6.317787616170048581e-01 5.263549786064208869e-01 2.215508540394504899e-03 1.697011571662893070e-02
1.000000000000000000e+00 1.322480016062800967e+00 6.212310345473863737e-01 5.191555498913864586e-01 2.719563801429175122e-03 1.548642146896402408e-03
1.000000000000000000e+00 2.113422660388680097e+00 6.121620941401518801e-01 5.214287257988643454e-01 2.731549699168125955e-03 2.700682821904130948e-02
1.000000000000000000e+00 1.726635585153998509e+00 6.486031117616686270e-01 5.488170214481804532e-01 1.221569461446839547e-03 1.528831960109311994e-01
1.000000000000000000e+00 2.239249917767387466e+00 5.900583944043431561e-01 4.886727474592360010e-01 3.178485190592269822e-03 1.525765358060262034e-01
1.000000000000000000e+00 1.973070133356757738e+00 5.585078326186503350e-01 4.662330740989963918e-01 2.286209006949363812e-03 3.156166916714622794e-02
1.000000000000000000e+00 1.428415055429655522e+00 5.521776854231874587e-01 4.534185256986269508e-01 1.003426432270259705e-03 1.883568379288142192e-01
1.000000000000000000e+00 1.519683620768763621e+00 5.748627835282497101e-01 4.740621874619084242e-01 1.624235783414154210e-04 1.828970502617336402e-01
1.000000000000000000e+00 1.439571729091508878e+00 5.645140566505191249e-01 4.657452383925679285e-01 1.452777250550592574e-04 3.424550159009797090e-01
1.000000000000000000e+00 1.892886457771755016e+00 6.354360106872247727e-01 5.336605882342250196e-01 6.654327040352639444e-03 3.434872001727495849e-02
1.000000000000000000e+00 1.396350726600638747e+00 6.247148331991468906e-01 5.254419080285597232e-01 3.420756068046055393e-04 3.248523568745785850e-01
1.000000000000000000e+00 1.520311020053513928e+00 6.407641087733417784e-01 5.433232495728965716e-01 2.403681988589572577e-03 8.973434920837350393e-02
1.000000000000000000e+00 2.041760887012552761e+00 6.480735851415022619e-01 5.453441926362574410e-01 2.889779382149741845e-03 9.340571581162415704e-02
1.000000000000000000e+00 2.328985533560894883e+00 6.192624084303454124e-01 5.137951374736953181e-01 7.386785794382066082e-04 2.784019500108363410e-01
1.000000000000000000e+00 2.523292294671585445e+00 5.989869732687618242e-01 5.105077495161793877e-01 8.521043998181406301e-04 3.637572693415337399e-01
1.000000000000000000e+00 2.006737993094017458e+00 5.495293562171646995e-01 4.550043408087914854e-01 3.287756141683766467e-05 2.800860296099752511e-01
1.000000000000000000e+00 1.920122233717696192e+00 5.654216809944060396e-01 4.573421635269891428e-01 5.511659294942931539e-03 2.619930988781182801e-02
1.000000000000000000e+00 3.064073987166882063e+00 6.092629220196565942e-01 5.224401436225896145e-01 8.797727548948124782e-04 1.154136754423167183e-01
1.000000000000000000e+00 2.561590904221031195e+00 6.383234099517157700e-01 5.416764157338995744e-01 2.399170524040275532e-03 2.335380867222695001e-01
1.000000000000000000e+00 3.191852144018965554e+00 5.473893974185799483e-01 4.573055250822624096e-01 1.662399427237894536e-03 1.489604230363946735e-01
1.000000000000000000e+00 1.909702028334316459e+00 6.218712483775556965e-01 5.307439682519514701e-01 8.692461212760557721e-04 6.931658331986433053e-02
1.000000000000000000e+00 3.006562737526635498e+00 6.601519147452248326e-01 5.677685196437235460e-01 1.607719247681352933e-03 2.695370209479047152e-01
1.000000000000000000e+00 3.716319474652268529e+00 6.931480446554252328e-01 5.907941490897050674e-01 6.025624376694817957e-03 4.624962890378928049e-02
1.000000000000000000e+00 6.337076013430623433e+00 7.366925662532102237e-01 6.335374198061844986e-01 1.582145519625141605e-04 4.127745390472187248e-01
1.000000000000000000e+00 3.433692083533864903e+00 6.041440551336141329e-01 5.173672930873483011e-01 1.677042009470166087e-03 1.594033711631860917e-01
1.000000000000000000e+00 2.368705830910152077e+00 5.529266683934244142e-01 4.607017991669576928e-01 2.990978433399051929e-03 2.342799827651650957e-02
1.000000000000000000e+00 4.595143392217790002e+00 5.641409955106182483e-01 4.762994172514496416e-01 2.508208036349452580e-03 2.003191777641023519e-01
1.000000000000000000e+00 3.477673540623064774e+00 6.093685943011302175e-01 5.035507941827837008e-01 2.454281511991266221e-03 2.714523624139696945e-01
1.000000000000000000e+00 4.353253717661763389e+00 6.403323494674060257e-01 5.311054411245677009e-01 1.522487666150419434e-03 3.383710918076336949e-01
1.000000000000000000e+00 2.604646729653164350e+00 6.382910074060105243e-01 5.349375671543596944e-01 1.376723832397364414e-03 4.693528978922031358e-01
