47.83431930794954,0.26401023231676723,0.2780021062116443,0.264585166833914,0.23950236071785547,0.23704796936420774,0.25234520788242115,0.4283295846283833,0.17965172017303604,0.003984543277987477,0.020503216042805316
5.812643347424245,0.2515921970288915,0.27163778563385393,0.2361463683105032,0.22740597181152392,0.22546251220075356,0.21506965451094479,0.17058062600467344,0.16993503551533662,0.0033474387290390695,0.02383204885371268
2.448588876210188,0.2542516431764053,0.2769869573688387,0.2207339932419091,0.2362160480182381,0.2242028292479205,0.21320566294914858,0.165797021060561,0.16541950797027005,0.00331696664587927,0.022484579032658467
3.1241400960518853,0.25038795771296607,0.26544955064800596,0.21500048872210503,0.23333430394078167,0.2244768390965683,0.21244075886771027,0.17591075316302898,0.16219165723646284,0.0031552547172063326,0.023902204413414584
4.30831149620067,0.2662392160785214,0.27004641983753014,0.22092704437135827,0.23817735315031446,0.23021986343078243,0.21116970331584925,0.16702353306437623,0.1706284700142264,0.003256279735027024,0.022202964088001348
3.851161168775439,0.2664298997825468,0.2795758106964563,0.22342646008546607,0.24264171733242015,0.2427333047749161,0.20771809985377082,0.16230063464243155,0.1733578404237336,0.0030404740046743764,0.021285933435058524
3.6753465911092396,0.26869363806520574,0.27590613285300825,0.22881383586881937,0.254823553219935,0.24933539251657916,0.20870056188862723,0.16210135377523727,0.1772420854595616,0.0030462006974315966,0.02014635829183935
2.623768471690439,0.26792770428289564,0.2733423491912261,0.23714701378414924,0.2499561524396386,0.25869065206263214,0.2062942758655474,0.15822915763256412,0.17976503612682687,0.0031406250080970315,0.01953510459485561
3.9825587108750558,0.27533298930359346,0.2652804503357142,0.2399007231009942,0.25333007287150294,0.2563120380454427,0.212901777010657,0.15954303294838917,0.17805682521273708,0.0029838023215643995,0.018883697254335568
3.6352990662177955,0.26916896275372965,0.27511994632793907,0.25309880632146026,0.24833629983487998,0.26133282334482455,0.20446965979651568,0.16337487335485984,0.1791251279530327,0.0031716528848108423,0.018071772067855214
6.733107500438685,0.2742073744623044,0.2737138349019485,0.25901982939637946,0.2522078689918988,0.2586003021626071,0.20284181254753372,0.1675330813336793,0.18190042351612515,0.0031953910365081642,0.01917865000370166
6.40204626942761,0.2783152896323009,0.2672499232692959,0.2625539839484405,0.249452899421782,0.2734951353666942,0.19199494258419095,0.17033696366032183,0.18594877498609014,0.003052577403413554,0.019629756465118157
6.461361825147445,0.2782371201320493,0.2633518963582709,0.2601677814885949,0.25124641225993377,0.27065721131590614,0.1982951082314877,0.17265659050906768,0.1853932699276077,0.003193619676671693,0.01975607925340508
6.318388308542108,0.2728357819024804,0.28195723073815165,0.24952704303785947,0.2380680448904038,0.27076663239059895,0.1863454269837956,0.1710435557652745,0.18530175337803065,0.003171156820041363,0.01941065728027547
6.5672891610395565,0.2723852584476766,0.2884183318670873,0.24393643712501875,0.24832208332350758,0.2690841227957957,0.20046393314485306,0.17193719826690865,0.18531639996799365,0.0031483439151005323,0.01750885423082173
7.810728862888273,0.27246959306960766,0.27710721917901693,0.2454668872568227,0.24021553627005177,0.26847735389431787,0.2013403284216188,0.16725986921193803,0.18386693255232878,0.0033298692652989643,0.01937453693740091
8.251718006869238,0.28759085504590587,0.2636826381763044,0.2543043490388991,0.24571244711873821,0.27703043936393235,0.18680637295413832,0.16486109432634233,0.18494351183075122,0.003521679380653557,0.019557589870144197
6.4156048687010765,0.2827183459504389,0.26555738350888813,0.24552696062999918,0.2581648849970175,0.2686882425729785,0.18435442418695405,0.16598556882999002,0.18389088538919876,0.003549426201688517,0.01965208792689109
4.8750636898947635,0.28561439725503673,0.26012334461363323,0.26040625534930556,0.25539896326982553,0.2648284281189265,0.1995003711963253,0.1552235574021081,0.186382258355252,0.0036239340781379446,0.019514371885902573
5.4865874488173985,0.2844346004351058,0.25170687506390305,0.26119751054333745,0.24089488380533336,0.2474908050909813,0.20639974142153517,0.15819984667289186,0.18030102819983018,0.003434009172217636,0.02066183197618707
4.599006861968714,0.2821045130878891,0.25292214642331184,0.2513378316731072,0.24919829033027102,0.24745300943107876,0.1964051938583285,0.14930075164587586,0.18090995567814733,0.003220368987375199,0.01952864532708112
5.453125516422674,0.27368334341433004,0.2570608733987576,0.24180049702796158,0.25632555888237296,0.24745767243669498,0.18817256176124691,0.1438705536268273,0.17785189303048063,0.0031973057729952643,0.020612149449251008
5.340906320827599,0.2791162453612429,0.27425632764773844,0.2357508740157651,0.24675358297836084,0.2509714389171176,0.2006449161590987,0.14394944580657068,0.18059233645270487,0.0033592270635704638,0.021076386259625914
2.5487876465366948,0.27329301417778845,0.28310030648961076,0.23663145478458472,0.25695313794156494,0.24281001529149357,0.21100778524334943,0.14377201636141118,0.1790346734148004,0.00334577361542423,0.02048106081082484
2.6398781328596543,0.2720880219185949,0.28451432596748555,0.23999714935485628,0.25663457402628,0.2362491951234639,0.21649517359321896,0.14543227975341927,0.18118514345554237,0.0035331033284518214,0.01938153314909627
2.552341621098919,0.27405614147057794,0.28279897826681316,0.243962305543859,0.2619393011073688,0.24123765126612945,0.2203474948138973,0.14809406829741645,0.1827047792028874,0.0033872651361614462,0.018100437907207275
2.438695734216793,0.2728552811662517,0.28299190185622836,0.24873964289365094,0.26358520541907654,0.24344958804754335,0.22122872775805905,0.15421031215468825,0.18396412446893282,0.003264430089952649,0.018669953022105522
3.7310102779154644,0.2846926176504751,0.2717973969835693,0.2569309110771605,0.2866803721994867,0.2503040339522198,0.2263787104974136,0.14325566945284646,0.18913255208462348,0.0031249996229704064,0.019596329931678248
4.766089025784967,0.2766160957853466,0.28601065987440866,0.26317493470546494,0.27077596686214866,0.24533073860631197,0.22263401888458192,0.140447825310391,0.18927062109646084,0.003191939093519374,0.019276723224226494
4.626908030067471,0.2808714693669982,0.29550471930034194,0.2587585607880435,0.27191597951228846,0.2506570582939183,0.2222171957475993,0.13616595079300667,0.19220230326481222,0.0030872672056586415,0.01869521664405192
3.261464453890392,0.28366401210913744,0.2737057595668008,0.261943580452578,0.2681831334602219,0.24821411855896194,0.22663002426012768,0.1475634902362836,0.1891144157730852,0.003250622610677054,0.01793592984711376
3.97786448397246,0.2898395387366332,0.28277024561156944,0.26137172250735413,0.2608691024789814,0.2470064896752303,0.24833080334904556,0.1403500067668601,0.19093434671830478,0.0031005706267976055,0.018559181233511017
3.2400102376703623,0.2865332464638467,0.29029093590148336,0.2691354492561153,0.26214640555608587,0.24717604240929708,0.25560390608690764,0.13146644798869697,0.1926539106962542,0.0032162743506962623,0.02007149697289124
3.685794191564005,0.27884263417417265,0.2988837652758724,0.2538294819761828,0.2648413149820597,0.25197663782643404,0.2570018596721442,0.1348221216605115,0.1922648067094807,0.0031562327868031206,0.020479634095890622
4.790883888925128,0.27746850455420974,0.29911851056190103,0.2525977544021689,0.26295394147094475,0.24814793438123517,0.25962630787094443,0.12509473629032858,0.1917247529297194,0.003251113439329583,0.02018724038256198
7.1754014853200445,0.2817742973183846,0.3077215426395275,0.24202098969412905,0.2704197886672857,0.25337060572401393,0.26016597023158017,0.13633748516876903,0.18995454008437482,0.0031690812090219363,0.02160662845225746
6.152359002875419,0.27104452513214744,0.2955997777886551,0.2513921163426965,0.27300273950955817,0.24718247047183411,0.2557444129386051,0.13523545423209626,0.19050659296141448,0.003248381612398499,0.02025953957272461
5.896572515209001,0.2684950033046423,0.3039297660878805,0.2514022767283898,0.2689828341374917,0.24749180773306037,0.2583136069521439,0.13818292996078,0.1901033347090098,0.0031996193367189825,0.020619065892614925
4.2018716639616045,0.2800220186631698,0.29044801511286533,0.25338462420764496,0.2701389573499589,0.24942662387294065,0.24813351129044042,0.13942962149403385,0.19266881361269705,0.002942644400084492,0.019875759034173705
4.547175496439159,0.27436316072409855,0.28521384475130823,0.272920454685886,0.2641390741125322,0.24305556125278086,0.24195606165146444,0.1354958185276512,0.18833757468843382,0.003174596755970715,0.01974503512099337
4.708776318200122,0.27102250958201946,0.2927410309565759,0.2616060520278604,0.26517971550496217,0.2503450881640055,0.23675451298533795,0.13761284493301565,0.1885868710561315,0.003262292473669297,0.01777543528220414
4.788920980345122,0.26839126161401833,0.2997818369821626,0.25763984007752566,0.25447293072837973,0.24806775367409353,0.2319224315510747,0.13412867843884851,0.188192704027725,0.0033232979972843534,0.018355657187995
6.736625704108439,0.278112455311064,0.29542723899927775,0.2655712971002012,0.24566773054902302,0.2577525339506353,0.2332354143806766,0.1402595435576083,0.19213761868976423,0.003409665415868176,0.02188494180720925
6.947418149211046,0.2786218239174536,0.3105775431600046,0.26213318109220024,0.25057969647455536,0.25259498787355206,0.2383176987618276,0.13826850191511977,0.1909803378448043,0.0033951867735405863,0.022147617046239156
5.841598306290714,0.2698489759057063,0.29397142284796335,0.2607556080640032,0.2592366476424248,0.25718266284898095,0.24281599786979405,0.13805990689830394,0.19054488043857074,0.0034339914155031436,0.02129830792909509
4.294094211590384,0.28366887973022614,0.28777463207710496,0.2587835587557955,0.2536084159883935,0.2430867621277662,0.2385499163349983,0.12402729341967018,0.18825838642313789,0.0035639458532393028,0.02103558445129159
4.824803195097344,0.2874914430144441,0.2722484229736077,0.25594245947023564,0.2617237362713485,0.2465291231083115,0.2518199313580335,0.12263363780588173,0.18806990185208178,0.0033878969019185703,0.019423092077157506
4.682295305141429,0.280880733685304,0.26793127555548646,0.2518369816477057,0.2560348413247126,0.2507701154672395,0.251816318461578,0.11889991668363663,0.1855245805204429,0.0034073758226768752,0.018053098069779804
3.698376379743066,0.2797162467051602,0.26745096365367993,0.25585216375983527,0.24691148319602124,0.24622512435640329,0.24764192396393664,0.11648703194563305,0.1829110085493811,0.0031845156655280044,0.019207678475085265
3.1235215004798573,0.2775704289772103,0.2851218228981422,0.2660571988799119,0.25296128685118857,0.2523286038769639,0.24189194756829183,0.11040516870362248,0.1884029229237831,0.003202998219049461,0.021272375698555345
4.229132048243055,0.28726727353023895,0.28177639223279694,0.2647752082426513,0.2514624705598155,0.25100143469454866,0.24496473283386153,0.11104116807723376,0.18850379015938487,0.0032477981618277306,0.021063888730291434
3.9038770010506134,0.2858699828690754,0.27286793023223255,0.26254856580331526,0.25696132641544245,0.2539018308135877,0.22857980782392082,0.11186639577716959,0.1871107156571509,0.003456018683195406,0.020889355717902933
2.6630743732888904,0.2669027089460788,0.2770554838983707,0.24954890029139665,0.26847684110208664,0.22916378253417666,0.23340645691787315,0.11759569283975296,0.18104224983590342,0.003455631728475081,0.020856085519778862
2.3409090874389062,0.2750111370877017,0.27793926162002486,0.25162365375551227,0.2636760250113136,0.2315037838638606,0.23016519876776795,0.11633154236201786,0.18395656744486377,0.0033602304736977838,0.02049586468770255
1.7566045783288624,0.2635019905819063,0.2686489089536799,0.23753764775581684,0.2593785531815992,0.2344718452221156,0.20986219927249422,0.12070767628778438,0.1739704299365326,0.00335083718143878,0.021207294269374143
1.5243477991831562,0.2590758565361045,0.27502031943708855,0.23221652304521417,0.25199775091959914,0.22854214383408317,0.21861413961222667,0.12798691489261235,0.17343674212210072,0.0034326724638869483,0.02073082406244981
2.496130160551279,0.2594124539055368,0.2911713499390999,0.23298873708888262,0.2538988820022251,0.23222702069256793,0.21694072788346508,0.12641160311916472,0.17733314296580974,0.0032181637055553754,0.02158647621787659
3.800390460880912,0.26358517949986776,0.28014686986164494,0.2275692022758284,0.26001705461914426,0.23049395173121373,0.238989039522312,0.1253036293459397,0.17753439523174874,0.0030834800811287747,0.020281134916273855
3.575570092486764,0.26523474019657833,0.2766984409436605,0.2305649942699512,0.24939868046511968,0.22615552854581647,0.2561271396875649,0.12169036663646006,0.17537470595865517,0.0031580214953537385,0.019649375929932364
6.881930871665955,0.2742555195925715,0.2751716073218532,0.23242268553726284,0.24380277242783288,0.23139350243829615,0.25462189410338515,0.12886636398412807,0.17670017959893056,0.0034705644807092894,0.018800271132055357
8.651859983884917,0.28205221830042243,0.2678824005848273,0.24201732135216406,0.25419885850185026,0.2226890987265412,0.2677217342500329,0.14341376419880297,0.17943962820643666,0.003564509513990217,0.01848305267950644
8.68479660918442,0.27185599603179267,0.26091737763105144,0.2414979784943684,0.2615440694138074,0.23699381470786546,0.25153425554073594,0.14717786294988694,0.18092487770885826,0.0036339651862246523,0.018732723154591797
9.376084199108394,0.2551918299207426,0.2749582618701363,0.2472565485586942,0.2451321614164521,0.2415622799735638,0.25160592465524667,0.15282135931185664,0.17680262109670436,0.0036156832618353227,0.01972760790698593
8.876925569601939,0.259010504663826,0.27126673914009963,0.25160933698718435,0.2360440363243778,0.24241138429621298,0.2497042863241461,0.15486153942732545,0.17432452087177297,0.0036867486309417473,0.02037454277174051
6.258887159288411,0.2571096153805076,0.2722171222164466,0.24686144738435725,0.233914475048233,0.24456335416600913,0.240958506469437,0.14970672105570842,0.1734954941825964,0.003666537854395535,0.020048944491318818
5.4281701750461115,0.26374750166589106,0.2843802939363258,0.24599997332440202,0.23266283984505226,0.24006392603131038,0.23254287690258962,0.14956807154462018,0.17755313327968064,0.003695761756900978,0.019246610406343397
6.481013902115328,0.260553752720425,0.2836214946391384,0.2375107754931278,0.23641186427310076,0.23583176192702754,0.23064570639466972,0.1529386142872565,0.17727610222943077,0.0037081269793209568,0.01653597368439
6.17910534396398,0.267026527518688,0.27216528279418656,0.2249304377112867,0.23466147997436781,0.2298781383800278,0.22223281263838462,0.15033847530903402,0.1695891572588428,0.003587173001336206,0.017609690501929245
4.197908494348381,0.25287491254626465,0.2678442504968378,0.22825185196469752,0.2280681113467484,0.2294424676568426,0.21379920877969613,0.15375441192770936,0.166931819800186,0.003461352794921324,0.017991289217426126
3.796103785396518,0.2602837942929315,0.24576875161537304,0.2565482045380912,0.23802298438286054,0.23267698888863228,0.21636293187047387,0.15062817826180294,0.1718012760649715,0.003378663849973149,0.01761513328579908
4.1237789319646705,0.25575307606648967,0.23816667745739678,0.2472468678317973,0.23659899445448607,0.23078058774701227,0.21717041538009782,0.14225493091671426,0.1665204043552787,0.0034166068083212567,0.01844218593247003
3.803395252698076,0.25399870824645165,0.24836852908468263,0.2613816432438999,0.22909295574217894,0.2190877856613387,0.2177435521530651,0.1365950856729821,0.1668008463977986,0.0034126724718113494,0.019903386743462655
3.6396378373766867,0.25490958521311785,0.24136623051473283,0.26951126203972664,0.22387597435134393,0.21906811848991375,0.21235676308030635,0.13653146919391648,0.1653094479383162,0.003541212680311791,0.02043670808500029
3.265511920178752,0.2610354599385213,0.2404360055752412,0.26617477278181995,0.22442313935992989,0.2245535092870672,0.21540337530096088,0.14185309949237812,0.16683246021992199,0.0034976887560990927,0.022081369195314383
2.452275817301261,0.2603282439064195,0.2260776402731814,0.25939736892003123,0.23251703405454724,0.21796419009678925,0.20521600815330743,0.1427385369445689,0.1649644858720275,0.003407999348824194,0.02308036757552627
4.185994880499067,0.26422718502541015,0.2330536386582602,0.2397593768718704,0.24859390180904262,0.20819135136674713,0.20883406289536463,0.15171951398973074,0.16611150802622676,0.003575624022956669,0.02281577552781381
3.6227884445907974,0.27007412357604543,0.2338970795651471,0.2435254319459047,0.24577748109602773,0.22427277260422196,0.2223812787373014,0.1507211806336303,0.16953529724042435,0.003587494072394999,0.021557152061638742
2.2867986917053074,0.25838758472686846,0.2517513437670235,0.237055941403646,0.2514774155470791,0.220978865135457,0.22154013274561316,0.14711917324938806,0.16911761153830118,0.0035519651612748657,0.021279594803144758
2.060885629680477,0.25865740543946186,0.26003050032430947,0.2367725156128228,0.24185507366113448,0.22306323229760233,0.2277026893523821,0.149294964511795,0.17015860684566117,0.0035653537074594095,0.02034830876080361
1.6877164408683574,0.26543434205355193,0.2604278744991883,0.22694576305840952,0.2500467411513252,0.21534086365704436,0.22633353410581822,0.1564755209232362,0.17198408687146752,0.0033694717783598264,0.021420408155624984
2.6066928602872284,0.259031247138376,0.2511879591130451,0.21351649034943404,0.2429911030801396,0.20799749650272176,0.2240993786841433,0.1481600462891461,0.16326964186731957,0.0032161193635854117,0.021641712141687437
4.610565339494736,0.2635178960007026,0.24070502882360728,0.2272894652065844,0.23024662739484622,0.2063609097260418,0.2196540152058739,0.15309844583640334,0.16425110672854593,0.003112474889375316,0.022911084343561736
2.5785295194189315,0.2513790108604914,0.23524455420700094,0.23620698350179603,0.2295730340118259,0.20590901898511757,0.21118054210545875,0.15297581542508923,0.16083444009740072,0.003136157355627264,0.023281220868741858
3.802940630330914,0.2576726209540885,0.23974334243754328,0.22123239131762498,0.22113980725648946,0.21864592989886306,0.21446240997645627,0.1519085635306992,0.16071380019761064,0.0032333151774802116,0.0248398577856372
3.9471790559075703,0.24692473397302508,0.24175655490004355,0.22087857782824674,0.2279619643718338,0.21014558827850377,0.20705154410213245,0.15341433047606698,0.15807141041998402,0.003214824635538594,0.02638473736684057
3.4442957335699385,0.2559336330662337,0.24005014228332885,0.2282504607078624,0.22006341717288036,0.20949581186056487,0.2125616346938151,0.16102067578307822,0.15865808440710782,0.0030896568426393824,0.02657838885158644
2.4218389292816402,0.25255794148611177,0.2519820536361504,0.22183230160951217,0.21609321491732356,0.2217193741379852,0.2135173744457785,0.1693452819787847,0.16138877929503892,0.003356765898842226,0.02604417438098473
3.4797998515877167,0.24801474293110193,0.24900529405473285,0.2207806592833498,0.22632473252985422,0.22533814950628994,0.20480321562159856,0.15854776057222048,0.15873482651209345,0.0034674358014342875,0.026400972370167464
2.1315954749676687,0.24169170649035016,0.25515769130861965,0.21830834114009073,0.23052776148427384,0.21884712205360668,0.2030393256984227,0.17404666454353324,0.1591565225635128,0.003441201032141228,0.02810883964104908
1.7321571070789532,0.24731196082857512,0.2761794021684572,0.21945210168620258,0.23784300407952377,0.22334469690821265,0.1966309951928042,0.1752704022333477,0.1653227632360167,0.0033290029715151645,0.0272621929458643
1.3689125520489822,0.25982719318758213,0.2589142365941315,0.22596789641180984,0.2365265097132405,0.22256685829220654,0.20038529268915906,0.17293576015378442,0.16631117315576788,0.0036680875102433064,0.026765330068628825
1.6949982970142083,0.2581955583607473,0.26110438017370774,0.23192847836229338,0.23214995099624405,0.23365409249043154,0.18781121257061564,0.17432723144619414,0.16792864748174438,0.0037196998452674337,0.02607010116012152
1.8459392482402586,0.2511411610827986,0.2551856922749523,0.23450680692481685,0.2382724735043101,0.226324575181202,0.1935359454068421,0.1757466386337171,0.16468873211496157,0.0037009954114612634,0.0269134013093403
1.75015910769805,0.2542144544525637,0.25575233286132687,0.24371891949653227,0.24094139606884427,0.22389440512910175,0.19329949551884557,0.18186878208620869,0.1674615816922549,0.003647663840014769,0.026094130797442647
2.224990033853802,0.2612608271220657,0.25858637608630874,0.24674173557174917,0.2421124222956483,0.22789748226227208,0.2051719341917565,0.18634649985732377,0.16993087736365076,0.003488565810846142,0.026140710915220775
3.085555206433396,0.2554864604823362,0.26472700292238305,0.2362009550355933,0.24827778822507163,0.230289075759514,0.20998908430197674,0.1777463561557241,0.17282412102078784,0.0033354791586330495,0.0265739990308038
2.3837034121445555,0.26185006953324447,0.2535625051032234,0.23602526363588938,0.2492497262021087,0.2254193913036817,0.2207943396485596,0.1769764500981376,0.16974758057069478,0.0031658482014466707,0.026293451997477717
2.616251721796785,0.2675261766030611,0.26214864744692395,0.24813394265927413,0.24670074318198573,0.2185373950206128,0.208269047983205,0.18252994597709526,0.17368078091234798,0.003100716349747097,0.025884981009589293
2.7298867806419898,0.2643700565613202,0.24581464788720955,0.24823150625406307,0.24223173216497024,0.23436860151092026,0.20021188117111233,0.17922396447918273,0.17074174085503382,0.003028996515814867,0.026383250707637484
3.130388517116067,0.26590226431601943,0.2601757418256313,0.2408106911250731,0.23989822779098188,0.23693772223044401,0.1831789826306779,0.1812299083538403,0.17137475158322657,0.002903401193279676,0.025243145439177325
3.2856771749765503,0.2687825887336531,0.2526638910640303,0.25198080441706405,0.2453048640978189,0.2414169660876153,0.1965441486196816,0.1813739032334336,0.17562542310260948,0.002864220135430922,0.025675911156764254
3.0572647720949515,0.2709323768743714,0.2662212976132848,0.24660323700237138,0.25984939611766106,0.2440189457415327,0.19977237184231722,0.17947829224888415,0.17916992319465125,0.0029943958497882367,0.025074875723984997
2.2769387015948346,0.274478611666467,0.2588823909706086,0.2447764899725004,0.24602483239750395,0.25966521439197593,0.21286659284548767,0.17569644363142406,0.1761956797536993,0.0031993588463916332,0.025507486865259693
4.440950655815081,0.27237626739554366,0.25019322773603814,0.26614565459413886,0.2545124460585986,0.25344475326984245,0.214861354327438,0.17747441638423725,0.1780074712459183,0.003322027347390733,0.02427099888919959
3.2886207314255076,0.27223711639608944,0.25363667742044677,0.2692882724520126,0.24898489311979458,0.24717463935403214,0.20989135243124704,0.16715428576079291,0.18111508339396767,0.003410441032182938,0.02448218820232146
4.351061390627468,0.28296419382644955,0.25029174506757923,0.26647496699778683,0.25294491116625106,0.2540383474885253,0.20172864514268973,0.1611904333925604,0.1821535648174168,0.0032987106752719268,0.025739237629587797
3.88815286436327,0.2811343239954667,0.2679536282657724,0.2595416600371941,0.2518910714100451,0.25650627341536614,0.1927131090046029,0.153580125729396,0.18339417945019262,0.0035366439279708576,0.025993475949995508
3.552888186005256,0.27794340741220797,0.2563370876748078,0.26058287384255374,0.2607989642256134,0.24304659039821547,0.20113956572206898,0.15315254255673558,0.18219450670947562,0.003531152024252459,0.025502773392490217
3.9336736191953596,0.2739801122186863,0.25963678231091797,0.2674826747133454,0.2574391270288236,0.23543467591200518,0.20405824291723296,0.15591597111075597,0.18121219971938865,0.0035765542773313255,0.025511944710964053
4.014705754312955,0.2773475834332195,0.25083304395861095,0.25833683844576283,0.25854942201249265,0.24509837131581103,0.20829984200706936,0.17233015662866677,0.1801816180371729,0.003088619845770614,0.024977911094949755
3.6153362525745307,0.27838205597847365,0.2580263850696111,0.2554889245336775,0.2517294516329515,0.24591860530832602,0.21097323326603581,0.1663083236640525,0.18035629925485783,0.003984646996431903,0.02266155140670257
1.8268716620845205,0.2780582416880325,0.25979869531552696,0.25281116477338705,0.24493158165785944,0.2482714566181634,0.2191554641283742,0.17034075889977465,0.17992130842858403,0.003286506961298234,0.022622058532751246
1.805318181772821,0.27618418066673883,0.2616058980477843,0.2582218777087996,0.24518971098860118,0.24713389728391158,0.21257518347389218,0.1651902675448429,0.18009945965410815,0.003570911628354417,0.022998813386319997
2.965516548696718,0.2803099877946601,0.26339982716543014,0.2534063547657621,0.2564077700557771,0.23487353651172366,0.2161495191708345,0.15364530212686628,0.18118834686581106,0.0036371772434252536,0.024563260181973242
3.335321479683691,0.2782101745745111,0.26464089879301034,0.2606006628844222,0.2530219727151572,0.24357440094022176,0.22619556485530137,0.14247600482421124,0.1807084252187339,0.003599657690242429,0.02396249729621873
3.2348061294293005,0.28037024296101526,0.2622812323090874,0.24923228125665797,0.24831136531665335,0.2479391629073354,0.20517458542165434,0.12049455697369335,0.18191992916086913,0.003396406042331662,0.024340540605954728
3.91745519673868,0.2799814833561647,0.25617484110126987,0.2512476463114152,0.24368953570199,0.2634167386840942,0.20494623257332706,0.1284931039609703,0.18073479030855588,0.003106611088203302,0.025467671701618174
4.098402422528837,0.27846571454790847,0.25267661150107873,0.2514040794604081,0.26094937799747253,0.25083566289666687,0.20644373597882174,0.13858456315387999,0.18129112459192248,0.003672812207715339,0.02610159763783477
5.580902558743058,0.28317648995688954,0.2499821129003364,0.24451208858073697,0.2614319795795641,0.25348884074567773,0.21376172976543611,0.1356536456327898,0.18113017684330796,0.0031941305904991685,0.022808785232243545
7.725655952339502,0.28804571944038826,0.2522172653740405,0.2492440976547552,0.25999627389793956,0.24851409354303952,0.2102849129992508,0.141444905795342,0.18142827495073685,0.004201347105807164,0.022457153030077927
6.2675129918447094,0.28581044083074525,0.242718330596525,0.2535028574102498,0.25734802730365475,0.24981817589794295,0.22233639575962055,0.12728683044545086,0.18083045146315782,0.0038986443524145218,0.02441566631679679
6.20373700346755,0.28748785403704563,0.25074772146125707,0.25454514529588806,0.25776532325764945,0.24473383725776163,0.22758184699548686,0.13392552375945715,0.18097355875367743,0.004072615959309601,0.02216562972682293
5.784433578280272,0.2835976830218974,0.25145132759323047,0.25181977832894054,0.25037679118777023,0.2506328853335775,0.24014051469657555,0.1455001687689071,0.18007605075739636,0.0035037094423746645,0.023393796875954165
5.152078987710176,0.2871052179944222,0.24609240612510935,0.2573042465733086,0.2530083661872408,0.24116576403433834,0.2293059324953353,0.13568928375578496,0.18055261771111755,0.003727544241073264,0.024206552965207764
4.292119994482531,0.27337737454871097,0.25160577039774656,0.2630483340997022,0.2505057923080476,0.2429701868996522,0.2403473098681819,0.16138761685938882,0.1793610335443797,0.0032608891504020535,0.02368879567447062
5.986844240152375,0.2833741898077602,0.2511619518448063,0.2602022488146591,0.2662036981062077,0.23098571743997434,0.22761288439618058,0.16913682002572286,0.18044874933148525,0.003903012657906085,0.02268247192985657
4.710735333039464,0.28350975545183793,0.25339150264438187,0.2610616858700711,0.2534165948164475,0.24289021607259284,0.22836190530059539,0.15700583896376505,0.18051226142330176,0.003885632176964427,0.02265349031633842
4.825595511768764,0.2806623115338332,0.2501487757635755,0.256813685131915,0.25118942892064333,0.2290259644077325,0.24755448351837478,0.18276883456201637,0.17949717661527434,0.002999359117631181,0.023307827524730835
4.238547385310045,0.2757058301760206,0.25095525482638065,0.25519075749524295,0.24765203414265868,0.2416470315970752,0.2388741879686118,0.16141083302826478,0.17983282190335523,0.0034528748694930395,0.025743176473098966
4.454236124631909,0.274851647535011,0.2591394604980286,0.2627813713552049,0.25678334581951495,0.2374635274625743,0.2189121418577115,0.1492504571221224,0.18131628600944388,0.004011630633369178,0.0242487160760262
5.382228164298294,0.27445979496532086,0.2659504601891028,0.26727218920881957,0.25765224710900814,0.24251598530582574,0.19546351070793652,0.14639752564515038,0.1824039710853929,0.002938668727401927,0.02199812587119762
6.945686438163405,0.27058780869007143,0.274122454295486,0.270519206866261,0.25691700011845264,0.23475409395511015,0.19397490299211997,0.16257347909073291,0.18293943559210163,0.0037584547317501384,0.022127963736180006
8.965007634055006,0.27434962218439807,0.2671160085658043,0.26796497180545825,0.25238227409995373,0.23541460958223473,0.1992740655143379,0.15694901990341287,0.18251109987554018,0.004249814144012327,0.023302732308581493
5.684111264006655,0.27878135953234195,0.268115741565195,0.2623051376210503,0.24905869880436143,0.2567928959342373,0.18181768358582776,0.15748359765322562,0.18242759839549208,0.002749099712655063,0.02354621165352399
5.422032704168834,0.28098627853773517,0.2693977898251588,0.2551663537674515,0.2672898033858741,0.24289412213394274,0.1775775767626012,0.18371154958331143,0.18296468218479064,0.003256940964605823,0.021967538399385225
7.298298655993114,0.27010702177814994,0.2601413403727188,0.25776849870835783,0.26219850430973823,0.25161288616595295,0.17825442168037936,0.1964478519617143,0.1817621461917832,0.003620623081334087,0.02295806056658241
6.600265061950765,0.2793334292637333,0.25408888872635804,0.25745962477785883,0.2630813732197603,0.24341577595080088,0.18129892221903385,0.21971267158983793,0.1814756304707957,0.0035616687589256147,0.023271835665260643
8.14086815239422,0.2819778984428839,0.2489962978014177,0.2525487978406228,0.2505185193779663,0.2598031270874031,0.18870075126360847,0.2006852501160371,0.1807832871005097,0.0029973589475814784,0.0226829675197633
9.822526792480817,0.28516722791528604,0.24308553242523318,0.25541057526409644,0.24469735821215394,0.2660733938670554,0.1776509245204998,0.1777010371311738,0.18124260051465738,0.0030109153514525154,0.02300483242232973
8.546010168131588,0.27653987188813794,0.252830398713991,0.26385111609216994,0.24655824450728286,0.2913130637689845,0.1959658703924555,0.15078785405810594,0.18127978558070978,0.0037024472330144647,0.020348838575760336
7.744560148979955,0.2746529047249318,0.25195390837427123,0.2717410543579744,0.24597760680608058,0.2726385299146453,0.19258314135992893,0.15013969462733742,0.18143162980074076,0.0037019699032293327,0.02000283859176635
7.53053167319743,0.2693717914763455,0.24585775341556143,0.26822544043863566,0.2477396177446581,0.2776432326650847,0.20955600409071812,0.1565772725605426,0.18068312544221815,0.002999096900275524,0.02270681995189914
7.837628911923315,0.2814611846698104,0.2519806335669202,0.2660057202796962,0.23564872851803026,0.2723829496032756,0.18889327042427406,0.1662707723037255,0.18192589894812375,0.004038406983897097,0.022818854221982297
8.766631326793181,0.2830365633602188,0.24713731211123008,0.26510679862936537,0.228542467778699,0.28078607059757543,0.19736669433569087,0.17578823916200678,0.18113773052628138,0.0034268990783017797,0.02326709439508386
8.861873411004865,0.280751281269299,0.2615367670052956,0.26951560266880176,0.23911330745771373,0.2654710050483231,0.18467570349561643,0.16928530940641498,0.18285996449915984,0.004414872510362444,0.023408647716380307
11.490434958332191,0.2857624063114755,0.2600344371442422,0.2634953004625764,0.23837152795943906,0.2538723413482082,0.18270759975982204,0.17745169834432942,0.18293029388454432,0.0026599186222090896,0.02325415727831538
11.240338430658078,0.2915691048340815,0.2571677414255003,0.25731835381978946,0.24770932087244046,0.25177497171543894,0.19615617115731918,0.19999479378550358,0.1826893540753995,0.00384746747980311,0.02198427370055507
11.102459575104163,0.28601072547797873,0.24826082042155947,0.25044307261048904,0.25570705484068584,0.25891214816572256,0.21117801055288174,0.19736433625793745,0.18275267493825856,0.0024144502306132094,0.02232055938077438
8.907670785398942,0.29037554349916234,0.24564515630136105,0.24498694941164315,0.26279990183722135,0.25668582616854296,0.21817419239318186,0.20604768155771758,0.18266941133608572,0.0033602625003525764,0.022099071454044564
7.398011817651009,0.28954482372475526,0.24857041027424764,0.2523923507192251,0.2714968348347343,0.2522206367727325,0.22339584044356564,0.19738718899715701,0.18325455453700662,0.0036501049732497884,0.021582015110537374
8.413674289043495,0.2862561228489453,0.2548502736525746,0.2495489755863982,0.2869745906481414,0.22834531809600836,0.21024173089132736,0.19080468586855362,0.18486586416401624,0.0035060730880566698,0.02209168919024996
9.894850187538786,0.2862490159774053,0.2554030015703531,0.24629376009625917,0.2750781556205973,0.2608073435357676,0.22066857017398636,0.18863412740617938,0.18369167113220772,0.0038046458772611463,0.02257254451175069
8.383858170462322,0.28628308926441365,0.24986323987702486,0.24605474476222253,0.2714284196870822,0.24707665635491566,0.198445536723601,0.20100868947540262,0.18372818612779218,0.0032508339356305746,0.02056072686368661
7.964627289665275,0.28522832803362747,0.2506984960140295,0.25162816930296483,0.2680046756799387,0.2590376964223342,0.20434997623397844,0.19097128085968898,0.18342458693044603,0.0038037888758425628,0.022861123463715088
14.146678123815327,0.2937812781534144,0.2485288847245565,0.24006685839576236,0.2713537080606687,0.25170691118171684,0.19564042464345613,0.18232964381333663,0.18453652646549223,0.002994335662623211,0.02349544398624493
9.539819908193637,0.2868338647539961,0.25365504798161065,0.24694126478395664,0.27153038409588925,0.24803205797389194,0.21707616184662845,0.20833700975663455,0.1834138539135753,0.002858638102419961,0.02292588503930261
9.105385600128248,0.29302206503637096,0.25185564806294997,0.24689457003402232,0.2624109720959141,0.24670520168351592,0.21385583286650187,0.20548171086952285,0.18318283988720188,0.0037607624574504594,0.023804939009174176
10.654231690647741,0.2940392699458454,0.2462634638214432,0.24861964697074476,0.24397886078517395,0.25079177399394775,0.23449193197557558,0.21920630315276607,0.1814603211829832,0.0033271736258935858,0.024976004680587534
10.019972073065901,0.28698402541245344,0.24830403409268012,0.25539741433149366,0.2331620385859806,0.26109406962902876,0.24145316130191818,0.23241314633315324,0.18108153357540485,0.003783531899356394,0.026736611480462528
6.519439277590189,0.28897059143764847,0.2469883313027626,0.2555673588901958,0.24786450040967345,0.25716723589494495,0.2247554165719392,0.21816590607070516,0.18257285990373606,0.003457995358379081,0.024667801374729823
5.852679091647309,0.28742279088127315,0.25646943410309886,0.26277298802251786,0.24331764107866347,0.2574817625741805,0.21854375326691944,0.21051919454276102,0.18312972039992562,0.003407390603274678,0.025064971851385662
5.710295355221229,0.2765103089877605,0.2726787089748325,0.2798748329203756,0.23750723445874697,0.26772007750575,0.2143167895858065,0.20268511010049645,0.18371981408536378,0.004121345874454016,0.024302068389931215
5.533769764184385,0.2797119227493237,0.26901488709782057,0.2761989070270022,0.23508045858839519,0.262010705137699,0.22811648662787254,0.22555880172805248,0.18324996716698155,0.003021372170333282,0.024439295624447747
5.358078341530094,0.28136314023282144,0.2635368409229775,0.2706979318130475,0.24074093161421842,0.2535317600620655,0.22818611198448932,0.25253871669377637,0.18295254719335668,0.004219565752568535,0.024956162584083886
5.4819641876362315,0.2764102893575979,0.274812042738055,0.27015859993474867,0.25010154107741794,0.23180349782062193,0.2355380445132044,0.2572256515751501,0.18413717326673704,0.00406263318401555,0.024212702028731554
6.793657162122025,0.27168155063109045,0.2734312613181539,0.2714669576645856,0.2523667375679097,0.2257245756972266,0.23000879071998503,0.27912045501599464,0.1839448266806096,0.0030543576442807916,0.02262850488389375
6.2812752306454955,0.27731885891374763,0.2684329144859502,0.26823148113380024,0.2506012871840953,0.24251438378179407,0.24789818988996618,0.30903625089007597,0.18195959340165355,0.004185147221498086,0.022839815866938045
6.175987429006396,0.2806978146352946,0.26283671982293033,0.2637041190127152,0.2557236672947641,0.22691367548135255,0.23729734721985626,0.3091404958048841,0.18240727376578772,0.003293942101942643,0.02280543837795598
5.75921515930665,0.2775868111570063,0.2683244558858119,0.2686918333564497,0.23161056727998658,0.2463500231440375,0.23104540456706427,0.30847714448184493,0.18127032001852977,0.0028390960622942164,0.024249325400322656
6.387815162239263,0.2778089184798412,0.2682558527102351,0.26203855284629374,0.23791563303740526,0.23484395980978037,0.23045632141555478,0.3268692904197192,0.18124423232475928,0.0028724874741795268,0.025094718288810974
5.678316667678346,0.27508514322004857,0.27074626760929976,0.267174752457209,0.25271494946387946,0.237177092914097,0.23283149834012307,0.3453063159763487,0.18161322800027718,0.004307136891963199,0.024827987522923936
5.189009705662555,0.26947885922246134,0.2624658950170372,0.2712909235390892,0.25596121506624797,0.2303128591861276,0.24483386134622928,0.36002804412392075,0.18086909045668245,0.004006310703907407,0.024665755695379307
8.254964822828782,0.2820342879614948,0.2506346200065919,0.26077583836135126,0.24456252417196206,0.23787128464731733,0.25151252067605245,0.3839423965119722,0.17955739934060763,0.00429603330436041,0.02497423371688275
7.900355261234744,0.27344532666748483,0.25078171706316227,0.2604128716860482,0.24752057906704525,0.24017585012057246,0.24218412643660248,0.3990368981189573,0.17942796617297865,0.004154267410971522,0.025547125062140658
7.368560826029348,0.27207913988790067,0.25602146106953455,0.2592620600932181,0.2603585088675097,0.24819258262165617,0.2273897459514843,0.4049831317791936,0.18009461422813738,0.0031756110029184615,0.024441036389306697
6.101264816377998,0.2779941255611561,0.257480108671628,0.25531918256689484,0.26108182260110097,0.2531712906706869,0.2267975298293128,0.3870186285905783,0.18046522371918639,0.003926345347542156,0.02399220082591379
4.152499104826875,0.2792703080482568,0.25227290293197996,0.2562102743908636,0.2654145532342617,0.24127683938157224,0.2111014298556238,0.38464985698204945,0.1809878156016052,0.00376252935761926,0.023457548890739113
4.927737959801446,0.2796036682160695,0.25986908336183917,0.2652928278483884,0.2604558209150155,0.23436718372727638,0.1944888472110561,0.3584828570379791,0.1824927432232112,0.0035100941798207946,0.021559991747093474
3.470981228310736,0.27114502791223427,0.2666182613977084,0.26309577016993296,0.2560239989332024,0.2539493194685861,0.2146129699994701,0.3829669068714334,0.1814300570006208,0.0032494002913901433,0.021993506105749832
4.9157362260434585,0.27271865246345234,0.26637671915781796,0.26354417177837197,0.2566433035876871,0.26115955471637126,0.2077203611987098,0.3795359010565552,0.1816402224384735,0.003295493505965027,0.02343859743773176
4.785397511602203,0.2727931235749485,0.2781138027917647,0.26128899965813757,0.2612759082968261,0.24238275028358688,0.19673251600236943,0.37235737456104284,0.18278791755753757,0.0030170433362170673,0.023637011747020653
6.232619984676168,0.2775399837051708,0.2723611425788658,0.25994104924255584,0.25626860216196207,0.24199441413643621,0.1948165375638599,0.3785353017755128,0.18239952517940802,0.002909352273462539,0.021990137876219968
7.9469576729839435,0.2741949621558747,0.2731273605644959,0.267128139844248,0.24806812246577042,0.2625520308613904,0.21099772025034585,0.37082302768744696,0.18152798888653765,0.0033049593740947956,0.021402376295833372
6.546755217504334,0.27544757134846753,0.263224022366467,0.2629958976760979,0.2452599351823502,0.25534378598142826,0.22752942598556325,0.3917513163258791,0.18005157862336033,0.00448865661097877,0.01981709323082541
3.333391946067283,0.2782261034066018,0.2607302816671903,0.2577363464570688,0.2374618463350429,0.26145274701270377,0.23093228902814894,0.3916300923993001,0.17995962809191376,0.0037369951151310235,0.01913511218145801
4.278630466002383,0.26951731653327676,0.2682265374532581,0.26904981505332315,0.23668441134960563,0.25969784480271463,0.22899812105856232,0.40850434320678064,0.17934404616991836,0.003869060292000302,0.01829600608427739
2.8752207045509293,0.27038310242665214,0.26182011716646864,0.2659842008226278,0.2434216619032785,0.25365837222364734,0.22317800731730592,0.42002524995978596,0.1794207252870188,0.003844646999331529,0.019180245666026493
5.17700651898101,0.27708234548167904,0.27134052104279016,0.2621373018489475,0.23943523970902583,0.25041512074453603,0.2163983314767587,0.42880157807527935,0.17972354190085843,0.0029801758186888917,0.020577661359840647
2.6994530589201275,0.27052714694827806,0.2744139688110218,0.25822019029145327,0.24185161033886524,0.2520072063872024,0.22116515382470087,0.43927831784727334,0.1793753133873248,0.0031266779624422626,0.020244235745004377
4.388088839534515,0.2668083786496781,0.279575323129378,0.2588843040571365,0.2571652259418789,0.24053691825338097,0.22589068405494517,0.42140731362283185,0.1808103781368584,0.004033548923040352,0.020210718314144324
6.321273127394057,0.27033541382739024,0.2812086777621417,0.25906063501682514,0.2509182240136058,0.23972709561842212,0.24497747194599995,0.42756098867851366,0.1803716329833492,0.003546905622204253,0.021472427912784014
6.688570560463446,0.26401023231676723,0.2780021062116443,0.264585166833914,0.23950236071785547,0.23704796936420774,0.25234520788242115,0.4283295846283833,0.17965172017303604,0.003984543277987477,0.020503216042805316
