32.0267926050208,0.2538612545243821,0.2271665334883648,0.238563140836368,0.21591479586069878,0.23345560251011332,0.19351522979474145,0.5583623497762848,0.1597044462369312,0.003741177585609698,0.024079677639288578
10.297424190113498,0.24504046644473604,0.2447159392564918,0.23586205531561824,0.23047499434217955,0.22777637583361893,0.20137415329858274,0.16449637057077368,0.16184632244588593,0.003876137108466351,0.02607977675412923
5.701134952244475,0.24562151378458827,0.2463173069368766,0.244378212518854,0.22436478705726984,0.232245530111008,0.19425307169589662,0.18088693194915523,0.15995961202422523,0.004191307160805848,0.026706586059222333
5.511559700333311,0.24428780880214526,0.25512972363314984,0.24088239602220152,0.22509595623578718,0.22167390504254333,0.20091563338306714,0.17240583823132447,0.16042061017934517,0.004284138765536818,0.028885715259912872
4.080176486547969,0.24923907453482388,0.2543545950783474,0.23440563038587514,0.22386135650768,0.22635530945822474,0.20512782959938816,0.16836241398981983,0.1626247165581056,0.004175703212700697,0.027554385692166998
2.4337698020011103,0.25186496271278075,0.24546084604801996,0.2313389435512061,0.2311758550858516,0.2237973783240209,0.20633551787809326,0.15872511057404784,0.16105010587869117,0.004058427652693388,0.027094853067501548
3.8247776414356367,0.24944126023232233,0.25277626446150187,0.23029312637331156,0.2351195748152211,0.23024241528270825,0.19614401474362994,0.16025955296961678,0.16126400739931276,0.004138742419296185,0.026966851219929873
1.849783001477717,0.25804018167900744,0.2479127084252006,0.23047222541644763,0.2323860598878205,0.23157166354599346,0.20108663091798065,0.16184832481166755,0.16329768419251425,0.0038561460751001114,0.02534655397147838
2.591432575951778,0.2584841688492736,0.23743176905033478,0.23902144820549506,0.22986250644105624,0.2252773211763414,0.2093628881019797,0.17215132423643875,0.16247683699942356,0.003792721498373554,0.02527854929685536
2.501722903262267,0.25013067663814775,0.24444109399158812,0.24634814431239452,0.22142602617553764,0.2331886703678917,0.2072181858895409,0.17358384635111349,0.16281901641333313,0.0037482248132747597,0.025248927428458096
2.5780122915426995,0.2627426123129852,0.2430589072856685,0.24109030146213115,0.22334878682176973,0.2336337091639154,0.2095961084517395,0.16298151494455143,0.16555987839768962,0.0037053678140910326,0.024294932891703834
2.4794139878950165,0.2569871839157208,0.23997715320624077,0.23656046142545806,0.22326768819025108,0.2285423524408425,0.21422353881192707,0.16808115767454923,0.1630264983848898,0.0035562124836240336,0.02551137302020799
2.5542301087214123,0.2642035682297858,0.23863058070900606,0.23505761614609624,0.2286264740190531,0.22627111394830357,0.21031674873896095,0.17687231254650185,0.16508275461110822,0.0035909159053591293,0.026688314274256737
4.529585928172573,0.25824462245188035,0.2527529500247404,0.22177932401779155,0.2192833745025807,0.23895275385083858,0.21068986653476818,0.17110661916710818,0.16234443101123083,0.0036253797280751685,0.026444629095566944
5.454387672521131,0.26057878351914593,0.24895233744326037,0.22118649494606338,0.22355476850842512,0.23312840239559496,0.21391190776027577,0.18276471445184259,0.16154925724038596,0.0037493857266151535,0.028184127181440727
4.903729604610251,0.2486041855989053,0.2584597608190681,0.22212393264603716,0.2239173706760456,0.2383347704172692,0.21247847336647926,0.1803990678382761,0.163762855296362,0.0037084963986845068,0.02879373030426311
6.2266808421399835,0.2546064298488577,0.25132871903604376,0.23348203509561782,0.21714172242931049,0.23747196825078618,0.2132923968597787,0.17817573893820976,0.16136000413688542,0.0037949478578552936,0.028844728748780312
5.217753043952084,0.2599493994966464,0.25709151097332,0.23312912816510148,0.2229123420767902,0.2340460339969862,0.20828085244990693,0.1910713096443991,0.16783780028976902,0.0037146940305886464,0.028251769006043755
2.3642115770514116,0.2671454932752658,0.24572397149357306,0.24746302630658645,0.2387518315303538,0.2239615371297943,0.21597177420263378,0.2021933996470815,0.17060130330396406,0.0037268975309997813,0.028553078471472225
3.4134549051880843,0.2674171185550778,0.26157171825376213,0.2483312756672999,0.2519520485300892,0.22168870679283267,0.22330227434251446,0.20665621691573144,0.1740260603952594,0.0036731853902351994,0.028979135462973798
3.30284764640482,0.2576388998687116,0.27192802426263063,0.2404339411921979,0.2445499938879069,0.21744592808719054,0.2160057600639483,0.2013725749407391,0.1735983920460206,0.0036403460812925253,0.02943032689024346
2.952680580986684,0.24964643951251045,0.26598543166424493,0.23167841621095303,0.2496452322695148,0.22058779043723492,0.20597251017232207,0.21081996150708837,0.16874556283655107,0.003572917491706004,0.028407013068978332
1.4975553704770432,0.2574804166785091,0.2586575720572479,0.2359388303418303,0.24874492169133502,0.23263752833798532,0.19703085943243367,0.20643853868329065,0.1683839673475384,0.003544324910611725,0.02906319025118347
1.640183356380789,0.2606245240735904,0.2745233133122974,0.23573275916975173,0.24895450442913683,0.24364674946373754,0.20183448942952562,0.20679982623062593,0.17417943346194253,0.003466255151354949,0.02959345109123022
3.1229414385052463,0.2523988764387183,0.2770861647408168,0.2356987999721606,0.2542835022304036,0.22234370937108286,0.21864153487172225,0.19582724644211988,0.1729932423153243,0.0036322151039032214,0.03005021151911713
2.5397063314197292,0.2732529470890643,0.2776149277823045,0.23558175314354265,0.25564079712524235,0.2342930921005856,0.2229155442379862,0.18279558555451672,0.1787643497364667,0.003515160186534968,0.029477851626539188
4.8224216784922165,0.2796438516827192,0.2768530820468657,0.2327696008294066,0.2590393056896307,0.25321176618032076,0.2353814301041354,0.19231901506798596,0.18275548041713013,0.003624562650965819,0.029002475035814844
3.7462585600467193,0.2744679254451728,0.2896584681349516,0.23764447628702443,0.2607072661028536,0.25946567653120384,0.2300518960160326,0.19289644518214738,0.18563833630203053,0.0036437055887840204,0.02824545493610964
3.6787918393909482,0.27980437975390166,0.29506420928084015,0.246545992875549,0.2615857733024875,0.26009431889081436,0.23181409600145186,0.1977012826041906,0.1899921319958658,0.003617275969438248,0.028187281435729728
5.631245232047389,0.285870966361134,0.29561792002593845,0.2513023930117812,0.2561817652258241,0.2608692549357436,0.2261149897310904,0.20073040056753716,0.1892656748114713,0.0037587421108698405,0.027953938294801736
5.926537168850753,0.27231620144181695,0.2884243604564891,0.24177836846637188,0.26232899083988903,0.28232671393309877,0.20846795878105512,0.19963139549050773,0.18781667791004109,0.003737730379853165,0.02615570133301853
5.913578397992801,0.2743762994054277,0.29838561626063975,0.2417024455879496,0.26614374862950313,0.27166554538030263,0.20196790169335152,0.1992655740987825,0.18571459476957905,0.003401746152045958,0.025749544201887794
3.637534222876875,0.2732373343582963,0.2940601865825006,0.23840379660342267,0.25918724475170923,0.26741803323977426,0.21042717427267485,0.19305219049556188,0.18258775273419367,0.003402579456958206,0.025340943482227922
4.392846022858842,0.26396784030720855,0.29124284495093145,0.24271139767074054,0.25616124629887277,0.2631085900117976,0.2119054344964019,0.1922462150271302,0.1837129002418502,0.0033419051876367586,0.025510597169264543
2.59358871261427,0.26956058468048194,0.2819730572054009,0.24622990564957944,0.2504510445895764,0.25685172849154325,0.19676041901132335,0.20173363048613188,0.18149022618693975,0.00329387404124485,0.026721934727752552
4.0864868530342005,0.2721644982517188,0.29792501493749063,0.24716104290463664,0.264131594909867,0.2657880832700145,0.19796108013754296,0.19404002231516382,0.18827122132597476,0.0033838390694965583,0.027300281239934394
3.908881094515441,0.2733493192675746,0.2995786917121888,0.23453246720206908,0.2703519048070298,0.24866567180804064,0.21104994821531467,0.2058969599498254,0.1860944335336782,0.003391565857901723,0.027909174938016947
2.6191133922320984,0.26917983747833313,0.2853026968237255,0.23936875904383242,0.2625993303120567,0.24743259758770267,0.2113988724805003,0.20841728199961695,0.18183953557821533,0.0034423871701562627,0.030640213321213246
5.140698607393984,0.27274480048215377,0.28583862844022606,0.24670817066201467,0.24549087639760217,0.25203518130954483,0.2179118069349363,0.2096917160150781,0.18099814489171998,0.0033992454422173343,0.030007205899442613
6.05381091054708,0.2794803326359423,0.2918572772864371,0.23802883386946247,0.24613759566469925,0.25402331467996947,0.22172707100728778,0.20512041827348068,0.18403975083229118,0.0031957734242837902,0.027742949422026306
6.384751677208592,0.28064711426623623,0.29806774706467837,0.25621527436968233,0.25086350297133486,0.26308236157100745,0.22615876793900253,0.19692328510238694,0.19114752270386862,0.0028708986481358113,0.02714358050489764
5.806318211171822,0.2704186508826391,0.29290462531628875,0.2626436150091769,0.24420506043731177,0.2730532911816058,0.22469047025219302,0.19800019529817997,0.18793563588523693,0.0027806876605969795,0.027166612314266068
6.2124141844088605,0.26884009765734745,0.2838193752292831,0.26308996841488896,0.25784067213597894,0.27324412690405636,0.21306854491718388,0.1997190714598361,0.18736047298810268,0.002925630879938711,0.026923254725312123
6.375494239735635,0.28338831993877406,0.2763860225998272,0.28544861179677217,0.2499647112607683,0.26448999683227187,0.21370985043624763,0.18746823370231133,0.19104805793475038,0.002902736824854707,0.027209552312928664
7.726279974380026,0.2811045344849537,0.2619824460231334,0.27991838046164635,0.2403855903297212,0.2607887665485424,0.2231111064597832,0.1906680692791605,0.18633557451663885,0.00290685867469758,0.028817348044605208
9.335319938459376,0.26317730447667514,0.2713896282941467,0.2749865656313637,0.23498557653255206,0.2639027004613121,0.21042997789860804,0.19813943822707727,0.185127091719635,0.0028439085608078845,0.028387200460658103
7.840975981529504,0.27937865310271565,0.27010558335930857,0.2702012690514217,0.23161306888849523,0.25906894776327005,0.20684225223091604,0.19928405075378938,0.1812967587742681,0.0027125259068168863,0.02739576817071407
6.334913872022813,0.27625421790832977,0.2696563048346717,0.2624451138049599,0.2405918370558334,0.27169526450723813,0.21056306851434553,0.19127110055453125,0.18285344801482492,0.0026172991891118937,0.02848295432207445
5.2605100180772615,0.2722586828877727,0.2720543035451635,0.24604749584346677,0.23245752382228,0.2592363348312322,0.21230539386349823,0.20190129677743426,0.177482825259457,0.002792456904929952,0.030130389138471016
4.327215210666203,0.27275228110196664,0.2596872394233559,0.24851334496476432,0.2400839454551994,0.25060824762357037,0.21536131684888155,0.19264736347439343,0.1770552882618293,0.002701231402632991,0.029682881601529258
7.200521570423573,0.28166554979963987,0.25823323649642776,0.2525746677463259,0.2414127301644215,0.2657279280157755,0.22685765009558004,0.19428052256271044,0.18189063141788783,0.0026950446939814333,0.03137248253175602
6.743971397402064,0.28137553604369436,0.2594191759557164,0.24920670681041676,0.24099945261393532,0.25111739735356126,0.22200530831757853,0.1932641517121054,0.18086091462004072,0.0027764750942711105,0.031983493037658114
6.03906587955807,0.27378598810312466,0.2638100968256589,0.2559695740151773,0.24584437225521605,0.2524394561537021,0.20191725478669292,0.19191279271648046,0.18007164651264318,0.002757625483012711,0.03327328971766847
6.458448658607107,0.2771464399917448,0.2737007930672093,0.25583059314905443,0.24323768890858033,0.2529512999634796,0.20499645511834683,0.19336453120171404,0.18160076962075972,0.0028592638131318213,0.03335153314764791
3.949861724985977,0.2711859391480471,0.2545866935261381,0.2561614410122978,0.23750011803905416,0.2559199276242182,0.20184057802552902,0.1933225483719713,0.17703984620114016,0.0031158272061149288,0.03377939096959947
4.768620211529056,0.2631468448139004,0.24756847653101988,0.23682219755332834,0.22634792127979653,0.23834327954342813,0.19136243285077642,0.20300066178371956,0.16849231011745303,0.003024661243347405,0.033378514874530425
4.8793532912211015,0.2564623521486162,0.24511118454247918,0.24341469788173775,0.2288760903272299,0.2262494040340594,0.1886153457524713,0.20961926596816619,0.16372648600239167,0.0028377340052982724,0.03354026468652221
4.373214024393314,0.25278143923146235,0.24553253315369514,0.2521956033841853,0.23061475609022083,0.2225978359668868,0.1925105974166189,0.19558335260501428,0.16512319715815246,0.0028820015540894865,0.03111006089166624
2.6761504651979684,0.24905456146944824,0.2524396944362369,0.23531961223586156,0.23041767107966385,0.22354837840395506,0.1872674110115803,0.19432631260707545,0.1625197782222022,0.003004956771416371,0.031109056914521527
3.8973499153689053,0.25632461437508125,0.2557610511626671,0.22094990195203235,0.22776386466553597,0.2163375930231225,0.1938396384811985,0.17491814441756187,0.16376586536100418,0.003176467485709729,0.03092162207026775
2.068646245596811,0.2538464451545091,0.25031191761778965,0.22897484552176395,0.23146446045072244,0.218349913164125,0.19615959137769212,0.16318516544494682,0.1627812106601552,0.0033798982640747687,0.03141515344831111
2.3045996866854312,0.25338779997158617,0.2514869611092979,0.2358751477783902,0.22413144396204032,0.22345843816551775,0.18748234491736315,0.16506204039719108,0.16277328221083479,0.003061105575641117,0.029869580927834892
2.061066853533025,0.2550847067775754,0.2512480248863191,0.23434494701854158,0.22383709049941938,0.23191922933073827,0.18643257634866037,0.16642550051217445,0.1626603859997038,0.003196773210835548,0.029778961472814534
3.5003205647627316,0.24473416025917819,0.2423517976354768,0.23247337502395043,0.21406746110826141,0.2347469138041531,0.17186731503101,0.16323380906948085,0.15710700369244124,0.003195423900860755,0.02997934708666217
4.714353001502351,0.23982819112743564,0.24001623363802357,0.23600796297961155,0.2096442306319901,0.23341437693142045,0.18332612716111366,0.15375639131807936,0.15709735334428954,0.0031827310396883445,0.030436603194882943
5.683600804390919,0.24363131349909975,0.23209577723212382,0.2360689796989176,0.21218781587564622,0.2284270524531215,0.19669187858336154,0.16660438604095804,0.15724710052234026,0.003337057496781253,0.030456544270180803
2.8299012376580834,0.24725548272004247,0.24929454445853272,0.23748751797407172,0.21295456652229663,0.22373390393881293,0.20556658852958865,0.16653206952563473,0.15904931330032038,0.00344292731048216,0.030084778724446645
2.445115106499255,0.25140579180521394,0.25940663557446836,0.24121866939598968,0.21730501626397575,0.2330580208241146,0.20931268761792568,0.1675056715144955,0.16321806393524302,0.0034399513759748065,0.030048667592826296
5.496287081496568,0.24430678890955473,0.26571872153349657,0.23915973797222334,0.21769750255425063,0.2449811456786954,0.21318486209869864,0.15612115217341221,0.1655611173720941,0.0033931610737505244,0.029640750242608163
5.34088281330206,0.2556028976364981,0.26389235035786207,0.23323522502830005,0.22184034519533635,0.22263598006361845,0.20070654914292146,0.15553938282426313,0.16487679070488348,0.0033370077204889553,0.027739965186405022
4.591330445610185,0.25010200614364997,0.25589273651735195,0.2346775242680791,0.21428604912521765,0.23931394167128803,0.20799790448905114,0.1541870859426545,0.16108421342290724,0.0033527754169758246,0.028708222185830752
3.6952934673831694,0.26198813585007436,0.251336975984925,0.24808910067051324,0.21540299081704462,0.24819623243538055,0.21036263420510415,0.1516260209400525,0.16885519154333106,0.0032324520472872477,0.030535894295974447
4.221202399419205,0.2591474993185969,0.25968769112972195,0.24233622959919662,0.22223468995243753,0.24883013115926528,0.20194079996721612,0.15163194186170195,0.16839009561436666,0.003190834956323688,0.03305995485456191
4.048780535032372,0.25675633190262126,0.25894796746733223,0.24260140945525438,0.22274832391314905,0.23107840115215467,0.2000565273362179,0.1503493998352452,0.16727188883840466,0.0032353190724530227,0.03471099499363755
3.7057613884644445,0.2539654202003825,0.25761466956023776,0.23879725617999664,0.2290805309001125,0.2178311063741488,0.2129503072574644,0.14093042109890103,0.164807753972271,0.003444709862848247,0.03548957960560444
3.9970954727108907,0.2525922300747352,0.2581193709332685,0.22858979862865828,0.22757541307374735,0.2263598170305604,0.21567962230829832,0.14336988551551866,0.16447381910989492,0.0033468111005044232,0.035126453742352244
3.6203903846512495,0.2547895209602488,0.2605929895661069,0.23517447777922768,0.2363668620924232,0.2247751393097986,0.2163179563712479,0.13952026698662037,0.1674515555530586,0.003314514420187966,0.03652830926788446
4.17581928561264,0.2569837446622754,0.24796045355003177,0.23900914471544799,0.2308606715027739,0.22604157556296592,0.21939048539787126,0.1388203895198902,0.16477403897004153,0.0034454308039368236,0.03580623081399258
6.730901117338593,0.26418721949196267,0.24608328508530156,0.24048777450460498,0.23224006654570425,0.22988759711199772,0.21494626103174252,0.14151901279173845,0.1691156119627087,0.0034112739607593924,0.03690023325245319
4.153560959970967,0.2527376057246056,0.24857564166050095,0.2394381894990251,0.21832429791448846,0.23306045952062143,0.2062916336839299,0.1488261952580423,0.16200916222037162,0.0032309928600854237,0.03733419567780504
5.3251510767213635,0.25358316059126024,0.2577867859023376,0.23707410775457124,0.2213059484172431,0.2202783300187081,0.21257441615271097,0.14940634148011459,0.16409765919712466,0.00334416400300892,0.03907748859375931
7.74370001978647,0.24606557272548707,0.271032300006495,0.24600916577229653,0.22623534235845583,0.21644621487628476,0.2142934419089794,0.15851629876924866,0.16546104194863884,0.0033136133881412986,0.03901591357750896
6.786265771934545,0.2463641095212998,0.26749938143918667,0.24533290228394117,0.2285835730512845,0.2188047521605679,0.21501678268823118,0.15785307876308974,0.16609207387850589,0.0033273848532988657,0.03883993747733636
8.273827917528537,0.251485205237864,0.2629208225620338,0.2407149904095491,0.23234671691871206,0.22840844663690416,0.21450067802262954,0.16404099585585566,0.16759378164301839,0.0034097382375255646,0.04019046557288348
7.308487627072158,0.25951856758199054,0.2590747549390101,0.23939185430641546,0.2403874009687756,0.2275470449619977,0.22727135315329514,0.16363343749057888,0.16887219068248527,0.0031403506299906587,0.04145054210750704
6.859657935664789,0.2650232043099981,0.2593874537002752,0.2409645639215644,0.23932293882845496,0.24035931076416564,0.21456448126357985,0.1687985590181511,0.1720454782554044,0.0032829323642869766,0.04147963426410883
7.459929684436337,0.2546761685003363,0.26198583743716997,0.2278786502914815,0.23528590950102365,0.24291654564705448,0.2126429432325991,0.16903117456362185,0.16857793810523636,0.003365269805442405,0.04075233573537359
8.975408521253492,0.2631603510066624,0.2701573883377213,0.2226934886264808,0.2391978647880875,0.24883090314340395,0.21300459522406176,0.16867870894079223,0.17206555392548353,0.0032858344182979064,0.0395532011683635
10.677831051627845,0.2653749228391782,0.27171162299847146,0.22480360659690088,0.24443294565493112,0.267900546039412,0.20594732160843043,0.1668507886972177,0.17561658746043426,0.0033311375694396257,0.039523626272803446
11.094087381259147,0.2744212673031351,0.26630118888499316,0.23499002828193316,0.23754447755570474,0.2442256037437182,0.20622352965467192,0.16632841690660166,0.17379752347591193,0.003265200357007249,0.038720937936713336
10.86894001223157,0.27880370391654946,0.2877604683184,0.24106561960213385,0.24063472337413275,0.2576436161811634,0.20133513781845352,0.1783107499652592,0.18322820469838952,0.0031996217266574184,0.03901462593925714
11.09719282888615,0.27031072720065136,0.27869668021131594,0.2458968113634284,0.2352765969929814,0.27725267492609645,0.19393805733149172,0.17966554619287606,0.18202255569390155,0.0031772890149477746,0.039972988548849384
10.855694023098522,0.2642858328080039,0.2706739703630976,0.2443298349874618,0.23286654152702993,0.27080820336967837,0.20767031875907474,0.18431890407290313,0.17706678027681744,0.0030905172980285555,0.04035883841668634
10.602352725332452,0.2636865381441959,0.2799531149259512,0.24282995916894073,0.24436997875471023,0.2694599226573226,0.20910885165577417,0.19636436416647624,0.18041855873130605,0.0031461528190357066,0.03917458303152116
14.525101914963866,0.2562407634426335,0.272232645962189,0.2468391506471369,0.23282585313268228,0.27481629455898393,0.19526189198700988,0.1969095430672985,0.17290129334453141,0.003091527863596053,0.03943621399674541
13.736377805150106,0.2541084444389386,0.27119957546367895,0.25297384140749685,0.22952856732840257,0.27064031376239855,0.18958817104074135,0.20953139399146672,0.1762566130250769,0.003033320430011337,0.039149019986912906
11.409226661165079,0.2576916740829878,0.2848622906508393,0.2539568775530818,0.2074046305712117,0.27137585607919196,0.18575043796843133,0.21463474844973196,0.17429172477411206,0.0031245085359566487,0.037768789881205675
12.49702548853227,0.25857651705831763,0.2759373105379861,0.2590702410739215,0.20480397879227805,0.2553329642605923,0.1862920034473693,0.2134731506170371,0.17110673097619739,0.003235994978168897,0.038654894279044755
9.264528065884575,0.26001293799778574,0.26715922069141024,0.2610982402247,0.20799834256414457,0.2629470545645527,0.18668870795132303,0.21987533191082956,0.17595634343234562,0.003123888237634572,0.03734902283167488
7.468001314031076,0.2603460586279496,0.2541838160609427,0.2668915017346907,0.22150083326719475,0.25426015638204036,0.19330409707323526,0.2265416884141437,0.1722558286146084,0.0030306413781686805,0.03615836409829165
6.620838200988203,0.25165865769513784,0.2619103025605442,0.25188321245653816,0.2110570877241826,0.24478181475545233,0.19135773843276366,0.22109567483541864,0.1667149321554515,0.0031204094771675323,0.035564599752822126
6.777892457848141,0.25450017992903345,0.2513409505476019,0.2591540001359149,0.21777500028052735,0.24456995530096862,0.18778408814072622,0.22099286704806712,0.16594823365621159,0.0029793647844430903,0.03474077638555834
5.640781954966881,0.24821940011375596,0.2569079856652808,0.2559908996110552,0.2188253034005663,0.23481041912160783,0.1875125764441551,0.2347281245997928,0.16618989890415506,0.0031756721038916184,0.0338757159871769
7.868161632201399,0.24878549989900817,0.25392132459703615,0.25838753167082074,0.22093058882001196,0.23414811421240136,0.1935715690729048,0.26377440371374805,0.1656514843823775,0.003900077022299226,0.03350115047545641
9.26499990840477,0.24443497683002344,0.2546494310964829,0.25473456013309237,0.22459224738870617,0.24174517236427648,0.1853048194274428,0.26960006779430934,0.16574916469742812,0.003943312445947478,0.03410808921179112
7.235041192276555,0.2523175686063398,0.26254399204964796,0.2470838068163094,0.2233249614287545,0.26723577644662616,0.18127140712871673,0.25985015772141096,0.16617859800108395,0.003872454920852383,0.033891772658112225
6.737396040077939,0.2548053104887331,0.2636061836142394,0.24279504634963966,0.21794428833906376,0.2638042368257192,0.17989849287923623,0.24216485718044542,0.1668210093343191,0.003880722128476921,0.03349082936809962
8.942641978659411,0.2504865093823796,0.26132206896685073,0.24269933210852612,0.2220249184176643,0.26209411642511815,0.1791577833564577,0.23589026631778637,0.1668795457422779,0.003968371007616201,0.03289105225267673
8.062627617300457,0.2534034263209046,0.25866276923084885,0.24619075786708092,0.22619321016162605,0.2421320108791576,0.16729871433062954,0.24960251186729102,0.16743207784211872,0.003958565790151799,0.032731658162063304
7.4650775996166026,0.26152984025463827,0.25362568352414167,0.24447742327438945,0.23003152627071946,0.23716744120899974,0.1555344000005335,0.2503626559405418,0.16794398047979012,0.0037667123534522555,0.03318576079443872
8.789758833202006,0.25404347144343553,0.2613334877356516,0.24957125509065853,0.2266549243466618,0.2622856765106712,0.15766888871983545,0.22444956421120626,0.16814162561462492,0.003741428080412462,0.03332194496830922
9.770367660652484,0.2637593553908265,0.25082388895815433,0.2448366191390373,0.2045079880286922,0.26190948578910384,0.16186091826029164,0.2369954125294412,0.1669701687602743,0.00323763320510604,0.03413637299766527
9.605344417663302,0.2678851625187478,0.2526178180758002,0.24002109619599976,0.21572604709586812,0.2496491250169159,0.16543525395723396,0.22545044711146459,0.1680590559719772,0.0033038988201768765,0.03570081979331851
9.571110344030725,0.2602501965481454,0.2640553520850392,0.23818754390826252,0.21283620863679695,0.248898405051753,0.16745803351696872,0.24673150825812518,0.16748678558769758,0.0037835649441357814,0.03528679222977598
9.70328389342,0.2569306796395627,0.2600937063279535,0.24198866400229985,0.21412837299006332,0.24753531965118417,0.16570943945089944,0.2618671573401839,0.16676211456836346,0.003884506493279635,0.035296823439517754
12.566431337988723,0.25888553791213675,0.25913197941177446,0.24042320925201316,0.21118147470243695,0.25482665467683413,0.1633202687535306,0.25921979782955484,0.16671659826992122,0.004336082365007611,0.03593257540156612
12.285212833619886,0.25830959058841735,0.259184190282505,0.2368792301654981,0.20825697945129168,0.26068396272102756,0.1863560200685577,0.25807052550854637,0.16581130505974181,0.003948741346589875,0.03770845056408378
13.187098283550661,0.25272283360292647,0.26808140589712554,0.2377437797094895,0.21962739520135066,0.25742107568946737,0.17592200546064696,0.258026849639143,0.16659716614053138,0.0036137980291487404,0.0392511058060999
11.466248665824374,0.2552455953501078,0.2633316728770385,0.23575469231442225,0.22132402525979625,0.25162267211664563,0.17179609342737387,0.28081001397326333,0.16608278375277,0.002678935792971738,0.03798924158550179
6.623668141709569,0.2571284959332421,0.2528615076219098,0.2434962982196184,0.21956499051790557,0.24399455517201107,0.1886942024507853,0.29995802564097246,0.16520408263550418,0.00297554852496385,0.03804321277947012
5.712324301018576,0.2576361013354788,0.2559620792995575,0.23874258303184334,0.2165338207710325,0.2294255295636539,0.18871685496593693,0.339599020168051,0.16459595788354017,0.002955193580564534,0.03594342962664897
5.084620318207385,0.25083865883610384,0.2615998058715255,0.23745440553118946,0.22607519854296784,0.22770797468853968,0.18961387371196475,0.35542915894832755,0.16474054749818245,0.0027666931991947794,0.03567271336452019
3.3031307801894183,0.25455261204162133,0.25713774369276243,0.23164523597365094,0.2279630325140066,0.23114831024271346,0.19596638597733912,0.3664623785667541,0.1643062850929414,0.003291744821573091,0.03441594990129304
4.406417313712087,0.25742244071639336,0.25330023529797313,0.22822842038287375,0.21689686274201292,0.23913745919494478,0.1943321692132161,0.3814760972786757,0.1634219080508045,0.003367582198563663,0.03336121108127128
4.230442336296221,0.25423762796543575,0.25205549151582984,0.21652266132534312,0.2251875489348686,0.22800501783724805,0.20792019636803066,0.370097886178434,0.16360871760204293,0.003065809292268635,0.033085428463069035
4.066310655328769,0.24832652557167165,0.2693176953902687,0.22407897445461616,0.24352714316821644,0.2358111574024044,0.1983081844334295,0.3777243804089974,0.16467771376869508,0.003023596345804186,0.03351438246134274
3.811805952352287,0.2522605007865996,0.26847660814498214,0.2209008823826344,0.2484664632388631,0.2215403001775988,0.18018851680549083,0.3736976705467894,0.16623685980081476,0.003383105726536211,0.03365904556501186
5.835780853341712,0.24838851451135022,0.27664860225136534,0.22414790004007581,0.2477312162483076,0.2137784088268832,0.17869990908967429,0.3898736239923719,0.16677232430752348,0.0033140177326158545,0.03378888342999425
5.830713723066379,0.24615168764855597,0.26313735852960535,0.21447395897066007,0.24320648849537072,0.22317963236391028,0.1964156394661193,0.4160792482899216,0.16479817457158158,0.0041464556711065595,0.03298671267079171
4.521137718217561,0.25232004465781954,0.2585436262886863,0.2120967572613185,0.2478008678637579,0.21854469477107005,0.19456777365058825,0.4305345889397712,0.16471842327585282,0.003236021601662147,0.03274902200622508
5.297085636654712,0.25995432594211737,0.26842277622688543,0.2133614890970453,0.24512516080342744,0.23021768715226418,0.19026438102576476,0.4226986304325917,0.16511438715806318,0.003964021250027486,0.02989218808968595
6.758198090079615,0.2574500232949496,0.2661677775118496,0.20623411027887134,0.23144981280411006,0.23236090293706615,0.2051932250304508,0.43419415135882083,0.16431892820983376,0.0027220771026782342,0.029152087272982165
11.894108286262446,0.2542380871717535,0.26492502535648427,0.20209277538474751,0.2445739780516588,0.22436689007288566,0.18943798366021894,0.42049101124548877,0.16606478464428737,0.0020852751041189658,0.029069795221352387
12.246262407033626,0.23810048174153714,0.2760896111317347,0.21575502275245137,0.2557958103064004,0.23067412212202612,0.1850465661679884,0.4232596252619953,0.16611101935881883,0.0042169928341868005,0.029291584265919813
12.416281521525752,0.2574639393275716,0.27596932326523954,0.20777026778609162,0.2405157882371613,0.2520991462997183,0.17618189211349558,0.42178782874522625,0.1661704112363897,0.0032490279828607032,0.029313959968115567
7.834162189202233,0.2652721831921898,0.25311337118055366,0.1931847881642278,0.2430272722815482,0.23540530653400324,0.19054046674777092,0.4283848168216045,0.16516262688122063,0.0030151301552134376,0.027556082395753665
7.586338465228761,0.2633803568968532,0.25618834682052477,0.1965091516402778,0.25683916182678124,0.23216495596497072,0.1973448061937183,0.44167087251092524,0.16528523688097532,0.003168515853130644,0.027978422175565003
10.205702601828934,0.2634136995286887,0.2586759246152424,0.1986647902521065,0.2482812999335526,0.2247654933834405,0.20882533095695088,0.46878974277081514,0.1642833645760557,0.002862177580198131,0.027301097624265403
7.610080659408874,0.2598124623504646,0.2563461725344455,0.19946292167258417,0.2543785233797437,0.21029312108905962,0.19561590766093032,0.46094994548932866,0.16535472129418427,0.002850013429880567,0.027057703713608185
5.229812607247459,0.25729052457091256,0.2577638520982403,0.20281953105063863,0.2607769410875536,0.22377083254254776,0.20255484343666774,0.4580283975641518,0.16526621417874934,0.003337998237381278,0.02671133618523101
4.654471584197827,0.25250089818842586,0.2643697998230735,0.2063543021496698,0.2634206460366213,0.2138815839000135,0.19416479628741848,0.4737206636630854,0.16515911630917715,0.0029961886720556653,0.024911419025722303
5.090333558010696,0.24983766251184555,0.27015394547932253,0.2123473008231535,0.2673665162380127,0.2129076664721795,0.202799569463872,0.4731896489417111,0.1651862299159949,0.00355887079770719,0.025683829507023945
6.9125410345552005,0.2591924123710199,0.26621424021455914,0.21057614429006363,0.2493552396196905,0.22080791104512243,0.2013758573369811,0.47938741102042864,0.164031084443694,0.0031554012206728953,0.024398167633203113
8.45904976657368,0.25663081450301733,0.2586702871014718,0.210002497930665,0.2546387660605837,0.21975098253099118,0.19176530524183802,0.47166667255090283,0.1639982257177273,0.00463382678281503,0.025780643748255838
6.254762828282895,0.2606797193570949,0.26856385368514457,0.214302724531645,0.26388793757560675,0.21645269673252046,0.19505517321372332,0.46902784163691397,0.1650014814025164,0.0037771509228346893,0.026974748552416012
5.506245366121348,0.24942545313534228,0.2681850588817874,0.2154771589282376,0.2608049396684655,0.2089374703858226,0.2025488700840258,0.486984312675165,0.16430362686615332,0.0035555677056826884,0.02596972974497951
6.621199878741212,0.2499292050051496,0.26282850284971926,0.2077674735695791,0.24817707119379265,0.20612671780797778,0.19656405782631237,0.4937794782277632,0.16368219707644957,0.0036350884131821797,0.02546394652223617
5.99515659704106,0.25038468525325064,0.2642056966276071,0.210797892795769,0.24272623027285464,0.24434686289382823,0.19845288664866195,0.513871183139675,0.16220265501102726,0.0036968398739427137,0.025886382769625394
6.804323692576482,0.26114908900132616,0.25134593634598806,0.20970541182038382,0.255258001719448,0.21086749518160394,0.18732884216847456,0.5062738648815035,0.1631194020048918,0.003402385589736725,0.026111483245503185
9.452447389637957,0.2671464171409939,0.2552882136440817,0.20641038612913742,0.2518133245586581,0.2246329146721245,0.17451339938146004,0.4869872305947788,0.16407400515590978,0.00338373077147996,0.027337686321733733
9.445571129291821,0.25970318697658656,0.25557775412091654,0.21548870150908728,0.2600869571366376,0.21467600050969501,0.18106478974238988,0.47221816266764316,0.16489113235021743,0.0031146269246162027,0.029120914874258615
5.367150947119881,0.2592538694824622,0.24720447419075275,0.2025037338684769,0.2620021288796153,0.2251942322082506,0.18857822045159456,0.4826815248860309,0.16474666295585866,0.003369941260988875,0.028276880649303962
6.098983430899038,0.2558986995951837,0.2502144269337233,0.20662124786497596,0.2651179886559439,0.2213523932097203,0.20146830315753353,0.4911437120099117,0.16450494217317002,0.0034798043831024933,0.027604074235699345
8.457292863048778,0.2517811769756122,0.25914167657359816,0.2172474571289079,0.2722481463851134,0.2284080660736677,0.20797427876434918,0.4803556935252087,0.1651095501994426,0.0038296368175931095,0.026928803053067503
7.657752918672443,0.2591404797885584,0.254416177265409,0.21943361945320267,0.2696289635863379,0.2311020311854794,0.19030120176376372,0.4543551592235451,0.16564007537160863,0.0037796662609228524,0.026434733051379253
6.9741605397024085,0.2526081858879033,0.25205712763596183,0.22295010871551246,0.2473251789336857,0.22888944326446695,0.1957963002829792,0.4542604287044422,0.16478099676406166,0.004235072042394388,0.027584384738718666
6.94572266317535,0.26421303317633865,0.2442361796774405,0.219001665192961,0.22985953968513434,0.2374524609817348,0.18442113034840465,0.45168338602327285,0.164112101749833,0.003054483428653849,0.027759793097137043
5.910958290310724,0.2574815504305494,0.246946261041872,0.2239411867218553,0.23625315612330008,0.2473598458130113,0.187048995954593,0.4618919760220626,0.16397939887520427,0.003989551935915749,0.027218564520259964
8.230351759131095,0.2622284105607717,0.24119360082897315,0.22259323630627362,0.23124584998843606,0.24697150966586062,0.18513301751608346,0.4680699032365326,0.16359100649707473,0.0038818608731612204,0.02557169064945928
6.02667534094612,0.26293676803591964,0.2379928582682489,0.228309816029532,0.2217180141637235,0.25341378343308907,0.17858290805858362,0.47661903134851485,0.16276067303596198,0.003335048958184403,0.026914024943737583
4.265868783359611,0.2618084787598602,0.22867244308935752,0.23232080102092695,0.22180089893667707,0.23808233042497173,0.17788470893971123,0.5108039002476832,0.16132955301918794,0.0034430779985024367,0.026504436884826465
3.579492138231786,0.25309969188653514,0.23616869887542533,0.24363426961718135,0.2210234639512398,0.23632742821498257,0.1759505409701246,0.5276781510551638,0.16071397109719254,0.0035751431753717152,0.025665330787645844
2.891143219503292,0.2539654777799105,0.22976227858863588,0.24056865538648603,0.22776071450491267,0.23028795563591525,0.1701304272288682,0.5391990578081691,0.16079065021429298,0.0035507298827029423,0.026549570369394947
5.2133588898239465,0.26268282823574335,0.2253521684349319,0.23597392045949603,0.22418483516671545,0.2284733994599911,0.1808052128545738,0.5276708990943277,0.1615560852097664,0.002964387523180692,0.02583775856610401
4.859286353802091,0.26041645305778305,0.22409308572013317,0.24248025239386226,0.21349842523085938,0.23186351686744694,0.18874840744679927,0.5478856100042909,0.16005267475046484,0.003594675441856327,0.024413103254124848
3.613360039993065,0.2538612545243821,0.2271665334883648,0.238563140836368,0.21591479586069878,0.23345560251011332,0.19351522979474145,0.5583623497762848,0.1597044462369312,0.003741177585609698,0.024079677639288578
