57.88025935691605,0.20723976305101588,0.20724320405481234,0.176018436545349,0.19951787104059893,0.16420704268044403,0.17420127417494605,0.4489647586977654,0.12540893484792764,0.0034450947165489613,0.016262934582261065
5.36010705860014,0.2616476816708414,0.2590239799336899,0.2513452062864692,0.22914240108922898,0.2308448164930564,0.21711408721919515,0.1600627798689605,0.17160785510040152,0.003498775805560514,0.024170378479526387
4.748411487245747,0.26072608740394876,0.24644921178018797,0.24463407040073465,0.23225716775933497,0.2245618844258363,0.22756079293651704,0.158861097662243,0.16910469062580807,0.0034162272430713625,0.023885794333879187
4.217690036743527,0.2583957319248362,0.24451783696056975,0.23018011355998777,0.2200618746168577,0.23397487462724403,0.21943096867615056,0.1566675351176278,0.1631274809538862,0.003456717642488415,0.02341680887942927
4.791424815894736,0.25508565452862464,0.248637902436678,0.22934994965699135,0.22183272645970606,0.22683942941444687,0.2010880205539523,0.15657643389784626,0.15942184139854637,0.0032433868301475206,0.022682709729505025
3.859931419897888,0.2527511610494872,0.2601440340675585,0.23232228581573197,0.21758678565695183,0.22358962994167292,0.19795937147255596,0.14441523367279344,0.16369297836735291,0.0031901143484276777,0.022394593439424057
4.147853582934387,0.25351392569741554,0.26474150000951374,0.22436953434110782,0.22049789225480915,0.22373369883609695,0.1963048593583739,0.1489775052808453,0.16298338705625254,0.0034429566167433136,0.02298076911220401
4.2108053920660495,0.2421026132676792,0.27457397858401966,0.23633979625142087,0.20987941445307987,0.22171058527640017,0.19487832204460784,0.16198075616947172,0.16074086156223175,0.003674211718811465,0.02292101804095281
4.613503639489921,0.2475756333902612,0.2675321024202835,0.23976146220464728,0.2132953546667386,0.22390293921249582,0.18478883433667376,0.1588007230353084,0.16209474857720924,0.003589658482489028,0.022743694384280446
4.374323518566343,0.24460003899667915,0.26560289605859433,0.24064538929697293,0.2088650245847895,0.23003109331883664,0.18081276928440823,0.15958217585396225,0.16078636083927175,0.003609018723907261,0.02245488466795719
2.9823903131406695,0.24857747571166125,0.2630651577896074,0.23444921243555572,0.2218705971999303,0.22162258254028608,0.18312841001173805,0.15542728363783848,0.1630638211169992,0.003734548437702525,0.022633299808079564
3.2221050666228104,0.24953625020982123,0.2475538510803422,0.2359232797663907,0.22777838486044238,0.23109960112860717,0.19306919835864808,0.1501039639325153,0.16271797913999703,0.0038917003105460512,0.023888397908169847
3.0837305008449793,0.23903944362366075,0.2626488179908146,0.23224524916570582,0.2235080532497083,0.23280950376275378,0.18962891566428144,0.15324305768367674,0.1591180339117775,0.0038310303972379865,0.02591256132502222
3.1825761297533095,0.2408177980327082,0.2647556962019359,0.2211629429275173,0.22760213132280396,0.2275141547707975,0.19081514781089753,0.15208768682106907,0.16027950052445042,0.003973324661608402,0.026173574027115558
3.3078304751472363,0.24919751416867097,0.2615687731587788,0.22185851601363563,0.23220932795755841,0.22751818761349757,0.19811126405631826,0.14812035340064494,0.16058055165248147,0.004229111746207908,0.0257074863504881
3.631586510345244,0.25164803202061115,0.25440615841433406,0.23257163431382452,0.23482254599136956,0.22944475451232388,0.2006091362349399,0.1506283840057255,0.16355509591357187,0.004229772137046664,0.02747138970616372
3.5413559583858536,0.24933706967029504,0.2588268008493689,0.22295590177407665,0.2475025480459144,0.2227316448524593,0.19992867076226195,0.1399846140079439,0.16632381452222497,0.003896119963929023,0.024772790934879874
3.3991176416008333,0.2561360257516848,0.2630210941058479,0.2178503872851141,0.23995975854061005,0.22515216208194314,0.19698735159812342,0.14519482906261513,0.16228394317991585,0.004070138548701048,0.023151772579359634
4.356600143470935,0.25559167992819776,0.2824378590848151,0.22698633758129966,0.2504302114713904,0.2241296807355968,0.21187867752217898,0.14644754754358463,0.17046554456896257,0.004044997328383085,0.022217380411861994
4.30420118664987,0.2568326332439261,0.2788985488435129,0.2255708793654007,0.2675127198508761,0.21943882594087052,0.21841079102794145,0.15152924314156227,0.1697335580478192,0.003953029834792932,0.02262612260690637
4.562072696413271,0.2530267634313415,0.27712004393390216,0.2075016644941386,0.2678402318155042,0.20871304023874523,0.22012919241566872,0.1546760044408167,0.1680429854109018,0.003724897588954456,0.022994548744081893
7.026341502487822,0.25487600097187507,0.28095339020192767,0.19361763890056696,0.2752389849473056,0.2160186385275695,0.2250440167331706,0.1500101831001039,0.1679948879919962,0.00371767051180045,0.02333084899033703
7.71011669766763,0.2642637587973615,0.2874873130397643,0.20805025116834583,0.28297708180843506,0.2217582360783996,0.2306773780861264,0.15396170861855174,0.1769132471048243,0.0038583103891792147,0.024053399482135175
7.174508962052688,0.26194716351508657,0.2822413728968855,0.21704577443916712,0.26733548337657914,0.2152828029076686,0.22934379790758966,0.15544770492028592,0.17362209267329234,0.003939123065068032,0.026153964517250314
11.862046516127485,0.26205677221460666,0.26860454558410385,0.22855774775502627,0.26735258587598904,0.21162496196626285,0.23281622255003206,0.15908507798657828,0.1781347676628306,0.0037667014281172226,0.026840887615780275
6.543558771272968,0.24921519996740676,0.2707582332883436,0.22996328852215808,0.2569318349464327,0.21308770084372844,0.23331330494646338,0.15511987976732722,0.17125593490360363,0.003676143981503745,0.02526422673260187
5.5781091784675505,0.2502575499268508,0.2634383695791133,0.2149646156128327,0.2430245578749356,0.21624593039179574,0.22853243944294585,0.15467118439325056,0.1675306131306071,0.0037156369289537534,0.026391247977335393
7.295663474621267,0.2374263011966769,0.2617108859583386,0.22495360720289256,0.23928581534350662,0.21405700975284236,0.22198580901480122,0.14479877844730085,0.16286578320215256,0.0037187781966066978,0.025791309200303588
4.9610189315849755,0.2488914805463732,0.2610465706962776,0.22960830665790596,0.23818911326293793,0.21422216327010477,0.23138377344534677,0.1581143633311039,0.1637029920759513,0.0037717200611641667,0.025609315250419196
5.016795620412637,0.25041316491344,0.2613385107134985,0.22470862057187255,0.2458863537431046,0.2110998062564401,0.23250792381524055,0.15934613156188834,0.16420124679329445,0.0035190933334833885,0.024068440935777872
3.852255693371141,0.2576072385641297,0.2528052594406437,0.22761377303704267,0.24173127162481148,0.20798416367496853,0.24792309092321732,0.15834092751253903,0.16754707310809536,0.0035531671093853535,0.025402432415056124
4.178620553855361,0.261126189400809,0.2650889648442871,0.22942199134036856,0.23917391149841902,0.211989287506241,0.24956995252045303,0.16343933762353044,0.16930042086544445,0.0034700266427290555,0.024026650099253633
9.486316225212896,0.25613045372616816,0.2659457057968778,0.22752910444470847,0.22903367831630644,0.20951152072459087,0.25436764426147984,0.17588787575122103,0.16535673911030796,0.003235374203336028,0.024787051767862257
5.617543876895934,0.25263335607008536,0.2586226593556206,0.2290639933641232,0.23340152130688588,0.1987155913051212,0.24154796331707426,0.1737476347704833,0.16364359540869278,0.0032358685744379298,0.02527232231604231
6.3771750742782585,0.25160038537330875,0.2572839370931456,0.2461312585708102,0.22948057587487258,0.2095996353202561,0.2454721866677628,0.17486826977548506,0.1678685720833886,0.0031357479285030786,0.024520988234195167
5.331953837206355,0.2593318487497155,0.24272971928991896,0.2501660473662428,0.23115085634317817,0.21971954655194367,0.23839971714075645,0.16821800786045119,0.16676216533581517,0.0033019221767928873,0.024383902063242625
5.218493129592613,0.26315179657885873,0.22872671821038107,0.235762346015009,0.22811411251483754,0.21627755642870347,0.23403135812080364,0.1719618925936199,0.16461436644356672,0.0033420771321238415,0.02543470390162416
6.705646962659948,0.2711666596670498,0.2250794646094755,0.24352188255168747,0.25029083113338174,0.21777717246888897,0.23717775609216377,0.17953156343452753,0.16952816966267767,0.00309929730426762,0.02614254649657384
8.325947718837858,0.2808062708738386,0.24128399055546906,0.25816967054156265,0.24354358152445857,0.22097209528956985,0.23127027904065478,0.18137244719460383,0.17791103947532771,0.003097488714536247,0.02755331748471825
3.722165053142131,0.27351994028193627,0.2564774561911476,0.24967506595252062,0.26347500281404596,0.23679481071104433,0.23678579467907676,0.18097112534010182,0.17947523727623754,0.0030927191559996367,0.02773423474007062
2.7089273626497685,0.2736590914981055,0.25785437384702836,0.25044072182519767,0.2541951140563057,0.24403764361130342,0.22847891958419594,0.1841205728111423,0.17924231934977441,0.003153399925307292,0.02805569974242198
4.9720021582238445,0.27667041700440037,0.25048547893517986,0.24557289050654818,0.2672600534240861,0.23587999143491303,0.22070180058045022,0.18342974817832047,0.17911221276909367,0.003023208576550306,0.026765702898297952
5.427071729015341,0.27345622493371313,0.2502942905035313,0.24929752027751637,0.27655993463791095,0.23904382690602136,0.22052210122059762,0.18146868749269848,0.17877620764994817,0.0030709996641919103,0.027622395083820334
4.7640969728203535,0.26253736042997083,0.26152143042511955,0.24716250057611439,0.26227497023911234,0.23297170721891022,0.22345600434422738,0.18321432720917924,0.17635693802015023,0.003038083218330778,0.02894338074675096
3.6544754092834872,0.2747396058051513,0.27468341812353875,0.2590872794888223,0.26068036703464875,0.24619716308159223,0.2258496999278393,0.18518428737894677,0.18375022641937172,0.003254727364769825,0.028051691098331413
2.789182225238348,0.2681350636707185,0.2817758784471447,0.25891024188108275,0.25849907133838174,0.24157305136076415,0.20546613280122214,0.18795791735172057,0.18164768747603363,0.0031520303092671008,0.027730895725381764
3.8549921157255485,0.28781591455643496,0.28099456086616204,0.26297169847692864,0.2629231528480636,0.24348998972424857,0.2110183758257223,0.17372534148234087,0.1886256990738043,0.003208407953615568,0.028514612595533624
3.993008567448057,0.28205737890757765,0.27578793710919514,0.26581256569299183,0.2584585373033153,0.23843535979398228,0.2177447837596796,0.17442806122749513,0.18753519001995944,0.0031889641909758643,0.029010982311643122
5.249122219963885,0.268068615960564,0.2835479804529733,0.2594101334992863,0.24633069672805366,0.23795390743860403,0.23038741674654,0.17455951163539965,0.18415273686225586,0.003358887786166671,0.028672963465417062
7.266837740518078,0.255569135000624,0.2814343293024809,0.2466482743165979,0.23533958604779515,0.23373225265134528,0.2110509570945669,0.17372033203292017,0.17355319150872797,0.003259959695743768,0.030021313418409818
4.260181043291606,0.26168128419241876,0.2751319473353812,0.24272993420068675,0.22962448373188687,0.2439829434531647,0.199142062744134,0.1892107962509191,0.17328255951018512,0.0032700570788827335,0.03033299646050419
3.5887179125318442,0.26024338372368794,0.27956186948228423,0.24394568676515552,0.24015520946733643,0.24704950797004108,0.19910522103971437,0.19027233838314375,0.17505244266108747,0.0034283703894763865,0.02992227389307766
6.190258869386903,0.25232384088996423,0.2827867179638954,0.23712140500902656,0.22977864997322045,0.24449293924793047,0.1978346912069289,0.19104299985696155,0.16978306078563832,0.0035452543981253294,0.031204276149351222
6.480900604493821,0.26208208494995444,0.27474495414230043,0.2413512707283644,0.22969785337797063,0.23323335711980486,0.21267165241522032,0.19555878634909327,0.17453225427053676,0.0036989281413663164,0.03190723481677436
4.262263734942569,0.2530291915125899,0.2893016334176083,0.23920012344397495,0.23990175843261996,0.24456483326884645,0.22382493682971905,0.1970861019301739,0.1743075193711195,0.0037274826908032907,0.0321411039845413
3.946115147778194,0.2514355858327043,0.27800551500375464,0.22974985311899027,0.2533705811221625,0.22690905239282558,0.22608529271574757,0.1820584106389586,0.1712600903345011,0.003734906296751813,0.03163239009031351
4.640363134537132,0.254483949444898,0.25740863241745865,0.22129064179190538,0.2534886170564602,0.21639380514247475,0.2145496063252516,0.1744725547594214,0.1638349461510564,0.003888630648179166,0.03308344547465484
4.110168021304595,0.25149580633500734,0.26230306988630275,0.21259819482898068,0.2499294516531096,0.22659865416207997,0.21709917026540743,0.17486136212546735,0.1637238342760648,0.003706132995328334,0.03253921369603577
5.33573950109135,0.2441856418540623,0.2714646070929242,0.22437708081065058,0.24617336313763327,0.22343010133336116,0.2161226758734413,0.16684878081775137,0.16658595523450395,0.00381855650928361,0.033879361219328386
4.715879929882648,0.25168190825066555,0.2817708151205717,0.22879718431326584,0.249780339081912,0.22921343701987146,0.21192665380055595,0.15703581186114632,0.17225693697599734,0.0038611428505476992,0.03345548950916652
5.235205443407541,0.256443121134178,0.29129050327136047,0.2257644653992295,0.247355050822576,0.22484635516762952,0.23184389435853686,0.14956276375844615,0.17371652736160367,0.003749946880771765,0.03284605017458528
6.492461637877215,0.25303616066941187,0.2899840819964862,0.22409176692028127,0.23355061093956986,0.23173606395274554,0.225403017960169,0.15472591613292025,0.1713731880702099,0.0037426163824181027,0.03146979156053747
8.509828033748557,0.25053136797846814,0.28120775163653416,0.2125755215405185,0.22549074461111873,0.2485038365195943,0.2187031143566596,0.1637628429475811,0.1701563283683557,0.003936409791688594,0.031124372745114894
7.688622636967416,0.25346474151932774,0.2765659019604468,0.231381447904082,0.24538662992752042,0.24499121363144222,0.2253826731439597,0.17474027396412686,0.17299031815691474,0.003933359254020389,0.03137843732013643
8.753432178868435,0.2639617729778522,0.25755229964824744,0.22171848351162518,0.23152013685942868,0.24942420338760318,0.228713563845253,0.1750157552149394,0.16690288185269284,0.003857439129162573,0.02953727031323965
7.808717493026392,0.26655161119623194,0.2632597555289759,0.2228608834372844,0.2303964231699427,0.2484692063213137,0.2093854067127968,0.18909908919246088,0.16919578216853212,0.0038335685805497735,0.030789686820593156
9.424187863625296,0.2586108362840268,0.26277187087770265,0.21398814223399515,0.23432242111839607,0.23680452332020663,0.20224238724918106,0.1940768435834694,0.16487491833186663,0.003920133590798915,0.03155402945428094
7.834834054888297,0.25509262047009734,0.25559987936665174,0.20537404439262263,0.22979401536281704,0.22109546749951242,0.19215839716292163,0.1801578473036613,0.15886495916696922,0.003952708845090639,0.029994172422434837
9.139017049384032,0.24942220448482594,0.2597752710221629,0.1967450577965341,0.23360813377753042,0.22470153129907686,0.2088488843096499,0.18184940323654736,0.15733975281429002,0.0038729335059658,0.028916172979898017
6.305153858959222,0.2364713602184142,0.2661596711149048,0.2018784657495893,0.21480493012592267,0.2160881834815012,0.20738243720905777,0.1876695475792799,0.1550609875918384,0.0038700291030575283,0.02765927357247968
4.79806326179911,0.2308311650163966,0.25936595731336803,0.20220288991681998,0.2165323078784706,0.2132063945401968,0.20399944302687398,0.1889107472894762,0.15314945038909125,0.003990344588833589,0.026822324740288894
4.035046301819829,0.22814346190961884,0.24950432806819162,0.20467986230632898,0.22111108453610767,0.19383929752738818,0.21994768851193772,0.18810826675205963,0.14847815014240348,0.0037926912058795937,0.02739588254432748
7.6115107032813,0.23208168584947966,0.23831224093469144,0.20786391733279677,0.20754214517699224,0.17717553842196102,0.22340599375611678,0.18737546104779054,0.14428232358961857,0.003790034455723921,0.02568514958257306
6.9156520127658085,0.2340480806705643,0.23679620203629043,0.19404052479913608,0.20596526809036322,0.17198904665187167,0.21155801684995712,0.18344326785087747,0.14218976617992055,0.0035373712833367665,0.02524566958874806
7.179377394248691,0.23256669337517175,0.22411444493411725,0.1950108529922496,0.19876251167587852,0.16461532189255226,0.20491347677359048,0.17873031212202414,0.13742637006334799,0.003582139193194055,0.024257045297026027
6.690292034046387,0.22209635481615642,0.22426616905658586,0.17937911208939192,0.20871757196393986,0.15174260167557924,0.20234343029828614,0.1806248702948065,0.13293740506383933,0.0035508468322929744,0.024169871949054615
7.1859893842856595,0.2163562372107107,0.2241158610974404,0.18378973424616832,0.21271167957603132,0.15682419905219486,0.2095709908787437,0.1680709021563388,0.13405080748818748,0.003668578371058662,0.024712900552639618
7.704502612906376,0.21595863414678207,0.21777010132784733,0.18817493235096475,0.20604555040761222,0.1493219500179798,0.21278007438769694,0.16693387788529004,0.132306282045778,0.0035047620288246924,0.024973264384919484
8.693012118953337,0.22350197456128784,0.20868055302868302,0.18417187257858406,0.1926932279161759,0.14959704745467978,0.1984165900294494,0.1779282192137635,0.12896638756116116,0.0034022121921747353,0.02517341827630848
7.275773742359696,0.2144644344710798,0.22031576589686244,0.18041182552149226,0.1934781787130042,0.15073073022627206,0.19173546442261358,0.17983393933255737,0.1296586137878971,0.0033970064623595844,0.02635018671527544
3.845851933103983,0.21265038510453294,0.22369370669802255,0.18912943398465196,0.20099849428106112,0.17907293786816125,0.17938524059767935,0.1823835877537718,0.132370985999188,0.0032587577514425537,0.026580161556404525
5.297391013025097,0.21390491659174993,0.23096111844640718,0.18466482011780863,0.20972189367265925,0.16702672129786733,0.18553731962205908,0.1817009161046848,0.13250330287081236,0.003217658256704508,0.0262876808108617
6.533853761931485,0.2055165365965919,0.23418809636291593,0.17726149204543007,0.20388355571171887,0.15964255371092376,0.19091270813726346,0.17592483830429795,0.12914376060741126,0.0029531765314456376,0.025198179083835818
4.812850394308187,0.21314593618679226,0.2234263306707424,0.1809866676236769,0.20703160446201654,0.15843265443425705,0.1874128770768459,0.1809705919046355,0.13005756651125558,0.00322630202905384,0.025194397768754546
3.5917381593359,0.21842776169545833,0.2285708105947904,0.19370402243550952,0.20288405004300772,0.165963969161603,0.17542146161806763,0.18067838180183665,0.13464039241512238,0.003409534780114253,0.024182991553381532
4.065827494599288,0.22912246412936227,0.2214020592684121,0.20494892383973057,0.20071449099812688,0.18427843129587254,0.1768762597026696,0.18100580696894583,0.1383840086365417,0.003442766951083167,0.02287185807984567
5.4013001838585994,0.20928120260202737,0.21451507736870087,0.2081148734547158,0.19311036462449543,0.18883671900862697,0.1756202267415841,0.1855576953225587,0.1325576178165634,0.0033009744121206505,0.024653221744396613
5.517939869869543,0.2126764886025872,0.21136965871828947,0.20088876711681805,0.19502166611515578,0.18811022388697762,0.1790575659215411,0.19482453602595118,0.13103100257748684,0.0033973657250981016,0.023758180521630166
6.948415482356346,0.2190709599067398,0.20331723846264932,0.22063279933358335,0.18228110461024588,0.17233763240151,0.18679015292160087,0.2009411277694272,0.13233896370083562,0.0034230680923282375,0.023455003357965316
6.0435538956986825,0.2253872289450743,0.2043845608285406,0.21238477238962053,0.1855438752251123,0.16775867599826602,0.18089264602595703,0.20168439952344325,0.1330304971460561,0.003335067857148266,0.02341131292473558
6.9849140894030155,0.2214268013318331,0.19874535011809602,0.21482338133794407,0.18147497769939783,0.17054053662518778,0.19306013829880644,0.20488060257256327,0.13111161730158027,0.0033720846206158057,0.024152700245271722
8.950507193024265,0.22195169379783009,0.19848108103294415,0.20703226371355882,0.17808350278832727,0.16518915041687296,0.18408242035930814,0.20870512907450645,0.12871938674082498,0.003566370547914467,0.02559862639934333
9.658100955128003,0.22417412668119976,0.19397536741607388,0.21658859423453203,0.17638608074997442,0.16701946959367284,0.18443907441240176,0.2093794223824822,0.13005922646328577,0.00352696882786067,0.02752980048036646
7.776379395796471,0.22067348817440754,0.19387083412712136,0.19901860326939394,0.17526293881262467,0.17162012942710894,0.16857632577362572,0.20278502072728352,0.12515034887848472,0.003605867462524298,0.026803238447316205
7.985508380934089,0.21326174883977114,0.19078847550284003,0.20628899989957955,0.16653231661494433,0.1636452747520741,0.1809086307252643,0.2007697814632094,0.12382569820911454,0.003259059070002015,0.026295931173652653
8.321611349167013,0.19859113056338243,0.2013297573470489,0.2093132430831174,0.1770771845911578,0.1541990708366172,0.1651629388130551,0.20126968777675497,0.1201208494706212,0.003106795098588108,0.027013644452029178
9.201979082180475,0.1960346329512191,0.20748652796132003,0.20202305389818365,0.16848067080589277,0.15635892702705567,0.17790540345632375,0.20783380844326665,0.11843378486014573,0.0033057511963824585,0.026058936544510223
7.952546433205381,0.19779423748967956,0.20221391536449707,0.20786503647949478,0.17593286621898435,0.16287219894974486,0.17721433056507435,0.20798831152913833,0.12218618868601386,0.003269148932013827,0.02585268543254199
7.730774082627871,0.2073865287869127,0.21633350692854425,0.20780817298076612,0.1866117776827541,0.15667174536623063,0.1767471759274515,0.21050889393152103,0.12778901812908422,0.003389323056370596,0.02622987620517738
7.477178725866628,0.20595599511514845,0.21318570999403824,0.19059231208697958,0.19875449604884135,0.1480916739269872,0.17382420595624473,0.21095711561328723,0.1265586895163906,0.0035069602541358902,0.0262561915266374
6.823786378439514,0.21120714624011203,0.21474049520064817,0.17962048064667674,0.2002272692541677,0.15558839825751702,0.17184945864363613,0.21654052982826802,0.12803463609653684,0.0035045797751479743,0.026852603988683072
7.058352149512666,0.21042784115812366,0.22874807678936346,0.17789388402619252,0.20403924800869105,0.1598763746429649,0.17763434305484863,0.20045147562842958,0.1311389024344616,0.0037058317565121907,0.02632059459698009
7.292891603043367,0.20877682761388908,0.22640946070619763,0.18609910613138045,0.20569715532064894,0.15326072189099146,0.1832161525096157,0.20426084905297867,0.12861445170885333,0.0035821068440960355,0.026835441735667702
5.768911138728691,0.2169876811136226,0.2142405363569955,0.19380342677875825,0.20622993144970128,0.15181036706404735,0.17909019745041685,0.2012559469432035,0.13026581275468738,0.00351931204120405,0.025196425300110445
6.785498316011785,0.2128181663924239,0.22721521714074602,0.16898727494506655,0.2062399218984414,0.15694413277205244,0.18044276095073652,0.20421508234375407,0.12629876455238612,0.003299239274403521,0.025613840449413408
6.87959667851001,0.20988656406909864,0.23017148669827672,0.17811437527095259,0.20576576604289765,0.16169263445998927,0.1802931830964241,0.19926551490121866,0.12740860448993327,0.003388264851656101,0.025548348548125085
5.444516602075771,0.2163918585863511,0.22806014880414532,0.18634983782853698,0.18709916669949686,0.16595910304785366,0.17594352006490396,0.2030039388705883,0.130563874038512,0.0032160600776434613,0.02537671121531915
4.837698746148007,0.21463212153712838,0.20656528447162534,0.19148009495730434,0.190186467442702,0.17136929764504089,0.16855939458622468,0.19924081359797124,0.12758622713107415,0.003135367272887852,0.025758320838178358
5.699574960077851,0.21812974621839523,0.21151943204792523,0.18448074903368267,0.18761354297680355,0.16729192592558428,0.17927879205427424,0.2124893686840532,0.1270804841562895,0.0032078386324549467,0.026926968932019627
7.259649594697134,0.21869584600364744,0.20853277097968062,0.1868773810934482,0.1897188283962492,0.16662962101637782,0.18533778468302395,0.2415356477980084,0.12654206963451195,0.0038679104937358977,0.02655240342029913
7.022928068357364,0.22039034275147487,0.20077334275170938,0.1855681448934491,0.18327232221134498,0.16716726570961382,0.18153938884185977,0.24962667489023346,0.12588935613146549,0.0031344130248429154,0.025551047548002553
8.434282824126203,0.21603981968249014,0.20150144925115615,0.18191517335572074,0.1869339807800392,0.17476432386148893,0.1732726391963978,0.2554523389707948,0.1259870364465161,0.0031776484484911673,0.02615798628433726
11.864728718586484,0.2151955219942439,0.20876021719496216,0.18835477485208385,0.1918714757347678,0.1553132184156312,0.16437752800772368,0.2518397338633435,0.12704003460148622,0.00360064177589985,0.02605636428902311
13.10506035586696,0.21667560389161497,0.21368523222631458,0.1934155323165505,0.20800434886980573,0.15691976188329726,0.1620390754721578,0.25041750852934486,0.12767102197466554,0.0038560892782256604,0.027717680881750213
12.689162903720433,0.20878868906851322,0.2114129317025176,0.18783279752434007,0.20165756790766853,0.17811203990935678,0.17871427831310563,0.25101858763197515,0.12660951856944866,0.002897901048205895,0.027447613454508298
10.887854073611967,0.20397872061800848,0.21880622787012363,0.1896394332374919,0.20087003181465943,0.17721806097903006,0.15115683476137792,0.2380346556212757,0.1278952897565129,0.004343752489707145,0.02728839135400735
5.402690406375743,0.21920599888781686,0.21173676102087305,0.17987563327635672,0.18708360424082912,0.18435679888336418,0.1347096640327884,0.24481026896297128,0.1277343536813836,0.0035816490062983543,0.027231181410655312
5.912571916891056,0.2187837973181633,0.2151842667223386,0.17861662659329464,0.1945885656474306,0.17728790436089814,0.13599915614554733,0.22328655301380118,0.12891604898051998,0.0034248345309347773,0.026262238775042693
7.451994687317003,0.2249026000372466,0.20975992680499045,0.184695691165684,0.1899450307853621,0.1869737004057437,0.16020697636137543,0.23123007248211647,0.12817455334985403,0.0038670034145696576,0.025958620207968866
6.3666677574985835,0.22199940924436862,0.20305676122468824,0.18755114261312872,0.18860103127812333,0.18568311965489442,0.15897218354833348,0.23455352416877442,0.12780348322661303,0.003941775295442748,0.02694958271428149
6.682402895189356,0.22012534822307495,0.2048639639569456,0.19296185554854128,0.18885916060886507,0.1845455603206426,0.15239190289385146,0.22940303281384267,0.12798163445213714,0.004226179962498931,0.02732633756785024
4.827113896067504,0.21343809250501883,0.21573647074129396,0.19652066808838706,0.18233016841303096,0.18988355369999954,0.15024764763581389,0.23437802923162332,0.12768963205687417,0.0034030050803536944,0.027485464532991565
6.650978450322175,0.21215448046209548,0.21041707105655238,0.19044298936666715,0.1900160549900274,0.19283145418203182,0.14541097474115125,0.2138818456768372,0.12818354254206074,0.0026691425276175354,0.02694896993061134
5.52899603882379,0.2173282238706103,0.2093790745030154,0.1970302601463692,0.18058373088802182,0.19075960578274875,0.12962154453799063,0.1931853771162728,0.12833808920875825,0.003472729757435661,0.026767979128712087
7.2261683085406645,0.20969325790000792,0.2208166085122544,0.19519670785863197,0.17769389242895064,0.19000888581758585,0.1316443240977254,0.21446643826293338,0.12776581882447863,0.003952395881394566,0.026353951565169557
7.2643121846791034,0.20883632570553318,0.21543579009975478,0.19017907485080518,0.18254044071008269,0.1993478262849531,0.10918994590542577,0.20680719987193671,0.12811442079091223,0.0032003539431835985,0.02718154398274628
8.797475165305158,0.21051373891183356,0.2234651809644868,0.19122136273644344,0.18295773666407736,0.19426348764477178,0.11443539714129207,0.21344589318594304,0.12825752808143184,0.003374325550078678,0.02493150739277242
7.865054437694831,0.21443464240166218,0.2201368041556456,0.18403582926518205,0.19932884044464302,0.17322111775045096,0.12800039978458896,0.22076907754622144,0.12884859241754976,0.0033858696579175014,0.024754578063213392
6.436614066092541,0.2168109184488381,0.20633527518363662,0.18414571102892605,0.20031074804793544,0.17748395268258418,0.13145249385295707,0.22283459570695555,0.12827334837767573,0.0034573637967599243,0.02453465252343582
7.370553537587469,0.2116730442908511,0.19912179723285336,0.18719213131676504,0.19380658040034793,0.189577460045592,0.15479877918474105,0.22658383635156876,0.12648073315949734,0.0032812101121228983,0.026579757609858225
8.692124150380085,0.2093204399568048,0.20663132395077513,0.18013231675283015,0.20039668504915684,0.18262043541781123,0.1378426879520917,0.22439338052312036,0.12784689033611654,0.0037898816775781,0.026083337403341546
9.250600998652288,0.21579516211254535,0.21190542340188712,0.18143818774606363,0.1872177888701943,0.1999521656819327,0.12097150746247866,0.17775388597500597,0.12891587812981675,0.0028956920877384242,0.024353301573314813
8.620763996321932,0.21811021027624553,0.2174315593701902,0.1861341479917961,0.17593894772065724,0.21521862988506196,0.1316549988171853,0.1671499395827238,0.128752624224109,0.002958308081467431,0.02406639908407766
7.81265153174693,0.22224554052877335,0.2159175374504185,0.18400339198194263,0.19001564743958463,0.19442749195377818,0.13263086093758983,0.16205432539392112,0.1298175978322393,0.0027847713097669557,0.025830568356046975
7.461145779740728,0.21424395363939483,0.21369178855613385,0.1767784754334952,0.18653349775146585,0.19679407623630865,0.1443631735920676,0.17819416559604728,0.12885280902537558,0.0036417249441296675,0.027754819038501754
5.765283406736362,0.20599351950340136,0.21857429485253463,0.18738147691586807,0.1797707521749818,0.2031022451262391,0.15104209362690804,0.18079752763705004,0.12816550298728716,0.0031160823222510714,0.02739825161694636
7.2742917950030455,0.21629216532537432,0.22728833238398494,0.18824280319786518,0.19440065360622266,0.1968968890664582,0.14416225787942308,0.17505071401924638,0.12993771643292823,0.004060499157646653,0.027142001330918215
4.644708240924871,0.2190274508840559,0.22942484939873797,0.18495707396342023,0.1950568095062119,0.1866527002327942,0.14009362432048028,0.17735596758501723,0.13048476971462786,0.003421450917284933,0.027884602598804358
3.861305125076996,0.21196654290250774,0.21077357189826734,0.18878756156276824,0.192509408630348,0.17636650481571714,0.16367859329278409,0.21305282942114,0.12825662456058232,0.0037004844610882036,0.027473515812635532
5.099239923580723,0.217441415823919,0.19859458692786902,0.19115152916808928,0.19644083834160397,0.16934179138474728,0.1647901702190373,0.20361969428566642,0.12798336829853815,0.0038421621344484763,0.02625675990345296
7.18321465169435,0.21657645656148428,0.1985262014119046,0.18783131047514942,0.18849243318525602,0.19049359451474207,0.17400725389243019,0.21523479117708771,0.1269815262387853,0.0031683359126644887,0.024836565995270222
6.165780702475661,0.21468948939827812,0.19764971107218485,0.19572124874095387,0.18791179548405373,0.1718190606604029,0.17062452485990362,0.2145866317463192,0.12713337045881629,0.0031678585828793567,0.024490566011276235
8.052855219045208,0.21866771545795827,0.2092669245349614,0.19472341071994917,0.20320724923789515,0.17261625243075226,0.17276600593853061,0.20430602985246496,0.12883137033555547,0.004372029625674245,0.024565660361655466
7.119672414143145,0.22179286058764533,0.20335363252896413,0.17643024694945283,0.19014277973059798,0.18896332163069368,0.16487634098143383,0.2167655760809073,0.12809560980313345,0.003458114624771567,0.02470830817333005
5.606176062557194,0.21382203020134163,0.21653531665113868,0.18564682521860498,0.1813391381855847,0.20097094868388615,0.1551853132188654,0.22022288038181026,0.12849894768973893,0.0029001882045797084,0.023739279009815917
5.702647001937311,0.2115367481104218,0.2309347715452042,0.1900556292580414,0.19190997786459943,0.1856558831346338,0.14249432237879095,0.21371995062621846,0.1302211816626174,0.003888161636640373,0.023880832331112364
6.954131101413035,0.21804643125845335,0.23037895676473313,0.18683791291004762,0.18325071908288795,0.19387738223295894,0.14538252670204477,0.21792541287475828,0.12964610419899752,0.004025858623220357,0.024104561014614178
7.003790228510091,0.21495667977259456,0.22598673403559755,0.1886990644454865,0.1757906159449839,0.20402514649975914,0.14301360552784437,0.1992683082744118,0.1295939694285536,0.0031613144629382734,0.022562191119128012
5.585038299045661,0.21135544259437045,0.22365698195480066,0.18949719586596417,0.18188783939117503,0.18955277420537825,0.1298041822318238,0.19142851099292535,0.1306653261466822,0.0031491503126207096,0.022318797208470794
5.771401957646413,0.21639444054270104,0.21240823993459426,0.18964327428952496,0.2028570322367372,0.17658304765786006,0.14331032730986198,0.2120133035274664,0.1303010500707445,0.003089123929486781,0.02193731966677317
7.444449277784995,0.21676755574839368,0.2027194909575548,0.1903283870595015,0.2031642916678796,0.1821896576105744,0.12254965846672078,0.20186599274176364,0.13038610057908165,0.002762502827726834,0.021778273709989512
11.28033828169602,0.2162325220493539,0.2144409091815635,0.19522475800505604,0.1976916305410936,0.1868147699320106,0.12100070093551149,0.2061007499511688,0.13020902169646142,0.002632395513082883,0.01916604150487359
11.871363110412897,0.21271885504335544,0.22141662124186093,0.19516010509233978,0.1885214352262868,0.2064638156058654,0.12087528967424481,0.20828661436169302,0.13031413199164674,0.0044158950645064275,0.01872654460560385
11.741973204775508,0.21601203435861033,0.2230052738909046,0.19426845546643676,0.1932573884187673,0.1961503237013354,0.11768870417494082,0.20246971021053986,0.13071767001324744,0.004506973462228077,0.01849153730618778
14.560835227517671,0.21403416867355549,0.23260732808135118,0.2009545960308556,0.18895464534399053,0.19953538608382404,0.12105596407924585,0.19527391263560398,0.131011202646597,0.004656846743042911,0.018908552604695796
15.938905259531325,0.21814818679321368,0.23173097209815896,0.1998130518326404,0.1766839534322776,0.19052964781661078,0.11504517472026868,0.18305324224939426,0.13115092778296017,0.00364364802425618,0.019028767618916746
15.64874814092453,0.21472425013760923,0.21565107834653394,0.19680712897553604,0.1801631613493801,0.1804068714990766,0.12306341490650673,0.18604052277692198,0.13069350576232486,0.002537221944252683,0.01906657837807949
14.069832848327172,0.21206101446102893,0.22143522400278298,0.20280012764901975,0.1841090315507715,0.17943295407124263,0.13169818808296027,0.18550950805554767,0.13072061936914262,0.0030999040699042075,0.01983898885938113
14.35978295810166,0.2021969845644127,0.21827369307740793,0.1954449069592609,0.17178876484820474,0.20586226058051774,0.12335739200344945,0.19694013654714104,0.12953144709103673,0.0027347052914033815,0.021325577748523023
12.57000507851457,0.21797405631106748,0.22600594776255983,0.198440352665695,0.18839239429118476,0.20211018993764462,0.118781767784329,0.22185478126371053,0.13024652436869402,0.0045419183175303725,0.019816220736188953
13.789234137740179,0.20671979008931488,0.2256271529592027,0.1996147870622876,0.18530939638404353,0.19459496359094677,0.1262754646546315,0.23981125230196157,0.12954866983233096,0.004320335100378372,0.01881120192875245
13.015745813009303,0.20766912633192802,0.22786234339183495,0.20146813615842943,0.19837085101947483,0.17195528550377742,0.125590088895488,0.2658216770149138,0.12976436977128458,0.004030030421903377,0.018539533801025222
10.215982316610665,0.1977465901719619,0.22351894716245488,0.2039210440518501,0.1808312455821553,0.18237594414850414,0.1473545078923145,0.2713706218302679,0.12804908150748653,0.0032193187484190916,0.0198977265452301
10.855531104181614,0.20998282807816365,0.22347539063719044,0.1951219958579649,0.17567544196100632,0.17657724693784513,0.15148336120277697,0.31205561363317097,0.12719089381667315,0.0029342550433684267,0.021584942362108343
11.20578290630693,0.2077043426072927,0.22140975803199092,0.19822212503845124,0.16216953964390451,0.20432187396649326,0.15705253741614172,0.329976777867087,0.12562709233827973,0.0035596008285410183,0.01804769922384854
11.649193774177593,0.2058384182457334,0.2354052853519128,0.2128436019903702,0.18214143556213097,0.1909949329186879,0.14752769774089974,0.29624580742006207,0.12830115999793965,0.0036350602301336633,0.018302370412374574
11.782512837984331,0.20225645881194568,0.22101593509476505,0.19583066042335345,0.16127213307291752,0.20396135037365715,0.14468448412042037,0.29826877048496875,0.1270238835630975,0.0024756481627801518,0.01822545130564938
9.56855655917558,0.20844465909432056,0.21921653517610437,0.19578396567341913,0.15215272107294234,0.20263449408328113,0.14146415514029378,0.2954134715978571,0.12679286953672408,0.00337777251781065,0.019104505275520947
9.809172202360818,0.21167973175507396,0.22622326922046637,0.20035552998052628,0.1686136964914491,0.1964918893699366,0.13226559874418073,0.28925872226970334,0.12813606398650668,0.00365515526253889,0.02095260752730165
9.785077581128682,0.21034611207722184,0.22557695552055204,0.20171126488648503,0.17267569672183794,0.19196170352164232,0.13820692668817558,0.29128919315396723,0.12794144002177193,0.003764875948785705,0.02348451692345706
11.460375380577988,0.2082281338640394,0.22248557288061221,0.20449680752318314,0.1892776139801011,0.19114983020409645,0.15072624964844078,0.28357364385119205,0.12828080734271916,0.0039052292261224503,0.02497570178223077
9.405569612696901,0.21590225544391836,0.21260508994935745,0.18554133291113986,0.16880060682243375,0.20321757854230613,0.14131876480169484,0.2805038772924721,0.12779385466971907,0.002821926197037805,0.026974294534554584
10.09573577028222,0.20365062830320152,0.21887643907606522,0.19706813148276695,0.17859445905082874,0.1862041393166108,0.1658063018159897,0.30070120507757336,0.1274290148276174,0.0023231412771527403,0.028657725413225987
8.90992045472033,0.2066409113905073,0.2170063972635991,0.19986964729661735,0.1920153029474415,0.1749879824483525,0.16888247765875786,0.3001656093088556,0.12752311037842276,0.00436238760721375,0.029082564224579353
7.550187091345224,0.21919634012954076,0.20517512225315385,0.18935456211887944,0.1806166120531556,0.18254640790954224,0.175561136988581,0.32407996169690706,0.12621141926234794,0.003939956401054066,0.029391042246082796
5.704710180463025,0.21060737883553077,0.2053222193097242,0.18899159544357638,0.1835746669482388,0.18485097338279738,0.16623274274913102,0.33917446330389217,0.12608198609471896,0.0037981905076651793,0.029963933591340704
5.397649647332534,0.2154567039083744,0.20057430675476418,0.1903494656872244,0.19698228698439593,0.1679378426596895,0.15538483971037473,0.36044517016363087,0.12660359489011158,0.0031835074474697764,0.03161035535620577
11.828955201571379,0.21991258838393424,0.1830470967909469,0.18694818760035267,0.18734927818786296,0.1725588681186236,0.14579733316517393,0.38312260418783817,0.12529530035697273,0.0035670592151156697,0.029912274565628016
11.244255037995858,0.21741942251862525,0.1930391668929024,0.19157840749554897,0.19065758684964887,0.18230258133044222,0.15948524553423665,0.3824600262882745,0.1251972424118846,0.003399668543695479,0.029299188891972902
10.135404218238072,0.21369378133708794,0.1870117643922728,0.18849270997570258,0.19271472913500304,0.1803910307997129,0.16115830198792988,0.36986076660414646,0.12505874376169357,0.003244470216181956,0.02855649852120596
9.77282691185783,0.22526487298399217,0.18983337330052122,0.17951706298610992,0.18929766376766807,0.19843250105361945,0.14096103421531575,0.36103232425758,0.1256551100941249,0.0035668537426275324,0.02624286188111649
9.366611780111567,0.22483538242741782,0.19270515871451802,0.17868990536533047,0.19834197955496577,0.18623084152406383,0.13091345794944315,0.3710001116871025,0.12613718166482443,0.003609782770741712,0.025372061610461287
8.545827338757151,0.21608835547890493,0.20290480558189394,0.1809132726174705,0.18717467886640413,0.193993270145651,0.12388283965009692,0.3956785420963544,0.12584869851558497,0.0038289745089178265,0.02494182156321171
7.330588136697581,0.20558934753259478,0.22285471494557738,0.17275279206869992,0.20486531111978276,0.18627191165009752,0.13815648619612225,0.43023626960508354,0.12614024667881205,0.003263632659116759,0.02374107787458442
9.647165754052153,0.20520267657837873,0.22518380129157994,0.1695307527612727,0.20591495123313253,0.18353932684860355,0.1376924168001223,0.40027609514307744,0.12750225886761923,0.0036494760513884395,0.024785705661147933
8.653431881135132,0.2144730245637881,0.22040009855285855,0.16919382081011872,0.1872882448562106,0.19321812049943607,0.13258723748492654,0.4106537220059663,0.1263921432038701,0.004122906728710745,0.02407919453552582
8.688689124736767,0.2119138341961665,0.22112235205657782,0.1625908382363715,0.21809780030648096,0.1797685669978749,0.15111396584857875,0.40788716476486525,0.12716069309091313,0.003379587791831855,0.021952499423606057
7.594732652063483,0.2166606943263888,0.21536969184367896,0.1612428878207898,0.21309049417161693,0.17938023085072424,0.1491979874100692,0.4140650919793352,0.1267723007127836,0.003271896729077327,0.02030562555280537
7.684948671278941,0.21228009054272473,0.2172979036240681,0.16963004961260322,0.21375165846228397,0.16006953821694264,0.1400599277261967,0.4085549458650195,0.1273966762871033,0.0031163732056559814,0.019481903396413786
10.655470130621826,0.20856227668817537,0.21116031166768262,0.16814033921584845,0.20591881516297916,0.16400326424856917,0.15615045398564273,0.42332147678237925,0.12611318251073017,0.002612395504217469,0.018001034617769546
11.00963334503184,0.20973890679476187,0.20824054368454487,0.1666052985238061,0.2119323934159688,0.16433516720161412,0.14333683638367667,0.43444536945369466,0.12608193524075073,0.0029251320354361735,0.017582155307701845
10.762094904113365,0.21826797469588502,0.2024363876189508,0.15881298485918943,0.22410775158929339,0.152635890882226,0.1626056727282552,0.4526464717515854,0.12548576872421544,0.0028251990985046407,0.019332557724752602
10.472813058378351,0.22011350614124087,0.20195182275978407,0.15261534753131573,0.22170941764865937,0.1648809994231755,0.16330093142435337,0.4526099735913848,0.12523491200237766,0.0038117450399532604,0.02026496123117597
13.1780575437725,0.22267332134006534,0.207706655204873,0.1574631462940657,0.21709917202449294,0.16669752819027003,0.15860557211321086,0.4589471547617142,0.1253909835103341,0.002992471976446841,0.019040811273913372
12.67122683750408,0.2169853017618622,0.2138658419612771,0.16740023158011663,0.22038490340399294,0.1609936819401911,0.15458564495120006,0.4628616357128609,0.12571514229041003,0.004006301326960625,0.01859955182755441
12.922325666823332,0.22570265221769503,0.2094557318075731,0.16280549665312663,0.21680902406579572,0.15917912576426693,0.16526043057690565,0.4513334769990195,0.12648057728588344,0.0034199589674383745,0.017887740024263472
11.35265211836401,0.21812240586464818,0.2037277118702326,0.16252797640965558,0.19423430317674215,0.1738295449660389,0.1719329803375908,0.4564375707288244,0.12498569801911108,0.0026309570770149757,0.018026393439737293
7.835160692975455,0.2135649445616389,0.21044977560530978,0.17049390472826012,0.21093373433634927,0.1668861689346584,0.16683353823852481,0.4481961627478958,0.1261288476582408,0.0030074570607657378,0.017232146452239763
7.865321622562302,0.20723976305101588,0.20724320405481234,0.176018436545349,0.19951787104059893,0.16420704268044403,0.17420127417494605,0.4489647586977654,0.12540893484792764,0.0034450947165489613,0.016262934582261065
