54.583560445810505,0.2607422887315771,0.2944545576156446,0.25579032779845756,0.24517216018028354,0.2504843647046336,0.22758131015597846,0.2417628032043034,0.22799127585117607,0.21070893645886588,0.20730724667998518,0.23499065935413654,0.27165860102500505,0.2707495060724635,0.353387591038251,0.25260486276664473,0.2833771179984863,0.25283480133816905,0.4814643601183941,0.1806467606628766,0.003534144302636739,0.01906953735730251
33.7914952334674,0.2609365665533553,0.24925631057733164,0.23752509211876385,0.2140923929635902,0.22368098386985488,0.2209125259958558,0.2424211111810687,0.21713492254185776,0.1933351806368117,0.18090521904693496,0.24896266816720397,0.25400828450821733,0.29739314120907046,0.3145589540846717,0.24718258294037168,0.23033619216060716,0.2438970345197596,0.23900594527164765,0.1680720633602226,0.003461724693450053,0.024383553433056045
19.72532801781882,0.26390149632126875,0.25917462801685087,0.24011072226369976,0.22182967209113474,0.22612427980367777,0.2165640791230437,0.2466088318650738,0.21777512980153035,0.18910006215690803,0.17442276184206806,0.2521632701094208,0.2514133055764717,0.2915199438891372,0.28962314148417173,0.2520985309024317,0.2116062201022494,0.24637220174398483,0.23262806171391712,0.17100926627885876,0.0036076044105740022,0.02423782862265851
18.072890993483167,0.26024683574455104,0.24677463851333772,0.23537881099744173,0.23057405654566737,0.2292050465888757,0.2127432092646908,0.2590309442610362,0.21881817152076913,0.19771647738478215,0.17635000425303596,0.230163587327136,0.2618269559639316,0.29943708865344665,0.3003115781576056,0.2522862651832199,0.21778351041674665,0.2344476067202478,0.23876255038675506,0.16860464580845252,0.0034383252225848827,0.023146645827263317
16.624679726622173,0.26505981612368656,0.2463183467375312,0.22764296935598077,0.2397798307728193,0.2292041229144379,0.20968936098003663,0.2585215771249159,0.21970263503363363,0.2085723490493507,0.17011984676432776,0.24130621726939233,0.2678109510581283,0.29353840098483835,0.30317986043056105,0.25133431105279147,0.22421191650267347,0.22756043036411094,0.2471391450727927,0.17084889173941825,0.0034149566998717554,0.025491274510234967
14.906119193483365,0.27049683241054345,0.2449216385053573,0.2421862442354968,0.24770450893846438,0.2307017031698361,0.21036399410699586,0.2512416679405643,0.21550201556775186,0.20606385986582632,0.16325949352188104,0.24178243696493368,0.2751442984583174,0.3105847941909989,0.3027178338690178,0.2539818190506267,0.23758216460033746,0.23406269553220574,0.24582446486235607,0.17125801432816287,0.003648635524471807,0.025766437650703824
14.374980005025392,0.2761855523748232,0.23433117661367606,0.24601472963515705,0.23987916437592743,0.23641048129093983,0.20857859504538293,0.25213032199715274,0.22278905063794946,0.20176513748976255,0.16396263981149992,0.23665619246992894,0.28048586405459636,0.3020131681851869,0.29482313092045026,0.26604186249396067,0.2393054838881961,0.22444912838760933,0.2597338832683556,0.17410861760721405,0.0034896611402521595,0.026099863704760473
12.14466062912815,0.2728184286928617,0.23762146029298484,0.238771695683399,0.25395216950892474,0.23451634757493145,0.2036727853679616,0.24943242542365185,0.2302823201007452,0.1871740086414032,0.16053952220835638,0.23521518758406165,0.28430876377565273,0.2957092097190689,0.3101629071173011,0.2602767532230881,0.24982709517140272,0.21920751819746465,0.2575497759981864,0.1712179351261451,0.003470846764333197,0.024978837937132143
10.940242737578133,0.2746489266443568,0.2360409907529159,0.24053516703704916,0.2595181841359956,0.2190587111793171,0.20457311515757037,0.2612865914276662,0.2190150623319164,0.18613245921838992,0.1685820004816972,0.2210034156481087,0.2978565999226005,0.3066641267736278,0.30398213535760854,0.25182221886614525,0.24360392502660166,0.21213138307243523,0.266762607101989,0.171175024110099,0.003461368364547561,0.025471467682054362
11.864279054187993,0.27952317451249403,0.24453187727305353,0.23829905244642752,0.25662441649411644,0.21566973207463735,0.20786150037064663,0.2515378445042327,0.21593455658742022,0.18903839068794107,0.18061322841482416,0.21724945884248256,0.2936710197524985,0.29608384347011046,0.27288657451188564,0.2556100190940837,0.25653558864018894,0.2225263104995637,0.2699679627906041,0.1695198988959831,0.0033596819077622887,0.025402489446418788
13.536985605601627,0.2744741012869121,0.25779073063392677,0.22423918976343055,0.26458227477257507,0.2135947871260534,0.20828415089671545,0.2672914957194623,0.21279445300597108,0.18323855557110147,0.17931356845894678,0.22877675039394516,0.28871867983210797,0.3071545192682139,0.2676170202155865,0.26521574337853193,0.2593724702712,0.23580422625461908,0.2676567979956292,0.17100450788163213,0.0032977113826832055,0.024807057546229885
13.202843222280897,0.25858276487764587,0.2641965749127407,0.21972836600030457,0.26152224151436276,0.2045405148409934,0.20483674359859036,0.2740110373066464,0.21003414923309688,0.17829614875718386,0.17320667526535613,0.24491922561912338,0.2765649667561371,0.2913457259652388,0.26163259272608685,0.2606187762904108,0.2628082912806484,0.2432454054180242,0.28596475707369584,0.16916682812924225,0.003324526847651561,0.025453815338272186
14.6135745022763,0.2608322041029658,0.2694821284545346,0.22519939617138773,0.26019846772268646,0.20132442909484013,0.2013886874866423,0.26643583253223047,0.20114207931370975,0.1722827199836491,0.17299660281003393,0.24498535051152814,0.2769951748252386,0.29114532529568926,0.27398793175724623,0.267818346355572,0.2643802358728824,0.23185491515523687,0.2878982635283688,0.1680229550240343,0.003594606442610736,0.024630765186975045
15.117150551620874,0.2659041767962235,0.27636996929110574,0.22351826320718085,0.25132208739345935,0.18984810894725887,0.2129580163959261,0.28419189828483626,0.20970112600442548,0.16922138132076553,0.17523725401892917,0.2476062673949169,0.2656419851497188,0.2928918906190543,0.2687618470589175,0.2745263012296034,0.2600573868606392,0.23124621839346496,0.2950160812685761,0.17100029394189395,0.00368201318804589,0.023471060185929024
17.25863884701945,0.26907192878745534,0.2745608157424775,0.23518727969543077,0.2583032878686759,0.1905295799262618,0.2188833133517279,0.2853252637379672,0.2173074426307557,0.16422015730925799,0.18407514914983525,0.2663683365398768,0.2706614620147915,0.3062213718766166,0.28225651505568145,0.26469298981532463,0.2658630024648751,0.23455699027213534,0.29697389033614513,0.1735247820120507,0.003711096912878131,0.022652563770801236
17.842218604454466,0.26894259672202636,0.27787858918776276,0.23535982000737352,0.2620649136905384,0.1844651431410434,0.2085905357834068,0.2771793922148409,0.21085405947412336,0.17894988411192558,0.1878873732819664,0.2576177857869597,0.2640690459625344,0.32064111447501975,0.29032195501524544,0.2747673583609272,0.2622952433367411,0.2359144372041156,0.3118763140480746,0.17434622154788865,0.0036629438794274554,0.022411091340827055
14.577090827177932,0.26701762829544134,0.2723703611940176,0.2357939729079557,0.2560852321851277,0.18255978137004042,0.20699226186705283,0.275822679299599,0.21257204891487474,0.16960828197875927,0.18917530535045748,0.2414078962510867,0.25706952147147116,0.33375089050587964,0.27379261000407495,0.26852148489777056,0.2768241765058724,0.2334421834467303,0.31071481791948896,0.17177505454062228,0.0036594784450005658,0.021580748988336198
14.381299951306788,0.26763332818855246,0.265110107854021,0.2253203271641967,0.2779991541999419,0.19289072559616507,0.20927726289286377,0.2824398760113505,0.21655491916081052,0.1646222244508945,0.19219822004232245,0.24447273541170245,0.2633197492625137,0.3363921206481616,0.27465696115194116,0.25954470965063003,0.26527870864273156,0.23172912347396482,0.3111942299781701,0.1738540291446797,0.003503796235835774,0.02116892974532783
14.58301324350149,0.2741174328606687,0.26023992547007097,0.21592845063347196,0.28263954637010014,0.19293046484583065,0.2169431546118734,0.2838790781456336,0.21202044308447435,0.16314462379132977,0.18354752319527845,0.2412622098174326,0.24783250276201646,0.3333846104536505,0.2968125993016994,0.2618067996262782,0.2651947709606428,0.23638432835700424,0.32358862095749713,0.17338412258740016,0.003505753604427864,0.02214480749846298
14.444779767579657,0.26241193848673816,0.2523287418093019,0.2291241155298417,0.2874560263229645,0.20094427010572746,0.22157267131954844,0.2836007707858684,0.20897963743182266,0.16474711408438528,0.18572748557946864,0.2529162322775202,0.25430743197740335,0.3231370707510441,0.30555941412646925,0.2565838782331365,0.27152775792150585,0.24551876219531477,0.3283066316626046,0.17435042689321437,0.0036514245573362096,0.021046667468108314
15.114153979194528,0.2637752577547421,0.2578247007972104,0.22292748356486503,0.28675768910500815,0.20850161972024803,0.2255315587198956,0.28208674325187855,0.20571600135276977,0.16981273248420545,0.20064970931511256,0.24471640168821493,0.24493123840456454,0.30607441798431145,0.3060230569436855,0.2487541593779657,0.27199423240266063,0.23078855823856015,0.3555729804187725,0.17438643106299487,0.00359357880570964,0.022450271407506123
18.01055662566809,0.27526719399057004,0.26839944830811674,0.21776218999261965,0.2891515587219042,0.1903923374883781,0.2237059106856235,0.28229780113834185,0.19830704452520945,0.16640273217887727,0.19823762730846367,0.2515790985671952,0.2575378544866906,0.30412299624877803,0.3238856942994496,0.25763849225663266,0.2695440889774924,0.24438938218379225,0.35613318807462285,0.17594244401833012,0.0039429999128574875,0.020743241564311194
15.014281916875865,0.27393472002976166,0.24867994209012495,0.22073992840049075,0.2899144555820097,0.18948230842149316,0.22296185138788951,0.2774011138563391,0.20341443107710339,0.1655883764900499,0.2018467036716106,0.2526678826592546,0.25157065329962686,0.31041967325881004,0.3060348797580786,0.25680993525751045,0.2880852601781277,0.24103378728914818,0.3449325154528019,0.17551021675591807,0.004018564331167813,0.020198082510215595
14.600045772619282,0.2710716594709883,0.26138234586605946,0.2179495961190544,0.29214413129565736,0.1935118814232744,0.23250299327622162,0.2640459110022337,0.20104811278085266,0.1651727154918978,0.21470568805248516,0.2493572879884406,0.255079176721127,0.3028374089530525,0.2966500480144357,0.25870256110079926,0.2893122988813595,0.2304274793979106,0.34476568252074097,0.17518933567616776,0.004003135492236146,0.02058943321073426
15.190293425126972,0.2640391564691465,0.26367792092513614,0.23121056632967865,0.2936333279176819,0.18572379022703192,0.2239800003695092,0.25994859514593804,0.21252430621697652,0.1670602657252202,0.20868823464429379,0.2507236601619483,0.2545103190814272,0.2940793537631025,0.29803845787120586,0.2524621748738118,0.2816487778360285,0.213615596109049,0.34935332232443683,0.17242389851391118,0.004208571180931355,0.020358238074644656
16.832485724437408,0.2554175194052536,0.2751837457788951,0.2330154679753109,0.29416912301195863,0.18600178375866966,0.22637047564525925,0.24775381764479518,0.21406158643509818,0.15769539832207907,0.2048485673178244,0.2501737251367785,0.24007846677294065,0.30397058549112654,0.29934388848983684,0.25097929270150016,0.28979371445365637,0.20522453195254955,0.3605102901104566,0.17387409361311953,0.0041682869136916365,0.021105683622307827
15.076053953362997,0.2540272805672362,0.2695550544747653,0.2266018310939395,0.2836666234126589,0.18618594753061338,0.2293379172137108,0.24777622811147776,0.21909259025650357,0.15630221090511792,0.19370238705066392,0.2554686192852218,0.24923426536941842,0.3093597998176095,0.30146607221822846,0.25410303293135217,0.29249810984105074,0.2018545970860152,0.35937075126973606,0.17524205198275702,0.0040062265659246065,0.021567924691420905
12.75753235386333,0.25368377215893956,0.265377810131239,0.22282148091420584,0.2706797581797551,0.18212963251945363,0.22330254780658867,0.24308035542402565,0.21693733482738203,0.171693777491037,0.20838964382826297,0.23260487010834194,0.24899294455907886,0.3138885065503911,0.2961068365722056,0.2551821571062695,0.2919732364769803,0.21296312987319246,0.36393095864803365,0.17121071409444086,0.0038844771594717803,0.021726040481097282
12.787254928954194,0.24941481187943865,0.2655107457295613,0.22258527688714563,0.2815240801284112,0.19487943282848413,0.21543145616729872,0.22937727337466862,0.22192601164688672,0.1755116909090717,0.20451387302563306,0.23152259163959443,0.24959462883441358,0.31740465296401016,0.29030975239111684,0.24244521476947323,0.29267035835531435,0.2084128132109474,0.3482422086142075,0.17068584979860663,0.003941905150901466,0.02346700836496164
12.98265340853418,0.2569524850529048,0.26778441966374217,0.23295315746759374,0.2907996345239843,0.20908431574359834,0.21927501454403492,0.23918193965885884,0.21467628256825022,0.16909863285013937,0.19623028639014994,0.24615188810696823,0.264120650133115,0.3112401304954976,0.3061885762833859,0.24096514316834597,0.29587218360706263,0.2043075046943091,0.34689616133207285,0.17252767336680871,0.003854716143203407,0.024502867504337434
11.146579081806442,0.2518731660555207,0.28099204281328205,0.23050543373629917,0.2793763148735382,0.2126441154087017,0.21335110115377773,0.232560154618272,0.2123030034376487,0.17375953561110563,0.212353157718803,0.24065693345439915,0.2512698852585944,0.30582002398871894,0.31569343283884155,0.24473106546095105,0.28822933104958076,0.20832603472824363,0.3547886251338059,0.1725023238752327,0.0038233310967838814,0.02342115253907146
8.752408811657443,0.2427066127063892,0.2857721104817519,0.23935248893083733,0.2595949546751862,0.21279399300293803,0.20920396674948352,0.23163789899298623,0.212139878159956,0.17772960034888063,0.21256458326067038,0.22790282688929794,0.2427899293580585,0.29720267887145,0.33090914951274253,0.24013650329710803,0.28551349344944066,0.1998574392890261,0.3510926476530659,0.1703262572028717,0.0036844848431205855,0.02273075195036658
10.640283608358766,0.26219601959155653,0.2818133125597741,0.2279729769418519,0.2690945666278216,0.21924149648680857,0.21200475150541032,0.2296703766813993,0.20726013362508477,0.1804097690465258,0.20656199012125437,0.2452095420368639,0.24469196612049285,0.300159749346846,0.3308190769112623,0.23419599615843864,0.27689159108169836,0.19602928665310726,0.35248366835852607,0.17004614327252968,0.0038202690280508757,0.02313529119998806
12.703795615499876,0.24801889194216217,0.27984796632721654,0.2378535737776699,0.2560529637731941,0.20542374511161407,0.22078315486929,0.24146687976301412,0.19835964955715948,0.17630767525460245,0.2063284577473304,0.249780493596702,0.2484562888616332,0.29323362967429345,0.3396768518449636,0.23726564959414026,0.26830872386046095,0.20483289921317743,0.34851892117404243,0.16980668681325659,0.003876653518803594,0.023434386492374937
12.787900759466622,0.2567174877082721,0.275291516563341,0.2265563246697744,0.2535915463836595,0.20274060975987462,0.2278373194637252,0.2338841765548143,0.19472638454307836,0.1840381673333208,0.20563237601380305,0.24878992892583332,0.24274558776601413,0.2929241149843727,0.33433976209921523,0.24091905116441084,0.2547814968773225,0.19591613348027753,0.34340301204722573,0.1701608807064026,0.003910680516639532,0.023260459361119062
11.433963332434205,0.25660999503391607,0.272711714882928,0.2314252499790813,0.26220196004783325,0.2014497596449234,0.23492562506726308,0.236740328515476,0.19182989994217609,0.19604134053064404,0.20116752656962214,0.2456620962384909,0.24584267358938822,0.30634505397423434,0.3336159309608425,0.24530877197439793,0.25421671588355277,0.20497893986914284,0.34289113191828563,0.17298585324544297,0.0038147127604414998,0.023048215693243664
10.126075106854236,0.2715518621433836,0.27957919477510296,0.23412645918784672,0.2670074853724136,0.19706205213433947,0.2311186957747437,0.24402303346010043,0.20771614004547717,0.202716850813038,0.2092383548441565,0.2426213422528916,0.25817685446408634,0.29908806420560247,0.3306604193619255,0.25150270007297326,0.2522025909251919,0.2139546947631836,0.3424591918900983,0.17563715110984093,0.003840422412605265,0.023837365426367985
10.01712501087822,0.26486269181977495,0.2775462988576308,0.22963526034026696,0.271901978572168,0.20123093156528615,0.22353050186650128,0.23423311829992705,0.20831285423451074,0.20205378307080132,0.2147498583809721,0.25679646386050087,0.25795058358395473,0.29523939186087267,0.32104548669367744,0.25542438205424,0.26606841237847034,0.21086656086407626,0.3323258504607035,0.17696168102657414,0.0036570030356835098,0.022918614076400376
10.907782920478516,0.2596761510605683,0.27306586892500695,0.2286574495717898,0.2755037942468021,0.2053640217777183,0.22501470626656664,0.23434091688807254,0.19941878792186912,0.19508391096185224,0.20884284853308185,0.26147549737858056,0.24798408893828452,0.31662071497382566,0.3071636259397319,0.2611401222396471,0.27395845173696726,0.20778901105715994,0.33016953616277833,0.17578625682450666,0.003781632096263585,0.02077409887735841
9.060994026559053,0.2639865333439983,0.2788439337586338,0.21397871398496063,0.27229645568886945,0.20190523622615852,0.23086621042699118,0.24999904102083026,0.19242560323449975,0.19658771100524539,0.20332252921102556,0.260301213181341,0.25012479058486875,0.31583650083765996,0.2969130673279972,0.25411615384083763,0.28339637909729576,0.20534478079006652,0.3288340195889079,0.17135765319471144,0.003885246313418446,0.02173778034264231
12.183944919109962,0.2755551417506997,0.26735273043765617,0.2052577866766162,0.289522062359712,0.20059511975308508,0.22985933017625032,0.24642893778814365,0.1916556405710358,0.1919710765328259,0.20576603988756242,0.2731088195822311,0.2599905178839255,0.31145013344527916,0.304215991467608,0.2469330243156969,0.29491176507569394,0.19683319034870383,0.3262399100732237,0.17447966230139136,0.003899420920295616,0.022560095292917717
13.975496971001494,0.27028220192715074,0.2708142144022932,0.1959255303115396,0.2970499525053064,0.19700903826365906,0.2276045982329302,0.23984183452357863,0.1903557510170234,0.20097628808940066,0.20049524291379037,0.27211896084149206,0.25788958663597056,0.31450214136105215,0.28749551759454806,0.24436561130036497,0.30303077609744405,0.20355274520132058,0.32953659412809705,0.17361624959775246,0.0041672402691629445,0.023638187809852294
13.798008493661733,0.27093489391693143,0.26489983860075894,0.19461334757630003,0.29430005850777413,0.20059635135155998,0.21593598639000983,0.2454993774881496,0.19599938112115903,0.1934361256683693,0.20865360583669704,0.253677172497595,0.238858776708994,0.31896219535940445,0.3033213471806342,0.2304197813018366,0.2937906652400883,0.2001208115451962,0.330118690457636,0.17202665330121072,0.004161916741550296,0.023560830155271557
11.489649008046605,0.2745991877044573,0.2755910753992487,0.19032760491796066,0.28331870697124684,0.21237677552815207,0.2141010234300821,0.24628004210199145,0.18742825589430007,0.20411641744699582,0.211539857035637,0.25541420257098263,0.2469134268594396,0.3142145789086191,0.3141912475350422,0.2280413707854453,0.30276020317386326,0.21208298085831107,0.3213274196961352,0.17412995932168027,0.004041925573532444,0.02505679676235138
12.113735337934978,0.26948620850744953,0.26813759701432094,0.19490917500648597,0.2853767796997373,0.22313303714603103,0.20459823069162708,0.2375490643503283,0.19063579683489348,0.2109851537955841,0.21367433690839369,0.24900413888778344,0.2456770443385347,0.2985916281459148,0.33203401487656214,0.23241532006404889,0.2996497843466376,0.1984300685924407,0.3174142670145158,0.17399878817588452,0.004071653335800545,0.025386134602381177
12.704361541195285,0.27171009916589295,0.2791738653531372,0.19197323418355824,0.2719381664869748,0.23509163883739062,0.21054648933977838,0.2354926266065504,0.19318785985386328,0.21365397127653563,0.2113535360788502,0.2527899449111355,0.24761421478001291,0.2814695040111892,0.31368406070288546,0.22783894271962493,0.2986315460469664,0.2010790705742821,0.31919646180134403,0.17378040813273707,0.004171890686311725,0.02549057617742832
13.788712521926417,0.27129572172183264,0.27751394807449004,0.18482659872933618,0.27077908965628983,0.23554805173592636,0.21214519739563986,0.22651876109479818,0.1989627797268512,0.209275898696171,0.21041555326312758,0.23081041628354265,0.2519343722778114,0.26875261574480935,0.32203862284418133,0.23636710909699205,0.29314724955548405,0.20569224204993805,0.32289465921144095,0.17358107347469787,0.004127969667813838,0.024921015479533563
14.682322020807085,0.2715902407913702,0.2802928688268198,0.18885948534448704,0.27523733396360534,0.23373802725332998,0.20723349916206246,0.22100560033185232,0.20512475714943448,0.21795276052818022,0.20596086737995675,0.23391021491839517,0.2578426863023462,0.2850751813336487,0.3293028272030707,0.2302789197739862,0.28387995645118247,0.20011586371299697,0.32544138146895263,0.17444013374221595,0.004307283523683252,0.024645677896645953
15.084431121590528,0.2722644700743984,0.269175451243849,0.19853756161936392,0.27018023858561874,0.2360017661641225,0.2122703902548005,0.2225478726132608,0.19673032920412392,0.21805683812340076,0.20861235834584296,0.24011052488507803,0.26739496089518744,0.28064482515747097,0.3266550105109884,0.2262097316591222,0.28925101314647267,0.19079181810796758,0.3290758650334895,0.17323315581028043,0.004519817752379006,0.024213827290985496
16.45321535921272,0.26130874713221913,0.2721840161521778,0.18804698537043446,0.2807130427121217,0.23646389528008924,0.20517345603682155,0.22310372505969692,0.20013464273375828,0.21480950239188976,0.2023320843931219,0.23839159307212238,0.25823760699475606,0.2864388101933975,0.3240695465679021,0.22634419770631475,0.2880307038278621,0.18324985120503862,0.33641742614634723,0.17012761790770303,0.004370640275876258,0.024281544637612503
15.965842234325997,0.26396722791926347,0.2794329124477333,0.19325620135481064,0.2936343610281635,0.2424735485132735,0.1942810998429841,0.22905632891352667,0.19877384808684145,0.21556022646371545,0.1998658504194699,0.23699794888735048,0.2578817872127202,0.2858912133732334,0.3235083394052584,0.2274038300946164,0.30041876660738237,0.19073925052443075,0.33366814342454665,0.17361379154398635,0.00427586159996265,0.02597101366775711
14.01829460016902,0.2515424786127017,0.28408049386712303,0.199303522619096,0.29617082352522395,0.2477631534184419,0.20235135377662655,0.23216859645938498,0.19930470917353754,0.21976251304436362,0.19709267686662638,0.24076319568637625,0.257476717272363,0.2841692266715502,0.3161084412255205,0.21636464315095763,0.3061455313147167,0.18933498730397033,0.3288606353991707,0.1738447137281526,0.004219973947632518,0.02712425961326101
14.140438946880957,0.26638906739689944,0.2747949173896107,0.19853834418268013,0.27753558867162353,0.24925415503198994,0.19029999539958245,0.2315182895395951,0.19521725789685282,0.21791021151495968,0.1920596427566651,0.24122183755177795,0.26369105530143516,0.2964699716426833,0.31986930063792757,0.22155257500954376,0.2941258716717429,0.19948320989779703,0.32538893709172767,0.1740886399872934,0.004243166818884066,0.028801226860205136
14.104231160288322,0.25339816483049604,0.2891563252035625,0.1963566681897439,0.2805564682386484,0.25447525660751685,0.20234263645783357,0.2312633185757768,0.19921272744826454,0.2220819437393631,0.18663901843759426,0.22848801332674606,0.2641988422000686,0.30232607739248063,0.31376603932107805,0.22119366777488472,0.295977504400773,0.19348839087357705,0.33714691753178233,0.17327333520649688,0.004096540579905869,0.029194205077969358
14.21098487498497,0.24012325518491198,0.28895271479351575,0.20088682249934123,0.27426456566425106,0.2527623034069053,0.1881653555025676,0.22633429994356064,0.20411216293243303,0.21722004347323054,0.19333212698460442,0.23179345450416758,0.26007003634445525,0.3107476018674294,0.3072562482232681,0.21916829786260097,0.2950783790086082,0.21180852824916951,0.3364222481512136,0.17105378154159748,0.003961310659827428,0.02825733372021023
11.494337983281293,0.25711292459154905,0.2912496718338201,0.21328105861978108,0.2689521353155976,0.23579635918304767,0.20133322950178872,0.23607037461270666,0.2059181467939508,0.22020871699960298,0.186561785009921,0.2458998837949296,0.2554684111199819,0.2953040434208175,0.308667128795437,0.2198242741138033,0.30384401662034055,0.22445740783860063,0.3328136380819561,0.17561531811080627,0.004028067392020287,0.028386524601818505
11.508668767252937,0.2455996951488675,0.30695752954334093,0.2227420919471437,0.2606983526346587,0.23536329241683435,0.20691298239526115,0.23086106983732724,0.2006649627817086,0.20405550752069918,0.18588264534733975,0.25885849481298817,0.264633185494176,0.30270956186105347,0.3180375362105447,0.21956261385107936,0.30863604579706627,0.23100522370624077,0.3278460522891294,0.1715988021221429,0.004105382778944055,0.02898162076394969
11.516946125169083,0.24878180657307963,0.29926750449894407,0.2266562529435211,0.2637883952141199,0.22715030939611147,0.20350071696085584,0.24661101680895278,0.2008340406499247,0.20528943886686812,0.19923286676255353,0.2589286442050269,0.2663001999919121,0.2975924303047417,0.32308472802967336,0.21951885962916864,0.3091062294307754,0.23184051521194673,0.3315064822727012,0.17499820833487267,0.0039414100114796855,0.03023174556439109
9.457004111443743,0.25229423247088034,0.30797050443277213,0.22809315022613544,0.2736979720321833,0.2329560459531557,0.2145251892982192,0.25536423469780123,0.20362955411710623,0.2039012993334326,0.19520610981882733,0.26268185329580135,0.255291395855686,0.30052204168347885,0.31816462549047414,0.2250610418426793,0.31280369883268344,0.24305042067709648,0.34277451682964344,0.17867408372906338,0.003942031085001954,0.030278514658302388
10.866984187872424,0.25256777372843525,0.3053652840956444,0.21955344074503874,0.2683652207455128,0.23596042259423428,0.22370900438495528,0.25178808829238475,0.19943089459431423,0.20131937880349288,0.19211104506856508,0.2657472933823719,0.2697687943127281,0.2967139993117229,0.3139129272459843,0.22092223475860245,0.30989262854584715,0.24404016395683822,0.34109499001648524,0.17644927548817718,0.003928616376542801,0.0296944905694179
9.916450527974614,0.2562811994859442,0.2938554744881518,0.21421519753522159,0.2701380784222916,0.23339642496456905,0.2236013669979714,0.2628953572958046,0.20604723523208335,0.2062834534381068,0.19688778582205588,0.26457257829819564,0.26380169462212094,0.2989412096592979,0.3226273257146993,0.22209419729272148,0.30298863476990906,0.250793390085911,0.34448742535137356,0.17760443794543507,0.003874360437551734,0.028489519603684316
11.76101008788835,0.2718208397693331,0.2944319766075932,0.22293202095821457,0.27477192540497253,0.21408068098399197,0.22243155979966836,0.25619229012373845,0.21219504088126062,0.208602311984882,0.19377479136081827,0.2607202199546755,0.25967711402108823,0.3026256631487293,0.32632591152204454,0.2319439258264383,0.3032549972925306,0.24525189962697408,0.34105248233347074,0.17653043681422514,0.0038944631285197703,0.029212049670101943
11.338336516873714,0.2671029526939878,0.30320448003118844,0.24527392041058316,0.2841663990919271,0.2193571659574958,0.21555447380139864,0.2580792869085343,0.20679637106572402,0.2136443520526007,0.18893562386644325,0.2787876088581621,0.26277201849223963,0.29151275860726306,0.34096632795603177,0.2320462169596021,0.29837921767605813,0.24937057728048237,0.34168471952524687,0.18153386330384763,0.004019777985377857,0.029065035148534736
12.49096032025307,0.25992868517992157,0.28495484588872294,0.24666393651951116,0.28569779690325275,0.20852917093022788,0.21767282597103238,0.24357018418653167,0.2021625385292798,0.21534013052398296,0.1933031595495954,0.2590005208448802,0.25398481839038967,0.3030077392177185,0.34863412012968464,0.2287960290147089,0.3033645396604461,0.2492495056968523,0.34021276589059196,0.17780870471475713,0.003973752098865042,0.028517986729481797
11.42187140292408,0.2594467883543758,0.28438759214490983,0.24046776610344914,0.28572372451690375,0.20916673898603086,0.22352833546993345,0.24293108540802033,0.20655295102697052,0.22259884423667664,0.19176742246207626,0.250942192703849,0.2732520930934005,0.3085656557155871,0.34296510751569265,0.22255531386943905,0.29480903062017677,0.2520136858403922,0.3351817984731394,0.17950628777486202,0.00410920297199104,0.030024499527500904
9.28978863006985,0.2670906473968127,0.2907484846685718,0.2406425474819443,0.2938592188225713,0.21300647181162383,0.22416530650145614,0.24263925600462619,0.2107956514240268,0.2248447788146758,0.19190806396912694,0.24414248448468207,0.27862163525585415,0.3081299444942531,0.33766516169789296,0.23260958480146382,0.3024593388294335,0.24875644719459433,0.3339868459910493,0.1804571659712306,0.004099000689952296,0.029084382906872423
9.494864673147628,0.27172473943395076,0.2751987648844781,0.22762258122581483,0.2867425540498405,0.21048861985138864,0.22178101304024958,0.24129336827045375,0.20073320104575043,0.22456352622459094,0.1913072228002131,0.23206349940524307,0.279568089792756,0.3127897043951373,0.3263619953299196,0.2393177548927019,0.3073463567901753,0.24189801525966975,0.33900423491514303,0.17792060985797092,0.004011175109879374,0.02917300305967076
10.096510358109429,0.26874087687724174,0.28263470498050586,0.22701504891001067,0.2859227519883334,0.2239458800224697,0.22195537676013571,0.23844650703808348,0.20783233234094506,0.2367877026578468,0.1958884540509349,0.22954351792672287,0.28203552079140587,0.3176718604064722,0.3275926702031984,0.2339887069190919,0.3073576519683256,0.25215215514310885,0.33181994249390234,0.17875401797942672,0.003975548385609648,0.027302961349219702
10.863201386714222,0.2611951185996153,0.2807398361122558,0.22882218569210222,0.2893125620355273,0.21524670708789698,0.2223373721361423,0.23677614995622812,0.21635277692078111,0.2382281418556206,0.20315494379100119,0.21786442314693322,0.2901029496722957,0.2994013245500995,0.3351472315840441,0.2410969272587027,0.29905582320164575,0.25201779774522504,0.32941958753645345,0.17999294483422978,0.003977528993502182,0.02725327194295446
12.047235668912775,0.247620280819847,0.28655917257660113,0.22257145982172882,0.2986474032353092,0.2090309849087703,0.23061490984293287,0.24070367479690094,0.21459879277790353,0.228619135806343,0.20347785543921718,0.22796782061553073,0.2800213686940341,0.29707084001708817,0.33874487095935535,0.23212364156215035,0.29168423581185726,0.2511984441649003,0.34157062272957905,0.17657284818070795,0.0038802638558603957,0.026345617717507448
10.577815465730822,0.24892846721397338,0.2890171700854107,0.22907700407202494,0.303121961198136,0.2057564881337071,0.23292135249507281,0.24086938752840245,0.2072044244887908,0.21288383536071465,0.20883030076726897,0.22180748119698593,0.2691601362972691,0.3004786726091705,0.34601646134709635,0.23828061468994252,0.28721679915400966,0.24032614603876654,0.3517152753160785,0.17762629690680018,0.0039002202627643596,0.02599327281202176
13.010046176384694,0.24671939885019603,0.29300285106965357,0.22276589117759005,0.31661270169728656,0.21145053685415655,0.23053547858587853,0.24210799327995305,0.20381745483627856,0.21958070348689773,0.21282335339985498,0.21758588403032636,0.2744005322755948,0.28838713010484723,0.33651685977393037,0.2287827175470192,0.28879926471157774,0.24050584774006198,0.3651324286356772,0.17943136248050154,0.0038115607871353147,0.025941253762447786
10.767204745589956,0.25622864101730913,0.28381426946768756,0.2234456043953628,0.31452281234726154,0.21096455008379458,0.23729614325273332,0.2277829346451474,0.21219224349521607,0.207221806843609,0.2245378363932986,0.2204846989814218,0.2739335418126369,0.29479097756647515,0.3350065488325091,0.22485090466192506,0.290759364965437,0.2426886100916179,0.37272626098898065,0.1771484868514654,0.003945030405163243,0.025585042503165147
9.468962740743017,0.26112499673928313,0.2858403115574143,0.22652430767427173,0.30385577248831014,0.2168452648391137,0.2418588556957499,0.2354434974028433,0.20506729767518675,0.2079046894366491,0.22734904996298547,0.22247100373639653,0.289579892272768,0.31173891641994494,0.3535024762410554,0.2320512109402902,0.2969703063489062,0.23753933535254465,0.3737152317789617,0.18081548275816692,0.004011750450375084,0.025527979048968037
8.941186316635699,0.2546037648008483,0.2896917554260581,0.23283253582491273,0.29254726203013254,0.22433724133210406,0.23525889635293962,0.23712234755534742,0.203470351162734,0.2000580038163245,0.23198268956235912,0.22376733454812436,0.2862653083779971,0.31010960893998313,0.3353992680050966,0.25203823803325465,0.29478466357234195,0.25305622073230444,0.3733228012189158,0.18138049879976967,0.003919184475900664,0.02609761679437389
9.820676192667543,0.2559281655081396,0.3024485806600036,0.23915773549515387,0.2709186112452779,0.23124824394851012,0.2377393024535676,0.24378745348197534,0.20968292321812826,0.2010933351430185,0.23259036158246896,0.2401750826872439,0.29629733955735493,0.31625983524795404,0.32931547571205844,0.2447135349538937,0.2949875436669064,0.26086078008441277,0.372915839704858,0.18374436746772266,0.003870555881656526,0.02575156711872264
9.252767165342444,0.2522742293821877,0.2958644587496117,0.2396605557162139,0.2800231202774494,0.2204861057774818,0.23276212688520911,0.251124103888101,0.20551157944870377,0.1995068379923575,0.23671087244665653,0.23959047622084081,0.2907916844375772,0.3176293772811685,0.3337199425692336,0.23926634989378634,0.3143395379265372,0.24896278475090158,0.3602706209312225,0.18013398680063292,0.0038616364879494602,0.025963474491195387
9.040600906625675,0.24609331056953784,0.31461393017104283,0.24303175822979411,0.2826007182866148,0.2268964312548513,0.23724133033801545,0.24935928247120512,0.1960331290243094,0.20205927918828562,0.2492305743028781,0.24007427766034822,0.2790220194397067,0.3160755363910788,0.3367602285805597,0.21925590367239897,0.3143025333498157,0.25102650257372916,0.36801437494167605,0.18352819668384546,0.003921168283739908,0.025601962418410527
10.154688438810371,0.2536719739814682,0.3073535392218482,0.23688573677074162,0.29211105246817753,0.22121675867577928,0.24137257251758606,0.2489219086386432,0.2096935717140495,0.20516729616595275,0.2505931241581222,0.24298442187329897,0.2762532818486147,0.31675039570693453,0.34030338265128246,0.2271610016573413,0.31427532519534923,0.2539233216388939,0.36921866225787286,0.18486405369364423,0.003910879428674514,0.025860669023258728
10.05256381285209,0.25775855074895293,0.30766073327628807,0.2309873295971596,0.28155519541415697,0.23304922988232554,0.23810225959163767,0.2535741511607555,0.21800764976096976,0.19958372006543249,0.2430484360300706,0.2396887878680257,0.28122504618569205,0.3090076521218923,0.33778470960185514,0.23298310769212002,0.3144094311795665,0.26081337454490344,0.37319476143719027,0.18409252376533122,0.0038810104156233234,0.025962523235483675
11.20878411882694,0.25843283803946254,0.30885204065540317,0.22267422944770682,0.2785436421897005,0.24550280904356547,0.23912446072667923,0.2325957993942095,0.21681481310208514,0.20016046945993488,0.23155122834588268,0.24725584440055765,0.27509643914174026,0.298348382809788,0.33015811802492595,0.21928330772423865,0.3159858076356592,0.2513589357773672,0.37821692877065677,0.1813854274970512,0.0038809982251220977,0.02635838572349262
11.447534208387824,0.2676063311353781,0.30300850899493253,0.21520615769617032,0.29104182394205313,0.22894440656545334,0.2280647787970934,0.23198363603636254,0.225582011457402,0.19961699607799913,0.23524063620259267,0.23856140252979846,0.27433917033880323,0.3048382588061426,0.33419160935608894,0.2223757629399376,0.31591980523384383,0.2540159859249845,0.40173471521854154,0.18099257966469834,0.003959442545781841,0.026077387692769523
9.681412958503397,0.2673875137549085,0.30416010337377314,0.21022665324399623,0.2915832050520615,0.21758593499016507,0.2299348344962415,0.23041066705688837,0.2197783570473267,0.1948955518515213,0.2359726279063253,0.2467185119495663,0.28171478930684823,0.30714742283487867,0.32555134838065064,0.2197059917097604,0.31511906585403426,0.24928047340535592,0.40837922736360616,0.18136401595098828,0.003921413440986727,0.0270098355836144
15.255404787198485,0.2696544307550683,0.31169047602226013,0.2031085711405703,0.2963549284847167,0.23423690357253119,0.2345232920556969,0.2336011508780196,0.22587975407625688,0.19307886611015612,0.23882909047601494,0.24164947874937676,0.28355629795713944,0.31572789475242397,0.3161531416438679,0.23260024270172547,0.3052754943187023,0.24828601156987215,0.40180114201735245,0.1817556456250413,0.004003358761937209,0.027996959971882403
11.690146122995582,0.25386724844575226,0.31926486906354634,0.20753308709002496,0.29715384513124604,0.23230917446764232,0.2322622861534676,0.23157586453236526,0.22100033614288028,0.1877976561821659,0.23620459508705335,0.23686894480179055,0.28547887421530677,0.3244792334085234,0.3142243792521086,0.2331920773913227,0.30541755091657996,0.24514609884831998,0.4030060309325215,0.17878516415069926,0.0037167455864243384,0.02838823623643177
19.354219229178543,0.24523593210904707,0.3265687852430231,0.19765001586911093,0.29056618179108773,0.24514123699209966,0.231426284246305,0.23145873813423518,0.23437814763033385,0.17789555060180579,0.23855632330651733,0.24836299056776504,0.28348586695381367,0.3109292140112619,0.32190151877875234,0.23658979637288347,0.32961718805922335,0.2473679579917068,0.4004649378574195,0.17922442746255793,0.003803293487356613,0.027054315657538804
17.974466037190343,0.22944965106521187,0.32710721290635963,0.20247406133258028,0.2880663877020599,0.2470565424870548,0.23281592610804427,0.222519561566679,0.2409124138376633,0.18302363404130528,0.2338430868712871,0.24913294714771234,0.27337135580497457,0.2961912247077961,0.31598987584876487,0.22990001656355166,0.31937115465106974,0.23460470710519196,0.4074861157673935,0.18091070836981582,0.0035950543789627864,0.026564784496198326
17.27383107138442,0.22230623960848467,0.31755109146977667,0.18504613367932524,0.2831683410483443,0.24046767800755323,0.228722116008018,0.21794156316000343,0.2461097336271449,0.18056643161691127,0.23604359548953968,0.22576620838261435,0.2720075976478051,0.28280488094830925,0.31253406737029665,0.23181016570938429,0.3169932996921968,0.22381555168040176,0.4229387989850451,0.17522644797356526,0.0037235890506973706,0.026866659025465853
14.516866108144466,0.2389252392461339,0.32647648791794676,0.18051664157960598,0.2850267824461693,0.2339028544714374,0.22563303374434696,0.2213110949429277,0.24496919533543726,0.18904195644718766,0.23024379368713585,0.2354395142892461,0.27003082351070434,0.288449613171655,0.3125615514968175,0.22937664205299463,0.3187225387270848,0.23067988437685027,0.42841850331799,0.17662201555920837,0.0035992866955837956,0.02668799398611412
14.396607232600028,0.2355967783627061,0.3249594842003861,0.2017208423532927,0.2756006201958718,0.24002299190928272,0.22992408167477366,0.22024834409590358,0.24811570758569534,0.18004744288492075,0.23714991620327355,0.2495678268396841,0.2735944288154269,0.29551405928160773,0.3159772325281794,0.22790988027561424,0.3187032653560489,0.23544148976963677,0.43119214255892185,0.17822446779661683,0.0037341281583178013,0.025959003558329447
15.808228948657458,0.2307568200940517,0.32690385551567636,0.20301932723611385,0.26624192464603275,0.24342494324587832,0.22909314328328664,0.20677202478949114,0.25885842753610744,0.16853541765479718,0.24795254027853614,0.23317569954288922,0.26890132594297067,0.29860256467047985,0.34297235605950815,0.2314096783628869,0.3000820516218083,0.22223674483197908,0.432641881210013,0.17844481263586323,0.003602642405739414,0.024969668742968156
15.358374503902867,0.24001408953592898,0.3295452969018313,0.21124266763416488,0.266679069156869,0.23728827348364806,0.2356974273829365,0.19756147333871346,0.24856788939287885,0.17314268065934796,0.24187910384739067,0.2268260061262841,0.2751824819899674,0.3022770100798373,0.3477071353406648,0.2312336349735765,0.2938725323929511,0.21557164283816618,0.4367172195218434,0.17992481824936535,0.003596276392914409,0.023718125741494407
18.942749418004915,0.23814203990864805,0.32684063076856307,0.2169834432621151,0.2718193635252508,0.23830395132731008,0.22335533838278393,0.20402388435300106,0.24608842901264866,0.17595605710622753,0.24100922271693992,0.22343918937158505,0.27134782509091493,0.30184636162262657,0.357517783908795,0.23089525700808922,0.2928754554619411,0.2274985007020043,0.4378330974929568,0.17957712256049146,0.0035851182856676666,0.02323024016405644
16.93390977544256,0.23450314104620287,0.32132627612720577,0.2137334497696689,0.2691673534874763,0.23499497702585087,0.22869275559868266,0.20035248480445653,0.24951092884570444,0.1711061881963498,0.24390354789291882,0.20263312811475112,0.2795763164030113,0.2945727598370749,0.3716692302518704,0.2341012566808671,0.283506461355787,0.23920686361288665,0.4391993835914726,0.18013791828699244,0.0036290661098655414,0.024174487626267782
15.448062592889869,0.2381042856069405,0.30514966242090785,0.22355877715258973,0.2630140210571139,0.236708686690101,0.2380350565543425,0.20396284075853355,0.24266025703743896,0.1655438802129927,0.251349255680777,0.20459135659312977,0.2852199161939406,0.3019415416092889,0.3466702751895399,0.22778341265535518,0.2837454008716469,0.2237982053310069,0.443789735447767,0.17958288312398676,0.003424878475202574,0.025529950248373904
14.381686251254925,0.25071904652282523,0.312502748031279,0.2159681075573257,0.2620345873286617,0.23635402674807487,0.24401990377625582,0.20399384327801184,0.24434109575243523,0.1624894194789812,0.2469259946880774,0.20772364475750676,0.2869825057023047,0.30249638286129366,0.3579290785379971,0.22144157990332675,0.2839604855573454,0.2256680368277981,0.4397596285087991,0.17721337773441448,0.0034522722269216114,0.026716690776155884
11.976634983998876,0.24700911868595593,0.3110159807818437,0.21541822825653542,0.26247863773199,0.23125725960510246,0.2453030407339737,0.21063440032874228,0.24825589639662993,0.15840567282413956,0.2445217345050436,0.2139900993103983,0.27924566019921604,0.2967269243231794,0.36012422463759486,0.22389131433875517,0.27928421543367177,0.22385165447101238,0.43792477533988744,0.17869407782231786,0.003340915250365236,0.027773052590175568
11.842727971604818,0.23290871878447816,0.3088373539540214,0.2279639763495694,0.2526088080154866,0.2299083408910525,0.24466824342340907,0.21195978917710045,0.23838519146982137,0.15441035085465588,0.2530705885530463,0.23020506241712818,0.27977931633596925,0.2892655916795028,0.35528042179117914,0.21849838451019518,0.2842314349036934,0.22196469571566801,0.4303439878543018,0.17710473249639777,0.003395137989031452,0.028335527608570235
10.942502589222274,0.2502102197120978,0.3120568467580979,0.221610755369895,0.24197323717552655,0.22804163669082897,0.24082101213360396,0.21140884845011387,0.23315343588919765,0.16395960904223503,0.2477396220990731,0.23877070628992547,0.2590905036060594,0.3000217003731137,0.3566414051336517,0.21687441182351022,0.27670413094266627,0.22755448597484038,0.4342449666143237,0.1761113637161152,0.003348869904484613,0.028225218041845294
11.246768261643144,0.24927997748215192,0.3206825860321486,0.23609647354246951,0.250230096346671,0.22410902802901855,0.23592205024190369,0.21580411789219625,0.23240880953210533,0.15200948177362114,0.24773994900208546,0.22129126753866896,0.25582822287560353,0.30000878024065375,0.3515219947885225,0.21714908416536072,0.2666179553007975,0.23376825663909118,0.4335661522115128,0.17691370503287707,0.0033410758599526002,0.028396993347177064
10.389625454023081,0.2578664339359986,0.3107077635420876,0.23404477491167952,0.2541594225962663,0.21870946754273693,0.22618517117890624,0.20606855665973764,0.23902771073708495,0.15602941141401352,0.2486412328821434,0.21980860466635074,0.27456532224050434,0.2906187889480379,0.35762819584785877,0.21352712851277783,0.28158948028291,0.23093418102757488,0.4242181156796206,0.17679416031220915,0.0033442823790078807,0.027163897857571884
9.87418603324014,0.26148911961957505,0.28841509118855424,0.23831078690686153,0.2583545914645459,0.23264805587104018,0.2312465457934966,0.194493675003501,0.23266438579795876,0.16482542083379093,0.25374867200957335,0.223605126609362,0.2789440815715781,0.283733143493673,0.36172641710115827,0.2242946806550211,0.28193291286281613,0.23470805166836475,0.4212913682184769,0.17631283386168467,0.0032687828491780335,0.027460816485063853
10.969405664480332,0.25461239217818665,0.28585630967120473,0.23995891227186428,0.26073464265571744,0.23608506949711103,0.23046700310147894,0.20224778629686035,0.23296365284709064,0.1735141623422418,0.2458034685382777,0.21249908971909157,0.27684784581476496,0.28617585978331267,0.35281186382771157,0.24339095940583402,0.2741866639626917,0.23388338205901502,0.41198661396539493,0.1771172037087878,0.003274107188970431,0.02658016087901636
13.007860058620786,0.24766396213242384,0.2965573756201767,0.24276296294219937,0.261378794724333,0.23848315667901282,0.2258996371973184,0.22041742455912045,0.23439135063351513,0.17593562624924097,0.24919503056637526,0.20278180284152614,0.27530943712296974,0.29401589394335653,0.35498949688863823,0.23276832516263943,0.2750657063321087,0.2437429988401978,0.3996990146587582,0.17944360108925844,0.003091955836763575,0.025638464896318724
9.565035495517742,0.2605563674878547,0.2844315764372213,0.23852934244544266,0.2588793081318101,0.25576590409334155,0.2240467946502902,0.2319268567053082,0.22724703366850657,0.1728392447988817,0.25616475043617015,0.20724744567598488,0.2696283555941874,0.309269951035195,0.3534649276200882,0.22851679241660555,0.2696366391864359,0.24954984038205252,0.42415320375496784,0.1804062134949247,0.0032660897176899606,0.025911860602832546
9.383298095867454,0.2649679447045828,0.28780158868239125,0.24046626358908782,0.24162252476906837,0.25609651940485934,0.22671635635753412,0.22921454250408888,0.2276780663633808,0.16633689892528036,0.25574928287168786,0.21387899122428303,0.2702357997532755,0.30617469413684084,0.3407410161118428,0.23354014116519212,0.2617573326053655,0.25181116464851433,0.4359228747378262,0.17829287112687492,0.003256151328373207,0.025979988790051374
9.733499482906929,0.2690951807777755,0.29388539800568997,0.24309220875973891,0.2432915553670046,0.2330602300577565,0.23372041125258486,0.2243363229220299,0.23066668986027927,0.17371943004443344,0.25983081666129076,0.20917108484464766,0.276348313642911,0.30744992843622865,0.3451113852586894,0.21638121159486406,0.26628028948906396,0.25382133053379646,0.4378770472947852,0.17952163814403016,0.003333816503691581,0.0263212624123292
12.431517482841768,0.2650191057774833,0.27764629103138533,0.24980513324841516,0.24381617618674054,0.22721278706506343,0.228910428282464,0.21884165023290497,0.23418398060474085,0.17529693853883874,0.26304648016024923,0.20566157909426686,0.2772324346266854,0.29277114718790853,0.3293265537101616,0.21817711075097773,0.2636127287974435,0.24713903999518938,0.4492693644314984,0.1774538507049295,0.003410365800063891,0.024158947115328032
14.275325334353756,0.2671175368894793,0.2745368103046551,0.250758688619104,0.23659649743809466,0.23548114985772617,0.22711003263078078,0.22304280330532691,0.24164728665331972,0.1758447881749657,0.25887515168975217,0.20349302302885203,0.270813248101033,0.2833586470546794,0.3443072549071242,0.22716593916026584,0.2675070628190992,0.25099083812223516,0.4560271538167884,0.17624986206020174,0.0033514799276477335,0.023990464266696848
13.024499532514996,0.2667203021792513,0.2807264823747596,0.24788583162227998,0.23227867292117146,0.23679161926614992,0.23401596766775598,0.2248795247216204,0.24828562051294464,0.16492469635620802,0.2514191061895051,0.21484524459143847,0.26981729315730446,0.2901376780574767,0.3502131329247209,0.23730443230186377,0.26369446929018275,0.24343518459481792,0.46607721605700125,0.17977436900645433,0.003396734045454123,0.02404833132325297
13.309634944815503,0.26373578169215095,0.2777230847546368,0.2391760669161472,0.24037459730527422,0.24934259631368283,0.23924690959778416,0.21244831936668676,0.24868686335804674,0.164000371256342,0.24675057884062596,0.22336615783599476,0.274332179984128,0.27723841273181343,0.357080139204446,0.2501572293177884,0.2706785361990614,0.23819838235128643,0.4610137736299678,0.1783318872453398,0.003237072652268181,0.02404691569630085
12.321622979589693,0.2687645012962842,0.28120975054112457,0.2472055701859248,0.23248082669759343,0.24696590144188985,0.24687549166646555,0.20643290110096857,0.2520173597012841,0.163179550720286,0.24178440276157562,0.2162871620018626,0.2722902902105667,0.27139019654790686,0.3393935602984895,0.2544240859332699,0.267122139810953,0.22808284495321013,0.46283033938524193,0.1774039481247195,0.0033473283935141975,0.02296959885800834
11.34425673724604,0.2707779283840758,0.2714333126050211,0.24305351567422034,0.22526215005186923,0.24614358826438354,0.2328510495063755,0.20937672032001473,0.23808551262530747,0.17685284376592736,0.2256539974555503,0.23762217182864276,0.26840635576184724,0.2784681835649788,0.3294909394535589,0.25318173759141016,0.2601466730506945,0.22062514588677484,0.46243024243602937,0.17552465265451964,0.003284615004639209,0.021905864384871746
9.579572402511586,0.27388658917092046,0.26263162896736286,0.2435139573212627,0.22851727690584342,0.23696049498518862,0.23723554324285784,0.20434047992249355,0.24077943684084607,0.18246778942221323,0.2353253683092782,0.2188543620288253,0.27912984287956344,0.28953703196233166,0.3339467483927885,0.2527018165532763,0.27001872346025585,0.2222339421090635,0.46785689700813227,0.1740369751543029,0.003291231858981567,0.02234362787101744
11.41596702864551,0.27546204291807047,0.27168902596495964,0.26163841508035074,0.2346088953897062,0.25776555683993224,0.22492322960599492,0.2155077962308322,0.2320596626394922,0.18393784922767442,0.22220840718439386,0.2231252691255635,0.28732843861032853,0.2918106019359109,0.32775829016420954,0.25839642600557583,0.26794128007065776,0.2217803767138295,0.4642310795553848,0.18035555339620996,0.003340921642642029,0.02214934965772263
9.876946396069084,0.26729069332221794,0.2750099145133626,0.26115248998947743,0.23819449490082953,0.25477322212268483,0.22352075572554775,0.21633181845564423,0.23988916542694655,0.1871486546466149,0.22331420867295634,0.22216765499120167,0.28320730979507275,0.29106422606316856,0.3235855504541973,0.26202995399970397,0.2685518592667447,0.22722439721125864,0.46083712736290483,0.17866153480993108,0.0033383760251328946,0.01995368806397856
8.640016077813675,0.2724731100068264,0.25703166177075376,0.2645390313154027,0.2248102915192354,0.25348832768319185,0.21884652398884644,0.21888077549476187,0.2324791424295791,0.19772222639239498,0.21553291501920346,0.23500737539319796,0.28607812279803446,0.2831070097215648,0.3302306333740117,0.2619276691458742,0.2675623298128403,0.21795412488461463,0.46369662642659126,0.17784572330424026,0.003198453047500596,0.02062441003769278
12.138910564384464,0.2644660403837335,0.26394599836377974,0.2759112833279263,0.2278515997297446,0.24465701120601532,0.22809545546331988,0.21685986278603603,0.22786022101505027,0.20363635120305737,0.21482020154726797,0.21253845559599988,0.29550558223221046,0.2825404545754792,0.34684264839177287,0.26656245136677237,0.24796219059574268,0.21646827107194816,0.47142083055554224,0.17706817649152248,0.0033532152769772576,0.02166106481423753
14.410621434921696,0.2727691194292271,0.2601800472300795,0.27738179722797845,0.23103061540233275,0.23784734646691716,0.23053973401876576,0.21010511558658704,0.2304018312079978,0.19808516242845933,0.20757571535942868,0.21058767016542598,0.299502627692964,0.2874085488544431,0.34599151187454574,0.263777923793759,0.25784498318155147,0.23804398589821815,0.4779063761711782,0.17758012530108427,0.0031749371940904443,0.021570345980203843
11.764418145099803,0.2603867486316614,0.2628238043664064,0.2675648324960078,0.23366127232575792,0.2465748653641502,0.22041588711832538,0.21004031775142357,0.2265709703387656,0.20235541673756874,0.20823771549772857,0.21280449512548388,0.29713613621472257,0.2885088748807178,0.3467004004749531,0.2585817226304965,0.25370721077589603,0.22759217747694327,0.4710993545989631,0.17571659570411302,0.003066232857850079,0.021221330534482417
14.720581646042069,0.2670305891886247,0.2557551492454247,0.26046107092903326,0.22501986378994693,0.23960508244420897,0.21786278924109675,0.23058304533222446,0.23553162889642315,0.20243122986568976,0.21863548367254354,0.20854800862315517,0.2932195778206516,0.2762972206619674,0.34059448230671574,0.2586905810939343,0.25541464084050425,0.2221584771942761,0.46947646132205745,0.1762196319718047,0.00314787752137916,0.02169111855941012
17.952074464281633,0.27505083470468794,0.25317936387557827,0.2589526906178414,0.22621842942609457,0.2577537682601548,0.21583425495240083,0.22525306367428202,0.23634202948235725,0.208305730990142,0.23236143957663277,0.21712727837027185,0.2983181010050788,0.26087628251078726,0.3458466405739572,0.26043280418291653,0.2604415061623382,0.2163081304344929,0.4602113781272957,0.17814171006912954,0.00329672032839585,0.020687523984135408
17.871086472748626,0.28248500796081916,0.24075731824785185,0.27479626988439365,0.22673714955558497,0.2541791048803497,0.21930894070561036,0.22282296414862968,0.22759120291660775,0.19824656796765178,0.2260810937660541,0.22515282188688712,0.31070161389288603,0.26795064491868953,0.35335620626152603,0.24558174727569415,0.2607902533991862,0.20667042831678462,0.4697810763324206,0.179630017503751,0.003412911829181556,0.02095568126772446
12.963858751268313,0.27555737815369535,0.2423044878252465,0.276484011107249,0.2374907895587185,0.24163490183020428,0.22645633003045143,0.2216989767537204,0.2295801482144522,0.2002381660879783,0.23004241330413414,0.2220565026480452,0.3069774141504485,0.27730598137966533,0.33108948724194515,0.23981484528423017,0.2535399614769066,0.21558696544973,0.48193393890313485,0.17814177700605247,0.0033120771822166043,0.021881687890836794
14.380895488171355,0.27410246480751616,0.23964576310924066,0.2812753609869236,0.2227762186438444,0.24489528124452972,0.2161417308148781,0.2146199743407286,0.22151885900227014,0.1964222146537341,0.22934458859225929,0.223266923916847,0.3048183940591297,0.2733915201902418,0.32116556578971783,0.2561146863272206,0.25487292801073064,0.2248933644438261,0.48723723984700135,0.17609023466549198,0.0033435979361091236,0.021953575728487613
14.781668040453974,0.2724295786081925,0.23580955995881567,0.28205692355006307,0.23201640480798666,0.24570070776905334,0.20367804237697165,0.22517750426668137,0.2308417491699056,0.19256095855913505,0.22811845954607166,0.218311755082936,0.30326313514392467,0.26463737328836323,0.3226667094399364,0.25105702911233563,0.25159859574527116,0.22331793748873588,0.48755520915518147,0.17541666156845487,0.0034071118343330722,0.022145819165974835
16.11211991762898,0.2718723360735799,0.23654663827221706,0.28626496549548885,0.21813947923215038,0.24749942035174788,0.1955649651299044,0.22510803864309334,0.2310987963337423,0.18679797653575386,0.2330144705905511,0.21449157390062398,0.30402287566928143,0.2697624183213283,0.31627837056729396,0.2528341001139189,0.24939503800114937,0.21547791516385384,0.4930701314704627,0.17536667418197863,0.003175416609533236,0.021378924559864995
15.062721365301677,0.2686552026355334,0.23409592571031038,0.27878364011905443,0.21731911831916847,0.24945586573814832,0.19536320800677193,0.2273483368550039,0.22535899808243598,0.1885600359784805,0.23632135494951848,0.2005151149937284,0.2951565188043609,0.27328989484562355,0.3119769990734297,0.2407321247473523,0.2567951782660682,0.2167814832818792,0.4843227357965071,0.17404150274350566,0.003550176755274365,0.021947200816874776
14.84044982327019,0.27331834765664675,0.21858374314538523,0.2710855093513413,0.22984638335164298,0.2612350301750387,0.19754014987332927,0.23562493999466372,0.21988318604259824,0.17716194665637164,0.24169309394866587,0.20516123126081195,0.2951790649860029,0.28449984283687824,0.32265871123790196,0.23704932015796487,0.2488249504995386,0.21134862411267663,0.494825786300594,0.17528640952079613,0.003494528463816794,0.02219531386643048
12.26839673701001,0.2663110020354867,0.23278043847355986,0.276446626784374,0.23259093477065557,0.25958422499360645,0.19540214007857895,0.2489131895523423,0.20677329988667664,0.17739938628313603,0.24748561848638398,0.19934765235209975,0.2909982627251062,0.28465392524178784,0.3267226728820621,0.23507172532467183,0.2453848899719767,0.21512053738011774,0.49750820602065354,0.17475086081523225,0.00355704417185251,0.021753234527749292
9.781623438139139,0.2673270235378208,0.2408991565750503,0.27373070195277827,0.23175062117685472,0.25079838793421566,0.20078962986351837,0.23757343829924296,0.21500965708940298,0.18096553618167294,0.24766789446373022,0.2036033635953822,0.28836757712492894,0.2807736538153048,0.3148255276904033,0.236312441681803,0.2467499451468776,0.21451872147719206,0.49353572971141796,0.17305146080906766,0.0035345485713705505,0.020956402194123185
10.986117554488855,0.26845951999890744,0.23954112404033645,0.26878360547085306,0.2335215979571623,0.24718293167311464,0.19268693455665636,0.23212149955022796,0.21082849872329754,0.18762955254860667,0.24866657624520086,0.19189309057813586,0.2815934354839827,0.289490020742178,0.3278434243111079,0.23862152899342098,0.24422027448802985,0.21080824510332735,0.4864998870532962,0.17289588406911877,0.0034192939158680384,0.019982261190256864
14.098920383545428,0.26809532185025436,0.24010988479262366,0.2751040767031583,0.2361748873672314,0.26359962407705345,0.19292917497762485,0.2352947448814231,0.21635717714014904,0.17636508552030475,0.2476603004708901,0.1989903218938705,0.2817564145676825,0.2894180035300357,0.3442938141575254,0.2345049934487094,0.24535042224653497,0.22461701012728622,0.4874844531482614,0.17451846534730606,0.0033236409518974832,0.019598805977271726
13.545560587162596,0.27041099268929064,0.23692602001706745,0.2609423783938024,0.2408070686451029,0.25360472030282855,0.18953477169460242,0.24730395145667444,0.2149409831847948,0.1840900454353879,0.24403583242740978,0.1955017948873314,0.2845571131820045,0.2894259307313316,0.33791144389338634,0.23199602239795342,0.23606571220370415,0.22364783051418066,0.49773758987602307,0.17436079444710278,0.003222350421391508,0.02144066109311362
13.929529428887188,0.2789246323893246,0.23716792101090858,0.26489253803363527,0.2317975739603838,0.24597050539762175,0.1855672496716605,0.25249081351036395,0.21802747226960775,0.18226111251948657,0.2421250026501824,0.20165589312735316,0.2794195995523993,0.3021813516788584,0.33460900202339927,0.2261167266263794,0.24053214135871756,0.22515964470160627,0.4974127605292603,0.17455151731295143,0.0032087418918295423,0.021939243994065313
14.781756634693338,0.27435687526963076,0.2463490067176157,0.2638242967435278,0.23113757842594362,0.2401115552057821,0.18381108777942393,0.25343945283433034,0.23483444364537587,0.18824891023287044,0.2353687054924582,0.2135953935049012,0.27209882547094794,0.30173079685086207,0.3445926641645194,0.22404435258664257,0.25286820724679937,0.2184112467984378,0.489458884032168,0.17545682577047939,0.0030547967521774213,0.020523899820832917
14.438153038966236,0.27101793453850487,0.24707055468635958,0.2615470305184146,0.239203828254049,0.2369898825949753,0.18458171111259827,0.253162348972066,0.22186421311741392,0.18107707112182503,0.235361873062675,0.21305122943360055,0.27093660118374896,0.2905654729109395,0.3484492972185051,0.21515236343207433,0.2537648824884967,0.23388993493500865,0.48271481178282327,0.1751003102137277,0.0030218037366427208,0.020180502697424475
15.22925216871474,0.2505289742360338,0.25677672403026364,0.26419771992659075,0.24792360621216733,0.22534680385781203,0.19694392109895142,0.2484643679768018,0.21699280042826233,0.18542538790699126,0.22405899172574062,0.22495738439599294,0.2772051455425965,0.2898770717995625,0.3444578829983652,0.2210436213161305,0.25035590894570275,0.2345583736760371,0.4985506808761292,0.17295717443921027,0.0028393720564948224,0.019678814949420906
15.69687650102217,0.24977473915338416,0.2588719314224851,0.26210604228259066,0.270132361027449,0.21569950044635058,0.1976375960080806,0.2547187125319685,0.2176085860061136,0.19111636422150674,0.23768899631595247,0.2148548161419782,0.28664638654688535,0.2733128792971552,0.34073794459015877,0.22233481794126533,0.2484600685486157,0.22749071522663974,0.4950484843601974,0.17546714951834788,0.002864317537811364,0.019795768890371285
15.184517221042311,0.2531349387928278,0.2647153508254545,0.25831422227641604,0.2641353311618995,0.20839337524667592,0.20466474520793446,0.25259338721573177,0.2177524155729993,0.19176591630951736,0.22827486834742627,0.21599580271261498,0.28791022152615076,0.271351473164321,0.3679381950499939,0.2300930774492679,0.26134986749045047,0.2164378468356147,0.47917736969733593,0.17548233294304488,0.002951698678202001,0.019278642883727392
15.556120704642911,0.24960056222672397,0.2632043549837035,0.2508638716655536,0.25686208848452124,0.21811919994722126,0.21189493204639906,0.2431980515555206,0.21820657812794886,0.18322720655586824,0.2288640645842324,0.22200457590694264,0.28459092492963345,0.2571018386611572,0.3524498984629887,0.23050561537845848,0.25848855945157895,0.22264814067158012,0.48205304090897555,0.1758616064909494,0.0030576598946689083,0.019963932310198718
14.353800989720158,0.25331616436378546,0.2620404215274641,0.25536267124622186,0.2601031567352119,0.22932399284355715,0.2092161920062673,0.23074790240837112,0.21102726512101547,0.17301538430097416,0.22571079246131573,0.2390481548559362,0.2912769204965254,0.2552500144430007,0.3434139334908446,0.23621326684900604,0.2610707175422861,0.2318598674711125,0.48577824727291,0.1742086205809083,0.002948482794995403,0.019740345142080062
16.27989484596092,0.25410706594032667,0.27011502082327404,0.26139320761769624,0.2463721943335972,0.22127047026575794,0.20599064095623867,0.2256381215045911,0.20109766535797238,0.19048543701320186,0.22375446413746222,0.2350045322591238,0.2829967320458775,0.25539224664248017,0.3523203284306838,0.23606187170935264,0.26696759946100124,0.23209837590663698,0.47313011095188384,0.17249205658602237,0.0030963852506654573,0.019731195723287992
15.363696908909608,0.25782367561062175,0.2717786949282251,0.2585360314528053,0.25638414281289823,0.22566338606929393,0.21813793562198444,0.2305698141478005,0.1994053785913749,0.19006353471285944,0.21772568455607405,0.22836822367522772,0.26837379064595684,0.26146579523973557,0.35759079836993357,0.23727069084580782,0.26536646090092975,0.23007783024601758,0.47183428747342404,0.17525447887346302,0.0030600960487214045,0.01805937697410563
13.466147306733907,0.2601155705395297,0.2700164034396798,0.251533805232444,0.2571500703476274,0.2333701926539585,0.22201413554365737,0.2330039963655331,0.19919826778579605,0.18653402164442945,0.20782446126452186,0.24564055156657735,0.26758424143517223,0.27383179366542243,0.36082484657324426,0.22856906663530607,0.2671662534041124,0.2352338863142681,0.4648973752090421,0.17481644052705117,0.0028726230154286912,0.01902375751743948
14.370711845317143,0.258035257378388,0.2771004289188027,0.23601019383264601,0.2557499725385558,0.23049029325811762,0.21562521335961635,0.2454645010975246,0.20287456993776276,0.1847219210916439,0.20240939145388007,0.24031457909851645,0.27053673643229004,0.25746740664396284,0.3652984504164235,0.22895115370735397,0.27061001094854376,0.23285972434560342,0.4862477030791114,0.1742584266801844,0.002866951887823838,0.02074060990886597
17.280993786434767,0.2687473991736879,0.2739286379835388,0.2403697238221483,0.260244867406426,0.23329513451763098,0.22052155507186877,0.24991403312253416,0.19558481305532932,0.1794921821114806,0.2164362311319406,0.2563380001670133,0.27347736584503657,0.27119543692304826,0.37942271274134887,0.21643519893231317,0.2581097961387916,0.2422379696267921,0.49465165350254026,0.1787452928494097,0.0028457997407422327,0.020612367682985393
14.678874748857691,0.2596350193858729,0.2768896640877637,0.2319082331505918,0.25474172509690374,0.22671015897061125,0.23007628052164353,0.24938233692536668,0.18621791864644915,0.1804857072292658,0.2178242842685584,0.23799005516622984,0.2713016103939436,0.26715450031202403,0.37420263455367664,0.21951039115851292,0.2649586929795637,0.23195104461400587,0.49013855456830174,0.17496531741542284,0.002924679206396491,0.022253652532117005
14.517113230597502,0.25556972964830216,0.2806760725439304,0.24266940176821428,0.2576917604952162,0.22159448130416642,0.23134425343647372,0.2493027804087926,0.19486187151666512,0.18731501875310216,0.22595830500683323,0.22798239995480124,0.2751485936349017,0.27038837010686545,0.3754399077661462,0.22132734209602872,0.2593417270614449,0.2458967412252448,0.47796884661420286,0.17855051869776112,0.0030335586437116036,0.019619603320548483
14.03709886420077,0.26207727289828353,0.27095019091851813,0.2504647329887235,0.27312300483067914,0.21434822801056638,0.22193651639554365,0.23742236415322268,0.1880751780141315,0.19052777811264596,0.22419563068157963,0.23537291781493008,0.2664926353787166,0.26243133015011066,0.3689330302771062,0.21631251824595232,0.2696026436191383,0.25930502778053993,0.4784767616530564,0.17623343283248827,0.003001044476852255,0.01967387707910837
13.968938172188519,0.26965808656620366,0.25587927154123846,0.25022364831234506,0.25670125245809555,0.21474071571635714,0.2222865667780695,0.24099755683709145,0.19451305477374284,0.1971074219160436,0.21890196405858375,0.23451343298732688,0.24892623175978484,0.2825811596747908,0.3639024353635474,0.22070957437052102,0.2709754206884939,0.26560977760336957,0.4786416011600852,0.17527326758863063,0.003195126450850997,0.01954044271104551
12.508999453177168,0.27464131778695183,0.2449511824874446,0.2499120435426338,0.24816098875887382,0.20807287905299449,0.22980797282325652,0.24341296681895924,0.19676100125346385,0.18381417748392495,0.22141087417107835,0.23350779565846355,0.25345466300015657,0.2871467135981519,0.3673947379973359,0.19979241122270844,0.26173868532181455,0.2599686567161902,0.47723596618424896,0.17407863180555186,0.0029302524588008336,0.018483928224422307
14.431636198292045,0.27335871879751383,0.23638627824457026,0.25458122616793116,0.2555625465709525,0.21934810860837006,0.22139317110706663,0.24177376242957604,0.198051214557899,0.19919419034178976,0.2087856738662661,0.2307699786956787,0.25526074448722724,0.2769688082334273,0.35900177074314216,0.20185539126224242,0.2690535883871095,0.2603664901161407,0.46226122288223914,0.17563161268968216,0.003008519685015751,0.017084839439849377
13.196621178971878,0.2641074526620659,0.2400764227696575,0.2617036222639326,0.2522889815722794,0.21868712557530792,0.2272641655331049,0.24197060533424858,0.19585014926224542,0.1976805770891632,0.2092868729529826,0.2391492170358723,0.24657312933913728,0.26883091753779775,0.3692844834647619,0.195482697360741,0.26228631086448145,0.25870100682677605,0.449376801494652,0.17343440173153157,0.0030061394731227277,0.01749678204654821
14.487129278546304,0.2592493239997943,0.26256557830587784,0.27100592074465135,0.2563930678520836,0.2182978994439008,0.22862273602036484,0.2546580806881468,0.19298560526530767,0.21063271979372153,0.21571448722319217,0.2440547918243478,0.25322602319630827,0.2636977570556015,0.37564149425855486,0.20757215891090644,0.27398485168359277,0.27542082042015364,0.46207263612516747,0.1797339041678924,0.0031514304902284596,0.01898310699865875
12.526263333814768,0.2623239600423786,0.2665019045458407,0.26749562472472077,0.25964393136332886,0.22196991552775555,0.22755229271919625,0.25953650138449236,0.19776052288008641,0.20147181947634518,0.22337644513390884,0.26027689607304566,0.26246812069966863,0.2785580867900588,0.3853647340081708,0.2152837360330985,0.27070513833092996,0.27408106648223574,0.46453813809238564,0.18161789224056527,0.003024079026226446,0.016729624323050443
13.123978021659246,0.2690428463656812,0.2744917159442958,0.26914800778901404,0.25853155423095314,0.23464776334192083,0.21179688276430503,0.2555892574749288,0.1888571258134771,0.2004712473738368,0.2302412111926014,0.24842285476687018,0.26304623442697717,0.2917886326258085,0.37739655856282084,0.20814595838842373,0.27907906638234076,0.2626443505733138,0.4573335242465009,0.18157103882868353,0.0031136061612210882,0.016569327378242103
12.850368273292553,0.2639770177495249,0.28287015642119967,0.27071693721522627,0.24631255353622292,0.23586987876786247,0.21806716203357088,0.25034615874688737,0.199221399326523,0.19617405754375955,0.22039730761561177,0.24756799700230914,0.2706675774602252,0.29912702820731485,0.3807126233191808,0.20699369523443675,0.28365432367250054,0.26212489019150065,0.45638860429433203,0.1799686324365482,0.0030513245301008775,0.016323619247817764
9.598329642246203,0.2691024059340936,0.2777289818488521,0.26390768649671364,0.24136004081091578,0.2450817127055694,0.21757306755779693,0.2524077206659016,0.1971798683834504,0.19584539684412483,0.22192683186676257,0.2603095327794003,0.26260118871863436,0.29537046997469885,0.36765705446883984,0.22195195816453808,0.2818428476663114,0.2588858698509065,0.44771727819060836,0.18092744850614853,0.0030561251449076846,0.016089230209752125
10.036166648249031,0.26716211035111653,0.27793504235080196,0.2704252176548662,0.24768397533657194,0.23833452318381781,0.21596341803354682,0.25831264260816345,0.19898593888764163,0.20652808126813718,0.2222396012874899,0.2589723987570905,0.262082612248269,0.3050882476330162,0.35876498895577524,0.22572314835144422,0.2782586224899613,0.2519895008705465,0.4451716662462587,0.18388599589427165,0.0030784649154203185,0.01707924378831107
9.658203914146618,0.26001116734194973,0.2701941918446689,0.2611162600479442,0.24769820362477407,0.2510292527458733,0.21467851244839534,0.24257074934871917,0.2016851584604158,0.21202417963844544,0.22983544556183624,0.24123956301301364,0.2537803188953415,0.2998218051389617,0.35208464105558535,0.22871252061206818,0.2781348021389795,0.25158871772184116,0.4290319693435026,0.1782093475150263,0.0029839344689966364,0.016998592325076726
10.926691168160179,0.27945814389636303,0.2697485683167856,0.2598285042947969,0.24406648041637427,0.25140850361071726,0.22346545277684648,0.2431752365981519,0.20447654041359584,0.21364601684283496,0.22819256714449543,0.23711479895576879,0.25414430491962214,0.3142327537748333,0.3567677240600113,0.2275369165739443,0.28587097345373774,0.25565112564868764,0.42473388239640647,0.18186588785727953,0.003084937595677504,0.017676980199816467
14.154846670690846,0.2767647680717477,0.26467836384200255,0.2580572181064014,0.23778733697722212,0.251317798251815,0.2201621667563986,0.2550649786538176,0.19537350101616288,0.214417207621588,0.22058117482763567,0.25221254967810225,0.26154824702247026,0.31645319372022723,0.36638823978614043,0.22338263833884983,0.2837459442493214,0.2585992507102262,0.43800625091467554,0.18192879638253004,0.0029249155870417864,0.01707720507537319
15.544182707867172,0.2734850097958884,0.2673425194761573,0.2545740712062017,0.22767267062869764,0.2667220292345841,0.21726621411526476,0.2524478671477069,0.20067077309255815,0.21284939823460097,0.21249159931814413,0.24846113391404814,0.25870970592695625,0.3404537828331501,0.3579491780790794,0.23920369570228378,0.2828202863903633,0.25059656983004286,0.44107738906744687,0.18254346467981236,0.0028326766031824034,0.01723522634043492
13.307104218328403,0.27124262080334954,0.279854777169178,0.25236181717998846,0.2283299915407159,0.2721599168403857,0.2154016474911976,0.24704597671597814,0.19990629641850155,0.21188488499582475,0.20589438308848226,0.24647893427910922,0.2442107763526108,0.33333984870341643,0.34163889774703304,0.23114815098203537,0.2693147668065808,0.25901505365025657,0.43143088272587,0.1820491172606424,0.0029526624265633155,0.018521260467946214
11.441218508221146,0.2740828230237634,0.27374100023124515,0.25032708157833394,0.2307088878500682,0.273080647844274,0.21911480867894284,0.23432341007093957,0.20097267553061218,0.21779978701387398,0.19209475614060725,0.2481850418104893,0.24589771657459122,0.31940379383093537,0.34952859740674147,0.23392336713855127,0.2705451433805576,0.25796725636806833,0.43902116110053085,0.17933477744477105,0.0028063592172286496,0.018906707982833608
11.060087190982335,0.27342515060116385,0.2861405875231643,0.2400523587178954,0.2301390987382468,0.278257087892051,0.2196823007300424,0.24156045384768643,0.21071517691975822,0.21813508248279698,0.18552086998873968,0.2553524863722064,0.2608123384393834,0.3229620235547627,0.3552311409826851,0.23887343380493758,0.2641985005200394,0.258909140952118,0.4362331239581131,0.18086570579411893,0.0027564915060353384,0.018759169065444725
10.933879513658272,0.27560473767460936,0.2779826322442742,0.254357897709469,0.23060609269538304,0.2781637478152186,0.22799820643532812,0.2403523997857629,0.20431597662727158,0.224843780516314,0.19670694334505093,0.26520406661699725,0.25412004828946466,0.3101460340660326,0.35843620305220486,0.23030809452202816,0.2687311865388197,0.26604344841106115,0.45260652573825483,0.18215576242871404,0.002818028774688006,0.018444820066911356
14.368249308533446,0.2693627147646632,0.2847401294130587,0.2592701830648138,0.2367686779092222,0.2694849928806736,0.22389042956152266,0.2594291262027023,0.20160420286811995,0.22871984475392465,0.20900190980931657,0.2651901516095304,0.2523962702627656,0.31085564109355784,0.35627649832826075,0.22278158216256572,0.25718432272187136,0.27077543071807064,0.45755274429724435,0.18330784608726866,0.002959027338549765,0.017922239716325835
15.804677711826942,0.27379102874663525,0.2900051947504206,0.26026584607142134,0.2409743856738494,0.26528096065149415,0.21725976056215518,0.2335339594472573,0.21245233412359027,0.22649338128876267,0.1989366887055481,0.27900769032688566,0.25772249977784556,0.310351905021867,0.3595952930413976,0.21949493111178417,0.26792151304841394,0.27116875827369546,0.4700630285625885,0.18519733666466992,0.0029448504467730723,0.01744978514946422
14.104132467258108,0.2710528423189409,0.2921226539109914,0.25645713980450385,0.23899228465169375,0.25860331513886764,0.20930654576657132,0.23928753192052324,0.2126328745082422,0.22931375877675111,0.20014282641565306,0.2729361962943779,0.25307912458337484,0.31110427968044896,0.35773024480958454,0.2311812479675525,0.27042887814341304,0.27081874880598433,0.4716367205568925,0.18356925023094114,0.0029777288126030406,0.0176239942378505
14.557381248721923,0.271493572024767,0.2833079267465919,0.2523622996261479,0.23326140884243007,0.2591737596997528,0.2130088567558934,0.23548141563775932,0.21822131240730924,0.21361769779404283,0.20091381571110414,0.277425616218008,0.2604785967215596,0.30820497099226807,0.3515041589672488,0.24526912712583832,0.2642654683353222,0.24973113620866344,0.47900870130562606,0.17978184268425856,0.002967347589291297,0.01736104229433276
18.194616684656896,0.25879561243367527,0.2891772985929888,0.2630095635919427,0.22924222454582882,0.2646257567693829,0.21839214231754026,0.2222780575035588,0.21764313270104158,0.20884312122725696,0.20120721828659519,0.2854064045175817,0.26475177150501,0.30006243752924144,0.35992952203148254,0.2456026990352204,0.2774620024744935,0.236342396503732,0.48799552606870344,0.18038748329833798,0.003064521518528315,0.018063965058184448
15.179450873372678,0.2620101233632361,0.2892081898672953,0.2585889384598009,0.23160229079612754,0.2677988319563318,0.2250790007083074,0.22741323842524963,0.22180107206220365,0.21968401731281495,0.20217795030263466,0.27590481530426075,0.2660799321151583,0.29246618373230665,0.35904630838837553,0.2432603403451942,0.2691309578682883,0.23815080532979782,0.47311477864595053,0.18342651004537644,0.0030728809774913635,0.018340779155323294
13.34314428817491,0.253506304376589,0.2932879401205806,0.27305668961489615,0.22547697956366772,0.25806496941581647,0.22240119971223551,0.22180285433536792,0.22388139709372262,0.21989321432096376,0.20101911680978302,0.26319802402006665,0.2719440058715162,0.29873834016795753,0.3697050339015866,0.2450030879364563,0.2794782238514762,0.23988383876485206,0.4833724140914776,0.18116274340893465,0.0033151417904927344,0.018224347302144592
10.28401820248587,0.26938694585364686,0.2954085313579424,0.25631725786794574,0.2359918326581988,0.2586158930377184,0.22193877237784984,0.2298497004630836,0.2309247399902886,0.2143809508936605,0.20329058864055907,0.2529889468179788,0.2748366741142212,0.28658421656382366,0.36199207200569894,0.2589498984919509,0.27713313137130546,0.23989145637614986,0.4756809768802844,0.1828117847676409,0.003361523130820238,0.019357058986542684
8.740329181240044,0.2607422887315771,0.2944545576156446,0.25579032779845756,0.24517216018028354,0.2504843647046336,0.22758131015597846,0.2417628032043034,0.22799127585117607,0.21070893645886588,0.20730724667998518,0.23499065935413654,0.27165860102500505,0.2707495060724635,0.353387591038251,0.25260486276664473,0.2833771179984863,0.25283480133816905,0.4814643601183941,0.1806467606628766,0.003534144302636739,0.01906953735730251
