15.260653208904886,0.2551103980201541,0.2778426922396156,0.2570349792776999,0.2539940950616998,0.23603677341606358,0.21397300464762298,0.2537409379249331,0.20836109672111297,0.1948860557453883,0.2066821176595671,0.25930122377799875,0.24040341227571366,0.34676665239423143,0.2844116153248437,0.27157940048179624,0.2342449951433531,0.26970645180142566,0.10039798782198131,0.17730900444911438,0.00301626342857338,0.029129472316029456
8.027969655565203,0.26358548638974777,0.2600994819931034,0.23720117230099486,0.21684400214289018,0.2424409175310304,0.20273321049897008,0.23223960821752151,0.20679950274735226,0.18997531172636092,0.18933546220746827,0.24055384735068758,0.23787194101351042,0.287774212398965,0.2832025779905445,0.2492827903337279,0.24917340552348285,0.24470030790433467,0.24792572261925358,0.1662642276216248,0.003479448604753857,0.023334007674040525
8.839960949357277,0.25781664761993167,0.2626534985672537,0.251377255057171,0.22106653991814584,0.23364273383879616,0.20582839275631082,0.24137665403025496,0.20242301697606013,0.19320561409890905,0.1891112063234917,0.24739100528714714,0.2367205235612366,0.2739886972669697,0.28751576175961546,0.2600624927064125,0.2524758792197456,0.2284940740855254,0.256424882338129,0.1686449313421618,0.0035022666085623515,0.02208453757408051
8.697005897072174,0.25897982106031403,0.25489168329531336,0.24170709584222938,0.23342211462608997,0.22624422403657643,0.21116118063760866,0.23221509906266374,0.20057347740679832,0.1988044829014221,0.18998812407129523,0.23374790510274257,0.22038797074671532,0.2741915953529239,0.31107068104778857,0.2641785966124867,0.25761141549180305,0.2219157336005617,0.2538222293376045,0.16921948001094939,0.0035314033795559602,0.022892634169556364
9.524879141653834,0.25401985246392533,0.2614576682588492,0.24064607010726702,0.21712523207668005,0.22632005346197573,0.20373865741472375,0.222202116461521,0.19467613236796918,0.19033561517583467,0.18731009581125796,0.22967019764080385,0.21663705483447104,0.2685100140538907,0.31026350780642153,0.25068837772632724,0.26025989976765196,0.22014087260809653,0.24275684764552832,0.16293848923334162,0.003619534443146247,0.021933098012909862
9.08698102234012,0.25283746128942114,0.27068354293658975,0.24184876370082273,0.21812573926918316,0.22519704240006533,0.1961107335220662,0.22063303374526724,0.18946691039784025,0.19195523992220984,0.18093867188283008,0.2378629330406749,0.2331016674746406,0.2773997869382118,0.29721462069219823,0.24945234259973081,0.25307515948277415,0.22273193607409836,0.22222156940340704,0.16383850148705015,0.0035693024750220125,0.02152438254436457
7.673079975627642,0.2374499459433534,0.27784462955459355,0.24041222867033857,0.2243895042937807,0.21986722562120659,0.19553186879834264,0.23045766462728604,0.17981104150909535,0.1815791775807214,0.19356917974194682,0.22634696718660333,0.2146499281752579,0.2639003658463589,0.2891243568355617,0.2464539068637909,0.24781985666147532,0.23778835116537783,0.22107696337205182,0.16276871057283193,0.0037635870304390646,0.020472759014896206
8.4530894771756,0.23948126390288055,0.28331021046711125,0.2272841748446358,0.23388555004774544,0.2256227064452509,0.19310132565856974,0.2246222082565803,0.1843605610470109,0.19244464598436958,0.20358108845413367,0.22501391899196083,0.22138729892981893,0.2811947545722224,0.2938043292986594,0.2693555838176065,0.25152595233014274,0.23357748764665398,0.20870074162785024,0.16570594773456052,0.003733445030535361,0.02181667499645695
14.972824378895275,0.25317223921424353,0.2779706846716737,0.22925952928359122,0.23629559903848832,0.20697720348388618,0.18450655910830804,0.23796841730753185,0.18666017797717954,0.19163951072335864,0.21000722439664699,0.2118434677290512,0.22754865117225123,0.29590968959180425,0.2782052731311718,0.25970375861368084,0.25035353825245243,0.22956668512513656,0.23047098067636543,0.16362092324196464,0.0039096504213935075,0.021234760133885082
13.833559827330086,0.2541177500841477,0.2781577803981525,0.22363033459075418,0.2387646681417928,0.2136610285132323,0.18335112562695513,0.24557648083455583,0.18351957584075537,0.19947357775685223,0.20455810429089966,0.21324323135803977,0.24810131732298923,0.3058012310586328,0.2807989962093903,0.26093645663211423,0.2514415944244196,0.23397378479428307,0.23624895914309343,0.1671239910550453,0.0037391502998200105,0.02045747450669652
12.411977372441056,0.2517069342894716,0.2789843752417304,0.21939565012453555,0.22963216246970944,0.22656222713860327,0.19206850760786484,0.24753391816181838,0.19076890640783087,0.19376679654679263,0.20712266495966541,0.2094432284804421,0.2482163508257429,0.31348402304910594,0.2867197538985929,0.26465424572675145,0.24807885131096427,0.23025373579751937,0.24002505543981978,0.16628300681325803,0.0036430539973749195,0.020712799146657572
13.797362911479082,0.26391157790319575,0.2707241635378975,0.2142669298902433,0.2429375212576997,0.2255053245137595,0.18403314312571856,0.25439358583541355,0.19660495484748716,0.18175078048973736,0.1986239559078203,0.20974997023733702,0.25520283969637536,0.3238143730290421,0.28892726921249573,0.26365166778116605,0.24909367200856705,0.23411833589189457,0.22920915221934446,0.16661608423221555,0.0036611561363843756,0.018581714723637947
12.467402004762596,0.2719250760231763,0.2566991064618074,0.21643246750500286,0.2551097906276273,0.2207854299690096,0.18179004024870069,0.25747884512567737,0.19251723847746652,0.17430488721043158,0.20540380927889437,0.2158527424124571,0.2488018097413507,0.32714351659750884,0.2865464151358669,0.2605828905276658,0.23967024636821113,0.24099704071818429,0.22816880968557648,0.16823190407919575,0.0034517040686915823,0.01794008911973575
12.182001871364672,0.27072022024519954,0.2583845365853688,0.21766659965695312,0.26198941709282914,0.2194501926919069,0.18370114901077392,0.25887997932288104,0.20999347260773954,0.17605757649690768,0.19945587673511778,0.20755716638602378,0.25111547342419954,0.324602460989504,0.28853765317287067,0.26830325939531147,0.23128266640932363,0.23732571951899048,0.2319974659716637,0.16802259773356032,0.0034501413574418802,0.016598721566404524
9.95281689462053,0.2610293353774036,0.2481491990113545,0.23681744246511577,0.2664385643312995,0.21315699037421212,0.18341772469445017,0.23685990892289951,0.20999197061593014,0.17244923964746783,0.20786828733586812,0.20625574730752305,0.251282462944642,0.32689895393937257,0.28375339225125606,0.2606492548020105,0.23132811119365904,0.2427836732320646,0.23450485664183915,0.16742935621321564,0.00335536873067987,0.017225906538973178
10.13710420514324,0.25962123363923173,0.2626587889249208,0.2413957686447644,0.2701096746246799,0.21891003564791714,0.1897087329045394,0.22968281594727763,0.2045875723381966,0.17931094103490286,0.20336127561734924,0.20420170779012517,0.24919324086512445,0.3233879565361347,0.28691802904961256,0.26389544537680926,0.22717845827655403,0.2517293067114718,0.2397548951253575,0.16974556469118895,0.003253345173799375,0.01831707383765213
8.566966450597297,0.2576071617453953,0.2472719893979418,0.24453159110606024,0.26775573592376756,0.21596729515429433,0.1987385459286145,0.23889171254025585,0.20080732458913728,0.18095101879203568,0.2087720601481236,0.21451322548816346,0.24675453195982894,0.3103396146502165,0.2954666652067602,0.26669906147413686,0.22473119701715621,0.2551815766768857,0.21965808985757346,0.16969285695494676,0.0031858988982795136,0.018918978705187873
8.05883900722074,0.24853228177131342,0.24997639492226412,0.25490540634405773,0.2543519932756859,0.2201137019512737,0.19157277961171915,0.2501575552037961,0.19102786124971324,0.18061691180768413,0.21038299327788929,0.20423100661667076,0.2442142953467379,0.3005733788078011,0.272414331618639,0.2680967263538312,0.22659408967372233,0.26508741630683885,0.22755067554870317,0.16773876210337338,0.00314125406291437,0.019437642758551546
6.29288738668591,0.2547997393569792,0.2527794995847485,0.23767119016131555,0.24609940022502647,0.21636997807022165,0.18324060499321654,0.23101612009532044,0.18587007618868848,0.18286775672711847,0.2095657514075646,0.2068490527071647,0.2566851063784311,0.31093271044204246,0.27938412460235135,0.2666553301964941,0.21936689362203993,0.27118150793052853,0.22279478424652926,0.1671915646613788,0.0030828174319799686,0.019174485290687646
7.250830536981892,0.251264234028093,0.25043657937048386,0.24128952649971053,0.251355057147745,0.2188739867297875,0.18415839998474565,0.2329178209310867,0.1850148797907808,0.19858093611796235,0.20491325877096772,0.20905276041543963,0.24350255397958864,0.297843238624322,0.29244173721428895,0.2616314938810335,0.22281550145037463,0.28094923224996604,0.23081870775604352,0.16816036846300852,0.0030809847462068473,0.016637245850980066
7.196159109691058,0.2521821269949549,0.2536389596570511,0.23703597882715438,0.255905014253274,0.22343668986842888,0.1797101408019086,0.24244102516714502,0.17665035663018175,0.18806291761674077,0.2054002662550995,0.20735856604374492,0.24503933952466211,0.282205197249344,0.29941953352894835,0.2531073412903656,0.2211002756091378,0.2841443882534931,0.23356994143338738,0.165314379234352,0.0029931946957589915,0.016449964058734366
10.977812355800971,0.2601001771362803,0.25027827259695645,0.23291255302292135,0.25224171764662495,0.2101893482488707,0.18546176778763823,0.24062319040849744,0.17885614870197672,0.18205029656297092,0.2104641486127495,0.20131728754075265,0.23885660194586494,0.29304338566302024,0.3047691691220921,0.24253616334282804,0.22069011959997983,0.2746690409125038,0.2320611854982966,0.16487272997592778,0.0027869162765852937,0.01591041611248099
8.29096565027508,0.25430955524234944,0.2563954321384271,0.2350237277422527,0.2454936579946432,0.2130340715083853,0.1768115316353433,0.248103335107224,0.18962450660447625,0.17444592140022788,0.20847207763554046,0.21251317073185114,0.23575375950914781,0.2935440680785911,0.30631446382128713,0.24949330671230102,0.20401954101044872,0.28582851961221983,0.2289614154123714,0.16292549270687448,0.0028936653443687303,0.01663443492312429
8.519753382103513,0.2475954247247352,0.258409113971573,0.2404641135761655,0.23131692537664375,0.21876521962341183,0.18047729704169002,0.2646917371682952,0.1890592589412685,0.17857272440273558,0.20979230647118374,0.21775973507402863,0.2304524281924421,0.28877711428803954,0.3002172296882285,0.24556186978402733,0.21064965157954887,0.28797062395393447,0.2316413788756736,0.16426200398229357,0.0030474211691407607,0.016112097614194455
10.272027754100932,0.25228331622119937,0.25063735979322677,0.2526147663440804,0.2340623681666577,0.22358213497586027,0.1827677240843037,0.25686173885852737,0.18136820592098057,0.18735700436047448,0.21043936408140854,0.21662564313018765,0.2304794040607546,0.2935692536305169,0.31106915148709857,0.23962376628279877,0.20748750599785185,0.28061500241301834,0.2418609099228486,0.16647485945234286,0.0029819359919831694,0.015690476843210906
10.04399673209699,0.25056508586083454,0.25335603295046477,0.2541529750589212,0.24078749337886202,0.21360439273220264,0.18339457178707297,0.2564007884595713,0.17722574953686515,0.18590869710446578,0.21879814741059014,0.20241610225299228,0.23495756828887057,0.298006206937935,0.3095785524113458,0.24648379608496573,0.21056296781953768,0.2738828897146119,0.24457459657369665,0.1670491533174622,0.003205639343035889,0.017113503611588723
9.020108604854876,0.24336425244809592,0.25710835377553987,0.24736184750826815,0.24034413251887207,0.22275476432525018,0.18015266161911273,0.26139024285789586,0.1835452581348465,0.17522432820513054,0.21414207417047915,0.20909455822669967,0.23956535460231623,0.28608055623838524,0.3087118770157569,0.24559687810517486,0.21287904941811936,0.27741468465104274,0.24024467701582683,0.1665489972545308,0.003092427676931003,0.017632630115560117
8.732640198810504,0.23692832858474502,0.26319724462481026,0.24996837719666004,0.24728053756899077,0.22708258607243176,0.18547332174967748,0.248487700193484,0.18299009691302584,0.1803752926876237,0.20033001827369867,0.20994031997955137,0.2440099606456449,0.2948222441855976,0.2981847354439874,0.2441356148052275,0.2092325309590907,0.2826110517137859,0.21883862396884093,0.1684658508347608,0.0031567127360990774,0.018062067821416682
9.203426462705723,0.23602444486675786,0.27049267598263843,0.24490889780433675,0.23934808049345974,0.23051122425741685,0.1840424348722551,0.25046143432498097,0.16894924209934756,0.167319319848348,0.18903684849095254,0.21504461003598266,0.2454546623869575,0.2978892380746527,0.2954618961519694,0.24007271232085092,0.22106231554827208,0.2806191650658565,0.21106405043969162,0.16289917003182794,0.00313061287756871,0.01866740527033961
9.66343383592786,0.23434796140502218,0.26269446787670686,0.2302048521754733,0.24683391602221752,0.21735069796255674,0.18526851563388236,0.2533895320915054,0.1718421584572838,0.1665874706116292,0.19540527197657545,0.20671239340365113,0.2412132269729772,0.2959449204324721,0.2879849340845237,0.2476592340128246,0.2088916880926254,0.2655438550577633,0.22063152480555534,0.16259369752300745,0.0030967273846088067,0.018882474955258095
9.083688794677975,0.24527497699483164,0.27318710921265077,0.22410158230041718,0.2461207800401609,0.1986619121087421,0.18548074327973108,0.2351445545132834,0.1706494828712651,0.1798702928769533,0.19760710115148403,0.20728789693874985,0.24025625545048343,0.3074954531773323,0.2923205762803635,0.22986184218277864,0.21400848928853092,0.2575585252453235,0.235823805622712,0.15981684697106763,0.0034394043971870568,0.020115658639896967
8.93552336468531,0.2461103032167039,0.2710105774345553,0.23217522319636025,0.23362226683789233,0.20761471857880132,0.17548472914300214,0.22869064301191008,0.17275702865707276,0.19430603622373394,0.18577958507356418,0.21535659099967774,0.23103613944328794,0.31153701956608537,0.2907833100962286,0.23560786304648088,0.21798191192203756,0.2649216900356907,0.24018527843957713,0.16219368703836068,0.003147813279794542,0.02109310485115618
6.820261896390771,0.23981558861908547,0.26887994478521715,0.22332245734220146,0.23779986065578745,0.21259941778801336,0.18019835230850034,0.220942364992236,0.1837069615319694,0.20422360528887104,0.18541595116090387,0.2405838894382332,0.22866025248508717,0.3098399525530059,0.2724605388262416,0.24921115888183737,0.221172412915643,0.2685610672305914,0.22324822673701897,0.16317202953313004,0.0033308989747938434,0.021943380582178373
3.725386187189088,0.24774216285540884,0.26259372178786244,0.2274349629845283,0.22982564767852295,0.20573558906180936,0.20021428712044728,0.21353793872427895,0.18096291132514872,0.19183323901779223,0.18735655790240638,0.22864522164402035,0.22679379061950916,0.2953012581028248,0.27087981214159024,0.2416334775211467,0.2149030987001514,0.2705083512928417,0.22545591882834434,0.16214799679968794,0.003265714087770442,0.02382101052930891
3.7976359556808146,0.24367108367383616,0.269841642645503,0.2176093204933207,0.2491406471909326,0.21107068153093686,0.20591604972094935,0.22449687049226483,0.18311076225100048,0.18638803548488467,0.18291169856313497,0.22187084703422383,0.23262584331097927,0.3225361457485722,0.27084713971753005,0.24526628603812373,0.2136243949941719,0.2688234180372546,0.23180026943601767,0.16381389892261222,0.0033897494672002638,0.023231209191807902
6.03339888306026,0.2527101228989062,0.26480299508784205,0.20402998398965067,0.2486720116587524,0.2114161237655459,0.20638847388590642,0.22179299427296925,0.1716553560814462,0.19561052971417425,0.17561194667301344,0.21470791199977618,0.2234947971310626,0.32311824058672606,0.27492712481259707,0.24800886743377845,0.20044173918581898,0.27283925116849544,0.23356965224591827,0.159872200850803,0.0034123503885970384,0.0244239857116051
10.549257856801615,0.25240786191658054,0.2578785188151249,0.2009019869241104,0.24622875208964232,0.21893021614951047,0.20760654847833235,0.22513266553196049,0.16711136311289188,0.19605205645377663,0.19550170140480308,0.21071740063248628,0.2222198205673162,0.32378064394086886,0.2807811622566801,0.24582651296375113,0.1982104669692563,0.27341562512019335,0.2226263835819131,0.162073652553386,0.003377588927364478,0.022961180724242268
11.394420818206024,0.25129987303842116,0.25928840420896204,0.20786613844800542,0.24448975378349025,0.21781133767539154,0.20502521637254598,0.2310333740712728,0.1726332779211947,0.19150912298459155,0.19889927669742746,0.22424639292831094,0.2243888581033264,0.30513236270293015,0.2724439320750727,0.23991291903643178,0.20368543803385758,0.275095117437786,0.2261573495465726,0.16289872063145802,0.0034608596040760567,0.023726573307106327
10.968301217336487,0.24922967114628045,0.25884277583938115,0.20505513430277855,0.23784702216814588,0.21450809719788302,0.20641254701007938,0.22625468785888891,0.17922702903815493,0.18953286945758252,0.20612831782534585,0.2263277072010052,0.2174650791897929,0.294344579313015,0.28730711489867655,0.25261127410074913,0.21180279440707664,0.28702298900320194,0.2263077417088972,0.16268887859060568,0.0035772081736900217,0.02460141753224468
11.61852957526898,0.2566167986264208,0.2563851279064696,0.21017278180910606,0.22714940992618562,0.22166115263930822,0.213278794781459,0.22002277167629805,0.17609716285478005,0.183938166059264,0.1991556120839626,0.2232465921791493,0.20758896257611567,0.28213859638259237,0.2812159852189931,0.262469498847957,0.20022608663973296,0.288739604513019,0.226853227698889,0.16290328217649855,0.0034435905208012297,0.025547985148897525
11.804874665850226,0.25846047851183446,0.25420534793814864,0.20653962998956782,0.2317684006499488,0.22625097081828283,0.20506382264890127,0.20626294890673572,0.1813947816037724,0.17998418639942648,0.19770376123099298,0.21177597699804418,0.208310737494954,0.29756090746654984,0.2848443179484138,0.2557952565480221,0.2124169115569371,0.2866902580011343,0.21903099071051435,0.1600198913594329,0.0033936257166342653,0.025078985761807056
12.759736417547288,0.2544275588763352,0.25850332661792996,0.20841709388595195,0.2262279853319801,0.23520682596921985,0.1945125968985719,0.20424115715756092,0.18746337918680195,0.18416248233749474,0.1850528986111053,0.19940849248216483,0.2116899415568676,0.3034085062511764,0.28135247850539963,0.2567511772506883,0.20111857451765577,0.2910097548584432,0.22795711400177684,0.1608661839225743,0.003228435280134265,0.025269498137207174
11.410997658109945,0.24689925759655348,0.2594076461056452,0.21455619899654266,0.22689710493504572,0.2285856333964836,0.19189244738230457,0.2030261562047701,0.17488112018438767,0.18830201326319487,0.1920215337736028,0.2004917117944914,0.207133286433812,0.3061917232620704,0.2842829119430979,0.26501759836031136,0.1996120581711894,0.28732578454130214,0.2322862811495197,0.1580092639506324,0.0032915533185063546,0.025333546393308003
11.69101420719782,0.23358005565866113,0.26217167235565747,0.21670460575801606,0.22602622801668368,0.22714574223152215,0.17273339207155927,0.20127157736731255,0.18103742710997808,0.1887058569168413,0.1913428413331064,0.19918504089385344,0.20580431401868882,0.2923439219866573,0.2737063082131782,0.2583358219265864,0.20554160906741104,0.29175045276460515,0.2202797884871918,0.15656713069610353,0.0033307920946567815,0.026997149624382235
11.537634535016995,0.23863126671342946,0.2502792045300181,0.21594348608032696,0.2249803373965281,0.2427111105783366,0.17075622253755257,0.20824093432374907,0.19047799193359094,0.1858047171752607,0.1907561272694876,0.1978850659574438,0.2150630971248166,0.29365240232724643,0.25995228992579456,0.24670375925384555,0.20037020807035594,0.2955634850841941,0.2196907457049074,0.15778760227430147,0.00320717462822541,0.028749975020642887
10.60161211827888,0.24282628472699083,0.25251748809997127,0.21979459829977616,0.22616009526230552,0.2404378415595236,0.163519174635336,0.2024898264925905,0.19773064033227855,0.1938320683838984,0.19601648877505157,0.20772732703012853,0.22218866308352753,0.30662959402358597,0.2604373199039753,0.24094843515998893,0.19088530859014974,0.29846107526904025,0.21342794046196767,0.16006322837669198,0.0033329399856797215,0.0301436991788068
9.443635398120694,0.2520182055568364,0.2558183477114694,0.23015182598486983,0.2182555407884754,0.22988740995025234,0.16903120026796872,0.208384255297938,0.2003828009332305,0.18344299901858085,0.18651943028021425,0.2180637064157476,0.23176178660157512,0.31105449738536517,0.26175014845724875,0.24612441313294856,0.19292737924081585,0.2910778242918782,0.2134998223026004,0.1610323883237466,0.003304606819768222,0.028764686841772188
9.413931723065003,0.24622563278086787,0.2637816290990645,0.2265362575758768,0.21826091734789108,0.23161738562631015,0.174917731529838,0.21709644110255238,0.19548920850401802,0.18087632205919446,0.1859856870902452,0.21815221106538513,0.21221473149186268,0.31057202879946233,0.2573416048380014,0.26270062448592496,0.19397122989703175,0.29568231876444767,0.20065521186399515,0.16002923102850705,0.0032641944370247,0.02845470040113266
8.98992559216974,0.24287043968560787,0.26230585253214184,0.2340442689616644,0.22611426924381814,0.22875766705636233,0.1809546978084734,0.20515642202808226,0.19831839777404936,0.18132251709919275,0.1818535109833714,0.2210565970441693,0.22192217032960967,0.31837340438781486,0.26369579974538726,0.25673129986803667,0.18737082730736565,0.3018894185629816,0.19685441286516964,0.16049175791778525,0.003216431396486375,0.028157520702497767
10.246727332168557,0.2454333011609188,0.28322589624448985,0.22150043048287615,0.21986757238952093,0.23110695727285582,0.17671681532369476,0.22272676574877143,0.19119224883848082,0.1720316870244918,0.175334473281114,0.23072096243500512,0.2158583248238639,0.32300307053573285,0.2751661319125086,0.2619533666880785,0.19156680008099966,0.2983726227732404,0.19865895651929652,0.1627408106229083,0.003286077704627274,0.02940749366134584
9.418468475561555,0.24230858120128299,0.28489421634747364,0.23291839849833576,0.21977524426002526,0.22636686060086603,0.18720608848728088,0.22725504082231676,0.20865505748915467,0.18267284899704564,0.17334932527959324,0.2319482607292552,0.21059354903072697,0.32386182128138985,0.27141712731629164,0.26399305429029923,0.20051419014279953,0.2918525467470951,0.19571606699695443,0.1651310325491496,0.003467341161441276,0.029036364487432548
11.278117323543919,0.2385096897003061,0.2814778710377285,0.2239871093838236,0.21372084013238887,0.24150337172458053,0.19454104742239944,0.22121787675850318,0.20252167497490348,0.185654764361832,0.1876618823399768,0.24554093302024532,0.21947610962509673,0.32825196644252935,0.2722356967728884,0.2543386642635259,0.20606580656347298,0.2943654197804261,0.17200210519314443,0.16642210247261857,0.0036068237429958006,0.029494984107196257
11.27383642524615,0.24349876316802696,0.293385786892919,0.21674861029962006,0.21826585674044752,0.24800375421810986,0.18920094211841018,0.2226699271026281,0.21464538985723475,0.1835764659128769,0.19451219828562077,0.24003658899945407,0.2162319648084774,0.32454322074677205,0.26100696688858455,0.2512190960481925,0.20794364258826853,0.29424700423543587,0.16989769857668516,0.1644544639570592,0.0035712753268247878,0.02996121851891626
12.494147587534432,0.244765465143482,0.30465509468215524,0.21349391715566737,0.22433959351676258,0.25380219879583454,0.18817010435453507,0.23208067609008942,0.21559228970743202,0.18018825088341126,0.1881353079222261,0.24146101115709975,0.21555850393895512,0.3306903713452825,0.2845550570148401,0.24424605760888,0.21289814947411265,0.29575000102477245,0.17769115498328533,0.16686013728438898,0.003429739301174769,0.03053919963683558
12.773321684358395,0.25542713208361995,0.2921530045114695,0.21372948607799963,0.21823096766329514,0.2583720071367088,0.18433358695411364,0.23383781695253036,0.21127268931862594,0.17568381927766147,0.1901408671230176,0.23481629047125296,0.22030811492482852,0.3300263484017098,0.2899113260789756,0.24870534577566955,0.19757891845822462,0.2977467373939376,0.18551868824914455,0.16701607130780796,0.003251721787885637,0.031053521984058693
11.36527328539379,0.24200825418815403,0.2931555316739947,0.23114443914825022,0.21770180044811294,0.2525956097174331,0.19209032443584353,0.24092081219299258,0.20150167387967838,0.17252870972289597,0.1990044738495336,0.22688997868407007,0.22033291091049403,0.32006007642425643,0.2962666986930358,0.25786338451770463,0.2005242942225541,0.28323409783761305,0.18696985747531933,0.16925180531709458,0.0031344736196780593,0.031009050327748276
11.271030927841515,0.23421424449584582,0.30539605454815083,0.2414652422167207,0.22303003158891466,0.2584754189711657,0.19043366923273852,0.24666995794394744,0.2075023210624733,0.17336310463391924,0.20325997192977058,0.23678375498082505,0.22111218319469358,0.3174219192137317,0.3196950054804008,0.2620651589604119,0.2092526425258628,0.28455098930922584,0.19853484415174893,0.17025117942574317,0.003287697437613261,0.03215799109699992
10.534720435928488,0.22866223651092915,0.30105072379760783,0.2448659922803947,0.22242719828627838,0.2597215068480795,0.19773107014703487,0.24143085524878993,0.21108089726747278,0.16857278601813913,0.20655364489064204,0.2531430686890962,0.22083517186876733,0.3232847219295826,0.3152543964354371,0.25358675493360905,0.21274122545307123,0.283515515030691,0.19287840123959854,0.17320429232290246,0.0032663647653713886,0.031909611501804346
12.36817003318278,0.23784183817070273,0.2930511481908441,0.24079784993974726,0.22532587234610282,0.2618758854174512,0.1967061640025575,0.2354603095773078,0.2024990496455752,0.1695130752738326,0.20620241461127956,0.2634211009037266,0.22908176719875323,0.31834550885067453,0.315537472913172,0.251355839051246,0.20877679278837832,0.28378505165037543,0.19272394587002434,0.16987139593808837,0.0032647255065846874,0.033303326389299656
13.24638262548054,0.24523775187455,0.29758641740748415,0.2291861914010354,0.2132679510579833,0.2634488347863797,0.19606822409185645,0.2288297526217504,0.21015744902578484,0.16412985481799525,0.2104043963210198,0.25335400289065013,0.23184343465289214,0.31040552411640465,0.3318963736152676,0.25910552483085203,0.19320831703496985,0.28304534675833193,0.18980777039781763,0.1704620256678251,0.0032305890056923115,0.0342385861912289
13.565079975175376,0.25870857559067256,0.29997267251669235,0.24541423256570594,0.21961409194000683,0.26673035396202643,0.19989148936851234,0.21937665505622583,0.22425299846165522,0.18013540135011358,0.21239435302440138,0.2534795008047462,0.2425032482070998,0.32848991054437116,0.3208722020921215,0.26990576178567466,0.1966951895851821,0.2855973501932942,0.19457554446311917,0.1739375885827777,0.0034726019050741602,0.03444868184579871
13.527999316420567,0.25839782433638,0.29973091970834637,0.23574655346093348,0.21378650479022696,0.2556417879693564,0.20800845570020426,0.21951094179655117,0.2182008978810923,0.17650599665443265,0.20438145392423837,0.23258103200726912,0.2332356384956062,0.3163857809607911,0.31789444226775665,0.2776998800886394,0.2027866275586176,0.2701757445198487,0.18797838185467686,0.17193420755996444,0.0034091214437656655,0.03465993017955442
13.434813705381739,0.24140985686115776,0.2976162604534994,0.24621675568424747,0.21975264664937,0.26242252306741437,0.21490187335824737,0.21177563522175044,0.22722045171511596,0.17484460702158358,0.20308670243439395,0.2513723697412644,0.2530069731638958,0.30915913597004774,0.3077810979637412,0.2686057704215643,0.2042973438691592,0.2688700649458472,0.18896215958510948,0.17352993903774336,0.0033780662087292616,0.034987742269344244
15.21874877995447,0.23833172962742033,0.29566361305825034,0.24787789212866526,0.211172339154576,0.26202423480331116,0.21759064075634404,0.20948282260659756,0.2326781920700109,0.17609910216093677,0.1921432595846883,0.2635359725926452,0.25904661013584,0.3114579268932975,0.3030873969179023,0.25591968869059845,0.20568521795648217,0.26048069549608965,0.18849686316981504,0.17197245063117456,0.0033483095562417504,0.034827093580430825
13.51336596989013,0.23371052352568028,0.29821489544882296,0.23340314165111742,0.21972714708783897,0.25905388458239487,0.2088664449022278,0.20955989833458627,0.2243233188229603,0.17028852340422507,0.19424086089522966,0.2544805230865215,0.24053086049863645,0.3192686682339118,0.3044739644643909,0.2545829527663404,0.206332051457794,0.26914514708003856,0.18761431073144696,0.17200849448605418,0.0032271977064517593,0.03364299392159387
11.946389166205709,0.2268006153103434,0.29622566828455515,0.23559171405506954,0.21359913211659887,0.25413822308719347,0.2125143233904935,0.19301414321799024,0.23292965042767155,0.17366523453129246,0.1806226403400605,0.24390149602174707,0.2281459959326194,0.32205316125170935,0.30407304565081944,0.2506315376817747,0.22181226114609504,0.2595858605686752,0.18269881040734526,0.16555663361566111,0.003230142285261697,0.032578866145486725
10.309570241463934,0.23296845641626224,0.3022111218536305,0.23716357740543895,0.2183185216804485,0.25996880329716454,0.2146454877150198,0.1955627442030062,0.24076607585890292,0.15725379317830185,0.18897118293018608,0.24754145171524342,0.24227405123031948,0.31326391128108727,0.30104957155469303,0.2537340470270609,0.23227004466887638,0.25146372871577216,0.1888555383952951,0.16956010638955876,0.0031443671511780288,0.0333866243642067
11.065860867502824,0.23664466522619257,0.30182757335863636,0.2317875941381961,0.22224570475119793,0.2677208190651298,0.2087897470978967,0.18900003980499108,0.24011436684705403,0.16394271583367223,0.19910434679752673,0.2535950683153928,0.24333413757931593,0.2949209742007237,0.2849454349690341,0.25547168014201244,0.25892856439798834,0.246735615061386,0.1872883861834971,0.16958363667071727,0.0031947857258661336,0.03228893850040283
13.808465820850433,0.22986680119932246,0.3047595202786506,0.2319563682105469,0.23566992212925475,0.2679738229945864,0.20270080589090453,0.19819737224189177,0.24849081491953326,0.1614394049138832,0.20087117101199944,0.24545064921666965,0.2588073297973916,0.3043853463137971,0.2808577001972819,0.2534657649316585,0.24972137697005165,0.2448264475629846,0.1897900293170786,0.1709659566090207,0.0030941837712754427,0.033111963321326564
10.803864980219009,0.24059642950827587,0.29607333097779553,0.24458294047302245,0.23120610509441453,0.2657139038826774,0.19296555641232802,0.2123429935034105,0.24421163324276016,0.1653114604619828,0.20601276527742438,0.22912989298528377,0.2578119274593501,0.3141398985532042,0.29452194291307426,0.2507091597641498,0.25213571924826167,0.24406377055293782,0.18236557940440726,0.1730343474945555,0.003174705990646646,0.033720591277148375
14.960934998909138,0.25384614721109583,0.2936864702972569,0.23268183236533357,0.2307522395655663,0.2652952256135273,0.19248020631298363,0.2213588174164999,0.24636876888669856,0.16134463225843043,0.20249812417199478,0.25030976191532417,0.2530218872922964,0.2999256194877262,0.3061399358105878,0.26118707111184425,0.25579868805106215,0.2314341591213719,0.17991500992040207,0.173252733624364,0.003163027282690015,0.03423807663813931
15.204994999341666,0.2601973682375975,0.2851193172270997,0.22943862277952168,0.23534733048027376,0.2614562484393246,0.1929877763028112,0.2168645726139085,0.23746111304543246,0.1610914778200181,0.20182476213027226,0.2515456265899458,0.2558953625841785,0.2947166468412788,0.31042315562336686,0.2613450442305548,0.2421916045819407,0.22140601891902142,0.17656190553155313,0.1735784909028344,0.0032004417898356063,0.0344086913032443
16.18324346816665,0.25114115401639847,0.2826375176437778,0.24011126681742412,0.23388153075292387,0.2751658152250332,0.19719964896849168,0.2340270830158448,0.23879324172769545,0.15661647239948903,0.1984745844258045,0.25164603666037977,0.2741052952465695,0.2977989688163433,0.319005947766863,0.25758295062016967,0.23658008435763223,0.23583577355056826,0.19204747906154693,0.1755880499708217,0.0031283614511853465,0.03393377949248003
16.437458838525504,0.24474468988984593,0.27872339534181556,0.24208293738913184,0.22456443213875774,0.26848145582145655,0.20633371995340763,0.23100506338548346,0.2325436661112942,0.16763956150053377,0.1996461974834942,0.24834790261703654,0.28003804102974655,0.2877069358657098,0.31645036033905316,0.2595125835074223,0.26114627901115234,0.2349039337686469,0.18987474850690622,0.1751431491540213,0.003230088543962304,0.03379724797605847
21.386796739232388,0.24734557490868167,0.2970794661954803,0.24035295532272277,0.22571511629470845,0.26160837266467496,0.201236808944021,0.2399134699115685,0.2316760156764273,0.1701935921058077,0.1922423127516896,0.2657600866337561,0.28383604967403053,0.2964561090870564,0.31004704574935116,0.2575633502057343,0.265378488409804,0.220244414113671,0.1806496552326262,0.17594745500632744,0.0033673528550460284,0.033171384299360014
17.77567268752072,0.26235242346834553,0.294985646134423,0.25250687755523193,0.21645370523386023,0.2578652506097338,0.19075874300957812,0.24115905606760035,0.22557212356819417,0.17574959768481524,0.18629944920611358,0.27613216039898303,0.279891368122319,0.2945832847203444,0.31635311264826005,0.2683222562213772,0.26691843630821654,0.2285261706497586,0.17687793733048957,0.17457314780227395,0.0034533862384394784,0.03424298025691863
12.127473000605944,0.2609073001507954,0.2817588810669716,0.2436635375232939,0.21792550785602083,0.2577094528511555,0.19572244891318843,0.23356493427988018,0.2202928342314487,0.17670376475915958,0.1841529954230145,0.27424654740908505,0.270430038852353,0.30673638565387845,0.29671977064188815,0.2791954027296617,0.2656740068602148,0.2290554900829704,0.16294888389802203,0.17386789811550155,0.0032900176242258057,0.03307912226948916
13.351862324628337,0.25208723113925596,0.2783841830119307,0.25005272942371803,0.21962112049853216,0.2616084993470838,0.19656849421285316,0.23276868203486653,0.2250562678177625,0.18948149981239293,0.18291715939462777,0.28050387395075044,0.27022954944521627,0.3026184147980054,0.299156880749219,0.26954241274275237,0.26109990793649485,0.22094548723944704,0.15939460614648215,0.17603183759074173,0.0031561655011779263,0.03430077254875337
13.352712012959417,0.25016963270687353,0.2790503460901846,0.257368987641343,0.22137343956776073,0.25092923922063526,0.1984069530876566,0.22755709492820364,0.22335721700839004,0.18408408269743173,0.17979093023931164,0.2708379450881003,0.26888208979665434,0.29390225219422,0.3130246566479848,0.2616434394971826,0.2689507561475517,0.22018663737751293,0.15262866990047586,0.17402022673250664,0.0031802322471484986,0.033593169752955836
13.355219909111987,0.24960692494200878,0.2912315472041632,0.25605470412568276,0.22860171775202115,0.25742518810232773,0.1871245749645106,0.2248629270760395,0.22504075555956365,0.18883342969813038,0.18144589567924302,0.2691031826286378,0.25850473890890496,0.29134912871469604,0.31730709966974946,0.2463599978421796,0.2564478469527793,0.22007915743722495,0.15141613769045156,0.17362624453103517,0.0032327959562300523,0.03411645595368936
13.702795443845034,0.2480948883726851,0.28795753129617796,0.2488389472988534,0.21778626716164307,0.2655541927341108,0.1955977406942401,0.23118259364604504,0.21975377942675892,0.19396958057664043,0.17388340801744007,0.26765918270297007,0.2660157072144974,0.2902099728207616,0.31398356053580373,0.25155394695388533,0.2610423356641867,0.22535238724354748,0.14139633085936376,0.17209567624985198,0.0031902070299242493,0.03363389128959501
12.94521071628611,0.2560345356913939,0.2810657510157674,0.2610659834318243,0.21811126035337394,0.2600979832450626,0.20055511414906077,0.2318652059141777,0.21323257416525473,0.1926856538718259,0.17050643554695794,0.2734248447949959,0.24962441069874142,0.29779356312015176,0.3277646601199247,0.252810044847172,0.2710360730759574,0.2236189922863171,0.13584525459670643,0.1733331975754718,0.003170047573465118,0.03420395490204689
13.528929713970783,0.25314690468290324,0.27603526425568636,0.246884435335391,0.22687644495020035,0.24849864512790354,0.19909463133808478,0.23613880319364133,0.21197399098391803,0.19551165555714686,0.16684749931705,0.268440528071908,0.25597087583097394,0.29225669385774555,0.3112292130315634,0.2437972525509088,0.26797689885142645,0.23898069924309676,0.12467933649155984,0.1722581054888894,0.0029999571211074523,0.03306066550847219
11.889048883260108,0.2632027813226174,0.2731112139365106,0.2523746493936999,0.22449261623649416,0.2330829977592893,0.19820776843399182,0.23117836830571237,0.21312773244090033,0.19282766349153346,0.17874163863526477,0.27723404886740344,0.26097703329385125,0.29217085135498305,0.2983058775280267,0.23640642710430015,0.26118494084158933,0.24257889370022825,0.12632169743050883,0.17196284198604775,0.0031984398994388675,0.03227824504634617
8.864771322251618,0.2662639869884322,0.27750425331258455,0.24099598213946555,0.2245019317210964,0.23492034097590017,0.21035988997989102,0.22553777599568264,0.22322774657956257,0.19280432049307866,0.17778419762243972,0.28184114956872525,0.2541666411990042,0.29157503546388613,0.30670703140964195,0.2418301954097395,0.2586728574600936,0.25332679424743204,0.12947260035964409,0.172424869845694,0.003206664290326243,0.03133754715174244
11.668370120555425,0.2553874268194882,0.2721351832109045,0.24412042740382314,0.22850369814914287,0.23014636000467054,0.205310075787217,0.24019700435072777,0.218054248657213,0.18588479401885374,0.1787300879539272,0.27925261158700176,0.2532337249191116,0.276465638715778,0.3184630993823977,0.236151997315463,0.2651604474565895,0.25754298617038146,0.13270212739112963,0.17047958989469472,0.0031602185234847462,0.0306671782504974
10.998574870672375,0.2505295178678122,0.2653881055443074,0.23912577028516696,0.23299554537929656,0.23619055669823524,0.20121599023009723,0.23763409177206882,0.21965517175590007,0.18883288941619414,0.17630084976682567,0.26879000936905667,0.2533997448630946,0.2860275710875546,0.31599412740606153,0.24396666037695694,0.26209217309726807,0.2642416729331526,0.13409815804765457,0.1722032538668208,0.0031901416044255956,0.03153963173656371
8.11886738245019,0.25684064681374,0.2570401399448874,0.24964698502896182,0.24056818533874771,0.240663220849908,0.20223467312042986,0.2394993680498322,0.2162047929600803,0.19679553505596806,0.18065739999212035,0.2578654826402006,0.24954820115566873,0.2827677832344899,0.3098574400128856,0.2399150575043267,0.2601206140425405,0.28353088270600535,0.13395048278882368,0.17136042343922298,0.003353922678885856,0.030157221292467427
7.873992277292372,0.2516715836687563,0.25505786492904375,0.2551179785854739,0.22711891191269765,0.23318904914778235,0.20148837542607367,0.23854486625030552,0.2056378325931303,0.19354368314362275,0.1685539080481726,0.25960791035681846,0.25358213101197347,0.2818731304740965,0.30134814431171797,0.22552296918340328,0.2625720671799743,0.2783663679376753,0.11919723174925581,0.16913118723744822,0.0031904632309692174,0.028941931082991007
6.948459853287581,0.2631768886356703,0.25483507754120177,0.25321304327728833,0.23440935817866823,0.22921367571431442,0.20737623716112427,0.2391987119254595,0.19726492254083583,0.18769270122228232,0.1690919463976389,0.2607628611160034,0.24618064548475208,0.27807414521209384,0.30845570928997,0.24138854292945586,0.2576017666748212,0.2749330764638529,0.11911620806967858,0.1707175900974134,0.0030319011161176767,0.02910879890901325
10.671875966007438,0.26403174477921637,0.2548334318734426,0.2405892313539149,0.23952502877128917,0.2265004445681818,0.20744479075451835,0.2360237231082797,0.20265743011651702,0.18626452112418118,0.16041313848642735,0.26148415665445734,0.24965249251872504,0.26330965905580916,0.28748598701945577,0.24602177290733762,0.2528263918097102,0.2684958345069827,0.10705915150238221,0.1671598365366964,0.00304484703426291,0.028604302757890283
9.549516648487584,0.25732784486090504,0.25890973497845204,0.23388688127048407,0.24695239563348587,0.2084805885255773,0.19834847140987044,0.22347386096164767,0.21857082360755015,0.19158010444561643,0.15766782921425246,0.2621973130732121,0.2508994294495138,0.26665904416323877,0.30165178242357954,0.24621227971708165,0.2573406534049995,0.2647261407798836,0.09127276220175062,0.16722112668398947,0.003028222392872363,0.027950708818491873
11.740495940160683,0.2604906841247096,0.26043021697993474,0.22065214015990978,0.2489821225721484,0.214902146792331,0.2031096614678499,0.22272903128614827,0.21416020104751893,0.18818170537408566,0.17077154817308507,0.24640325820761125,0.24294579363924207,0.25187522513088206,0.3112403937163782,0.24365919997288393,0.25964906405472765,0.2630020121426586,0.09181925320011503,0.1661765401950871,0.003072844713989589,0.02685141339837381
14.516555959604672,0.26915701296604777,0.271024724782102,0.21319887315188588,0.2364280764785177,0.22135877282357358,0.20710196015049895,0.22745388332277525,0.206305741100267,0.1820368258360243,0.16892268451929193,0.24075730767003345,0.25096498487283214,0.25341466523375095,0.3041290121354113,0.24293658338379207,0.2558692283022826,0.24795611040271526,0.10799336827179486,0.16794966513641255,0.003017387306738597,0.026825410454599862
13.657404465980749,0.26145457994562776,0.2830718433036698,0.21488440280748403,0.23527203925048906,0.21730562331274944,0.2143404405528104,0.22271506959926768,0.2042887805562482,0.18708770267004612,0.18420671138458192,0.23804918160812294,0.2515976287335492,0.25315579547698647,0.30669653148172826,0.23371521077805907,0.2465267286349949,0.24554066546132622,0.11584606964986965,0.16666454176520687,0.0029391936482020538,0.02626880959720105
12.918680665844036,0.26401464844168626,0.28148010908906357,0.21573569687392344,0.24739435459875475,0.2255621950385037,0.21384956588570933,0.23302929578994136,0.2081827518515846,0.18113772812378345,0.18429461190153973,0.2383357610401983,0.26813331662943274,0.25631483786918946,0.3040933886853804,0.24592921108320415,0.2602068282166583,0.25630579355508437,0.12255247654853282,0.1704430116961925,0.002904594280835185,0.026163576212232347
12.916837651759483,0.26227150805026533,0.2826678841853518,0.21217726965861752,0.25828978529360996,0.22605036179378352,0.21251588187249865,0.23975500303276542,0.22611132499393582,0.18698502805472236,0.1875017943129794,0.23995116424744556,0.2860702390177686,0.2681384737619849,0.300803178250788,0.2487796389995068,0.25734438589030695,0.2596160841090501,0.12318432483449854,0.17219060780814624,0.0029615913326622,0.02470522883988001
11.325910145376877,0.26829764796028377,0.27096783829762205,0.21681182517343692,0.2502792595217874,0.21130749852935307,0.21887392109103804,0.2389584001844262,0.21586884561603212,0.18649614532949735,0.19384220370150268,0.2411992516773002,0.27126098315502156,0.27336897209494004,0.32077323414547043,0.2556385253917465,0.2577203220228978,0.2472606023238104,0.1135117844571538,0.17254331293146816,0.00304694689242223,0.024438143970388987
9.669120244812914,0.2724986527504494,0.25554139199665965,0.23123720475090623,0.24673755460183752,0.20897865242186703,0.21552685727471468,0.2387047879929106,0.21745157618453387,0.18160706708370705,0.1865409504794492,0.22822065287228832,0.27782595721465986,0.2755542575741821,0.33423085834314037,0.25832522902754984,0.2536129530273742,0.249648816155167,0.12431749577014452,0.1724882052665406,0.003132855284986642,0.025000403026598728
10.46919342113199,0.2598872259799727,0.25318746192701985,0.25170116848120344,0.25872546354170073,0.20454954308316964,0.21539058992420593,0.22383947363570986,0.22445179858157388,0.1878128436543306,0.19077177892619349,0.24318820683979953,0.2698226578670662,0.2644907959345466,0.3288067391275357,0.26192334464979805,0.23714464444003483,0.2408863518499167,0.11317494700973424,0.17263637826374445,0.003086222784320381,0.025634294128236985
11.636616148204208,0.26674992489191207,0.25674408306120156,0.24923223967386127,0.251970389552855,0.20511441118613588,0.22267308975911976,0.23044236016562622,0.20885664306047114,0.177739152302277,0.18724195182648917,0.2595734153005774,0.2824537769011215,0.2683563267546685,0.3183618297852119,0.2649079157499923,0.23307554194207597,0.2531551109330327,0.10499150146492241,0.17122403857739524,0.0031586227052820843,0.027867597687650045
6.719464588166268,0.26429465865032425,0.26431221493056434,0.25391206921504894,0.24634037396652725,0.21005169871049234,0.2310256020264093,0.23482797468235003,0.21965850848655344,0.17878250183378955,0.1931157927269361,0.2479464231723419,0.2866714890876811,0.2628372394344074,0.3218287016529557,0.25825851089372576,0.22857281471287758,0.26944806743786465,0.11159216943088913,0.17603519176759047,0.0032909236170823256,0.02732543702902922
9.586881230497896,0.2669961827168531,0.24945227355875205,0.25731256538269937,0.240214353683678,0.21954359238446935,0.23289739234437495,0.22454657771194253,0.21972377435350177,0.18014010134238434,0.1947636844800873,0.2481580693618639,0.29274309905616774,0.2549542767968975,0.32596203291455933,0.24991479994428845,0.23489882231730635,0.2725583612836689,0.11709608299801566,0.17435619003279085,0.0035641145804549265,0.027480545104769206
7.562878150991903,0.2621866017836029,0.2462346905345739,0.25469186148650863,0.24770062338503074,0.20596661299898764,0.22938566521241066,0.23382627596634725,0.22352001999305574,0.18951057605930943,0.18337172004381216,0.23100060841842354,0.2927794615530456,0.2728492114542539,0.3195281185503381,0.24996430044761045,0.23942465555105566,0.2749702745015658,0.12680231656167185,0.1734894645722163,0.0035958656498983332,0.02734900993504355
8.318222285226078,0.2714992577607224,0.24559272504184243,0.24712432186303168,0.26065251855766586,0.20600657374628467,0.22390658418230616,0.24219788606025644,0.22564185217358845,0.174062107282321,0.18570991195540668,0.24235582427475916,0.29808353339837695,0.27585339907707507,0.31251891390687353,0.2501230695506484,0.25084918322943184,0.2676081294349945,0.1241835694159809,0.17444297079836346,0.0034848909568303893,0.026232957383670787
10.639326996329153,0.2689723555202646,0.2603472781229567,0.25772207466390634,0.24749863922701038,0.20842384114101994,0.2125847627047071,0.2509457553395308,0.22390432676924385,0.17849221357263162,0.19245976484732494,0.2378846626506488,0.29273939733317805,0.27419764661136886,0.3183667454692441,0.2481123357115549,0.25338855560916723,0.27479750048710916,0.12909518666556377,0.17462782422030182,0.0032784961952946967,0.026974491744356018
10.21667970844554,0.2539506102425898,0.2652792685105577,0.24637338293951255,0.2504247952006629,0.20695028091322334,0.22038107630184092,0.2433337782364985,0.20990145806512667,0.18354379414614364,0.19181264219782157,0.2169647668927989,0.2930352624599428,0.2669734829546163,0.3094029584822686,0.2545319469611604,0.2408371210744742,0.27401877680110726,0.13240979336356326,0.17078803323334654,0.003179390287462179,0.026677436646619413
11.217328162817523,0.2520430585508173,0.26851424379379785,0.2647901466372654,0.23827371111075582,0.21176552239586874,0.224324262346784,0.25328948406915747,0.21975120703552445,0.1864528730513359,0.18640765666945652,0.2277259496940149,0.287264599797869,0.276616876201942,0.3096606438681295,0.25302045221478564,0.22929551178983884,0.27041990937175003,0.1294093028173066,0.1729023926301789,0.0031587575764221026,0.027386822416079964
12.40666108383585,0.24067327081056528,0.2654213277162218,0.261840161411147,0.23681110179675716,0.20866990013345377,0.22116397640216814,0.24821615401180236,0.21260844933910922,0.18021206941559526,0.19564562019036583,0.22316479453523605,0.28325660267620284,0.2834594794073605,0.3027412117006229,0.26564090530628864,0.22817081112580692,0.26663270902621455,0.13010601163695715,0.1702838351563799,0.0031055934541848935,0.02689272322218483
7.746332753854647,0.24858485510704434,0.27365447117310693,0.25956023459226657,0.2388264462222618,0.21819985371102696,0.21905803995297812,0.2468949513196368,0.20704783759532375,0.19077095424119025,0.19982507260387916,0.22417298059206842,0.27928434614083764,0.2851398365254082,0.30623221011220947,0.26021324466813023,0.23425646674165035,0.2701886873445584,0.12643676570611584,0.17204234026819895,0.003106432251503727,0.027477612169360323
7.409540124478587,0.2554396876299012,0.27091981513177515,0.26063249425070567,0.25147008983338537,0.2148810614698445,0.2113804446014166,0.24717645673675395,0.1972211135114298,0.18088949459372983,0.19905676868146552,0.24047429621671518,0.2817900470154878,0.289080544012315,0.3038970603741575,0.26781995008105147,0.24454088720934186,0.2865183138821345,0.11990213300303283,0.1750430850111348,0.002983366155733182,0.026949747397263385
7.432084263076673,0.2524903824281819,0.27113011244953017,0.2501012434509149,0.24915718594970818,0.21144490739913596,0.2158435753768283,0.253723315374718,0.19657271517376226,0.1882523089233729,0.202100677124364,0.2278055036272988,0.27735995977540767,0.2992783200861858,0.29667999474182144,0.2850106137141577,0.2407602213686649,0.28222708085579584,0.1158369230018848,0.17250366298021622,0.0028737517289835874,0.02683671073857224
9.854311430517555,0.2607010619878203,0.2706780010757682,0.26162352604607436,0.23863253379678834,0.2125096745941135,0.22552076006347224,0.2538892360729563,0.20476288543806329,0.18604790072167607,0.20475542363165275,0.23804347171010187,0.27020901657356,0.29953507173889027,0.3061148001085438,0.2740124417516502,0.24026762678694402,0.2910202047698354,0.11453422893360354,0.17553238257664458,0.0027888160823245755,0.027360710028404064
10.669583796965235,0.2583833384878642,0.26970256915307456,0.2519092500051821,0.25013229259050507,0.20844392551449553,0.22244638128669036,0.2693480571688448,0.19899896417151847,0.18328422494100188,0.2077132490656065,0.244166436316795,0.25165254269086396,0.3233889234721526,0.3008688905493662,0.2671675814613313,0.24466325724985474,0.2999111299444155,0.10830341792701423,0.17704942183811367,0.0028425755406695377,0.02726789994516654
9.46609704023475,0.2638198085277627,0.2730876312974655,0.2488176042468607,0.24840337763662615,0.21054281185673573,0.2104908545993603,0.2735358884568371,0.20251086148559522,0.18140361042792366,0.20701261925764963,0.24200383471911746,0.2396295373479732,0.3362863175112515,0.2972724008711689,0.26989409576205814,0.2398859472406379,0.28883671525615817,0.10228550974414846,0.17530211176212004,0.002877420149487259,0.027528500582858287
9.257257214385081,0.2752756337882968,0.2663173707066291,0.2522208143081537,0.2552256914836171,0.2223893987804732,0.21539982386513035,0.27017357033404665,0.20348771623217987,0.18959652518340123,0.20132087277210028,0.26622097025349933,0.2472298462843599,0.3597564557500471,0.29300954887193525,0.27878662559541484,0.23985115817919234,0.2830192296816643,0.10276283610702269,0.17932241386582423,0.0029025087121909766,0.028835509127674817
6.1753948580094855,0.2669840607614118,0.2640612271897319,0.25519738759164656,0.24886986894726917,0.21994323590303225,0.21031399135389262,0.2574418863574951,0.20780114678011313,0.19261879594962297,0.20209529746163843,0.25935299541575213,0.23692654261974042,0.33714431172548304,0.29843229838630214,0.2631278235286911,0.23800936383596424,0.26470910472100384,0.09706992167825003,0.17435602922799215,0.003053029286039746,0.029957444138051455
5.763086707167002,0.26106082197718566,0.2692434911476818,0.2578922481854999,0.2568925211073775,0.2292220265596279,0.20224071439285038,0.2569668168087851,0.20351799477907118,0.19254332000398952,0.20594977125433478,0.24720529634899652,0.2511372363575014,0.3493357968774904,0.3100443082272664,0.25876524984661264,0.24508817664393706,0.2709194426760119,0.10153269475249989,0.1776382488078978,0.003162890084690695,0.029665138852270977
7.320025473673907,0.2551103980201541,0.2778426922396156,0.2570349792776999,0.2539940950616998,0.23603677341606358,0.21397300464762298,0.2537409379249331,0.20836109672111297,0.1948860557453883,0.2066821176595671,0.25930122377799875,0.24040341227571366,0.34676665239423143,0.2844116153248437,0.27157940048179624,0.2342449951433531,0.26970645180142566,0.10039798782198131,0.17730900444911438,0.00301626342857338,0.029129472316029456
