480.9009267641471,0.25923422371352184,0.27355794138032613,0.22773057796440294,0.23144383651716538,0.2356663108223382,0.23946751711469397,0.21693978047421011,0.16240748567589838,0.22267480342026286,0.19211917697283018,0.24628833714587162,0.23789109454522103,0.32074479176664666,0.29466118761365917,0.1640474011464095,0.2781890282966088,0.20101066568378903,0.3770418273521196,0.17059563009277273,0.00347233769734837,0.023922659456316345
378.6905827314667,0.24964465193651786,0.25492038258197314,0.23824973558442875,0.2334701509578906,0.24014841214493862,0.22861803721491553,0.23487738197642372,0.20467108693781808,0.18904180038094778,0.168839528233906,0.26268073409446807,0.24196581723801228,0.2870065917468814,0.30642977616997236,0.23303844357635922,0.25114187782243125,0.22551023788029115,0.24117491770444277,0.1601228475274969,0.003411978988151395,0.023328029054038076
301.33912098719935,0.24961354642976522,0.2554753915872944,0.23567955391744322,0.23280608237827863,0.24147747407666978,0.2231080750851941,0.2333535248144674,0.18928340025058485,0.193273473033013,0.1806045061431307,0.2764456707110871,0.2232350278621589,0.29725057954651685,0.3167143670426711,0.22653523721322355,0.25892105688355893,0.22191465879089647,0.2388069457618242,0.16090516468056515,0.0036001121131389686,0.02383786834056504
25.598281694906643,0.2599146362612695,0.2501078941808028,0.23686367466091565,0.236322354672485,0.23705137834414652,0.21254555913680712,0.232382749671452,0.1883223105804475,0.18684354764614358,0.18135059151231767,0.2592146141982748,0.20726083858234062,0.2926992476371621,0.3098776761747517,0.23746494887952543,0.2412505081659594,0.2201797561911776,0.23882572480689337,0.16455285957648577,0.0036581390472589966,0.022677694054269233
23.25417684546014,0.2635120253771361,0.2557431416376606,0.24774762254512553,0.2386288054890689,0.2260511029560302,0.21454870354868016,0.2268408175914292,0.19441490966457986,0.18988070836770027,0.18455985489748125,0.2686232796385697,0.2223550566466557,0.28654720153812663,0.3022390395682458,0.23709782225715706,0.2436459114939474,0.20876199022955771,0.24454088456356357,0.17028400986284947,0.003591827081883203,0.022647778931724948
22.36017380896657,0.2625913191886005,0.2612714603958243,0.24784734096675634,0.23349050302453495,0.22018841207056702,0.21279065815537407,0.2245366233942072,0.1920976486437333,0.18832483196691496,0.19294759648368945,0.2692672963856604,0.22256260436936376,0.29211622057847975,0.3026480146929965,0.2360739892914946,0.22955043046155135,0.2094033880912035,0.2594849140369756,0.16865823613606037,0.003680232304257129,0.02114218954424343
18.480376391762263,0.27146796804980255,0.26325957690144736,0.23927277007394854,0.23114607951042604,0.21901945591931152,0.20952689538231398,0.2195924207635275,0.18829427764722545,0.1844575575527561,0.19496064799699322,0.2612598938146415,0.22016734824703796,0.2989782154961165,0.2961758002866753,0.25167013384077497,0.23905262384380713,0.20270348449064984,0.26647959053137915,0.16808852749936803,0.003769215044543281,0.023584202708337578
12.461078939540407,0.2696490993094272,0.24940600672977387,0.24990863306627353,0.22917190052709338,0.22030973415487592,0.20747272309837125,0.21233629662104436,0.19237649365708687,0.1837121178751618,0.1946660914980643,0.2688925280623341,0.22164466559132961,0.29099911322604083,0.2986083511265779,0.2364818325707907,0.23303308255517657,0.19913057575185317,0.2693418945267019,0.1655604821341368,0.0038571186550484114,0.02391378213642255
10.588631030207944,0.2651391827868799,0.2507214675032093,0.23668095716212542,0.23584011531446816,0.22723618709027907,0.20923578910498705,0.20538941389528426,0.2010550725011106,0.18572938806743353,0.19967647765748017,0.26452728757254834,0.21256864289757874,0.28574350143470595,0.32463137252596896,0.21799109491609986,0.2563624039783607,0.2122383375430811,0.2670316099585574,0.1666289481837622,0.003851291478823583,0.02229322079264195
9.283265272827,0.2625093702454446,0.2507292200829433,0.2387751593987245,0.2385413505597715,0.21523069093069824,0.21409112581204637,0.20941771167385825,0.19197529641141112,0.18258050901166556,0.19918102628822668,0.25928508977649906,0.2022013599183276,0.29740416922766666,0.32648954870057806,0.21156893459143317,0.24373664636829592,0.21396546869164274,0.25879485726749285,0.16580347514577032,0.003844779134445834,0.023029391405987483
8.132416819892914,0.2636835678729936,0.24457371418684534,0.23401919627538117,0.2466627829468495,0.2316448484142842,0.20591922131901974,0.2085433568413365,0.19601040168874764,0.19318927369699007,0.19059507623701508,0.2727136897237691,0.20197397727520877,0.31399131960830984,0.33447555006529406,0.21512323609397077,0.2588072885048467,0.215360778039906,0.2723483832507504,0.1664367495146201,0.003903725089233024,0.022936839904998868
7.95476744402262,0.2582569486928895,0.23987451565071954,0.2411079919646372,0.23869494390716306,0.23850868963581173,0.20642215556070637,0.21681332197118544,0.18984177176593953,0.1834041993845723,0.19618261306109464,0.2690527572429467,0.20700356980679394,0.3223610648397354,0.3228824733126526,0.2195259128613561,0.24725898980430208,0.198355337641585,0.27348500024415173,0.1649271711335493,0.0036847339189087507,0.02343767307240682
11.32176464858033,0.25828900769983587,0.2346728380846885,0.25282478516534346,0.23580276267732994,0.23607645088179655,0.21459526495585293,0.21741672894805025,0.17291279752521838,0.18471762849988063,0.19025139728016,0.2696063986595058,0.18928563247583755,0.2944181528917598,0.32137618396210127,0.21270787163530117,0.24025079775134686,0.2051162487832364,0.267700476019836,0.165642185495038,0.003666566996543565,0.024400070539061323
11.848027296731178,0.26174355818814743,0.23950432873484756,0.261200369898491,0.23470547735719866,0.23759056292945677,0.2036280019383409,0.2354161384592077,0.18173016715599305,0.17796872787679016,0.20440219101011892,0.2660954409412761,0.18832146524023685,0.30418735269358244,0.3258167576635879,0.21559727655907462,0.24596377111570547,0.20102023510618355,0.2597886022730998,0.16862210710252418,0.0035080206889767963,0.024403682428117867
12.194130641130931,0.2514160755236482,0.2315298269007617,0.2528306131081557,0.23113918955482343,0.2374356282143198,0.20955059750607327,0.23031043565215234,0.1906747737968435,0.17419029921695972,0.20040372161244777,0.2580621789165547,0.18346983956549737,0.3078963232423011,0.3327768003244963,0.22079071164620923,0.246155345035986,0.1996475784980016,0.2563724996292226,0.16413754052495064,0.0034825998190565538,0.0235688149038941
9.735622410832653,0.2606395938820334,0.23187005995067936,0.24475076389010386,0.22810813912859487,0.23711474786690348,0.20943835780943582,0.226454398379064,0.1941432615956773,0.17957597760549554,0.19808232055619773,0.2516572294153971,0.1732555045603246,0.31552637323275484,0.35255510725383166,0.21818226238488614,0.2509610438743437,0.2128987838398584,0.2652784442113746,0.16644601914756166,0.0034824783411586432,0.024019572883364853
11.7577441088904,0.2545552385791421,0.2407489426503276,0.2433223174764961,0.23307514848796834,0.22596197503225204,0.21175516013324172,0.22168205969650065,0.19373162904027982,0.18258035680523532,0.19127545193378634,0.2591497883518799,0.1783607685830768,0.3167670210283511,0.3506579422407164,0.2243208280687085,0.2391303792182001,0.20853288187289937,0.25990131012849343,0.16451583958630656,0.0035008851816484524,0.022694190699730818
10.254647923404827,0.25706482644884093,0.25111642214948704,0.23836733027104684,0.24461012820092615,0.22948344810712812,0.2016692776109643,0.20565443150935245,0.19257482058977468,0.18872001090784837,0.1939602678883855,0.2608767052750371,0.16051243150384054,0.3187618798309268,0.3245380994741469,0.23004843631477032,0.24498925472684918,0.21365264252990346,0.2577737645346165,0.16546892729075457,0.003579404881102457,0.022252420540308678
10.783809379309272,0.25436777072385375,0.2639556073229876,0.22588237271840964,0.24097438135204485,0.2195441078613931,0.19128879230555348,0.21170536779041912,0.19361739212563506,0.17743242409319043,0.1910141981583615,0.2597376135099164,0.16257099360294014,0.32241654570906136,0.3015410791011962,0.23639338023609735,0.24735857639467695,0.21401302330185887,0.27009256730224734,0.16440591812621097,0.0037525415523157416,0.023022268773713356
15.362571667279674,0.25967154475332244,0.2525763351182794,0.2410081034819539,0.23620984979943135,0.22073750827962074,0.19161845507124647,0.21348320195344003,0.190245007351443,0.17972909983035987,0.19101890709925273,0.2590579343635157,0.16107636071699688,0.3327584448782511,0.2947167882619343,0.25676883489445673,0.2425330921233246,0.19923766250799452,0.2727199133188982,0.1635457965300671,0.0038053691077761646,0.02388255758589492
14.747343878847738,0.24702542165514568,0.24611104148083246,0.2463575145481901,0.22809320000198163,0.23091618873330164,0.20679289870507617,0.20985672915255132,0.18914847558921785,0.18046958475239314,0.18635093843358458,0.247833180604027,0.17007015182607327,0.32937292230439885,0.2990942881439094,0.2591027659528652,0.24968199504814848,0.20551994153607805,0.268848501624214,0.1643022948570979,0.0039009994280170828,0.025319861777125505
14.099704364503005,0.24205323959527286,0.24650348050045168,0.2497958301404111,0.23545724645101518,0.24031204937314046,0.2066043612017176,0.20896945651932863,0.1805020903421095,0.18293121110736735,0.18843349565716183,0.24651542598030288,0.18841677449024385,0.3452057866789027,0.2926191890215209,0.25730930879307684,0.24693662971123012,0.2159782650024722,0.2769348676596015,0.16450218369901362,0.003908383081612625,0.025508470715400192
9.700514397140752,0.2470571165985261,0.2555335752358927,0.24650412485712045,0.23895052687410515,0.2514622760120459,0.2046903938460612,0.2266099478353889,0.17692738534191232,0.18149699641800893,0.18331527952696328,0.24787356606787028,0.19958464106249996,0.340707682180173,0.30114061554032934,0.2365483910823396,0.25045981078286905,0.22979234651218922,0.2876905600865041,0.16544888150160977,0.0038441189621578426,0.02617415238891896
11.352676855032065,0.2548867441741128,0.251447169480615,0.23270459407868627,0.23127020176746577,0.24257472837996422,0.20311231773351046,0.24277089915652722,0.19575455037729841,0.18400688069354168,0.17745839664451354,0.25574580084240534,0.19361588733452445,0.33189153109615266,0.2871282593656349,0.2319647515008263,0.26474572857167517,0.23163291929468172,0.2928587047489404,0.16629968230977685,0.0038873856037739477,0.02649867069694509
12.764081729579418,0.25331860090653713,0.24857251533240585,0.2310259965793487,0.2430740570656091,0.2306156237216547,0.206804218716397,0.24863288633105543,0.1867413732924427,0.17956763117286445,0.16931580725991524,0.25667170851050075,0.19754814735197135,0.33848605453837205,0.28714689129898213,0.23716237023804873,0.2650008924153315,0.24058238548476393,0.30179366524273166,0.16677235028824855,0.0039766255772448675,0.027633794224333253
13.393654716378114,0.2560262772831787,0.23369687066476294,0.22957489415744287,0.23992883467280712,0.2308498268328429,0.1969772507704266,0.24133521937399488,0.19652507454264395,0.1709204636648526,0.16526284976088493,0.25649448121117097,0.18759211901868428,0.3255840626652428,0.2762969549281681,0.24377270495471084,0.2581541517498302,0.24159291629503474,0.29205183220273534,0.16545315916184947,0.003756542537862782,0.028270507759711162
13.446089933583739,0.26520727575816777,0.2283495973782344,0.22796545111834776,0.24114511051467483,0.23524029198034468,0.19691982255763454,0.24175374427236346,0.1991733895775087,0.17417418232208384,0.17027402798486224,0.26115229528492684,0.19286797843731077,0.3395253040156165,0.26517743978841507,0.2318340681870824,0.26469744121116284,0.2429314356326783,0.28382081967374784,0.16470289570392632,0.003599986280272203,0.02889735450765985
13.849187711254569,0.2710930176119192,0.22727461740147592,0.2200439096255535,0.2606390481020234,0.23571700665078887,0.19295894236291444,0.24749046398468966,0.19642433318343785,0.17823418297020266,0.1744698465395504,0.26490337895632565,0.19787425819724921,0.34919050507717514,0.2579861051875766,0.22299474822390777,0.26223630322167996,0.2400439133073458,0.30166320322488777,0.16510469055809948,0.003389682530081659,0.027552092256117607
11.887453792544727,0.2576666452774236,0.22776950200653764,0.21358039317478156,0.25953359944507726,0.22894535058735394,0.18277964084172466,0.24803872270545407,0.19300465025609095,0.1829301871386812,0.1767456977992551,0.25367573330583837,0.20715847368089488,0.3436976697766857,0.25908118832626753,0.21242047910311834,0.25608499853780453,0.24163419161813451,0.3132030977224103,0.1654173613347962,0.0034933018514825853,0.026909374687418372
10.48050710811998,0.2557614883547903,0.23895860699089652,0.2164701497482632,0.24089343834161722,0.22952920663907003,0.17886986133902144,0.24795477972390184,0.19114333142370776,0.18456743772059006,0.17337444558242557,0.2542717168972933,0.19619475620504573,0.33011889273405304,0.2721279882373349,0.20766487569012493,0.2641279039911009,0.23023255485981342,0.29548168586342227,0.16330470230495167,0.0034089379360049605,0.027655150604231484
9.97925312924323,0.2491951551864223,0.2591010776635519,0.22342156678476302,0.23817953398952374,0.23578022615528377,0.17214702143870791,0.23957706853002725,0.1950255406492398,0.17939545435449245,0.1796405046000113,0.26204697164301594,0.21018267994221432,0.32971654760463004,0.2565296900925452,0.20551662787533911,0.26495638121880877,0.22427797249694473,0.29793852042938895,0.16239176130356867,0.0033192696945856855,0.027501015946062114
8.709539143817123,0.2493111504991207,0.250315459884665,0.211926067695161,0.23770920671729642,0.2366820839912874,0.16663040788571928,0.24883925639387766,0.1852267090113524,0.15931662207850145,0.18350144106201577,0.2591018738944463,0.19555297220842616,0.33791776112438016,0.2723005389784222,0.20043576186911902,0.25834866794069794,0.21871529610088444,0.30093838341481766,0.16301070038264995,0.0033969329440015515,0.027151848489450927
8.846862829614174,0.25227492263362405,0.2614750135719638,0.20922122331201864,0.24197742385584653,0.23908666397255435,0.1756435627954665,0.24885656157380281,0.18852631775653494,0.15252467309629772,0.19223307171366238,0.2619215211580666,0.20385827431069795,0.3405449491954844,0.2680164268091507,0.21893319628477553,0.25777835338471894,0.20575905358737692,0.2988883727774317,0.1626351233306166,0.003269323312425966,0.02615077832889812
9.800409238952367,0.2576971740177734,0.2542180551859515,0.21484662973116306,0.2433364572935818,0.24968177407331393,0.17362816966024494,0.23492621033647682,0.19129853337780628,0.1586334143212535,0.1922791322349468,0.26142632706625873,0.19447191868102556,0.330821392280284,0.276465179689619,0.21702151329893607,0.2561193721413809,0.2011862783547417,0.3083553304729336,0.16593009335615,0.003358799927804089,0.025551928768459086
10.382446325074502,0.2493232627469817,0.2466083901041953,0.2210346154388764,0.2382944220482082,0.2432287968293943,0.1723520222593937,0.23649892638101,0.17954000324131578,0.16327349355866969,0.19685986778472137,0.24971384571863706,0.2022050694052343,0.3278191707197468,0.30414532410110323,0.21407508855143137,0.2501166461966761,0.19747583777541186,0.3192480673443439,0.16214134156521168,0.0033402024486771332,0.025735874750277922
10.80166093816783,0.25568157563727056,0.2426450408143011,0.22815353031891966,0.2471903615412033,0.24339185037268532,0.1751729065748747,0.23895970034505817,0.17870276121483,0.17189861363390216,0.20021113793115766,0.23805959927708154,0.20032316698578373,0.3303565668867941,0.3040515009249968,0.21479387964275967,0.24634764707835063,0.20445086933082188,0.32306987319967995,0.16442826537708416,0.003569215217113615,0.026317495787855624
9.849166464466114,0.2425078699457781,0.2626276757984868,0.2178360833791655,0.25772041630289716,0.23216799908303976,0.17587392106704813,0.2411589902673849,0.20272099317017714,0.1778153199706272,0.20441932248285982,0.22822891417464797,0.18896760907307641,0.33378435832071657,0.2926794908699669,0.21400514667800213,0.24575526257129307,0.21143840823838347,0.3292922617030922,0.16352446044406213,0.0037121481900647944,0.025827769095549083
9.531342509009377,0.24251657109963926,0.26431204723881957,0.22363315854300556,0.24436910626014713,0.2320662756941502,0.16676242634393812,0.23346118114853096,0.21380174844204108,0.1757446898206016,0.20871938998240724,0.23696874217879146,0.18849572232889644,0.3339045468537427,0.2871532693844379,0.20718556282502526,0.25063144273212,0.20905070080261431,0.3349003341453031,0.16321411965488108,0.00373509808458225,0.02626282876687228
9.213976312262623,0.2495312373181584,0.26174143339645983,0.21907402857208685,0.24526261701605265,0.23446085629275357,0.17106440842404563,0.24028488640145568,0.21117438236734365,0.17418769678333176,0.20869459641157675,0.23039786150944447,0.18698004913669078,0.32996886483984356,0.29987999609003413,0.22251068064298538,0.2618599359729548,0.2014480337974825,0.3350365940459583,0.16560057548872936,0.0038224833209435367,0.02482465745251371
7.320613081038633,0.25164094465562475,0.2614893161375679,0.21748767376103784,0.23854017948253758,0.23961765285717965,0.17667367909199586,0.24160384585819983,0.20565608931027962,0.17274127185753063,0.2131946178273561,0.22123646741245334,0.19397165850770834,0.33705367163270145,0.30376661084143475,0.2288453188811058,0.2736476965489313,0.2209167569721367,0.33381146707119586,0.1666709673915184,0.003635996819864778,0.025870089611724465
8.577398374133589,0.2533153843944605,0.2625983687543514,0.22530037543551648,0.2323284654361189,0.2347997182125191,0.1756911251128274,0.24298206498195254,0.19380591590200943,0.17038507518985413,0.20916058205178067,0.23338877344092396,0.1968902838384659,0.33658788708694937,0.30006664420894125,0.23106976419621378,0.2669946891839057,0.21634469905731318,0.3501817230916509,0.16304719168510118,0.003570673174368308,0.025284331299265522
8.807150752453104,0.25664298409033054,0.2664309623405383,0.22057850670070153,0.22911788023147484,0.2430831749855127,0.17279045406307272,0.2416884713398275,0.20921159223813154,0.16732403442035734,0.20699023477983572,0.25647015498264153,0.19797148335131462,0.3272241662586225,0.30018210307207427,0.2247495539142532,0.25680527718060786,0.21137806489900646,0.34723088436231797,0.1657464934959376,0.003549326420309575,0.025642296963828137
8.074455895043211,0.25014326332290376,0.2810677634491007,0.22452001412172867,0.2263376749311759,0.25016537391287036,0.18145854178209897,0.2450897386164985,0.20311217797770648,0.16784069393892964,0.20282776243529965,0.25260245346714516,0.20111573479511757,0.320966354049071,0.29023999853534865,0.23961121856310924,0.26392152328756524,0.2064534304139124,0.3470469029003006,0.16710816219347643,0.0034237368247237556,0.025789655767468014
8.58486109754296,0.2469738367796914,0.2912986428949461,0.21977385785585685,0.23009712799237914,0.24953475633707856,0.17804020683087535,0.249528063231258,0.19527160418909,0.18087740950047285,0.2096089114118319,0.2596749196410359,0.20420254608207206,0.33477692321739033,0.29123846219289323,0.24165046369785054,0.26280205936068796,0.20152319021492135,0.34785704423247477,0.16962283918421298,0.0035492030131397843,0.026492857034291
9.616619852710253,0.24824670227458673,0.2955174644128299,0.21490071756439544,0.23628648670567634,0.25662917635794186,0.18965634294413564,0.2516457726461162,0.18765831114378567,0.1922945174674617,0.19904091579683914,0.2525977063129388,0.22080086187075582,0.31733930939798044,0.3100367425961046,0.2318675314100404,0.26344985436378326,0.19622482634361565,0.3517370292089988,0.17106786096517954,0.003664069445911002,0.02623905124924804
8.813368458039035,0.2641812254156391,0.2914549113451563,0.2214352899563902,0.2380098022561133,0.2487743298787446,0.18791397994135425,0.2430612102871141,0.19289419898058796,0.19707640362232448,0.1979994139420543,0.25851266206641393,0.23127108656014694,0.3213587663278413,0.3135845145910694,0.23264933997915205,0.27388672958647664,0.20453854594606158,0.34045520973737287,0.170718230780419,0.00358590946996257,0.02620837061914226
7.3061941881853345,0.2662208352841961,0.2832987401342368,0.21659678925016648,0.2302206710229295,0.25604476065230175,0.1910874962844439,0.24703939894228583,0.19161808994776264,0.2064373608734501,0.1921000789582321,0.2564221155642958,0.23884295766598226,0.3224550843354593,0.29467277466181746,0.22593680305327243,0.26627807671766796,0.20154121996246754,0.34818235596823216,0.17102919438701808,0.003486552248919438,0.026879872904731577
5.283607698891453,0.24991079706862737,0.2807617665559217,0.22991050598735238,0.23114096452654714,0.2526561453307778,0.185011026071483,0.23158891209640262,0.1843229959351727,0.20139708313757865,0.18898668319199907,0.2449597741961728,0.22900015741883956,0.32061229388715645,0.2951376643012291,0.22654958243652282,0.2750207013066728,0.20818448351668206,0.3489490961520695,0.16943244616735517,0.0035251755903831644,0.026231143605177216
7.679826309282497,0.25733592927124144,0.27809063603406786,0.22733219113374462,0.22543674364811447,0.24944279819819104,0.18084081358740506,0.23266035176260177,0.18675140228225193,0.19748010374030117,0.19629237416228307,0.25728134475778885,0.21045716563514685,0.3244019951432551,0.2865390099986749,0.2143663039278418,0.2782001005962569,0.2007286786989386,0.33565518134443484,0.1681743916781287,0.0034797258423920584,0.026407016980295295
8.87127775214646,0.2646716011366506,0.26252938203868476,0.23273364571284239,0.22743808499905002,0.2622622849049715,0.18158150320353736,0.2383264516211634,0.19189440588200732,0.1998457611315135,0.19912344837446327,0.2570534728497959,0.21119026189352674,0.3243625788561844,0.31019150786425503,0.20579478487217667,0.28793242164900323,0.1917124433861464,0.32950557626589955,0.16780971982917797,0.0034876698841797785,0.026542275569896967
7.4223984657981825,0.25768674007522535,0.26737439152933284,0.22596735863118922,0.2289707974661375,0.26045176306440937,0.18649583199150785,0.2337359266119844,0.18550090397706637,0.20189277976738904,0.19079468224914103,0.25666665701165065,0.20372942827777435,0.32389608362439376,0.3147331709886735,0.19447762098555432,0.29207224621400285,0.19401571120206876,0.3276282751590409,0.16923993517310684,0.0033672311519560424,0.02598116801987433
9.709869740630772,0.2672905787209432,0.2621818075180151,0.2308608944091962,0.21839611873386733,0.25372670728535723,0.18931089097254178,0.2267928101047267,0.19260903462291912,0.19887692997964973,0.18964313414075,0.24905713618002887,0.20425349092229628,0.32157787792096587,0.31273254930144073,0.19841447743284513,0.2875158712242674,0.21089593946247945,0.3256724533377952,0.16624063537363834,0.003329778751018951,0.024801486888168002
7.427749188862685,0.25805917951481916,0.2669321466974361,0.23263173410068702,0.2160381875843128,0.24061036549077905,0.19555339280319145,0.2175644126144552,0.18347594697353486,0.1873322165435973,0.18778294704736603,0.24924331951575646,0.20354561337096072,0.3355489326540256,0.305009850533723,0.19485592434349103,0.28652014884075777,0.20508283863898422,0.3339624113233094,0.16457872434960583,0.0033550604527393148,0.024901215164386325
8.075560421063829,0.24760506371257793,0.2761174949832817,0.22974610366316633,0.21139457519212618,0.24320188078269608,0.19136877090564272,0.218788042742677,0.1763482854731693,0.18337363580589772,0.1822304138454392,0.23921525812528546,0.21580738940721222,0.3209051888299313,0.30522203978380846,0.20134884739581194,0.286871591779672,0.21407332598718407,0.3362335752490167,0.16325803155347915,0.0032807347557419616,0.02269111920754116
8.335575309442733,0.2455305273097893,0.27506459316853316,0.2300766199993844,0.22123349291743316,0.2337746011138155,0.19546930721939826,0.21767909425507173,0.17506944304606398,0.19105485780483222,0.18658857615950644,0.2522130646269998,0.22176274617851388,0.31222584382048807,0.3027396787051876,0.19867424893224342,0.2930596949154107,0.2252724920895422,0.3513452105033993,0.1637880554143423,0.0032864816034486786,0.023448522739321267
7.054486307626272,0.24385114485582043,0.26979991184640717,0.2233382786053709,0.22156961882102627,0.2335096300097816,0.18712329376330514,0.20935073636676862,0.16335940063232526,0.19795265197066525,0.1784052832436888,0.24107383980973934,0.21679255062270777,0.3188877637242411,0.3030899098614787,0.18852969753075716,0.2848779562331059,0.22906709976724757,0.34401094898917634,0.16196239431201867,0.0032811444918830496,0.024258676640092597
8.69604816122015,0.2514654896357953,0.2633934740714103,0.22496546854779878,0.2262087912935028,0.23502013444669245,0.18794415876178855,0.21346978941082717,0.17659847553067703,0.19489891100346032,0.18978893873066552,0.2361094494128245,0.2240554104931946,0.32105955538319425,0.30206562799483766,0.1945136500113282,0.28588010609189896,0.2206852203677714,0.3519195087283709,0.1628812079084299,0.0032931228487864676,0.023889723508376575
7.768002611511903,0.2440147480204748,0.26567193747263146,0.22803488624375662,0.23169050597379318,0.23295180941842536,0.19408864167434628,0.20638564218801958,0.17261229654582586,0.19915326222012555,0.18905086142259311,0.2367251403349355,0.223253645674443,0.30339044183378433,0.2837841062147945,0.17465072753615907,0.2877131568412254,0.21377369415311165,0.3546959320203348,0.16354798626680192,0.003466376010661742,0.026022484947810814
9.458675312455943,0.2458911689511125,0.2796369512502729,0.23564733137755714,0.21983336651166893,0.22597148798793798,0.20753522260433482,0.20806286241655728,0.1786880575611514,0.1949875342656005,0.196795343488293,0.22496984739436224,0.23923307214340506,0.2925234172723922,0.29031312543627996,0.1796311912318256,0.2835844188146829,0.2117445356303128,0.36204746725115633,0.16344137798515368,0.00351025723362439,0.02459957853456135
8.592794413001034,0.2556503685389987,0.27107656442009886,0.24174788974851968,0.21705538295282478,0.2245193316824222,0.21043645148552056,0.21705589433870487,0.1683079146237416,0.19480026542639564,0.19461779427755657,0.22643430242276916,0.2357052322314071,0.2930544860361786,0.3036974809748838,0.177620863376208,0.28324415424322646,0.2173037701229637,0.3564187516303568,0.1665067909168804,0.003376936612822603,0.023274340352518515
9.737472868300545,0.24527672228279465,0.27002710386950907,0.23910811864661521,0.21553530896082185,0.2259678833743946,0.2208360445642504,0.21266211367543633,0.16799438743727046,0.21326013133029112,0.19215187010659882,0.21698392957324636,0.247111000794651,0.3060893328273234,0.28566960588627643,0.17548410062734948,0.2706137409540384,0.20717383959346186,0.36240749891555085,0.1660046022440125,0.0033020124798732067,0.02301973657270161
9.170973723917186,0.24145086389673726,0.2782841714929947,0.2390218532220044,0.21570037527467778,0.2183155026503856,0.23050215995209425,0.20584109222621755,0.16937039087209133,0.2221548726417389,0.19550968479642855,0.22449303813934407,0.24769311011980025,0.3189646429748293,0.2859531711616443,0.17945803703239271,0.2893108320453866,0.21778602652967757,0.35751553635938205,0.16532599508486254,0.0034273394967487864,0.02457773808871824
13.481198219151281,0.23616901769387713,0.28604209088850735,0.22919812416722146,0.2215021419602264,0.2235736477138125,0.2331144616558666,0.22229085659731201,0.1670074673969409,0.22563552883133892,0.2021423192242225,0.23672531966262358,0.24300917060541377,0.3229420769296557,0.274553185217942,0.18986857973732693,0.28673949719330244,0.21484745185896673,0.36876237750886737,0.1679710074548789,0.0035595797360321803,0.02476359572459379
14.376967761861472,0.24522195013036382,0.27966760519917033,0.22307944634724608,0.23130068079331356,0.22820236732261545,0.22985577977330274,0.2141200439163773,0.17016725590245305,0.23168013399206586,0.19567253040072355,0.24418606155834735,0.24838613103379079,0.3179338154255736,0.2865628325254957,0.18263032416424743,0.2812482252280436,0.2081057662642577,0.3726602961528281,0.16629771378871236,0.0035973057530093357,0.023537240942508943
13.766165325971626,0.2502850512670927,0.2853306455093315,0.23001393460628505,0.23569855327383113,0.22593925235038964,0.2367139875777059,0.22845953539928648,0.17234906424164623,0.23516540547225276,0.18657180313795232,0.24639802073276187,0.2455005566098683,0.31648750363668393,0.3019235344014312,0.1839518302305983,0.27874850484984526,0.19355451781948516,0.3666938026747483,0.17073686006518757,0.0034702218803383403,0.02311816217957367
13.795317214391785,0.25923422371352184,0.27355794138032613,0.22773057796440294,0.23144383651716538,0.2356663108223382,0.23946751711469397,0.21693978047421011,0.16240748567589838,0.22267480342026286,0.19211917697283018,0.24628833714587162,0.23789109454522103,0.32074479176664666,0.29466118761365917,0.1640474011464095,0.2781890282966088,0.20101066568378903,0.3770418273521196,0.17059563009277273,0.00347233769734837,0.023922659456316345
