254.3150795548555,0.2534849016846433,0.30299342090276,0.23212085799544327,0.2513360000198049,0.23022707709838175,0.20349970513902602,0.28506899771852606,0.1716810123873382,0.20167728356473835,0.23820592477933092,0.23877123493356286,0.230331917407489,0.3202805996748168,0.34517506585072233,0.26245625508547643,0.2356009445966303,0.2805784543351444,0.22685507735132188,0.1766627972938346,0.002819986581362128,0.013058552539516379
135.23339209548092,0.2440525338910855,0.23526391869339622,0.24052799842240694,0.2238271817591285,0.22774691238126274,0.20370557809533626,0.22132550619215077,0.222159633624442,0.18323667738749286,0.16809735769542444,0.24900293766918402,0.2571564272700412,0.2781635956578431,0.26870669184029383,0.2466911045134318,0.23489557727773752,0.24506556957433906,0.2540656772753232,0.15969031386945237,0.0035023235655695104,0.024768405832142057
31.522925281334995,0.2536832437713051,0.23808595625583123,0.23195210889080511,0.2254452753611291,0.23058674875413798,0.20586177959531052,0.23597778212669027,0.22516133730447196,0.18398446613429065,0.16622939986656723,0.24291328831491482,0.26014833464571135,0.2769972498543368,0.27007372877724356,0.2368367180636153,0.2452925156002823,0.22806620333989336,0.2670431464132125,0.16741115442223653,0.0033913808898613255,0.02450819565033068
31.53834721436778,0.26269884321010173,0.24149313248578452,0.2413826400921648,0.2163983264042381,0.22067269131318235,0.23168914646029487,0.23259402331807524,0.22777281761959253,0.18151846207098213,0.15536563341517645,0.22469180897255386,0.2716082676139504,0.28416107219041786,0.2684603551300301,0.24293408081947204,0.24296358923423791,0.22634353140201724,0.2498111942037061,0.1673081964261328,0.0034551480366772176,0.02491719940181828
32.196926935811454,0.27117530534904427,0.24844859299665895,0.23767355594476258,0.22497256031771698,0.21389890686033258,0.2273822753382774,0.2326280162825387,0.22173618216235833,0.1907784904878152,0.15830479666659525,0.21217017717247472,0.2696458366349565,0.2768150415716488,0.28272317999957947,0.25024760350726843,0.23038848698344178,0.2242685985541443,0.244861172849416,0.16555591967893857,0.0035593821271473914,0.024745059803938835
30.872163307763966,0.2652268793098521,0.23431017133485446,0.2277664232343418,0.21786605644198695,0.21791309588855157,0.22576148011624866,0.2209030044878729,0.23270614659624952,0.1868899237499831,0.15874471986085437,0.2106417096793237,0.25906198734923636,0.27891135248649046,0.27434216635128506,0.24593351532824165,0.2426001442105086,0.22372877386730208,0.24191968487859322,0.1633248155071169,0.003473668693031203,0.02491234404816283
14.942454815324972,0.27895921540117147,0.21625995035918533,0.2413394132471854,0.20764406832756122,0.22074366948981775,0.22161636273790908,0.21489142662370067,0.2283527504814648,0.17857612676534693,0.16622788630170973,0.21021078162860016,0.2599660376094852,0.2761772043915518,0.29248782748299285,0.2484164484259864,0.23348741451156302,0.23510088946351748,0.2346540348762618,0.1630968020523114,0.0033811083210071656,0.025316857281337663
16.787101272597475,0.27286494839200115,0.22464143126647645,0.23922482692447225,0.2122600213586345,0.2208664355527613,0.22538904670132207,0.21199013641089576,0.22673295552790312,0.18366199398047683,0.16981845182687075,0.20301187696874265,0.2724110916543463,0.2816826000196547,0.28400671945955047,0.2572654152158985,0.2337851697337118,0.24020060568544538,0.22744551893452433,0.16270052604234164,0.0033824112956811086,0.02483531993845966
13.268968689330347,0.2736420601047045,0.23576902694671234,0.22561302483263077,0.2162065533736143,0.22825645479558396,0.21286816212709053,0.20770279906413486,0.2337299804395007,0.17408849388158348,0.17452697465950232,0.20993516414344793,0.2746034884124389,0.2757831397760452,0.291942103140957,0.2547169887655412,0.23619380632369705,0.24833747045398005,0.22723241120908783,0.16381074064230092,0.0031738404551340323,0.024082796766025816
10.935889574716311,0.26795091016516603,0.23494087555513793,0.2367237116944031,0.21796338472640617,0.23601140789286348,0.214662394828129,0.20994663611164724,0.2275266990981779,0.17368698745419678,0.18650813866956215,0.21429007708265085,0.26433544002234566,0.2795469663701322,0.29081009352531906,0.24463490964995616,0.24502336629641577,0.2506671601717766,0.22670707147015626,0.1660196190598894,0.0030958713539635313,0.025147021313723136
10.47067157362862,0.2609475301635792,0.2268051884900189,0.2502618999698947,0.2321575098669413,0.23602862095309307,0.20610703608156322,0.20124567080204425,0.22201209440459796,0.1808987461209413,0.18555576815831437,0.20808087405142495,0.2607274407506483,0.2794478265744478,0.2856121394118706,0.23697934998477738,0.2370621505354792,0.24216182814408663,0.23057062117193855,0.1655179529434629,0.0029438862061577564,0.024809482632985637
8.825246556081034,0.2639226234142773,0.23997654946381203,0.23404123826237677,0.238131357824356,0.23043749065832198,0.21478127201357805,0.19895572071521436,0.20954282962567683,0.17514454724974376,0.1920500345557575,0.2003508007318727,0.25592661333475814,0.2881872005726751,0.2774183926673,0.23960432525953737,0.26231051872487343,0.2444848216944364,0.22527727392016447,0.16568877635332172,0.0028939058191328445,0.024729732068616034
8.890559635754517,0.26659013107568014,0.24533124961960562,0.23906720930811093,0.23647162936799287,0.23433567822614568,0.2150311932300976,0.214955988092765,0.2156689181805586,0.17978076476793783,0.2010239268343966,0.20914623878766184,0.27144766116652,0.29787319023762826,0.27187032050187687,0.24559196242168335,0.24951049709721584,0.2519693123891904,0.2199782792201551,0.17020390320403841,0.002920761919157368,0.024932086495903755
9.281326463913278,0.26404804219662176,0.24332709607801828,0.24056578575768875,0.24749576493510103,0.2261955839485838,0.2149058687333486,0.20227931639951588,0.21692281563980337,0.1739104200737103,0.19631650146068644,0.21158224767144074,0.27563409435245034,0.28959743873832827,0.27787861541580916,0.2573183560305045,0.24914326136098855,0.26196300344565265,0.2163623007769922,0.16771830754238717,0.0029145311028441357,0.02596303262708607
8.453521110513499,0.27234654359208527,0.24159883561558385,0.24568462508352984,0.2395854940606265,0.22875189354555114,0.22553610615612937,0.2123397084924935,0.21724843996736024,0.16707631294896313,0.19741665247401843,0.20904091567686828,0.27221224623059886,0.2874611527934409,0.2793659273650071,0.26943658912852086,0.24935129711188875,0.272680260721461,0.20465899436617993,0.17008989642475725,0.0029618608536119122,0.02662619283684318
7.078606725337392,0.27106582039586863,0.23449961471968753,0.24377579697769763,0.23672927849842856,0.23224114094981452,0.2131106257134401,0.20427341540137142,0.2159618047706224,0.16709664155584883,0.19771003419353603,0.21111082415060195,0.26751107027239585,0.2875215550164213,0.2868166455268887,0.2613713216685593,0.23667209191963812,0.26740534910034197,0.20547831266190464,0.16826564794780588,0.002826208318741588,0.02744278952019913
8.520630838244225,0.2583557530739135,0.23019039099481733,0.24853878751887165,0.24164399340737894,0.2407845515182834,0.2124498041940061,0.20633150780082735,0.21753395915899185,0.1693562539791795,0.20712159647144246,0.22233320172300605,0.2663809412615394,0.2825402151831106,0.31098926801995824,0.2632265021742651,0.241574209797395,0.2714528472669725,0.20989491245752936,0.16738308345893568,0.0028936080549601282,0.027755049181575675
8.360481975723195,0.2596971173762357,0.24255624106336393,0.25792353650643,0.23677549683933008,0.2463804513986437,0.22484282066671155,0.20186250757330504,0.22115368929143814,0.1647258282376255,0.19627103487910577,0.23964437199947258,0.2645075016843909,0.29196521055779,0.31405534026546433,0.24971347141671585,0.24924215471320832,0.2734047045771131,0.20614538688763132,0.17139124500380107,0.002923255177289803,0.028322451961261028
9.851958410463077,0.2676043166971089,0.24840932599348478,0.26065636275672793,0.22557834017338033,0.244977532561733,0.22786940956019516,0.2059384634304664,0.21854443807193694,0.15877642350440616,0.19028568910274138,0.25531534737330275,0.2596837427288674,0.29449314072611277,0.31584392033896763,0.25169173915223425,0.24145370378301773,0.26915393870770754,0.19638611607320589,0.17400073032107602,0.003033640797794366,0.028842570790734007
11.078554644771513,0.25532944041181843,0.25670075216869903,0.26515672878240254,0.21865159746111107,0.24155681562719541,0.2386127957110253,0.1977420955088048,0.22903483149356677,0.15781445890483153,0.18983782012768854,0.2542017493853521,0.25377360829512213,0.2858745076959025,0.3188271914652467,0.25259530974024147,0.2301134323986448,0.2841966507215218,0.2035662423877343,0.1715094548551629,0.0030013700258843656,0.029331287028220746
11.49667281791652,0.2634233898716951,0.2573346015534381,0.2649050961940309,0.21177303703632258,0.2329150543446678,0.2281423683569766,0.2075572971021477,0.21488099151498527,0.1635952354772642,0.1906499402558654,0.25969594545404295,0.24928987671112335,0.2785303632840816,0.31593225813529346,0.2567540327429796,0.23571646380038233,0.2968787934922458,0.21537246502896534,0.16837732470350986,0.002740766609420057,0.02870796457366877
13.917405772496808,0.26387125035780484,0.23984366422110967,0.2522834237628901,0.21223372391108286,0.24682187293165656,0.2430014818175893,0.20729197107669328,0.20511059074576812,0.16644573151097244,0.2058999227885365,0.24329819606789901,0.24786682693722267,0.28637313172756707,0.32092532239131794,0.2503612368638145,0.23686461337015438,0.29586935040948215,0.2136985027828701,0.1728560020240241,0.0027318303007862342,0.028595107091704843
14.875687167404365,0.2722352484124452,0.23842545768578063,0.24365691887516355,0.20888954948599123,0.25004143225456715,0.2291284350111641,0.20690896595651187,0.20107440841133642,0.17273647300216596,0.204330132989923,0.22569950636340186,0.24614686127721866,0.2854947176496133,0.3400353365979202,0.24176746606698385,0.235243026263176,0.29492298070592643,0.19805202707348624,0.167445065598362,0.002773156711719081,0.029341357226042537
15.519646583510795,0.26608285143049476,0.2342779246240099,0.2507357997892587,0.19763192910873523,0.25598242263189025,0.22925619531971875,0.20436823072210905,0.20861363428601087,0.16734529403541817,0.20347225310400166,0.22305721550334875,0.24017091971353424,0.293003124120768,0.3356432638863401,0.2372049508327249,0.2361892962048385,0.28176912254096187,0.20609847439989978,0.16837649145444708,0.002637907786797764,0.028252624598716393
16.23015599688867,0.2722428839450583,0.23745910225227526,0.24840182536059568,0.2000179780209912,0.26407452002013676,0.23186645094068392,0.20474149184296414,0.20767522587842607,0.17824224504635108,0.20449715843489397,0.2255360310850037,0.24615775832063302,0.31012657989139925,0.33240661712236974,0.2370523595263184,0.21919100727652482,0.27403727481212364,0.2076045901344354,0.17232825503961366,0.0027091515284509466,0.02940886177976414
14.878545953365057,0.271165583020556,0.24505993512112234,0.26180995898708154,0.20548737239758177,0.25099600914588693,0.23643654633907613,0.19897652396848547,0.2074785488747365,0.1848908211329879,0.20908362014449747,0.2236117523033498,0.24103465916028982,0.30218321517609165,0.33218251627819995,0.2420301074606254,0.20940206188108318,0.2634083886799392,0.21251330749667283,0.17306823249614717,0.002575257788825952,0.029081184669645273
15.16041654316188,0.2744297717590151,0.24891119658817912,0.25106666045468806,0.20095602201066678,0.24744163050057547,0.23322672777583545,0.19684961208575538,0.20944344975586604,0.19422623365158442,0.2101697795471758,0.23751077498859974,0.23264571936761072,0.30908399317331253,0.3213831826122096,0.2493779384429325,0.22422893786224007,0.26177599571048116,0.2163562960696226,0.17151746160008105,0.0025068838603181853,0.030674411097828824
14.22932967529977,0.26718943819678437,0.25750152395017323,0.2436062171050084,0.21030756306050313,0.25032235403957254,0.22937837181194795,0.18849300387212714,0.2035274334552079,0.19318138047482902,0.20119671944419196,0.23005434469893443,0.2366597040855012,0.3253154911901899,0.2976408189137648,0.2391463466843491,0.2464144284619757,0.2696101407982153,0.23273442728115257,0.17082286929049822,0.0025234223950772487,0.03123058040603629
14.493873488382281,0.25549665835143864,0.26364678756712306,0.24966449658063883,0.19807363163432282,0.24188726575006558,0.2263845608401975,0.1835472750667479,0.19648357857169774,0.20855624166108655,0.20420266789317582,0.22024989251241148,0.24617658102343037,0.31644696890815593,0.29850479701256427,0.23145712081093092,0.2427641742479304,0.26165230378290544,0.2210111740472309,0.16868366450075598,0.002625733883799784,0.032133899938834094
14.671813985486834,0.2531402675085677,0.26461850455717506,0.26228642411887376,0.19771159696816176,0.23914990674859515,0.23211799507257144,0.17455253411910546,0.20233770712311325,0.2157161766795177,0.20313159652550153,0.22534924125467026,0.24513718934072012,0.31773184995364206,0.2882482104630495,0.23967694856726854,0.24476792246977203,0.2606196931050586,0.21712728997091602,0.1690501001547772,0.00258956066230926,0.031361753412022776
13.956012097924635,0.25682097781708185,0.26688065311822234,0.2585723128006856,0.2021334876888858,0.24481292502107418,0.22694287037347963,0.17294785954923467,0.20133391436274753,0.21514524026544302,0.19678180837939913,0.22023941383021164,0.24940809023449384,0.3118237152810388,0.2914137077934397,0.24046957186335258,0.25375973567320775,0.24189435794529798,0.21863501220191953,0.16886123517675825,0.002658576011490096,0.03171472672073815
14.177024457153603,0.259951096786913,0.27161856881126806,0.25343125677872047,0.21659040970523283,0.24473623690666216,0.2281762079906728,0.17909872684012526,0.20586504351800963,0.21215334463422925,0.20629709411823843,0.22631836302196184,0.24630655099096962,0.3197346210031817,0.3031374150886513,0.23378751821910154,0.24918980922168787,0.23181440780417673,0.2137531160386799,0.17279944950884646,0.0026147940778074997,0.031349782839768955
14.363007036089463,0.25836963872646745,0.2634920334535949,0.2598140428303398,0.2157079871284412,0.2596505054093905,0.21527069374087224,0.18456476713299672,0.20249024081417813,0.20213341447013858,0.21542589642687132,0.23447779769918273,0.24105352011457104,0.318942072101648,0.2965340205874581,0.2371075143782987,0.27036634194812953,0.23887007261508966,0.21277684741806344,0.1708013896647218,0.002599755972113474,0.029742919662882592
13.241374026066964,0.24896507216762145,0.269155781091085,0.2542885271982056,0.2244402529854044,0.2629029525573039,0.2099723649468673,0.19466831370750284,0.21103259720411366,0.20845963730156966,0.20613601097815407,0.22424521358225966,0.24055171241752957,0.33443644707801207,0.289035881407031,0.24508472607281925,0.2723222245889849,0.24890516754823375,0.20857843839338766,0.17248359467713886,0.0028551154047201845,0.028653297544881197
13.230519781252504,0.26867457834867603,0.25298517770982343,0.2470606338683862,0.22506495052791395,0.25229344113882257,0.21368337555754782,0.19758707111103951,0.2173447193753846,0.21498690431884498,0.20229283063499104,0.21444297746567625,0.24495832440424364,0.31714376453773563,0.2992256014826706,0.239178344497535,0.2836433988039482,0.2452393100264976,0.20672738055542425,0.17226122313507009,0.0030223797686798766,0.02913137873919612
14.849766686028424,0.26980569274679683,0.24907246315420345,0.2473759698089491,0.22160327051158046,0.25080521922007853,0.20385773796812784,0.21010296917866728,0.22284194396871743,0.20883225841610886,0.20969441412012033,0.219607441953105,0.25236672513663655,0.3264476967809702,0.2880663416879162,0.2448705209814739,0.2824331860708949,0.2620890325723998,0.22126424825012456,0.17488626318013203,0.0031816575176580185,0.029163794475456757
12.449343569695877,0.2802116546310088,0.2549808563610471,0.2469504600268001,0.2323287600849245,0.24070576084361203,0.20990287895189785,0.20734629407443148,0.23279220527323743,0.1946524161550656,0.20704191987063905,0.21656613702309468,0.24886014826759334,0.32011376004993514,0.30016975702770826,0.26507435341537117,0.2575609983696751,0.25414501537165385,0.22661453167161003,0.17176740237364307,0.003155721202494841,0.02941715442267651
5.899435829709451,0.2680051936909779,0.26627334681049275,0.2409148314015441,0.2264484898997026,0.24697307970671498,0.2151481456934534,0.21079435417978348,0.23513613414516824,0.19475746711125774,0.20381182062841238,0.2232217277179685,0.24803750423153134,0.2989650304089031,0.30075910435471687,0.2609258296429417,0.26009962499336564,0.2555655388462118,0.23504828998007526,0.17269118627437632,0.003047863205250391,0.02887938203871303
6.655352510214368,0.26139644937503426,0.27958383377340634,0.24501117955174403,0.24049406596431502,0.2406160044665836,0.21829052045583394,0.22282596701192625,0.23209133886980546,0.19960907635015332,0.20410275192353636,0.21959426491998335,0.2541526014555666,0.30802594175900516,0.31459520021922927,0.2550595583384939,0.26153613164029926,0.26810601077901014,0.24842620498418352,0.1770646702707496,0.0030345847055634713,0.02878788056521509
6.888796951750209,0.26404769686119145,0.26282165986122175,0.2566960543214265,0.24162010238154571,0.23054586704369712,0.23825273314589687,0.20861596020480902,0.22191324642440718,0.1989678986483964,0.19655291477974207,0.22670419911349715,0.2563714827168546,0.30855277053500013,0.3275263163425217,0.26606443588089557,0.2550252704709306,0.2594616914544159,0.23610308026582125,0.17352277686715178,0.0032718530526830154,0.02956312755209523
5.663396989842021,0.26684786934941634,0.26470730453258523,0.26017373661687787,0.2425362248186945,0.22913714866927884,0.23209625711959694,0.2138314689337445,0.22242249461241156,0.1998205555429704,0.1955756680042098,0.22663921940509757,0.25660128379980257,0.3108943078687646,0.33388229350233783,0.2669319814816481,0.25009367807050115,0.26697723552491653,0.2578234433546302,0.17539492064018078,0.00326915551779649,0.02923172883178286
4.437876361451129,0.272976913314986,0.2665833955532856,0.2517286666955334,0.24559444695933808,0.2295466364719595,0.22682648540293224,0.22081253584695126,0.2109644711536784,0.1962202228373001,0.20740641848933164,0.2410367781667817,0.23923309105499377,0.31399786341195396,0.31657545891460603,0.2616352431966033,0.24247978299741751,0.26027081725901297,0.2397762510453104,0.1756467674974922,0.0033585392116779545,0.0281204316425387
3.7685579282619157,0.26720378122775923,0.2593566490490467,0.24412216562029784,0.25104623729460857,0.23522755967413866,0.21331634932303847,0.22141585782216966,0.21285513016408528,0.19285389343457107,0.19928279277105698,0.24297933972330316,0.23961244751056834,0.30432456644608996,0.30407550483611545,0.2601120496272353,0.2491490859519109,0.26296561265143964,0.2377767338359753,0.1717657245350564,0.0032927639515512135,0.026412207337424082
5.476360733834331,0.26182187822010194,0.2613463527601089,0.24638955309306917,0.2481423243309519,0.24235416958516498,0.21928475235102307,0.21768185954510588,0.20750920830778075,0.19106048704892714,0.18656737717011854,0.24349429939039097,0.24014329769933054,0.29159267113171794,0.3250905470723632,0.26405912374964985,0.25595393909758235,0.26633912429985485,0.22927141329092218,0.17126427741326064,0.003453622535855758,0.02680671016134886
6.100607188651926,0.2563064533862651,0.2767106107235369,0.233514309170901,0.2472509198371308,0.23071584330803044,0.22483696526145716,0.2194407415120516,0.2148453080539214,0.17638047677139404,0.18489282257290818,0.25021966984716065,0.2373063208093848,0.29391062446026095,0.3299273566859253,0.2528285087389109,0.24972697083851897,0.2646361376684683,0.2105781232350773,0.17129233397721685,0.0035995078477244267,0.025744561355577126
5.804109406164682,0.2531039547615884,0.26271911379064783,0.23597769904664564,0.25215110493103915,0.22260090619351494,0.2192118015635973,0.20645137537998345,0.22785652899233866,0.18645417722393395,0.18372699101191442,0.2499863473311995,0.25593002280148447,0.2751083131305869,0.3230487027721794,0.24372600790613005,0.24186779196394806,0.2704211142336708,0.1910964507053574,0.17031629624750075,0.0035314922456515948,0.026360201724047398
5.410973119250063,0.26511658033387864,0.2715055401411303,0.22110774765240784,0.25850629756524424,0.2252654044539552,0.21303695531190278,0.21573080780351903,0.23421715172247226,0.18179195618557073,0.1925298894283916,0.2595768954369821,0.2431978912130436,0.2756479929878827,0.3269446192024546,0.23659582033328508,0.23487018357263442,0.274968708698962,0.1875939486463843,0.16968638542463443,0.0034887135231661207,0.027032694440576856
5.3633394052724475,0.25863038939279975,0.26932306329593947,0.22120512939777157,0.2554485025052871,0.22844628657227287,0.21497058033120725,0.20983287732995376,0.23204747666520242,0.17740068595858513,0.19810510683153063,0.24344210705921807,0.2515317098737589,0.27556307641789873,0.33656817492791097,0.23696734889570742,0.24592569236430467,0.2799447056183006,0.17022634060693204,0.17122849443930238,0.00328119380301737,0.02665916403112108
8.385081683844406,0.2565530266173019,0.27464017263207463,0.233309224215384,0.2609170646361005,0.224409788574471,0.20959859702246567,0.20541576809347387,0.2368596365790979,0.18933665648587011,0.19738509674677981,0.2415915150097089,0.24625322810130407,0.28768699589405056,0.35112445459637903,0.23812488240510465,0.24017660032973054,0.27296252038145485,0.17848101454066892,0.17359557551557697,0.003314336536506644,0.026851454308121542
5.987686114263028,0.25429817167742924,0.27299927928425555,0.2378977744531751,0.26533709994878224,0.20924663691191703,0.20431806787017986,0.22339896736755022,0.23623587008655006,0.19656627860485168,0.19341408131362567,0.24518318440279507,0.25595899271554856,0.28811008467570776,0.34347407997139157,0.24961362170286477,0.23860600011798067,0.2827481402889381,0.1895405854617511,0.17195779559167443,0.0033593373039314312,0.02628220348978116
5.670844082857446,0.26276268127523084,0.26801893369217106,0.22960446175622876,0.26205175275390474,0.21641167801904512,0.21146446184275916,0.2217704545232975,0.23069125498358378,0.1933416592369952,0.20444879522637527,0.23472243375733584,0.25687702097732557,0.2813152060169336,0.3408643229133722,0.26393769871281375,0.24344472655403496,0.281649319718911,0.18864879753341735,0.17333969436878421,0.003236167132724023,0.026874280086098434
6.111745171482656,0.25576813898680345,0.2658518272541638,0.2353503273012383,0.2564707931683667,0.23778337006465353,0.2124446029455214,0.21164991144250833,0.23241147476635235,0.19031588067293756,0.2025131550004546,0.23184016667525797,0.2450745320156909,0.28567393512964545,0.3438616002785404,0.2683285281508027,0.23790110696372382,0.27442867108592756,0.19434051003996994,0.17259675900399457,0.003259374210238539,0.02674291319767881
7.13515186979157,0.2521918421916113,0.2741016978730393,0.24442388721918154,0.25070304319187003,0.23093540274596494,0.20762838121961652,0.21517664200860914,0.2214308843536476,0.1888850794871703,0.20521061305861174,0.2228323129329464,0.23666326162647622,0.2888283000450146,0.3519132742978525,0.26737474294916314,0.2179716446849743,0.27552308257341696,0.19573233378860222,0.17186045595855323,0.003303333529041258,0.02713623913755735
5.941081325223182,0.2551924864283026,0.26413352171077903,0.2508785842487887,0.24756461796976714,0.23767738460482563,0.20653731742057588,0.2089365220314333,0.2267055762657611,0.18221760896912576,0.21716410241567077,0.2286586693916562,0.23009155734953632,0.3021583248400796,0.3332786216252075,0.2574904723195796,0.21913791714029446,0.2787494975885935,0.1923533395525795,0.17159766231907933,0.003158627321569353,0.026526426970532962
7.926294091587614,0.24165405940087434,0.27769705482645957,0.24963848165730718,0.2324808760894123,0.23249266748947803,0.21154751960791338,0.20761154500511902,0.22237745510446044,0.17026585736186695,0.20863367322354934,0.23061191552479024,0.2241609518961246,0.2970804897878774,0.3401997659887429,0.25456025445611996,0.214805275327214,0.28762266629571687,0.18559489764523993,0.17034977802444165,0.0031558776741835307,0.02823677219824624
9.451901245077837,0.23832493190874715,0.2784774467842616,0.24633842557718297,0.224072969318571,0.23698554846828662,0.20697944579928146,0.2148191119813564,0.2371154171405666,0.18055491123396336,0.20989851884219707,0.21944146115087315,0.23407223180916387,0.2938081467263976,0.33884963851987987,0.2564630350286574,0.19531209528926832,0.2912302793989652,0.2021651322601219,0.1710687105108754,0.0031575648213742298,0.025953142993139097
9.33297030064697,0.25466742192563996,0.26610118058681437,0.22581898153541483,0.22813021657359955,0.23686804785699977,0.21107140387086035,0.22811836075080275,0.2361014238501651,0.17912855692836013,0.2166724004369,0.20339537937061206,0.235213936625558,0.29853244747035007,0.33526617771728345,0.2402653601198052,0.1999155841210232,0.28717691128282763,0.19659566202017914,0.16833010076916957,0.0031868633135933994,0.024610915790579516
10.547527145843276,0.2651245597093873,0.2729159036235464,0.22957231480057835,0.22407665317347975,0.23185277619634356,0.2201294890847486,0.2132656785125736,0.23688067787909706,0.1774204301214222,0.21927008214022514,0.2089533823827395,0.2301996694020974,0.2807416426940398,0.32370365749953367,0.2497250853193035,0.1945786588055343,0.2975630455956358,0.20074788185162215,0.17005160101351846,0.003177764506575398,0.026581372795278398
10.449441503749384,0.25131771296257993,0.28072112003927796,0.23137477087981917,0.22501193308921125,0.2386934193204957,0.22521438841878488,0.20900245650637095,0.21418103319930104,0.16491290883172455,0.2263927978484012,0.20643684193307904,0.2487187309353761,0.28480017628188065,0.32903777969679615,0.2535152628472884,0.19939158421641834,0.2966570711649181,0.2099710781778825,0.16803914263303676,0.0033491938832749322,0.024839745146748582
6.861705517889349,0.25329005654338255,0.2719577785364673,0.23980825042678178,0.22212573400712937,0.24726267975760577,0.2191479260155538,0.20275529782808913,0.21113593523680246,0.16670948366399818,0.22802176383439454,0.19915477880137045,0.25392511638303966,0.29925517682297614,0.31503068158419645,0.25820566943277584,0.19924273282632926,0.2917663581233328,0.19890447615973733,0.17199394506830978,0.003299577669145798,0.02551864802406408
4.624936533187397,0.2449726714065903,0.2753566705664515,0.23812568373828175,0.22037902902031326,0.23752689867021418,0.21261494497016314,0.21178940150502917,0.2065549862698035,0.17589173479877576,0.23080446417955508,0.20897306843034982,0.25844425953896766,0.2888709860520987,0.3077652281592585,0.24643475722741173,0.20790437152367602,0.2953479704528768,0.19272611716537505,0.16782838732466132,0.003436272916350873,0.025829173514140134
4.335718835004485,0.2563311740017388,0.2670587334626364,0.22673821835962576,0.2296204382467287,0.2385254598871442,0.21111771544707233,0.2154654159622152,0.20806068972219943,0.17630610418159418,0.22683735630866583,0.21777817821349996,0.2517228448848908,0.2626179293529442,0.3127834390378328,0.24630626178423173,0.2038820490827765,0.2918005650300456,0.20002439446922393,0.16667199439005834,0.0032913629417562697,0.026626932192334047
8.039477293024948,0.26284342881998674,0.26338080395805435,0.22475563647687552,0.2289447055368864,0.24594369993691262,0.21650181481338496,0.2058487888995557,0.1910422164718,0.19060853939874117,0.23436436420229503,0.21912749134198958,0.24513352262364452,0.2878152822782108,0.3121796257618802,0.23759937914240303,0.19449910506393328,0.29211272079621364,0.216446639450603,0.16800768085809506,0.0033091635373273544,0.025953358975387385
7.356167645938056,0.2672362980711301,0.2613938058410759,0.23504245919627956,0.2321105964112815,0.2460440651197347,0.21563465695091266,0.22178934660702732,0.1951527493183632,0.1788792296228177,0.23528070780319582,0.21626066670945482,0.2455982746922717,0.29691658300581497,0.3056016459816597,0.23956075745186145,0.21289044842793556,0.2737330724014021,0.21576097074323417,0.1703827188966058,0.0032404588944788884,0.025369054358993073
5.854007452791821,0.25980574146135754,0.2523695878089629,0.2427070940486703,0.2341255071916319,0.2416684812978474,0.20009291575391341,0.2200483855111428,0.1936171009185542,0.1831983356083922,0.2249662108994076,0.22572663832008913,0.24532347728137363,0.28405114645637775,0.30088873145261297,0.2373641568852555,0.21884630892732393,0.27103331640537126,0.20745971764949422,0.16964575006914231,0.0032465673437325256,0.023298902600181415
5.4003302544178995,0.2699248899201656,0.2444891645942458,0.24758206199063415,0.22872364171809945,0.24220947862770217,0.21341197001579193,0.20692797179277211,0.198933011676758,0.19501691986798947,0.21871416951120232,0.21764457011102661,0.24518397326542177,0.28507945802080503,0.3158614124624678,0.2405688241818061,0.22736037625910394,0.2663155916896161,0.2066602722015092,0.16907463029100728,0.003284372794212812,0.023353082364647768
6.046633962814127,0.2688097849873881,0.2380198032692432,0.2390936112999438,0.227335678840171,0.24890831922404652,0.225326244161704,0.21007880202226858,0.19405071276083807,0.19068313948138568,0.2140753501031974,0.23391702895842456,0.23332760684184434,0.29680598407974046,0.30839570830145613,0.24375188897688002,0.24516974396241079,0.27642212612833017,0.21147584842550404,0.16981116230502818,0.003461840524784014,0.02433059675447737
8.379530053567267,0.2874236328438963,0.23766749748360325,0.23943550446669373,0.23041700820586763,0.2522357421676655,0.22356870736560297,0.2061852973739331,0.20861837653574689,0.19684098585734783,0.20276763351986735,0.2364495598943696,0.2368602491205183,0.2978615314243988,0.32511189166409066,0.2560247096274509,0.24386662245442361,0.26979102383883596,0.22759182993601962,0.17194797442859938,0.003398478276675777,0.02369515214943757
10.436422750857307,0.27554135817130604,0.22764971962589928,0.2345123880484906,0.22982691608596392,0.25389132890283206,0.22688024224129572,0.19480974664784959,0.20526874383752938,0.19110831634720837,0.19724097207224886,0.2330742319724059,0.22231408461106608,0.2994615995925671,0.31090959571959575,0.25535551289560793,0.24289993138957428,0.26570876433090346,0.23263775432728453,0.17004847993084482,0.0032075296364196914,0.025521289176325488
8.672313997824663,0.26936740094336864,0.22181846707315744,0.23694682789605978,0.24627824897736386,0.23385720414797734,0.23290456869592213,0.2018975840101727,0.20872658294754542,0.19406568105412572,0.19690079150474077,0.23118777568825483,0.21327760166009094,0.3102995681160211,0.3183364474572918,0.2583757068609366,0.2393653930006631,0.2725167259615735,0.2245045301714749,0.16873774585794565,0.003295130152901093,0.02475559002671694
8.90146517636089,0.267461440635629,0.21928680569976888,0.2413633908882343,0.24009408844570665,0.23468743165694947,0.2231385201187538,0.19704287298495574,0.2008873346764651,0.20216150618469358,0.19748156932856084,0.24411699637105105,0.2211586449884159,0.30184181313621083,0.3106355223019004,0.2560744935524802,0.23913736963379004,0.26639467948157824,0.24054243306305959,0.16681480220322178,0.003446531523135631,0.025224512943267843
9.154675349631464,0.2652361678502266,0.22408881444601103,0.2476927424084115,0.23617260123538855,0.24158831047207394,0.22462199193259014,0.19464895998583798,0.2038043699021893,0.2007691696845091,0.19161577226120843,0.2432656444753548,0.21901782770747058,0.3041987620924637,0.30097946217774435,0.24160320474245955,0.2530116118682594,0.26306956994404196,0.2403899351669668,0.16844924609041947,0.003493287127875684,0.02454762666861155
9.199676242115668,0.26969613051408664,0.21517414356345424,0.2603859447929447,0.24928066988985276,0.23086114161314614,0.2216892564973377,0.20635788994551477,0.1953442221567158,0.2048804996833176,0.19742691824898068,0.2573330188096626,0.2318029494099063,0.2986325955451593,0.2999729172491581,0.24680550646406332,0.2369253770605408,0.27207215722745215,0.24836936012013533,0.16890092895745032,0.0035185842335634697,0.0246426875818567
9.288974564528573,0.2652026623170829,0.21410324576136827,0.26963203253025275,0.2470564947951344,0.21861885117280033,0.2273743960742011,0.18692320261664264,0.19666544936688016,0.1973030008280395,0.19210124316529595,0.24284743347725501,0.21683867647935684,0.2957530709753666,0.3098502727299867,0.2603442028462643,0.22445108210171344,0.27854638705504275,0.24652481927868716,0.16742634307387289,0.0035328684877401467,0.02544391978304495
10.357784197130783,0.2649655259525253,0.21512068709782553,0.2618133276165823,0.25414643738079923,0.2277623422543288,0.22826318272616666,0.18382429144402265,0.2046354455447989,0.19109241751260164,0.18857344241504045,0.2492128768736611,0.21006980483558313,0.3067370632438021,0.3047764001160819,0.26642739868590887,0.21073078925658026,0.2787037083037004,0.2585512706857651,0.16775239507988335,0.0037415367553682638,0.025343115076594317
9.840978041454756,0.2675399742934401,0.22261431390112726,0.2618100894484617,0.24244288475652237,0.21703311307280929,0.22815310455749338,0.1943752228092928,0.21020920245346333,0.1879482600631337,0.19480073619599397,0.2406211703542145,0.21358640306656834,0.30720777610957956,0.3018570437701259,0.2738330075694443,0.2182619304559525,0.2832745302251075,0.26074395001281636,0.1693896860104969,0.003928691796449673,0.02540746678518147
9.414528485262775,0.26738699642394537,0.23189347929790782,0.27144781461831613,0.2346067148690849,0.22113646226861416,0.23765856593927442,0.18629973651292328,0.21455929968630238,0.19715083087079516,0.19048410355995976,0.25159446910284333,0.21533543000774188,0.3053276004146495,0.31267081056369783,0.26848350293148887,0.21021654367067036,0.2749605503606467,0.2423903654134707,0.16845583752224694,0.004058981950380217,0.025637369720131108
9.322981740530428,0.2608467398682498,0.24286875801894267,0.2673727510758841,0.2288860280475431,0.21564027588999565,0.23730428364541722,0.1804509676880916,0.21841592481184047,0.19967320362526544,0.18945536884295047,0.2338840590233171,0.20157444198519223,0.31089948777037235,0.3076919295681259,0.2697558972582324,0.19560928207387215,0.27840264024529543,0.23279113408682767,0.16863637943465823,0.003887547043154727,0.025343335712942568
9.663750893827501,0.26234828478580935,0.23546285266273112,0.2631425255631857,0.233304870335409,0.22910943267724979,0.23457334611167277,0.18573617468504097,0.22276723362060308,0.20576338178131878,0.186104411366047,0.2297413926070161,0.21121514242358316,0.3138709601264195,0.30031650783910835,0.2610965143873719,0.20838559663586645,0.27075863596329236,0.22894957520647366,0.1692717816766268,0.0038704135381853635,0.024636643179114247
11.358460068483652,0.26777263125031525,0.22902938715971807,0.26310963299711326,0.22428900521755069,0.2335746637686948,0.238038730299155,0.19031529779367737,0.22498757618596685,0.20357570945099365,0.18887202619632912,0.2378861578859435,0.21918277739567166,0.3321686834117569,0.2995779559002859,0.26732724877774816,0.2047617790168467,0.27405086619317787,0.23290520634948947,0.16990618191579926,0.0039846984299175365,0.023910879547300163
11.502277765529039,0.26804105899538233,0.23269749165751608,0.25492622771079404,0.23573690553932874,0.23428403724728603,0.23725367410743878,0.1903256570248249,0.23174534812052608,0.20263567405840596,0.18451826769567645,0.23521226569241482,0.22201207805218076,0.3245492451294828,0.2942422337577081,0.26684117775606675,0.21907580518004907,0.2580034163454984,0.23523160110276772,0.17028069384660813,0.004035587421452359,0.023135518181342293
9.873942816389734,0.2742458474860983,0.25317217843002615,0.25147642760174593,0.23534829313510786,0.2252729533717774,0.22465342055626586,0.18485674245946612,0.22757795530207672,0.20847725613072307,0.1845901891765226,0.23875003142734808,0.22294433257181095,0.33069204371295907,0.29488835605647573,0.2706431561318761,0.23076254490442877,0.24861000156152063,0.24298784845363774,0.1720117055536626,0.004023138249770867,0.023695563613009035
12.55909702479125,0.2718947393846872,0.23512539521615253,0.24629414402931,0.2524072908668471,0.21412698984298217,0.2297487291133006,0.18292790741496195,0.21917155634330163,0.20659168584631732,0.17496901824281913,0.23109304995668623,0.21001694634117604,0.3152232627847943,0.3054141936393393,0.2665769142350445,0.2379208914726339,0.2387759479737015,0.24163619408578554,0.16778212481144622,0.0038894002026862544,0.022140084711909914
9.6668100529766,0.27367738812680975,0.23903277084471172,0.23527116309758653,0.25134401620809954,0.21871916124018098,0.22897701285528332,0.19726740586928998,0.2193176906901519,0.2107598548127329,0.16379360203197807,0.22489032895848995,0.22395954724701042,0.3118843152766642,0.28756223032592765,0.2620554302612562,0.23711443861279677,0.2520524312391567,0.2472748102425162,0.16725029620171106,0.003763056410752339,0.0224411555195265
10.651955550770142,0.2716605757933116,0.24370035317521357,0.23443877206464042,0.2423808651782094,0.21281634776248937,0.22996248922825355,0.1976310671182708,0.20975717059126534,0.2078920699941305,0.1649212577342837,0.22807184725092403,0.21786077826147468,0.32369520064893287,0.28220093046714356,0.2620720793093808,0.21486712123272395,0.253298662235519,0.2371605048712117,0.1672553301260919,0.003796127189282926,0.023082412534848277
10.507843702355428,0.2604706058277289,0.25315893690031355,0.23624897887440843,0.259880311326715,0.22404495923576978,0.23530468059375315,0.2042455896030177,0.20256963744363124,0.2141411702966173,0.1660064803572611,0.23408770071618681,0.21840706724737974,0.33759704830519643,0.2736813838054311,0.2687925188824519,0.2077184743519793,0.2618696201878378,0.2279515363052105,0.1716996582669178,0.003821919156271586,0.023848056840186097
10.511519510981735,0.27777634498679593,0.24483289789976054,0.2329582070434613,0.2588059536323201,0.2211364387313039,0.23444616893234707,0.21083041296460744,0.19654791696905577,0.21677927746242373,0.174732586757455,0.24090086580003095,0.21246980186134884,0.33897412590854753,0.28359338980029847,0.2785891537764814,0.20763698265042058,0.2686814733651447,0.21474773867154728,0.17063599364029608,0.0036189518676317785,0.02234329006881267
9.426212018086707,0.2848251664437104,0.23215331569793834,0.23592514907433607,0.26553292669656703,0.21663306012405587,0.22866034240489594,0.21509369977877182,0.1921571323420969,0.21353910544064758,0.17816372272411488,0.2500580556462271,0.21863435903583986,0.31702556603052584,0.2964352265813811,0.2741789291695389,0.20759327621424806,0.26740561469786417,0.21943002963180244,0.17092845513432864,0.0036739751709871263,0.022040437217669042
10.058465892879164,0.2841537509961698,0.22535720521114364,0.23302790077306437,0.26842922822644877,0.220376020618523,0.22756080298050818,0.22258456987610076,0.18606107051827775,0.2173663376440843,0.1677978195102646,0.261330302868625,0.2163454983299014,0.30935138289541586,0.3152270531061007,0.2589687734675857,0.2099974176124685,0.2671545234703738,0.21113240474159464,0.1698837221719684,0.003629944432128335,0.019959660631884122
10.855815645156714,0.2788038696748731,0.21675714529229348,0.23877118926491478,0.2707313801945621,0.21301591395476754,0.21270452852127142,0.22080814007160746,0.18765726808177524,0.21574061560333044,0.16934422691559523,0.252264814318811,0.23464466432531972,0.3086013939445949,0.30388056189736323,0.26203228868957595,0.21535312573278698,0.2818549770695056,0.21083062827553675,0.16867248559279172,0.0035758601668792736,0.01904581833733098
8.881759228668734,0.27654796188307884,0.21745996907112133,0.24330066463278158,0.2612535803734363,0.2140177131387967,0.20805552214605869,0.22468777088714614,0.18107115506356336,0.21768064918435526,0.17007453650597903,0.2620826749135641,0.2326332222837103,0.3106243151382848,0.30447651342879,0.25880303652048137,0.2237721465403036,0.2895439171397992,0.21528255295451554,0.16876986830699536,0.003613326791472671,0.018469523620497853
17.093274782861986,0.2735429771166965,0.2283186330699784,0.23376068145674941,0.26286622249908226,0.21763016348549657,0.209692807731332,0.23700578302556963,0.17416893953738977,0.21412887257489355,0.18109372653773548,0.26125730750531123,0.2341999099196765,0.31055688594443703,0.2999523639403113,0.26722698749546775,0.22485188306262924,0.28227490689540796,0.229794965917954,0.1687650918017407,0.003792668043257027,0.018976468673351128
12.357000490667863,0.2856495119814601,0.2272387265596406,0.2308125596266856,0.25349760864521775,0.21671989118154442,0.23027541157424866,0.22870509069587036,0.15883848925171892,0.20611960945969077,0.1847131145615264,0.26016839233816885,0.23382874165768133,0.30792085816480214,0.2886318885084792,0.262343173433014,0.22639326806835128,0.2823292944661782,0.23278147457978232,0.16761171698321997,0.0038581251418343563,0.016704157335332672
11.661921699086843,0.2850545093987343,0.2166186609658658,0.24622033782349367,0.2440858757484574,0.19795352534796992,0.23029833005350156,0.2231532580991956,0.16131328971088826,0.20541135503354946,0.18750328120872253,0.2609516903427486,0.22946441972818765,0.29975602187985284,0.2869714609881491,0.25541050722280134,0.22661391129685465,0.27676674136928964,0.22826810420540333,0.16576455175488825,0.003916743331404207,0.01697779160215236
9.976006838150942,0.2713825668047732,0.2416753850115129,0.24298582825730414,0.24178265989927972,0.2072834138614343,0.24227361722814927,0.2271008191550274,0.1632801215494395,0.21043216937241438,0.1922428869666038,0.2548265367836801,0.23146740177911054,0.2914227499255768,0.2916797280337032,0.25921123688275616,0.21917170467899022,0.2764892916325831,0.22465701748828898,0.16858809959451126,0.003981101754033092,0.015920531287555644
10.100427521146257,0.26729796326884026,0.23724748210264449,0.2483497286378158,0.23302046110812683,0.2142462901171464,0.23365670682725206,0.2223604257840344,0.14923461777781802,0.21271711653538022,0.19058891881212175,0.23949767792440976,0.2312331119646884,0.2787895671674699,0.30042890788735366,0.25857401151272286,0.22855952740843896,0.27174305289257544,0.22271915738527714,0.16645364018553868,0.00411041789968081,0.01655512463783812
11.253864485722428,0.2695772150854972,0.227040098325018,0.24472347195485192,0.2275434604562508,0.21456137300713307,0.2305587856795532,0.2181099187166507,0.1575193938487105,0.2136542687808023,0.19704485977056965,0.2381661148598711,0.23217447818147155,0.28561550390214324,0.2811681571255507,0.2594086602177514,0.223228815144119,0.26585790938003734,0.22744822242304802,0.1652755583262859,0.0039784120703614916,0.016547799179360594
14.536952683492546,0.2551029247823789,0.23036379862713455,0.2524145779713915,0.23568183293171308,0.21488478360307287,0.2386216500459289,0.22258478568073342,0.16344156243400904,0.21772690682294069,0.20233005054635708,0.2458552675945505,0.24080801984152822,0.3035704451454561,0.28441852602487117,0.25283899851999875,0.2237915445774897,0.2664921232454747,0.23302368794524297,0.16660681890030202,0.003960178160204896,0.016352760702919286
11.161373471971055,0.26508080170490583,0.24102527115320013,0.25286064525154567,0.23059520235936176,0.21733699535601092,0.23290406940600825,0.23185647845254215,0.15923199681566244,0.22572498731158513,0.200802272567722,0.2393496697736985,0.24096154779972467,0.29767485185950393,0.2954302307039199,0.23984625512411004,0.22845458453080092,0.2638708293805128,0.23301668230328287,0.16837661096456014,0.003981403101116279,0.016242438892873988
12.332113985985664,0.26332725352831743,0.2517067318939716,0.24741852300908523,0.24198353057278588,0.21521299087019435,0.228329101063072,0.2250037893820953,0.16393353133286587,0.2236876838402616,0.1968227480665342,0.23866393797664184,0.24289066200304826,0.2982480213396452,0.3035080571740666,0.2566848342362467,0.2243008606756497,0.2576704829288395,0.22930073445199234,0.1704056809956896,0.003879095170210323,0.01545497833208036
13.184030253736069,0.2697174548777576,0.25477437414043425,0.24981610702064627,0.23517981895603096,0.20423301020857193,0.2293153041750463,0.23481282345691493,0.1556207893962801,0.21288692590272948,0.20102943155082856,0.23944777176069765,0.23616713239442882,0.3044724084122481,0.3032916898427196,0.2649336395721607,0.23036361884983142,0.24755437626435628,0.21761879004623869,0.1688145231876265,0.003785966114085975,0.015483240469958203
11.47278169338619,0.2644980993017753,0.2536085271384394,0.2567144958738634,0.22770902407373794,0.21312550517786416,0.2333611813310272,0.24445914287153658,0.16039819260529847,0.21844417408826194,0.1932792788674496,0.2528058395759997,0.2283662271991594,0.30680797689573197,0.2930466824660673,0.2715773400763975,0.2237225706999398,0.24611260493711265,0.20230066639193187,0.16960001863480262,0.0039006372014485694,0.014967446061532351
11.918044795242986,0.2607092704863731,0.2551258888841164,0.25612304528376545,0.22846108804748883,0.21528110114942367,0.2349714012606238,0.24676808547754867,0.15759606762396536,0.22311722978039114,0.18882932091736296,0.246963669272294,0.24548149485251508,0.3105061644904899,0.2909078246972004,0.273315943633304,0.23475702559169895,0.2528562187416691,0.19183880428838337,0.16930822176542626,0.00407315729120849,0.015806886911648704
12.56451937034559,0.2652155720673101,0.26015658092557636,0.2514906618017405,0.22638972894028428,0.2224832420995743,0.2320411304646529,0.24118353296058648,0.15938262007008386,0.21463390298734433,0.18175313020517092,0.24229357886289649,0.23743629327974283,0.31575605451478633,0.2923279437502164,0.2594251347510809,0.23233714447431494,0.25299309457565067,0.19679694408386145,0.1696586803350325,0.004128841055592467,0.015379842318844913
12.41578985333689,0.2582300071251967,0.27283708610080387,0.2581400222755471,0.2219091375461345,0.2188820014681679,0.231071163406534,0.24132688240282443,0.1646164987708163,0.21156088915510232,0.1879770441590108,0.25463914552499856,0.23050553961200185,0.333674074062331,0.2976360567394709,0.2609525900060094,0.23351503587012898,0.25954735725872075,0.20273988975202162,0.17108105658145992,0.004123949017173407,0.016240855875471163
12.921149652654782,0.25261193655152775,0.27560258833666296,0.26141196310724474,0.22796661230182497,0.2228994889337436,0.2279466790431651,0.24569914998563502,0.15147149589955647,0.20941728746040825,0.1929143000937668,0.24642258063563618,0.23179947409562118,0.33846963876861713,0.28377653997932395,0.26585542455028083,0.23219371196681493,0.26201023792020617,0.19172453050587623,0.16899199207004054,0.004088374083748679,0.01588788316342943
12.212557378452138,0.25587933637523985,0.27708957357465247,0.2629723863985504,0.23029718486525283,0.2227658430431067,0.2228640507387287,0.2533646222899374,0.15581420927870807,0.21496747094757185,0.19508696044098087,0.2506081421429487,0.2281640311568056,0.33097203933954705,0.28870176100589245,0.27082498077440464,0.2201085029757327,0.2649601330845047,0.18970192608287467,0.17054027536630742,0.004073597919317125,0.017633562947279066
10.964303662934217,0.24500776060596216,0.28122888751476266,0.28102111248828,0.2290770327598233,0.22521033494787512,0.2252540323731499,0.25131938648811547,0.1722616379105587,0.21179002577178713,0.2000692287407497,0.25368385627583595,0.23541707738975057,0.3352255406060276,0.29338523349442697,0.27736660814889735,0.2183650528899283,0.26840043821841747,0.1972241869307396,0.17320688101330836,0.00403625679318823,0.018558158504933003
12.554246568980425,0.24969324897711015,0.2843257722754676,0.27907084425828793,0.2336796669140304,0.22841116839227252,0.21583763747787854,0.2480188229942423,0.17432809259294,0.21803514943608954,0.20081954156671414,0.25066764545265485,0.24478196082196096,0.34459001714372217,0.3018109240426843,0.2700173254299751,0.22277699899037257,0.2691446657374226,0.19141643290382276,0.1744051798702073,0.004169473920863762,0.019804474438987963
12.727518218803416,0.24865271213525122,0.2849552698519628,0.2800845760096561,0.2254912221813253,0.23678881234734495,0.211286628528297,0.25734985504040486,0.17253998406097873,0.217661359843225,0.20309509829233724,0.2387553550297907,0.23833506373216237,0.3382100805408503,0.29564759730149287,0.27278896916854545,0.21720300795935266,0.26755259672397275,0.19320134977971504,0.1740174783679039,0.004114876660279321,0.0198453193510305
11.165765907805332,0.25374974301313374,0.2713948628010389,0.2710947740642127,0.22242755945737225,0.23348627675790162,0.2066817612154423,0.2618201280204646,0.16377442173739615,0.210381404576044,0.20745653449934714,0.22968219199369427,0.24415281735594618,0.3330928246697174,0.29451870092321797,0.27554154941192777,0.22294732363545086,0.2515589186085621,0.20243167753153332,0.17259626535186584,0.004057478183677459,0.020412144619989803
9.999228790285287,0.24463501533598414,0.2691253960230509,0.26634103474552634,0.2338075050338927,0.2360461547555097,0.20241807026651665,0.25937306008187866,0.1652280230482638,0.21869323691440104,0.204934897991572,0.23347177341990846,0.25392023563107297,0.3307335172358093,0.2869936133492088,0.27629843900574086,0.22961551218623918,0.26258481774791587,0.2054825428322864,0.17154998817278136,0.0037760113250425473,0.02125265721612882
11.82507835325164,0.2552284487048757,0.2679930793420815,0.2523853587100102,0.2427742063303055,0.233195324170174,0.21453600550843108,0.26439267891834234,0.16354190826994405,0.21976430169482372,0.2005399536088715,0.2528012968109587,0.24738812876053923,0.32042301305875126,0.2945886515484006,0.26469289641687554,0.2327518991040529,0.25879381331982926,0.20816609400155814,0.17392801967352653,0.003912714807257272,0.019911375937289245
12.388165105094647,0.2566462623639367,0.26070666104828755,0.27182152738633386,0.243452352127685,0.22072035798078612,0.21193607451745297,0.26775702655369976,0.1600514836283903,0.21778244830354332,0.2008818368884,0.24377889580241185,0.23195746384377572,0.32850141627770807,0.30685120663307724,0.26999806584943226,0.23117494241289174,0.2531833332854541,0.2063997434293602,0.1717610555994017,0.0037986262703844607,0.01983770133848145
10.70920211839899,0.25745000706504717,0.25649266631890266,0.2749505423560939,0.2464408896236973,0.223779533104976,0.213340418347203,0.2728117160797127,0.15064711040960452,0.21908493172244503,0.21094349599172382,0.2496071254184753,0.2427740927772537,0.33508547009691336,0.295193894553305,0.2692475689843556,0.23298471828452827,0.2594098846516933,0.21220838536835077,0.17492801693646995,0.0036976274208196614,0.01880439638594889
9.64134471993591,0.26105722935316994,0.25683066018175466,0.2649706993440626,0.24937509139622113,0.2298912597021894,0.20592080914206706,0.263958115916756,0.15057116760345704,0.21616264010710098,0.20491821220196915,0.2580058059108158,0.2482138925464032,0.3336442776838152,0.2933993101467201,0.2690113652196913,0.23202474590407646,0.25179806478335637,0.21626884759850745,0.17463761179400122,0.003808797235302758,0.020656213004719086
10.742464078778232,0.2599546248533306,0.267864652919221,0.24889495089045005,0.2446100317140148,0.24271512446588944,0.19523388357594518,0.26681925255364985,0.15379069781252053,0.21336827655284457,0.21261620975799891,0.26090618492319917,0.2305110989543298,0.32836641804567285,0.2952388242894063,0.2662581426619829,0.23095290240025493,0.24287032922396737,0.2176536349023581,0.1718552832649318,0.0038661537355377308,0.02117634715686195
11.856408796413112,0.254466820983956,0.28019600015386603,0.2424370825686702,0.24972655418423562,0.2329494958927625,0.1992943785969684,0.26270298661539626,0.1610841890821032,0.21508046634255612,0.2099603167856108,0.2722897709761126,0.21692280784257315,0.3276145386959643,0.3075396967924335,0.2770227364049865,0.2338248779743836,0.2572590632080973,0.20065677187515238,0.17453313960194974,0.0038418914510002147,0.020565941157392572
11.76950049232359,0.2689185548541231,0.2765422564329165,0.24107928452442473,0.2533415202858025,0.2336400070975913,0.200473791235898,0.2454577894547111,0.16403185064189418,0.2214631684989969,0.20394212535583475,0.262889462768322,0.22198470586666869,0.33262393696351567,0.3125775189719932,0.27025627036457334,0.23121056101427176,0.25413865847479705,0.20495971142509573,0.17648809577723087,0.0038281668424002837,0.020527668060788692
9.027239873778871,0.2566571905063065,0.2765256348094307,0.23438135666649013,0.25438525404365153,0.2395818105542733,0.20833479902618177,0.24279775819823238,0.1764548620637978,0.21746072438063943,0.20910712579673565,0.2747544437985996,0.22358834488941648,0.3229493305789142,0.31594327501115815,0.27457392819061427,0.2209969773276351,0.25554242687774525,0.20348645487042133,0.1748652201513968,0.003689506662403056,0.019606276023023925
9.442268029168213,0.26596981947024473,0.270697541654073,0.24370874131542325,0.2622294753051686,0.23994739444074178,0.21082875181601818,0.2483102432026925,0.18054640063734742,0.20686590116178974,0.20916212719323635,0.2790601875542631,0.23222647589035364,0.32599816630199346,0.31448727916013935,0.2949762080351226,0.23432221168176123,0.2528534835094257,0.2098677372294372,0.17659458299753578,0.0035182165932321798,0.019419196831746737
8.57892047799995,0.2706254723254862,0.27460199827261594,0.22821796921459214,0.2612455726229228,0.24207500088230194,0.20996609150289156,0.23793103595795675,0.18640453243884214,0.20490083694384975,0.2048761642031341,0.268700397963103,0.22260673500274236,0.33696147741237015,0.30124169249890076,0.281377668472066,0.2342112518068278,0.25873462204281206,0.19957858233919754,0.17372117165651302,0.0034144072020697394,0.019079131164260032
7.769318096240403,0.2615808358865495,0.2612312372985514,0.22601834565365214,0.2663771030913155,0.24148243544678002,0.19644078749457908,0.23445039010001517,0.1828903847220745,0.2021516466985595,0.2052655451741792,0.24234527244766668,0.22471728118647868,0.3337108760014404,0.31502337634597666,0.26463104517192576,0.23232549517711729,0.26939772508047516,0.20346497420333762,0.17227434073503559,0.0034708065761226477,0.017577304371184446
10.49925529039382,0.2669085647502566,0.2739506984994036,0.2175081095765702,0.26476626912366436,0.2464420275030635,0.19973733812405997,0.2302026153479061,0.18566128163850534,0.2029330553631252,0.20747558094934843,0.24808894587383531,0.23362711823585822,0.32197339937558334,0.324924729207815,0.27668938398438175,0.23146655868038513,0.270797848640691,0.19505743314428575,0.17331159886729625,0.003482158797962859,0.01720628843322489
14.805659006197802,0.2754880574530443,0.2803593145196909,0.20958711238504416,0.25690046424394714,0.2441476728934093,0.19509350493711744,0.23515428269747723,0.1756649755222816,0.20871748340329468,0.21638734790915892,0.25233438236259415,0.223866248399362,0.32464243376914353,0.33374896371771623,0.2771186962642391,0.22305302191665105,0.2758666271566144,0.19597969087701878,0.17426388831100817,0.0037554524123844437,0.01697548591701555
12.581734549489036,0.2648380142291618,0.27996081563351555,0.2266063922321274,0.2675553917996852,0.2581999324456278,0.18541677795787256,0.24135710964639598,0.18786424841609567,0.2045818177859886,0.21623227114517918,0.24964224248605604,0.2352860053872251,0.31670257402785157,0.339821704580242,0.26050690870977333,0.22117477521243392,0.2831576607854185,0.2050731663492386,0.17392308905253567,0.003768403551908807,0.016778872991856777
10.379609392057569,0.25100556273060026,0.27978350873008484,0.2322822486668571,0.2599573379752636,0.25616420503996096,0.19644939945595744,0.24355696649067604,0.18927520257856342,0.1985814254233457,0.21024340392519586,0.2381850290355766,0.23860974374355493,0.30881080103657943,0.3304973322221521,0.2463484419280001,0.2152023410005829,0.27880589583865284,0.20402267216224884,0.17310299713070415,0.003745596743980295,0.016297379682035807
9.453989212466157,0.2499383747678091,0.2853080104450618,0.22407292391460606,0.2644721257892151,0.24442889027963133,0.1948357225964945,0.24352719393790676,0.19203658300963286,0.19941707508182177,0.2140596787210254,0.23181911486681703,0.2359499054760383,0.3292303214548176,0.3239903700835625,0.24724992170762336,0.2128020983467677,0.28558718343559464,0.20267644148532313,0.17309308417908306,0.0036230711601170527,0.015977376926691763
11.633439753185932,0.2525366803234517,0.3007213854172795,0.21725574200072467,0.268060533268704,0.24205853946056333,0.2045075361354373,0.2559836257033027,0.1853606065261199,0.19138834599840132,0.21889101881553133,0.237010842987982,0.23763082272816802,0.3139280795206343,0.33159599754784197,0.25890079612146166,0.21170322766999597,0.2930964862940705,0.21274732424081735,0.17515998013859949,0.0035064217768943666,0.017039932894594906
10.04004799077064,0.25866223718822917,0.28648760555490005,0.22896575062410873,0.26997584220115534,0.23492739712817398,0.20326605267754264,0.26130859087405206,0.1751707548172386,0.19974342429063174,0.22736118542435002,0.2443264113480751,0.2495765364238819,0.30447022026200565,0.33254746983974065,0.27407354320457317,0.20944221837911392,0.28201179957329575,0.2115747189229356,0.1763479997827912,0.0033601417654705755,0.016335809117252145
11.66003050208507,0.25311858309794544,0.2863907048026688,0.22086264993717336,0.2652032971746424,0.24492339128199248,0.18854160245744775,0.26954980202296935,0.1710728815829765,0.2080642168549476,0.22260072012151244,0.23901853653203123,0.24577904367064995,0.29349564870794054,0.33252116711098745,0.26789334981619545,0.21871546431934055,0.2791838141245742,0.19797484440417676,0.17296620545618457,0.0033270519340918227,0.016939840109472925
9.980210910952009,0.2503760208157267,0.29618115680994894,0.2281806679653647,0.2600868810595886,0.23407725482037048,0.190758766876543,0.2631048471213151,0.17776216412533777,0.19819992701454214,0.22903578803206182,0.23156984920848694,0.2522788684447508,0.30378920230908113,0.3230102389057411,0.2677065171893166,0.2168390575442677,0.28456230924808246,0.19898641781640516,0.17483005340513422,0.003071999846635762,0.01670688932445906
10.209896745312628,0.24810011043675242,0.3004102010804609,0.2265551306882911,0.25652861582877057,0.21830770038869937,0.20316902515747023,0.2623519222700751,0.1544959837545108,0.19464809412943843,0.22863154244366354,0.23293091256621443,0.24045471693190162,0.2929408274438483,0.32295736416305476,0.2701740317054974,0.21799883417022908,0.29072303527852655,0.20474134565790864,0.1743476401504057,0.0031115028689007534,0.017151598914403304
14.32146153502026,0.24977773858438532,0.29920658077450446,0.22671072722754623,0.2569300655246406,0.2174671817478107,0.20235749689641694,0.26498536266717704,0.148031066286943,0.18926435660131555,0.23248544807928329,0.2399581244713697,0.23543088610946744,0.2982729667570264,0.32349326364457587,0.2705667551940226,0.2234457531672847,0.27866265477447416,0.20970136030214287,0.1737376945304156,0.003085635754938927,0.01575602691315431
18.563611460076142,0.26263291045444026,0.29873772220532074,0.22249056196899442,0.2556059853309257,0.21849953026790384,0.21427315868606764,0.27412292493523,0.15185874524222664,0.19536102540974765,0.23780705951858896,0.24949944039121494,0.2354733125383084,0.3052520617903164,0.3335130182187827,0.2563126566946106,0.22200207597762472,0.2817395130308855,0.21111427719758566,0.17458490351793027,0.00294648000252721,0.015549174355813948
16.486172383353686,0.26854091056662954,0.3032312402808531,0.23689194934857588,0.2521532089449559,0.22624277947376456,0.21126726917844738,0.2828179205957626,0.15849974787359755,0.2111258593724875,0.23892369318237275,0.2426555720316345,0.22591998106278816,0.31884988272479003,0.3390864680242836,0.267866512598653,0.24059128237951966,0.28789898444769624,0.2171838270013669,0.17862608748845937,0.002899825239883689,0.013486123361930363
17.30020333071713,0.2534849016846433,0.30299342090276,0.23212085799544327,0.2513360000198049,0.23022707709838175,0.20349970513902602,0.28506899771852606,0.1716810123873382,0.20167728356473835,0.23820592477933092,0.23877123493356286,0.230331917407489,0.3202805996748168,0.34517506585072233,0.26245625508547643,0.2356009445966303,0.2805784543351444,0.22685507735132188,0.1766627972938346,0.002819986581362128,0.013058552539516379
