9.78398838686404,0.23666966372041165,0.2678177162060123,0.17594841218095228,0.2336072083652651,0.16848965405584243,0.19939409561719004,0.20535514207177308,0.17126494780505302,0.11413430137949153,0.23361684989610754,0.2135246365458831,0.21331640723040116,0.2611451218461626,0.27755658139359435,0.21420459370652423,0.2077945334417301,0.23929531744191823,0.11574406376107767,0.1501664561382102,0.003758720725111967,0.031031262483167288
9.300315928374413,0.2527242774866504,0.2583316930824673,0.23386747875647307,0.24511759542088066,0.22780756828376683,0.18795689673046254,0.211278992846831,0.20250640089562286,0.1900296994722066,0.18331705715988414,0.2705144203332917,0.2330476319133054,0.25984153751536065,0.3001598791787758,0.24109176660293993,0.23805426713247246,0.24040406591134103,0.25030328742229646,0.16547069783701784,0.0033860889695692654,0.023719660139664464
9.275429166913135,0.2604579709375408,0.2536676811890522,0.222039848617117,0.24374486994728678,0.23091831573340002,0.1823134720347157,0.22587407983039906,0.2025497697331526,0.1891036332357538,0.18289490534741423,0.25670069056920003,0.24439137575352177,0.2632588289108351,0.30606316469187417,0.23734556074450083,0.21869656013387148,0.24063137956253763,0.23249109069332327,0.16589329426085225,0.0033431337919816203,0.024526222113901954
7.746792303848128,0.25353346465945176,0.26372835271229417,0.23397825431759775,0.23467456937601655,0.22452746893195077,0.1879167544463189,0.22596598772014787,0.1899133812515234,0.1870473904932223,0.18892238141563336,0.2603981872103979,0.23100556288262478,0.2761045074911937,0.32281849448530575,0.23761098649341844,0.19786368051991693,0.25813452497275025,0.24192407605481916,0.16400102235797565,0.003407518375517151,0.02449979690024442
7.695492186196716,0.26060791515265985,0.25938015928303454,0.23597203237997771,0.22880818922750193,0.21543854856866146,0.19944170478014708,0.23667279085343212,0.1858330756495431,0.19817122119124228,0.1841672383860052,0.25673336230857163,0.232329739857782,0.28935045596747117,0.305605479728131,0.23640902756123333,0.21110725583249806,0.27536604939262654,0.23913585173100466,0.16560668104783247,0.003644355975544129,0.02384938550356622
5.779082753315426,0.2569423991544815,0.26353202520081187,0.24521552313124714,0.2354357162472524,0.22144672642679103,0.2069346374908402,0.24687509258976242,0.18753172299807375,0.19695605772031766,0.1838840919787316,0.2569967490495114,0.24427936729267932,0.28654266335194717,0.3048795671746612,0.23890503827961732,0.22198134178719794,0.2573639907840028,0.24019065370042275,0.16953812131086846,0.00356402717282978,0.023231234055052875
5.62807124821253,0.2560461909363456,0.2630117700681961,0.2588619692292516,0.22400635911671254,0.2279631196446053,0.21592753298334705,0.23781861411423882,0.195718817983263,0.20407969428890996,0.1807941370490753,0.2434451222142614,0.2373979478088339,0.30821474788402115,0.31070266725160567,0.23390541910946927,0.2265558478927729,0.24998362353847334,0.23190895159340105,0.17098777202922558,0.003630277262359113,0.02457982155384364
5.3204854244408235,0.2578440691015512,0.26225362885163855,0.26130705086536377,0.2200758976679297,0.22773506435047072,0.2079345817686306,0.23202724779669423,0.2001111218551748,0.2098348456977402,0.17801223609022315,0.24236428770493423,0.23856736851684887,0.2929117042520057,0.30887577831728136,0.23894861937577805,0.2330348426274198,0.24996683643767573,0.23111747691931592,0.16891669716369723,0.00357444445460003,0.024081359278799553
4.937062168472388,0.25151825445963055,0.252555793305842,0.2566627093730519,0.21959412540568618,0.23600271511848794,0.21193045387523662,0.24064998593312448,0.1939366042281236,0.2045437044775686,0.18090196318914173,0.2364717187126778,0.24678060728852652,0.290777316043917,0.31161640600814294,0.23518742227014147,0.23022289449667332,0.25368341054337673,0.22843392350806138,0.16816945960226629,0.0035417643781131183,0.023954556702665525
4.683430478102288,0.2495639240230652,0.2614603857138607,0.2540251306912527,0.23294539786845297,0.22955532921395314,0.19653087774854913,0.23986294942207775,0.1990627462174638,0.1998054176478543,0.17464279482676653,0.22879593494432554,0.24574338226263467,0.29310446114531263,0.3187120237203646,0.224026416904295,0.24054845765018285,0.2471231566128128,0.23140652074416398,0.1682592311702372,0.003683096736490717,0.024591069409953793
6.076727149419751,0.2449310602544002,0.2609038952110044,0.25476142495584897,0.23822973630136457,0.2302895580149409,0.1985070939976817,0.23023808513823354,0.189308733731773,0.19613072107628393,0.17347063172254654,0.23546916848687602,0.23915294537264045,0.29597036631509427,0.3122174035199436,0.23285680831580574,0.235651844724475,0.24421173483452283,0.23054635875496293,0.1660595356342408,0.003660607895521818,0.024269336843196234
9.157911549218,0.23900402785289515,0.25868126599860386,0.2665683348605332,0.22925086383160062,0.22087326869438095,0.1885850275996335,0.22127801127716926,0.1809051131902646,0.20032992880883663,0.17406245207651969,0.22912492992140007,0.23940076192662707,0.29566371254294727,0.301287574714758,0.2366039769819688,0.2301246781954521,0.25097763099806264,0.22909881740897814,0.16362879943850236,0.0036374089582466933,0.024559873541748788
10.015304708868955,0.23118120485763957,0.2743980642980258,0.27291916625833784,0.2170382828377113,0.2237405763035678,0.19977023199076838,0.2106527718162189,0.18025231960030572,0.21588337110263583,0.17643716475787685,0.22482655575305344,0.24038727326600368,0.294521789076074,0.29339200998982773,0.2492905722692781,0.2306976833156292,0.2428925025106251,0.225922182877813,0.16509195416896738,0.0038786945797939843,0.024763960381177567
10.655162541316034,0.24109309190788483,0.27157871025030084,0.2682965102892424,0.2164428119944014,0.22833667692264675,0.20910618557569224,0.2131013964387993,0.17713439261993585,0.20910774839450286,0.17401044752441008,0.22366578698474077,0.23067076668615413,0.2873815327329957,0.29036785810024396,0.25087890516235667,0.22984921192551186,0.23784645783318278,0.235036851245073,0.16567229260217525,0.0036380092026484455,0.02457850277507084
8.968516233357525,0.24618487720740012,0.26930702110798643,0.25802963688096775,0.21088550525950558,0.22813478414126645,0.21270348701021036,0.21381643542344317,0.18317978454932304,0.1946049614163835,0.18077946891639168,0.22513026673461597,0.23134491956511458,0.2940982798528837,0.2806907833014382,0.25257262040384076,0.2199103347692593,0.22703193493129512,0.22554451819849455,0.1624036516627603,0.003783481208663756,0.024073304004449497
8.685386270918917,0.24362331992183087,0.26224222600885994,0.25692413926580215,0.21801426109411656,0.2353757703358769,0.211480328780307,0.21072803461305797,0.18244023676940707,0.19916062878664606,0.18505337322955223,0.21043168613198132,0.22627516276084864,0.2999050155169584,0.2925387496282449,0.24823927632070633,0.23095414280403495,0.2348974926580047,0.2128338782074961,0.16276789390865404,0.0037668205737073843,0.02381527669051885
9.594882663805222,0.24239230639982967,0.2563602934825466,0.259429763568923,0.21732765324783163,0.23434078673897796,0.21544934376014416,0.2105996406727517,0.18678563257999858,0.19770218903288644,0.18663193251445134,0.21414502634467272,0.22012463874647303,0.3002442841405482,0.29472813191926855,0.23807625018876985,0.24095852322125474,0.23561922675847674,0.2072713969910613,0.16399202529193568,0.0036465561299747,0.022584331444311108
10.250677203557064,0.25550887956872254,0.25775251810212074,0.25901234927763045,0.21330704321608573,0.23857044869118976,0.21272023757624586,0.20679306982405374,0.1876653624907258,0.18271411832888154,0.18317809714651648,0.20724668618811357,0.2257982590241007,0.2994524559671178,0.29654726654899605,0.2495345373502811,0.24369687872979154,0.23515541748096996,0.2049373942842084,0.1642828891454847,0.0035857945037598422,0.02224581243047728
11.326037711114525,0.25620041624790635,0.26312828302317914,0.2642479427217913,0.2051909749570606,0.23241391244551088,0.2131727051295535,0.22297824551107873,0.1844540791719385,0.19916836324763826,0.1862262786450731,0.2148286842677018,0.23546358853278726,0.30779496130899553,0.2952134617993732,0.2413597295824781,0.24658424720066427,0.24388638012813504,0.20329259493891233,0.1655951432864524,0.0035395053545197288,0.02176272173103343
7.86550459091692,0.25341532849109066,0.2688663846431808,0.25291014326235783,0.20196027906389066,0.24187686417544219,0.20912604096239934,0.22693353469024735,0.19202163559022667,0.20201823473732672,0.17719979683562556,0.2215938922189159,0.22991971391253221,0.30906542069195764,0.27458204700176925,0.2537501382685156,0.24452730746192144,0.24229595268441173,0.19652616252432356,0.16604202839219176,0.0036408333938154,0.021564486825758657
10.16500591776583,0.2403696431520829,0.27064551401859044,0.24904705325631496,0.19427695128526978,0.2597360863573407,0.2035549812791969,0.21985812164109989,0.1967328313082683,0.19893478911791854,0.1728664053386605,0.23166639421338162,0.23769657276698392,0.3118913991008708,0.27720318495931373,0.2471382649973974,0.2470792589324143,0.24309212388825346,0.21347098022887936,0.1659453337542173,0.0037278640863544405,0.021305931848483617
12.091895181534525,0.24063759065541043,0.25926020259732474,0.2474228214496837,0.20065859942923253,0.24900314884854458,0.20782409874170185,0.21062611027233075,0.18689220297398634,0.19288607070996702,0.17019421199906448,0.2203278375502068,0.2434377215355135,0.3085444550199028,0.2716126729724267,0.23500233270728288,0.24026931324514703,0.24505015670939492,0.21166266875427114,0.16242982095333064,0.0035377898849029365,0.021715430459917768
12.834628973625069,0.23519825601421182,0.2642662853194237,0.25690592164523207,0.20508176475029627,0.2571060401510423,0.2080607914737466,0.20998756769978036,0.18458038954082334,0.19582193487971344,0.1710313752890879,0.21435683019135993,0.2604360164692895,0.32393243048965664,0.2806642124520471,0.2352543113343768,0.2310873599232408,0.23390280906842328,0.21413340492141497,0.1617242973237337,0.0034962477255914373,0.022037642294055037
9.170502145735803,0.246672183753867,0.25479921350067064,0.2515595870388593,0.20541591938457643,0.25017636339888966,0.1978863743234943,0.19729055604951215,0.1805060551513898,0.1917686481268632,0.18246695109464625,0.21079917626676234,0.24576364256774696,0.30559642062683745,0.2662197355381315,0.23834235750436406,0.23867389361036287,0.21794245463147685,0.21386434182592592,0.16177651284815067,0.003615863128847918,0.023622350444879356
8.810140247267222,0.24330339416743263,0.25828314717024714,0.237735634018473,0.2094079082183168,0.24163083599156418,0.20339062714420625,0.20089370208559115,0.17857110399063134,0.19054607664680276,0.1749771158586627,0.22586297292303883,0.2393759289576146,0.3051975327123575,0.2565609606544648,0.24710424250408153,0.25257443525822787,0.20769176803799927,0.219350707241773,0.16047710614355348,0.0036881875383702233,0.02393758377370917
8.643689989439029,0.23987768764260003,0.25441910519157807,0.2325271845091514,0.20263148566994305,0.2457970247746453,0.20072387974035297,0.19611143996380873,0.17807945343938833,0.18646968471681533,0.18020231055004893,0.22376246543753076,0.2445694424237965,0.3144376036647326,0.2426343839397749,0.23415123204130486,0.25057882024710443,0.21027398431085295,0.22520956736512943,0.15978057921765404,0.003608699976487922,0.023205405854957995
8.384448562889872,0.246228105347403,0.2586616002672451,0.2270266519321001,0.2064018153018703,0.25087707911754337,0.20560465366371516,0.19207041379543263,0.1735609583776214,0.18701490851823446,0.18183682022586176,0.2366023977931287,0.23836839819887132,0.29899923639058223,0.2495334914047825,0.24187082000660942,0.24758895270577083,0.2102826965059379,0.21415519723882573,0.15835287805601336,0.0035917591747293325,0.023337237329409108
10.930469300853504,0.24713283147563872,0.25441483975378587,0.22200168449308808,0.21150303777562587,0.2537195969890061,0.1947466365944557,0.20929313001103822,0.17275673784607048,0.18812103562160135,0.17521981985368976,0.23347186745345797,0.23973021276282,0.2792461512322253,0.26200190372858223,0.25132873398746763,0.2528958467015423,0.205225516759272,0.21729470545835686,0.15956137282761892,0.0036485351031686243,0.022322310406666063
9.591839294805789,0.24866254795551562,0.2577329071588698,0.22525808756135884,0.21638244804690296,0.24844891917187334,0.20233574915520153,0.2081240447359733,0.17475376735495243,0.1811642678281293,0.18047200051425166,0.23124550475782818,0.24227747183529222,0.28989455661909536,0.2666261968579556,0.2378122794933691,0.24754953894591716,0.2205492906819872,0.21340153083267355,0.16142800851850453,0.003833660337967084,0.022851039737775587
8.872971916237493,0.25645979501409677,0.2643061491805433,0.21987847129029353,0.21575332825946866,0.2446266727413729,0.19492027295572487,0.20873878530634557,0.1764986704197342,0.1769564608424669,0.1853022979967643,0.22086658162009604,0.23686642210637074,0.3036799657164201,0.2613576429132216,0.23560424594687476,0.24534720777950939,0.22396836901631306,0.2181019354024913,0.16088319450215546,0.003836147923038229,0.021843375863485674
9.706992953473245,0.2494523852150308,0.27388954278250827,0.22066836124380076,0.22178417150478982,0.23085475586440457,0.20753305354926194,0.20317847364082534,0.1824438936047687,0.1864605064130948,0.1865335265107861,0.22220197206236064,0.24445314634932133,0.29932943649209753,0.26629461038934316,0.2384048687752181,0.24998259539847628,0.21557118008299261,0.22263296982722236,0.16183549219270285,0.003938811355201017,0.020257692911067188
8.981961561890968,0.2531132895257668,0.27147199017625495,0.2140805935555618,0.22437242024464982,0.24026597979215877,0.20230529179314177,0.1985768237811793,0.17801672040238742,0.18491944574187996,0.19049574481593357,0.20358327959171185,0.24574280791615272,0.2834786888321804,0.2757749831184293,0.2300526642318167,0.24083656165972667,0.22015920951170226,0.23682519788316983,0.15897637952904423,0.003947681415179112,0.01920772932749073
8.503915372824164,0.25108785570518577,0.2678364238880985,0.21806968829690587,0.21216076826648386,0.22514480995507324,0.20414542167180977,0.20909769526310457,0.17839105276719677,0.188651561517698,0.18527731047027465,0.1960396770706854,0.242636361373249,0.27033608649928653,0.26305806249540065,0.2423841331347939,0.2439832359187107,0.21994846058017542,0.242205184652065,0.15889187030754268,0.003878813219901326,0.01815981824831748
7.530434626426097,0.24470629320583756,0.25098768805217936,0.22589006875121231,0.20783047716356265,0.23972651575234716,0.19480565388099075,0.21852008918868776,0.18412520798855417,0.18595301190834593,0.17135010181105165,0.20103212374760313,0.24634590638888773,0.2723816807306144,0.24729101208810453,0.23256678172835413,0.24426404741014193,0.2231474620068143,0.23119194307965898,0.15691986933762436,0.0037460747335195436,0.01788726006672605
10.336478596672617,0.24581286622085308,0.2516712691429794,0.2252808510969499,0.20110651135836252,0.22181067219932418,0.18527155849039062,0.21863592609773563,0.19074761150117814,0.1839994257908118,0.16696991983063098,0.19635490308541906,0.24615484838700666,0.2836907089434417,0.25163396276308764,0.23058631012198122,0.23704402886142026,0.22049321857403903,0.23241420402260568,0.15486727924271376,0.003595491505998662,0.01800125878411871
10.573365905330162,0.23216913209493217,0.26296574590654875,0.22792399530714844,0.20563257673711294,0.22219881973559386,0.1798977066438691,0.221045721529826,0.18947549052766008,0.19072218866013912,0.17519472044173962,0.19425593876746752,0.24463790095102014,0.2779079253124623,0.2637437859024456,0.23530480218258348,0.24129949177627014,0.2369515342644594,0.2275583004043159,0.15891434116576295,0.0035190207077060243,0.018216932781824822
11.011314046722665,0.23680529150782964,0.2532977789513677,0.22748617891697384,0.21578568010339413,0.22306143200851086,0.18417480424585558,0.22867378332143465,0.18616473868696432,0.18735140690399504,0.17549905026101556,0.1918207838297439,0.24530067074554682,0.2684187557738278,0.280406033801646,0.22503983934781985,0.2318571318125068,0.24943453730559845,0.21876715212561446,0.15825674119960104,0.0035895317076476184,0.017082619975386643
13.167203907010695,0.24946284273789687,0.25544953974033374,0.23478144246090238,0.21217001829706245,0.21275193886684488,0.19409401364874593,0.2137575429727282,0.17452573430862647,0.18320235317787084,0.15986236005489055,0.19257423452141625,0.2474091007173608,0.27153788468071044,0.2887994668876656,0.216231553651312,0.22496259421497783,0.24481335108640218,0.2082873194124979,0.15626482209453577,0.0036801474324044147,0.018178881093451053
9.213780417844024,0.25711267531350657,0.24707567954026854,0.23216517262393735,0.21626139213982284,0.213321268161001,0.19533339389585128,0.2130147229321806,0.18056607430704677,0.1800868161205583,0.16611119553107068,0.18471336735148244,0.2589873412273787,0.28026327460970774,0.2836314914368085,0.21236499945520743,0.21673989860307152,0.25000339157018114,0.22351093486595808,0.15802721778530676,0.0037038282370677835,0.01725600041991844
10.290640356988991,0.24316587241500714,0.2536703576963063,0.2359450578108099,0.21993915094440675,0.20239304772177222,0.1907437900106338,0.22172105206474824,0.1786102297197532,0.18528613017469764,0.1703990202461835,0.19753629878316412,0.2610915151913746,0.27510074130191564,0.2772656878391306,0.20967451818833763,0.21146432706042015,0.24104206424647254,0.22644829413979628,0.1557958439456919,0.0036799391263163416,0.017432909810477435
11.067269834429704,0.2481230018253993,0.2583337684493749,0.23125692070648296,0.21856167659428366,0.2064364339726799,0.19551303737820291,0.21143280892130578,0.18059843944332227,0.17774573173442273,0.17425577477916857,0.21025000343902406,0.26595723568435986,0.27367078952889334,0.2898851892088667,0.22065617106079943,0.20696002301910274,0.23554928374876863,0.22476685476078268,0.15992069387046065,0.0033850197052897337,0.017053195654381997
10.209404658793062,0.24802731067634662,0.26251878729124223,0.2209951582340625,0.22423667101829298,0.22268061100711103,0.1987075254278458,0.21314335555814246,0.17818840812489628,0.16855239681961365,0.17133076929518298,0.21572380729852042,0.27091386859092415,0.2734555877901162,0.29590964551992066,0.20857980627458567,0.21047376494563566,0.23448252787264068,0.22267494281708447,0.15979150547745496,0.0034685282858804936,0.01769429768223108
10.374731197690233,0.2367462952855709,0.2685296851402383,0.22687633131872528,0.22575368438973284,0.22556514611909992,0.19890028196011844,0.21559403252083673,0.17116871910005893,0.1671489923589025,0.17482093726885833,0.2176586564073845,0.2641342507069481,0.2717168183737675,0.29093548424850335,0.20487989638315918,0.20700639712962562,0.24357763037955102,0.2007725350984376,0.15886496611649362,0.0035575946835451813,0.017448634020625613
8.244896170513776,0.23069477235292898,0.2569710717348492,0.2292605526155622,0.22377825549465394,0.2081581196894255,0.20068245770062396,0.20497313295858557,0.18108917838335603,0.16235115354133678,0.1786983948908601,0.2237908852387231,0.2572109589860604,0.25850644969461994,0.2954222762764695,0.21278441010342425,0.21385697398718476,0.256429271043619,0.18422840463853132,0.15715050247148243,0.003730174992426219,0.017151703228660803
11.828419795235902,0.23206877873268403,0.2631767862578596,0.23769279204284463,0.23459167887981697,0.19422459609691584,0.20018934090294205,0.20907722706319903,0.18251042011667218,0.1624376592475781,0.18208722686958315,0.2269058643377512,0.2471863207543874,0.25348808888420077,0.2978806929359507,0.21106607830838847,0.21643566409385231,0.2502255936354132,0.18557573540827157,0.15631795448288027,0.003860627867965803,0.018182181249986742
8.352875398089399,0.2315791823911996,0.26052462219733147,0.23446323767257368,0.23138564273643525,0.19465672671932596,0.20021394662055003,0.20865755555259005,0.18533475331875243,0.16884518563321022,0.1808378842685052,0.24423926185835987,0.24276534286272136,0.25750771229734226,0.28547253470948464,0.200476077479236,0.21894466751824435,0.250382462276481,0.18632187541139308,0.15808881442636544,0.0038100634252249727,0.01993079884001526
8.165425353773335,0.24603576613798495,0.2670856668480112,0.23067717916587893,0.22375636987785938,0.2028782255507494,0.1982965074146632,0.2095633513099287,0.19347758289053138,0.16741514040197802,0.18261173998194938,0.23863360684594387,0.24900211283967463,0.25025737569581435,0.28399889696862846,0.2158921186557879,0.2139767805502027,0.2527816637543698,0.17278524596945027,0.15959703168272266,0.0038393777043298372,0.019910058147968267
6.6270736012065194,0.2436857795906682,0.24549844297076112,0.25687230980576004,0.2257478809854666,0.21215562890025264,0.2058800526996824,0.20253795594340263,0.20407710239669472,0.16835880195220446,0.1719244546997988,0.24660444943756177,0.2339703079457255,0.2538042064095555,0.2957554704357305,0.2187530144282447,0.21358823582165917,0.25111045878196947,0.1636561794846911,0.16093922545600692,0.003705190479240003,0.020627648666669142
7.6319195341041945,0.23808809658211383,0.24328979668728679,0.24054846432081134,0.22533945789372742,0.2037357988138723,0.20215879710807724,0.20391670806816956,0.20105585817362448,0.1616054635667777,0.1668186712727038,0.2608647270695883,0.2217261639503855,0.2454554211710937,0.2927938670628211,0.21016297483717586,0.21105412633895604,0.24861555958077228,0.16855892262401537,0.1567439474818453,0.0036039123317614594,0.019491184454508217
6.612809830280199,0.23813267921018563,0.24401315547553243,0.2384155956950048,0.22555868665621892,0.19413904411609853,0.2107430626194386,0.20365316381636245,0.210218369443989,0.1575193985900926,0.17189906350038978,0.25492736158294244,0.21966749211270556,0.25556004418422745,0.29680330401102156,0.1966414172273248,0.21744670371297936,0.2455275311291375,0.15557945245435462,0.156063959354462,0.0036000003373463257,0.02194131066726151
5.961588229729465,0.2507360592743948,0.25904249115152395,0.22139644553084686,0.221559672114908,0.19546004597222755,0.2142484395953072,0.1999694494738882,0.20841462523241558,0.1716148045030498,0.18203908357576443,0.2470664675024402,0.2152394259460723,0.26569016245467475,0.2994445587561241,0.19410128057995496,0.20271294326687592,0.24856290260118832,0.16017441407176775,0.15870904791957313,0.003496621907665171,0.021936419488942156
4.279545391471479,0.2455586532812843,0.25682576851898214,0.22326862436485745,0.22046525060130853,0.2023018122436701,0.209948012431297,0.20143506584691215,0.19903566964771832,0.15685150017126037,0.17487360372745886,0.23912176882989775,0.22283410278562016,0.27182259001250697,0.2945425700573583,0.18782854093306225,0.206008075723248,0.2526191222642784,0.14891046984125783,0.15853908215992749,0.0033779753586477427,0.02287259493614283
4.492268680404817,0.23841149302046336,0.25451712922512304,0.21352460240700175,0.22393728421379047,0.20025891028421178,0.20302611856909564,0.20790765473754994,0.19173527293100934,0.16141936855535607,0.1736979153465522,0.227372779676866,0.22154002440392673,0.2798890790690458,0.31664528800979735,0.19022387769170038,0.20950627314239717,0.2563760003836276,0.16190215501653377,0.15473481150652,0.003352399725141343,0.023239953414406392
5.717397404424517,0.23934097671013438,0.25973643569674015,0.21549097462764805,0.21984505782561287,0.20507750914670586,0.20551034216095732,0.21872907767355465,0.17561680753147532,0.15747573891795677,0.17260515872810775,0.22578382757226026,0.21342928125072866,0.283771908849373,0.29469238185822566,0.18637486206776852,0.20940943524922506,0.24929735252245727,0.16179374238513675,0.15586627484829513,0.003327472908401999,0.022536546286321114
9.536454559555326,0.2358664111910233,0.24406348829225596,0.23084330540333667,0.229156744351481,0.2002174118695297,0.2086914972168172,0.21341850093775735,0.1885559946302586,0.1575512845535193,0.17624893228853214,0.22286284392597813,0.20588499661125192,0.2826144387174586,0.29315099072278855,0.1953589678188716,0.21670802845900483,0.2441437491728393,0.1511577918204926,0.15677498079595228,0.0032922732410778695,0.0224470217100409
9.770330771838825,0.23824935161512975,0.24722012862981688,0.22953059063579873,0.21602575331444057,0.1967601957258484,0.20030766421949986,0.20360639530884056,0.18661842379248098,0.16350336546136862,0.18268696237885682,0.23013549540054687,0.20262091807767008,0.29191706581379784,0.31290592114727256,0.1960046194183717,0.21726529914935994,0.2341345430202812,0.14979235607054595,0.15396125177661227,0.003402754440113013,0.023417455854273017
7.076458582160605,0.23986389909873784,0.24923683759243895,0.21520796699310238,0.22894145716481967,0.20435664210798127,0.19636432015113944,0.1978204534562381,0.1967686676911739,0.17113754570416423,0.1771242545147491,0.22395288577290962,0.20514254791178407,0.2943175541308623,0.30333634094970224,0.20000635796837235,0.20409520309068177,0.22417836164299962,0.15562151361521048,0.15615927705470298,0.0035693552168493048,0.023551818537175917
6.2816833369097385,0.24983414144783656,0.24275681011311326,0.22114922903434084,0.23450101276392243,0.2039876574317775,0.20384689867054012,0.19485673497155714,0.19994250804432315,0.17347119527490215,0.16427689138707324,0.2259666479242627,0.2133758845195962,0.3002296672281288,0.29718699567877566,0.20125446820857085,0.2044048526468084,0.22589603001373082,0.15937432598964119,0.1580921517669743,0.0035604701489525535,0.024833093128276224
5.717515476370814,0.2503703632061484,0.23906007409222443,0.22293606651467965,0.22531827155190615,0.19481130801340774,0.20440689344168958,0.20054124322357852,0.21484159763985236,0.1711559341836691,0.16215564488201317,0.2235840067747996,0.2195711603773595,0.29695099987164636,0.2864116975474694,0.19958572615047135,0.2044827931573338,0.242442107169999,0.15126493268019528,0.15681040875270097,0.003521688425004329,0.026646396289902004
9.643105719267053,0.24212288216508937,0.24888720686141974,0.2219235013640099,0.2226040582167261,0.19397655820480889,0.20821232887508812,0.19381565185665836,0.21200926776130063,0.17230499447257136,0.1585024481424877,0.2322810350192915,0.2249808184238501,0.28787834215784713,0.2811588026979687,0.18805474933499344,0.20723033340752153,0.2626341368613901,0.14780750517985752,0.15672431037079387,0.003498112210638115,0.026205686862195876
8.33697230412052,0.23285477566110616,0.26344559181452715,0.21799873679928672,0.22255088160652217,0.18873211355128017,0.20243989654990724,0.18575070757251294,0.21781388053139872,0.17261246672979283,0.16688529622988046,0.2224419441139375,0.21451453449525115,0.28070218920448253,0.2841063189822454,0.17500836850887616,0.20340525506618864,0.2492835941224004,0.1452720401333068,0.1544021078453164,0.003452037078937327,0.026785843059508187
7.464016766831001,0.23223353077599188,0.25136016239637726,0.22544448553324617,0.2289226334273752,0.19330051955864896,0.19580541315088704,0.18302959226257337,0.219298917636443,0.1587094376856933,0.17045390649647985,0.2305095191092035,0.2150688432334986,0.27677810224169813,0.2925938291328704,0.17700999258938707,0.20180805381512157,0.2531276913587823,0.1253647068259429,0.15348870785191174,0.0033561022271963734,0.028206175341757712
5.225375392875529,0.22834499290735566,0.25330651494882345,0.2161463278460442,0.2358300945403686,0.18339166740262067,0.19002249425385923,0.19790233017695508,0.21615433250726537,0.15025573847660215,0.16838194474518742,0.23051523423889167,0.21299364772515073,0.26868576755278556,0.279833676178292,0.17512467000841012,0.21038365740659237,0.23911452520399462,0.14015754672161632,0.1524461845639906,0.003278921645020725,0.028005726516163287
5.4034176807274985,0.22787227999817336,0.2539802685751245,0.21185896706758814,0.226566044264427,0.18622397922208137,0.1972970467166066,0.19649833585090662,0.20002006570837771,0.1434040118749045,0.16157214421335536,0.2184419395830626,0.20963473501434413,0.2844162384687105,0.28356438531850764,0.1874875284477499,0.2046515429687919,0.23181667156905927,0.14430685243439473,0.1515475385082609,0.0033181978600471695,0.02733139206747239
6.107068830373951,0.2291317094149099,0.2581452133986056,0.21222475202479552,0.21629581182865315,0.18431151277269853,0.19218344190795578,0.21167688051623676,0.19005557829442019,0.1456918857263379,0.16022597398407254,0.21480688122650074,0.2002964791881506,0.29491066006022937,0.2774031361827935,0.19134239477277248,0.1966883061082596,0.23487362686913266,0.15666939937826935,0.15098518048575443,0.0031316817946677694,0.027657615879774545
7.370250757516641,0.2257447561590902,0.25112859207996235,0.2104924694003726,0.22068766436112677,0.19071178336108877,0.18130193251429205,0.20403999234870487,0.19140647686740198,0.1379353890600032,0.14922763434467884,0.22112975566984003,0.20070943486313625,0.2797353666336418,0.28617993644918727,0.18961455382914744,0.18738505361914096,0.2334942247622174,0.15482919881405846,0.1482611280987768,0.0029865561169640747,0.02822386140840666
5.89933049471253,0.23506786901834112,0.23961143468561344,0.1988340710622375,0.22869657992439293,0.1976395913235353,0.17967758701138772,0.20246309490632525,0.19190970017812412,0.14014872618426338,0.15493275539736717,0.22515007547656965,0.20523941226151354,0.2690832337306361,0.2792225847105021,0.1910366462596885,0.17999270653419547,0.23469415176952324,0.1614069682629353,0.14696940582647738,0.00294690860769402,0.02832522075516891
10.233325425926948,0.23832067721723432,0.24395851221993659,0.20536697991305047,0.22609502880744467,0.18240023475330203,0.18199664431543439,0.20640923174868392,0.18863471693390735,0.14901196349280854,0.166019714381302,0.22815182237556167,0.20980175554852762,0.27066099592531584,0.2705312378250088,0.18804662819876225,0.1956584275327089,0.2501114854154984,0.16058969992765407,0.15062473099508014,0.0029755554652469442,0.027081548376579327
12.17959644820717,0.23968310312638924,0.23692301596530554,0.20128134850909465,0.23078084229047532,0.19337030476339212,0.1779340690524355,0.21753097179104314,0.19833959503340376,0.14730595151546388,0.16871644130820834,0.22622885533925963,0.2078165014960804,0.2661944839911907,0.27712390780682794,0.18580328789989115,0.19079934646015417,0.2519611913206947,0.14187147792174443,0.1490505785298122,0.003236905044504763,0.028342823954772986
11.983931197801535,0.24123577065906598,0.23429038178126138,0.19087461220427335,0.24618805809554947,0.1950909813764831,0.17398843730885766,0.20816077117991938,0.20283318442605064,0.14984705709127744,0.16123798936607295,0.21336665513772757,0.20412440118160652,0.2519533821728583,0.29249474905867373,0.1896284730870009,0.18582265225413824,0.2528639720505153,0.1434633132476443,0.15029630062623225,0.003293670184295934,0.027984053982969024
11.2104067449982,0.24892160990712495,0.22863891297844327,0.1884134721369658,0.23479215680521603,0.20857397189887153,0.1819621549275369,0.19219408341845692,0.20519620139246825,0.15452875563141075,0.1611468846330251,0.20623585237895856,0.20408168764327494,0.25254762951075865,0.2931192391895595,0.17842900373838128,0.18659677568728267,0.25481665084279215,0.14155745280972856,0.14844603506918402,0.0033127287117417754,0.02768307349791107
8.840037436550094,0.24748155607557226,0.24084503404881422,0.20045903969700055,0.21607985742980396,0.2078290444709227,0.17941321864270893,0.2137748909081942,0.2006031506549757,0.1431936034031988,0.15781710377366634,0.23387195293709448,0.19948266346961616,0.26648636066735176,0.2924128290442489,0.179359893251911,0.19709959096410573,0.26036265027653865,0.1529675569973518,0.15036834156693385,0.003267757664791812,0.027205320438563763
9.16191622332839,0.24959628504227863,0.2405854810320471,0.19372737803248355,0.22055366489785252,0.20919739669810977,0.1757864482726518,0.21814502756598642,0.1982761425268819,0.13867254402543813,0.17397155886019544,0.22379346474233502,0.19196919113051078,0.2725881040726457,0.30056555861727785,0.18000927916174864,0.1993605050489182,0.25807659208707734,0.14624056474589325,0.15124533936888584,0.0033792541979098365,0.028416822482594955
5.872167897849164,0.2452428272042776,0.23836164098128004,0.21611505010193277,0.22308422778122025,0.20368303778215743,0.17810117093950859,0.22149599761073605,0.19507080296810433,0.13972731620517925,0.18480413478950747,0.219798009460403,0.19709392834402553,0.2830635868612107,0.29282042100626415,0.18711621725994146,0.21446720435524036,0.2512192524245316,0.14447827557284684,0.15230084312701364,0.0032761728988101725,0.02955628053163593
5.527659391729818,0.2411574370712883,0.24626830190208898,0.21368585038777235,0.2217546480350431,0.20905212771794993,0.17434940995566797,0.21685562162490907,0.1892784709851421,0.14115452090080602,0.19673953852457166,0.21536931395335102,0.20087415516496537,0.28336485757301394,0.2870056272811411,0.20027422753275745,0.19877728454746346,0.23989307303987772,0.13415258564046006,0.15316779158633262,0.0032505783683897988,0.03032116960485292
6.389139815307176,0.23692132089336626,0.25343268615220643,0.2104622110880399,0.20723541686363903,0.20123312629019344,0.1679043444601454,0.2164793239889197,0.18545730617296907,0.1353568263732657,0.19393102391003744,0.20900783554474778,0.2074262073111833,0.2700597193604913,0.2822664996211978,0.19840123345321398,0.19827432404975223,0.24055570311368793,0.12675520179527724,0.15036741618479407,0.003492772673518146,0.030784027229953395
6.436505813866033,0.22271864342784858,0.2514998312072671,0.2107681276387305,0.21974368789237797,0.2032736688429501,0.16355746740876523,0.21728887134227381,0.19234476218088575,0.12732443394624315,0.18757388990283158,0.2163982513697209,0.20495852565060854,0.2685758887952677,0.28075608122627765,0.1871380238352642,0.2042659411556898,0.2253820707220905,0.12225510610074843,0.1479106956528479,0.0035037179419992364,0.03134496815915421
7.2309269439801565,0.23680915619033127,0.24774749910745808,0.20649257497034812,0.21432717397917506,0.2015485839615771,0.17357911970298903,0.20640864749325238,0.19204289325175622,0.12274808114653567,0.1996943965458136,0.1937929228593567,0.19755318054154072,0.24914500434134912,0.2783730055092739,0.19583371462507745,0.19715889331583256,0.22266502454975984,0.11972451010585237,0.14852106494510076,0.0034299018649561856,0.03256702781131408
9.277269364326894,0.22540240564374583,0.24134484461889716,0.20471949683841362,0.20518778331316084,0.2003799618432842,0.18684350846260703,0.19264406317990396,0.1869706848266901,0.12830496564959312,0.19984087506345607,0.17709105497182004,0.20307335770501875,0.2505106790187026,0.2773549492251541,0.20624036454073466,0.18746283997396143,0.22635772806738402,0.11971566313075017,0.14544241847280417,0.0035071830967540038,0.03206814544393141
9.0853073846606,0.2287981304611597,0.24146423656659874,0.19780053978137901,0.2039831435727899,0.2091404009983302,0.19708391542320022,0.19657340481675603,0.1898257032509339,0.1271187940759372,0.19372872238691075,0.18419328297335383,0.21156775216967252,0.24784217057970925,0.26557610691663414,0.21007822124212966,0.17650074021340745,0.2361790558595858,0.12741919886377567,0.1459231910650259,0.0035596219735484877,0.03053502059507382
9.45926044461485,0.22532935064550513,0.23557383639213675,0.19378653067982382,0.21127754352474076,0.19512024172203732,0.2017841144295281,0.18904910918618012,0.18159060576587024,0.12463949704420411,0.18471460614454407,0.19292642755585504,0.20892826363985315,0.2594230307730639,0.24851918100532233,0.2007851872593986,0.18459734201235425,0.24591917281195805,0.1243977392457262,0.14421012540839864,0.00334325126993623,0.03053197355773993
10.013945001188766,0.23200000759997344,0.2288795104655724,0.18654413990470853,0.2027648339007602,0.20075024818962478,0.20329514647428668,0.19089248784110552,0.1834492684866139,0.1181220678610745,0.17726494194842132,0.1944379368207218,0.20172451144425096,0.2778094128613128,0.23756448635815114,0.20046444238857244,0.18792028349856582,0.24350201283342324,0.1285733144198266,0.1431049260212255,0.0031715155169251977,0.030740612424067185
9.23512783660624,0.23564570630479165,0.22472382066589436,0.20856963623389954,0.19944706348118071,0.1919509298392317,0.19867437320718487,0.18852609392988398,0.17864144073408866,0.11327820561468319,0.1834337735324977,0.18539784811426901,0.20121466128092072,0.28286468273932114,0.24968133625294311,0.212039969880824,0.1741932981209611,0.24153273274336395,0.13256100757984818,0.14448642814593143,0.0032087701834279904,0.030047385908371506
8.91863323767519,0.23141735237678737,0.23700642028735663,0.1985083479885298,0.2086111290618857,0.19086111736072167,0.19863168182031213,0.1978434316331468,0.181221359797164,0.11468628715184033,0.1844414924389999,0.18053167890548535,0.1931990923529666,0.28336400173229254,0.25417782564066177,0.20829468092211983,0.1779702017531825,0.2568094306332926,0.1406944830787956,0.1449923022462848,0.003195105164610941,0.030605852659244103
11.181195346341157,0.23757306926847818,0.2454244572553201,0.19055077990907784,0.20681175167492644,0.1905186497801986,0.20866193846805295,0.20310960526437577,0.16667145553990176,0.11695120765783848,0.19221392805944876,0.1776446440297862,0.1835845353384757,0.2710463128329909,0.25712668683914575,0.20380368835070856,0.1772127995884253,0.25634375675433096,0.12671457915996692,0.1452006331257819,0.0032583448108761495,0.030103065060926314
8.763274122708227,0.2325273156738165,0.24483553611200667,0.19530765600910113,0.22074129713006566,0.18767306591328653,0.2129612840043381,0.19984137550145495,0.1773690899164308,0.12219203830350732,0.19117688139565772,0.1753595626446136,0.2049516714234591,0.2562914572826963,0.26969238019264596,0.22047864545610363,0.18155606473782002,0.2592317899976559,0.13540392077921187,0.1469661145601236,0.00321358671572812,0.029900485434312032
10.81728651072432,0.2356523200800814,0.2343963566166661,0.20667281817422123,0.2206654742036531,0.19112269229475512,0.2024741347701741,0.21078958244349127,0.1794380060732891,0.12102441031891228,0.19194031162624897,0.1778114065623721,0.21661152309974577,0.25743659972258975,0.2664888219466141,0.22098571290433183,0.18487116671783,0.25980585700617087,0.13105356604661306,0.15054369867735123,0.003158644249648122,0.03154196391131701
12.41307537741497,0.22968657024251551,0.23196671399348195,0.2159928383315898,0.22728481323609656,0.1919228664228272,0.2124940578518591,0.19512002996634875,0.17031370116937022,0.12332870899362794,0.1923194966076279,0.18192143841751482,0.21617150380532923,0.2519758144406655,0.2797813494581293,0.22023669312402197,0.18205520632030417,0.25460740455547143,0.1274244796285031,0.14997857721898222,0.0030740770373360944,0.03153510902519019
11.442533853565102,0.2405958808298422,0.22655641460495282,0.21220767442162314,0.22190379669205898,0.17840810987379532,0.21730485232428146,0.2020234395921244,0.17500303630807798,0.12399093030949762,0.20062548437956676,0.17207316497483088,0.216987020526274,0.26150161053002957,0.2717511840039834,0.22368570687492617,0.18592883511832053,0.25391555171305713,0.13140965419059075,0.1485268094569627,0.0029764321981501024,0.0327654907045277
10.50090160369383,0.24460383805496633,0.23408498934601535,0.2086780333455929,0.22238438472796107,0.17612475316508402,0.22225654530248082,0.2003585094794712,0.18352522403928465,0.1274648618359512,0.2067127848363821,0.179064575654104,0.22083074073292272,0.25128125099808385,0.2761247917640561,0.2251481456815124,0.18785859980849337,0.2617491225062292,0.12226864149773661,0.14907381203866366,0.0032851539953111845,0.03224109598173364
11.50690832663785,0.2396190924199611,0.2349660800529633,0.21390543330891468,0.22978106643387503,0.17895283197171688,0.21728851810818434,0.19160517325378845,0.18485250805651068,0.1302167668791161,0.20909224878765614,0.18888136260118008,0.20614080825079523,0.2419523216646876,0.28384687384337415,0.21104676927750257,0.18826485146618097,0.24983164556797255,0.1085254317550478,0.1502085707661989,0.0031826947901580386,0.033481740391952966
9.412404866820497,0.22849475826108284,0.2339274135495681,0.21268170440159695,0.23575502900852863,0.17993530610281647,0.22067141858953437,0.1927936308777334,0.18033045346257087,0.13144217131009098,0.20830971864923306,0.18272263892899837,0.21652089206504282,0.25282126800414284,0.283847481775479,0.21178051530041997,0.19641847376037536,0.2235566433671335,0.10263353370606688,0.14829303383198458,0.003273127503943682,0.03235240976263922
9.844659891479528,0.23794665292340733,0.2400309645905036,0.21187795528075842,0.24565966156841654,0.17889050351859903,0.2165896539667632,0.20710868947042715,0.17374294084291134,0.1321442012280379,0.21056302071529637,0.19372162830237202,0.21842735186964143,0.2587411396180609,0.2789287086335656,0.23211496989307787,0.19722713612494247,0.23498113130280873,0.10651922823655119,0.15214429159258944,0.0033523309042287597,0.03170032260311273
11.544244319869568,0.24022497002234108,0.2451911704979764,0.2015674611960754,0.2365270888816143,0.181706353770867,0.2140019713083573,0.2005404085686449,0.17303946230715408,0.11464566023619036,0.22144002270993104,0.20244590164756862,0.2190282539338467,0.26505010910132526,0.27959883790927126,0.24220331158238567,0.19431667198355299,0.23097808448367146,0.11019231871966266,0.15234650187994778,0.0032690439765526865,0.031354625071761295
11.803320816808213,0.23744006640300236,0.25924788842953594,0.18476705410469518,0.24614594542358947,0.18264140511883872,0.2137440909391265,0.19980104119519793,0.17154571960463566,0.11439895342208072,0.22314856354590035,0.19209451638950428,0.21892981442124396,0.2507863719962075,0.2814634395855725,0.23149238267060718,0.20480154588119667,0.23615079407516745,0.11395265827547102,0.15099926401985858,0.003545166752247048,0.03167875602534608
10.730187004391988,0.23538922366531292,0.2598306244879522,0.18432074749447233,0.24570752466757267,0.18708612139202385,0.20350682664679273,0.20570182532904274,0.17369688587965082,0.12242837393142413,0.22723849577744484,0.19485299553030283,0.2140248644523022,0.2614548942819288,0.27842175877734177,0.22434230783627945,0.20431455088537706,0.2341650904157226,0.10779776005841929,0.15070564502783282,0.0036432427415202286,0.03126723079358147
12.687267318128931,0.23666966372041165,0.2678177162060123,0.17594841218095228,0.2336072083652651,0.16848965405584243,0.19939409561719004,0.20535514207177308,0.17126494780505302,0.11413430137949153,0.23361684989610754,0.2135246365458831,0.21331640723040116,0.2611451218461626,0.27755658139359435,0.21420459370652423,0.2077945334417301,0.23929531744191823,0.11574406376107767,0.1501664561382102,0.003758720725111967,0.031031262483167288
