43.75561766581014,0.2232882794303333,0.27652118715587004,0.25685618384431336,0.23906783403038157,0.22924255404083108,0.1936352073861162,0.1909433800586594,0.23689916684883083,0.18639834550337153,0.18782925379189586,0.22695689859913376,0.23981992697788032,0.2969122974201404,0.2819871468369464,0.24886500274603587,0.2306156016589649,0.2641962238759118,0.18836466033035454,0.16411900967990115,0.00408231735941216,0.02077813977946587
29.063302422542414,0.2810570762704725,0.2565608293258516,0.230939918544729,0.23152097883343142,0.22709260052505653,0.19472252827604347,0.22514020883050587,0.21094080191577572,0.18965149859459737,0.18910914624541122,0.2509972964322402,0.24437469582755292,0.27377318099767933,0.3052060402849746,0.22818542428927727,0.2336445497150761,0.23760574404437232,0.2247946166648235,0.16626766049921307,0.003449757201975179,0.025294147952362026
19.204219019164018,0.2670213779734301,0.2536453899735861,0.24721775022455525,0.23623175699708068,0.21824247790132273,0.19341314208975696,0.2226607194504751,0.2065828451892018,0.19181179052553404,0.18953438664666233,0.2668078272470531,0.25936693624987645,0.26465272685627755,0.3229874459567264,0.23517531038408385,0.22661420837869925,0.23454799414120361,0.22071749562265344,0.16672115867973228,0.0036035252620176044,0.025878675840129487
15.65471490452296,0.27989103242366975,0.23719170769712195,0.24267495822143278,0.23554944415442336,0.21951577290259225,0.1951028664610025,0.22218827838081126,0.20392379800397692,0.18729634639518858,0.18234979434303444,0.2555840440403807,0.26687710579712937,0.26266827493531825,0.30116173914297534,0.22980461836818739,0.24104434070847883,0.23442070417836283,0.2190157466611988,0.16474450573301716,0.0034203272143334467,0.02427758311058483
10.881995679864561,0.2712165795412167,0.23889871309578797,0.24014605329085792,0.24984933699081086,0.2242776442381668,0.19525883627395701,0.21541740673829265,0.20285923407651563,0.17962499287696584,0.16976446641054316,0.24928525874184704,0.2688830875276063,0.26704813071868894,0.30578632267834016,0.23086963119993612,0.24453102673198232,0.24812441999278476,0.22302266785086294,0.16749944269441663,0.0036655288433490012,0.025089662405107627
9.765986848235062,0.27241713153967206,0.2381859518256425,0.23880594249693157,0.23552819014726492,0.22597057669248372,0.19287394745301845,0.21514932941768888,0.2086205910945022,0.17383162392446067,0.173502005704054,0.2472061677629353,0.2746596442402638,0.2637067332842356,0.31097680562965246,0.22072993685374837,0.2450389406887538,0.24562188923011702,0.21042423179445144,0.1663125845696226,0.003737132580328004,0.024506486822417566
7.9204830087098985,0.2598772535693303,0.2433725112971196,0.24113493902946112,0.23656127529121115,0.2320052024144267,0.19151480679484592,0.21571787048308644,0.20964907886109058,0.1841518441502728,0.17502371699835992,0.2464105625663592,0.26701399016361904,0.25129488078357876,0.322543587911719,0.21011485847518366,0.25631563921130496,0.24700371296715715,0.2162590264319111,0.1669537893385409,0.003712214839485164,0.026422331570908168
8.094531888194812,0.2550070899409376,0.24907011746208355,0.23808619886835677,0.24478010938410827,0.22898202457956615,0.1966642108432377,0.21569368247850276,0.2084643112993068,0.18263690743177624,0.17036862621729149,0.25665755315003713,0.26837948564970976,0.24127936334446887,0.32885831904903734,0.20222310092025722,0.25649955449968315,0.25139143945622644,0.2098952464984845,0.16577931286391806,0.0035704391152874436,0.02726997219201944
11.299013860190094,0.25941035461302137,0.2415653506414793,0.24016086257207026,0.24747552309221765,0.23464006161697767,0.2043682820949931,0.22777457612945176,0.2020927442317628,0.18761595878965256,0.1727164908110124,0.27522075792861356,0.26236878897576227,0.2466889031870722,0.3386673441714962,0.19900514046269546,0.25575538322324814,0.240168848272634,0.21795237039782497,0.17012014042331938,0.0034905374270425287,0.02771817554526795
9.80523697705214,0.26158299972442195,0.2453883690644031,0.24248357157676378,0.23982432315214725,0.23379599352149047,0.21007539448009813,0.22935012581381833,0.18976529707160567,0.18498193044488895,0.17273485871630545,0.27240509392172785,0.25631515044109354,0.2662690576616333,0.32658927949733135,0.19674474718360527,0.2648639240432139,0.25174374546996814,0.2115168020016432,0.16691719345902437,0.00344022362076269,0.02883342566752529
10.305158695569888,0.2622457457347871,0.24443479283308958,0.23207973458103576,0.23301294952133297,0.23364210154214826,0.19312921717585307,0.23984253263229782,0.19105857194521458,0.18855481998393755,0.1764098790556869,0.2705406256955076,0.259261802828714,0.2556257231696825,0.3344537670765285,0.2100678272874578,0.2648535403880771,0.24038841365427357,0.2072138346164508,0.1670655620915206,0.0036026008874051126,0.030355902518570226
10.843528689283215,0.250356578495555,0.2573467278445006,0.2251454018356562,0.23313738472361042,0.22549447792125873,0.20039982924874833,0.24730242144255354,0.19783424582539685,0.1811898722063269,0.17780620087109758,0.2563684007969289,0.2559547961115314,0.24611287086290767,0.3225388369255696,0.20877175105732598,0.2575650832620982,0.26526571111874847,0.1994649129213973,0.16469295476511994,0.0034854755905146233,0.03000871868542165
8.41564012718749,0.26230822838113316,0.25382935741668555,0.22970106534505916,0.23505748752248268,0.23084501660809398,0.19635730327984605,0.24072968578027387,0.19194458854483448,0.17436937101432473,0.1743220948420034,0.26171864177978127,0.2516293893649733,0.2511624933191921,0.3398008270425104,0.2162731967831274,0.25071192679066057,0.2684486843066505,0.20332551311436003,0.16564193874966934,0.0035024527951622586,0.02858694899748877
8.458747403803251,0.27244570487503145,0.24373146728216258,0.2414880753834772,0.23393628139134517,0.22980115062144435,0.1967463151988604,0.24041399154233878,0.195837888693507,0.18392679873275253,0.17227498787038276,0.24826371123642474,0.26347319662813673,0.2527987566480992,0.3313529588562143,0.21470803896001217,0.24967919891289347,0.2672428713378404,0.1993762333192746,0.16963710519677164,0.003465065072673885,0.028854761830543224
7.979377734732113,0.27494928801639545,0.2355193527568502,0.24298591863828536,0.22932243919723724,0.23306393515250454,0.19210045705758755,0.2511161372478394,0.1922159593680342,0.18565837067565824,0.1789440127730132,0.2416153719226703,0.27342738341954165,0.2468265676605122,0.33681832735952993,0.20317951761692285,0.2383366395098864,0.2721574134443063,0.20031419437053374,0.16889368133801877,0.003560534414330103,0.028797147041175343
7.686602443127449,0.2692444082751207,0.23828156566372524,0.23809293951111113,0.22862320216167192,0.2384552979511845,0.18885826809508624,0.24723737738110413,0.19356977263638286,0.18995173827947448,0.18661204984795488,0.22997572062507204,0.2738437232360825,0.24411763147592386,0.3403886374862555,0.21126146320293004,0.2367271054497283,0.2854058299807314,0.19717610601990543,0.16889196157568012,0.0033532907014211496,0.028925965690968235
9.966691475461856,0.25633068828490535,0.23894244276885712,0.2448625650324995,0.2341197920921217,0.2427997049005722,0.1944727266168458,0.25840367504809697,0.20003163290176149,0.19025270492546686,0.1866515999973274,0.23151228983547575,0.2565312421682884,0.2614143060013405,0.3400616701810867,0.20535805181291222,0.23829003634961315,0.2829269583708633,0.18571503498154907,0.16839816217689949,0.003469716495352795,0.029538792937479297
10.03999755430211,0.25058777725600806,0.23352629141090986,0.2682990475257572,0.22647799158904502,0.24119708457993252,0.19422101713970696,0.24150174480210948,0.2018110787264682,0.19694847792770218,0.18362036809515872,0.2293619993186113,0.260269814228848,0.26878032093307086,0.35061916480542205,0.2069196179745465,0.24049684491876927,0.279042357714344,0.18253589090243907,0.17133697392014616,0.0036105500530532533,0.02909615783531492
8.534198910362747,0.24781068988360466,0.2458646480930317,0.2671494893516216,0.2174913668787683,0.2536444469792168,0.18525511184475063,0.23649307379225437,0.19759104365558172,0.18780661273559932,0.1855702387624675,0.21996261592818775,0.2608436702561515,0.26800745994078023,0.3307396708023467,0.20236770420703054,0.23667920593277128,0.281280269538224,0.17827525399258587,0.1681024955047159,0.003563723090698623,0.029061319838787604
11.049837236476316,0.2472493949796089,0.2377450425368359,0.27151035876186735,0.21870589178137717,0.25544000703603803,0.18440892591436248,0.23639068910501906,0.19986444680724752,0.18652637160888055,0.18486159424951648,0.22283151456902417,0.2644287399617067,0.26560216245366125,0.3301041158645371,0.20499855989245508,0.22705047796401912,0.2849422530565731,0.16788220013003838,0.1676278213349403,0.003473871468994586,0.02928806442382294
10.89404409487373,0.2501589355180161,0.2393347649472852,0.2579365353243481,0.223015206501915,0.2601752233660414,0.1852829592188581,0.2152911968811358,0.1933324121243962,0.18719231834900354,0.18514080970946617,0.2247512632249374,0.25754899352755856,0.26261708075323686,0.32675569438069485,0.19908844145870438,0.24472107330733883,0.2810626429261268,0.1521163285045627,0.16456078748301742,0.0033991759870842866,0.029509769389090678
7.711759155152962,0.259373809983312,0.2347000166195608,0.2563822427557175,0.22959625394374766,0.24536250835563417,0.1914368979907982,0.20738469869908166,0.20609509518096814,0.18840521632706075,0.18044066512625995,0.21530864540321337,0.2618088630346917,0.25948782076458604,0.3188629890180362,0.20573180296527452,0.22956714101251047,0.2685084321301395,0.1690156034236895,0.1648364412558183,0.003514253098742697,0.030679886927729435
9.63783072182108,0.2729482100682433,0.21895274308243876,0.24661248416428594,0.23304465535062413,0.24358220361907507,0.2031623554832283,0.21856748588350422,0.2072764526001855,0.1917384500613482,0.186451368452514,0.22468802716791028,0.25446453084517007,0.2664884066858614,0.3308792971503109,0.218357029051951,0.24631479435328058,0.25534412125975553,0.16926160379735153,0.16751002173731128,0.0033336038442022555,0.03271091835789883
11.639551950601902,0.25968723469859534,0.23170162323455507,0.25863308363801957,0.23517494072234832,0.24589270399302487,0.19587043037340457,0.21802975847116463,0.2065231024141462,0.1952272047879054,0.18618322721251673,0.23028740782374055,0.2605361342037043,0.2550293292125688,0.32483066892715157,0.21435404796893615,0.2493806574669671,0.24928523930248525,0.1716251185315973,0.16574718153974222,0.003538159085562595,0.035159018377743566
10.927164486382967,0.2571221667729915,0.23450022934467235,0.24463521713408323,0.23654529260383,0.2402050681118799,0.2010124976209268,0.2167487644613967,0.20747308083473978,0.1911958514974807,0.1954897231911907,0.2389279235455105,0.2504831678165869,0.24628269886079518,0.34204668180001346,0.21158752808556613,0.24958377756624017,0.2587235207023479,0.17061338413606092,0.16632324741242552,0.0037625888149002483,0.03573652395146351
10.876001986535112,0.26154816879046544,0.22492907494271622,0.2376931053538716,0.2429506391867668,0.2362039268498092,0.184525364017411,0.22116776493156218,0.21072070021998818,0.1756943368498844,0.19111633911410988,0.23438171214705525,0.24907942173006872,0.24542849816637696,0.3316361476256583,0.22055754521702692,0.23921562379236228,0.2763576055298587,0.17399854751843605,0.16362339068270773,0.0037072086806004666,0.036284778157558026
10.331626241485658,0.26705466941642336,0.21874824889854022,0.24972767876536028,0.22649320898553657,0.24851394575077917,0.18318953974895294,0.2089418817321579,0.20919247819752196,0.17804445127600674,0.2027633911412879,0.22473502187782404,0.25867141730726917,0.2460485145181825,0.3426213673995467,0.2092980536158759,0.2393178552460013,0.27473669785388727,0.17412899891151132,0.16625638497793926,0.0037068735116220306,0.03623415167305758
12.961546216787259,0.25779946976782125,0.23409739417691927,0.25397590422119376,0.23957873539355345,0.24017817373672717,0.1808326317223125,0.2099268167731052,0.22095947033754282,0.1764986003130652,0.1994630544982313,0.2212960513063065,0.25840436672536515,0.258921889784143,0.34640227812806057,0.22237359611829335,0.23861400530079752,0.2758328019454497,0.16540913435615692,0.1646874751312588,0.003848505189940334,0.03723958143781756
12.650542790740536,0.2580267430937064,0.2232904785204073,0.24664106916339157,0.24842439812931913,0.2387624708983224,0.17966592343585489,0.21238665825201605,0.2090614030828181,0.1800894978948519,0.19559844506480095,0.21535089112587869,0.25592620592228726,0.24785008092426097,0.3459048187616587,0.21781560996308894,0.23106662789303378,0.28264148606409356,0.16150120303954593,0.16445133351375424,0.0036339427654831905,0.03619021750352128
11.226957255643036,0.26101856474292784,0.22388119262902303,0.23368594907238163,0.24822930296226456,0.2346805377644884,0.1974611251107129,0.21393636271046412,0.2117015428792324,0.16440551811264772,0.19107433051103834,0.22889872401690042,0.260915554948382,0.2385670948544984,0.3523486972894413,0.21064051040134302,0.2146358004622466,0.28942811412123143,0.15147056847980142,0.16570101514125515,0.0036180410909591064,0.035839277615474924
13.161650337919141,0.262501615024094,0.24344482496177905,0.2251222653902516,0.23936883349386404,0.22476193668051905,0.18845132866842293,0.20745375628196447,0.2128488453724605,0.16613133343381103,0.17693606115692168,0.21823209160215024,0.26656533434822277,0.2524523100841508,0.34755603339404206,0.1982120020470899,0.21039492035031815,0.28353037626405786,0.1546094731143988,0.16008392941860897,0.0036422295756951785,0.0353488105111933
10.758342170574831,0.25023211492401126,0.2480100473148599,0.2256486564841383,0.23869083004129787,0.23070817460827375,0.18612881772323164,0.21225434930593445,0.20975058236596575,0.17706642486749075,0.18284390379220994,0.2142811459653372,0.24724822545725184,0.2539294958021898,0.3374290845149208,0.19237093514635423,0.2232538039228965,0.2928335660831016,0.15512551057884533,0.16069417284961282,0.0034130170804144715,0.03579262949846967
9.770417518715767,0.25680800920703534,0.2621987857539549,0.23083437457691355,0.2220583102564311,0.23163331210885235,0.19628736242027214,0.2115946616550756,0.21237575591162033,0.17940262069973884,0.18139341831497785,0.2192629890474809,0.25347594560872894,0.26186595207557584,0.3361154668103458,0.20429199919503455,0.21676451069042527,0.2813115466434337,0.15491853110358728,0.16327691837682043,0.003301282495633198,0.03485153569633805
10.269619457030512,0.2497685537865618,0.2654655136100767,0.2201095950828633,0.2349900652163458,0.2309038193731203,0.1890182440423932,0.22115554756338218,0.20232685865060396,0.1807709293633317,0.19179976377609517,0.2100436507366867,0.2554823252302848,0.2633296273991298,0.3160864203942398,0.21935969408663986,0.21610282694629962,0.26897349659650893,0.1428357945897941,0.1621854839061484,0.003289121244566905,0.03532686095053331
11.769517240150313,0.24634042326343686,0.2681355164561479,0.21293371470778355,0.2289752250782854,0.2350734296881594,0.1948932813315006,0.21745107523818175,0.21126592581426093,0.17901560065624664,0.18641319498454584,0.2128778492069709,0.2516665557927172,0.2556744663806824,0.3270414205267167,0.220176363758178,0.22050831552312025,0.27512241868124393,0.13343714671821183,0.16393790384091128,0.0031885776934459944,0.03437498374564156
10.297277841179842,0.2542880060782585,0.2746469072322837,0.22178110314397337,0.23168566141239066,0.2300316766357791,0.201940907631525,0.22417365168574752,0.2028724786944761,0.1730931764814035,0.19824351426148928,0.2080891688824414,0.24922853392371258,0.2631631393196576,0.3311622098250512,0.22624749865718302,0.21535935621371544,0.2795231803003738,0.13329839829593804,0.16613137229613315,0.0030905896827994254,0.034406553933146115
11.08658982328612,0.23853074209244435,0.2771799923928474,0.22038094940744354,0.24043151994134443,0.23409078989807122,0.20702696155959555,0.22989444545681154,0.20409723534306012,0.17127364809378334,0.20331064001023694,0.2167332394382283,0.24357199175019512,0.2743005288709068,0.33943890406345434,0.22921263906020023,0.2136879345680904,0.28657007153455816,0.1253865500673515,0.16567051644650777,0.003406773651797619,0.033606308998447514
7.146332779561549,0.23706883875733717,0.28315805303755365,0.22437748765420396,0.23765753524440358,0.2401608550749547,0.21200350305913804,0.2329412828294756,0.19565252249670645,0.16725190590917655,0.20399872066173982,0.21887751846000855,0.25069562145299323,0.260287643313123,0.34129529182715296,0.2352741039411363,0.21881278955814187,0.2832576015664578,0.14805157154635415,0.16644622020572092,0.0033412513046136446,0.03150021603228044
5.807460835834972,0.24639962333585766,0.27986233820314604,0.22520607040587876,0.22914262808981925,0.23244527749233698,0.20097877209204454,0.23292971268366985,0.1980177511856117,0.1748780381445122,0.20116677476955888,0.22157886903929835,0.24363372461149607,0.272721880795219,0.3383041299211561,0.24158278833056598,0.2197657676523501,0.2775248509326854,0.14590185290070426,0.16648979982409268,0.003398885837820843,0.03008891714297126
5.793632132254809,0.24777047378991418,0.28786650125366503,0.22266813828103568,0.23168945936303595,0.23922276734540526,0.19511688418592957,0.2383852382444683,0.19785255573130686,0.16797107399149067,0.2075762593553826,0.21801824903143074,0.25371320855346796,0.2725622096261013,0.336362299266482,0.23609697762591428,0.2188677125562827,0.2636253909886178,0.12281287378282614,0.16855375904874073,0.0032556920909305623,0.029727384904904754
6.6794384101771085,0.2435648791362412,0.290950171423957,0.22803558051619646,0.22276526403017963,0.24473239041614617,0.18965613488185007,0.2357973559514148,0.20477905428196494,0.16697033898027014,0.20323946855308384,0.2263491342578918,0.2513460021977414,0.27581695584364985,0.3437388113471961,0.2370940677481913,0.22262407259778352,0.2565610484773303,0.11795070249112856,0.16871896503132305,0.0031518662530445195,0.02864453383207225
10.857945463939123,0.2410121016298637,0.28420255335654465,0.23242967433015072,0.2306970983443252,0.24424980675189412,0.19368579214586523,0.2336444170563146,0.2018716869429591,0.16746494636533713,0.19575237331624185,0.2333233340077361,0.2450730740064625,0.2734507869374727,0.361061611886608,0.23864640590374153,0.21899414991372854,0.25554269825965903,0.1065033898150059,0.169145355589455,0.0032334998629339985,0.028420212017053206
13.638627649240556,0.23807565296630526,0.2904056741830143,0.2381930634069299,0.2238742696750648,0.24650747277895946,0.19799934675479883,0.22177392298999912,0.20472778564887642,0.15446644476386256,0.18238986279698494,0.24718920387014545,0.2463543778385354,0.26795322209735223,0.36396657375243024,0.23521412908043532,0.22583299321179418,0.2726101182692719,0.11274935706234367,0.16790490204685596,0.0031080901636817686,0.02864419118869392
10.468351034572112,0.2333342170473077,0.2784996264407563,0.236722182388091,0.23335621451721453,0.24783321393432733,0.18681985693503914,0.22065277478887946,0.19786187711963218,0.14988138695748518,0.1874098239525139,0.2521381391533402,0.2518611356066308,0.27083232834133125,0.33896428247573296,0.22567971533371006,0.23205779344652447,0.2650190169202026,0.11637839487228128,0.16665883713266907,0.0030597124244783986,0.028679707026630013
11.63230983449296,0.23527608684767037,0.263925540480151,0.23811151158767424,0.22344206340021253,0.24220746122414855,0.19153475865714342,0.21871251924003926,0.2034070946743777,0.15275443407685907,0.18339937318515506,0.2398867497236984,0.24605797330791537,0.26010387468149737,0.3258111877494062,0.22327394537988943,0.2325820262515823,0.25890205323889137,0.11264572050320384,0.1634508209993488,0.0033754775622397994,0.02710072813047734
11.9256535494085,0.23885409602360724,0.26518150798586765,0.24000031478467243,0.2154457024253959,0.24008544918210495,0.19110052057755791,0.23075768180034817,0.20332332124811942,0.13001669941507876,0.19077149279052438,0.24093035401800136,0.24511810732515582,0.25348944854987493,0.3293750714036954,0.21665314810637235,0.2441623308101637,0.253029855372408,0.10999338337188569,0.16242736765048368,0.003366645019607626,0.026331400282774267
11.91890784015773,0.24767916843671767,0.2602318841611578,0.24437471910031258,0.2199062532473829,0.235796971757844,0.18366122382797725,0.2221474820864745,0.20832608140795883,0.1332313503653499,0.20227291754030313,0.24469729010186678,0.24534230041435423,0.227938953613677,0.3307371302549999,0.22485333264707907,0.2429983400069049,0.2423033759382207,0.11522981091400995,0.16461071702675545,0.003378038333343511,0.027684895540074896
8.95335640329332,0.2420118911081619,0.2509766463307485,0.25129514042594353,0.21619370194311127,0.2453563217509272,0.18532939421393912,0.2133108732767697,0.2193428963030139,0.1373642806710448,0.19431922252144385,0.23351988285218242,0.24512564200347525,0.23817195579005107,0.3162222652748291,0.23591679634308543,0.24858859372372338,0.24400686487979883,0.116747154944052,0.16291999559246448,0.00328054229866703,0.028448977378474072
9.268333082352001,0.2450320110396473,0.2441821299479112,0.24910323295950992,0.2148491412272738,0.24094281492331893,0.1778677734304794,0.21351776358483096,0.22617331525804954,0.13943446798069667,0.20120288204504844,0.22451489411608896,0.24985792261381926,0.24622942694580768,0.3179173102636713,0.22374895801110758,0.2376362598779802,0.24554626916181513,0.11230333769270892,0.1629136035134131,0.0033290541622865905,0.029478579308570733
8.149096082939307,0.2526165406172039,0.23637351829593956,0.24931878731718163,0.21900602423375748,0.2467378268345937,0.1782305741174905,0.22823886287461176,0.23312932912262016,0.1336957882291834,0.20192209952296458,0.21998445311028297,0.24523597633849178,0.27735607045930055,0.3237531269577119,0.21739657930060677,0.23826509710332378,0.24832013228598931,0.10441884752577044,0.16560610926535474,0.003327517465173248,0.02899134704455777
12.130521954154162,0.2586474171433989,0.24093940603337882,0.247246481905925,0.22527493133795334,0.248227689420482,0.18535421728269713,0.22250268627110412,0.22831189580775288,0.1253345018099877,0.1970059849666466,0.2212862434387204,0.2545645945958169,0.2887847278830167,0.31713271573640156,0.2152154841279387,0.23951985348113644,0.24621141540030894,0.09529309698549204,0.16552759762285424,0.0033449390811157494,0.027329874699885764
10.742139901963888,0.2491059309671843,0.24197830337693285,0.25416197266719043,0.232510602752132,0.23285726886235325,0.18453326267910433,0.22322475262628852,0.2239485596362384,0.12115456823268778,0.19372005937871392,0.21823179376913315,0.25483051724621497,0.2807982112467951,0.31637253585282044,0.19828039769505795,0.242604766198595,0.24299037618612576,0.09809602943482768,0.16424694371789153,0.0032571104707365644,0.027650807916706835
12.498023144183936,0.2639997252749224,0.2356525152653596,0.24358230498057767,0.23309443786777317,0.2374385617321117,0.17090895034469983,0.22950867702900996,0.22190107359342684,0.11667924485733103,0.1986594613061009,0.2224792653576985,0.2540206590364359,0.2654773827167631,0.32346701674210476,0.19485055237693605,0.24487521739890974,0.23027873275020871,0.10657790556185592,0.16307191195518145,0.003405909278725886,0.02714438136547759
11.277282025441098,0.265212752661224,0.2225820610873309,0.2428507489430275,0.23788628600826478,0.23450632881187625,0.18059045214291164,0.2518299893289066,0.20921902685139343,0.12370577782657127,0.1974611353008174,0.21291749303600932,0.2690226393616791,0.2757786292795028,0.3161708636566096,0.19419116218399396,0.24814156547023358,0.25234201928233946,0.1080008287968828,0.16572397519397244,0.0034720909271308996,0.027367855571720175
12.223278856577505,0.2668655191492235,0.2147480062834332,0.24321252923191838,0.23918628472695122,0.2379064955167386,0.17448090601734687,0.239574874031133,0.2129814675854665,0.1160243061974098,0.196804619179511,0.23251063030565272,0.25839812971241105,0.29388196885781226,0.30094773987571855,0.19556844899871026,0.25555397640313887,0.24237839414240556,0.129733629119451,0.16339705899745344,0.003381346353104414,0.02733534233443844
13.558956080540513,0.26034392284661095,0.20979958276674254,0.25120280999145844,0.23540992707807598,0.2448188854656808,0.1880737842857729,0.2292515904246627,0.20575930281487065,0.11533189186919343,0.20050389131949645,0.23953121879140088,0.2554915327183042,0.2871256719637144,0.30192730192850536,0.19706142071123764,0.25171985798573393,0.24565334661041743,0.1307544184282276,0.1622735583052465,0.0034370314504076926,0.026104345949788388
10.788247739700164,0.26002432247822027,0.20723475165161082,0.25109306797842756,0.22921494875468967,0.2276030882515845,0.1921794698420758,0.2289951198816877,0.1956700909240697,0.11376670263144921,0.20173407861151743,0.22809367920401377,0.24662113308022843,0.29379165746275476,0.2977885835921455,0.20371712329413078,0.2517454458472236,0.26078393756696017,0.12256622535312513,0.16068194275646805,0.0034540349784514834,0.025975465293172278
10.248576794022632,0.263342480448783,0.20500070819884145,0.24590587275340278,0.21879589764443796,0.2287405039256778,0.19168441373302733,0.23367954798812401,0.20331031530048982,0.11808074580119877,0.20882819291010163,0.22888274043997306,0.24846571722321517,0.28217576583967746,0.29015401849741657,0.1916780611352586,0.24718907647038355,0.25860004829983163,0.14410685572577742,0.1622402414048137,0.0034873653355944915,0.026539896563756916
9.33393818111705,0.26119989165949975,0.2179306332620807,0.243778384170481,0.2188990948963396,0.2329142449953639,0.19922764227768436,0.23156978650581206,0.20259414366760686,0.12776718272357915,0.2149979664429314,0.23457665207931225,0.2501918301187551,0.2871929457641809,0.2893922356556835,0.20912849155244229,0.25192513145170964,0.2630959973686797,0.14609617373947992,0.16356739167622647,0.003645757583957254,0.025527161143626974
10.16389253584363,0.2636879324351064,0.2359017791314771,0.24919778479340648,0.220559657778234,0.2373785825462531,0.18840782658110822,0.233185421584013,0.19966134818044473,0.1406472535048313,0.22055924813133132,0.23451766782649816,0.2524523886171123,0.29118521563937994,0.29326644576650585,0.21805642679244824,0.2570367886652382,0.2699471579661775,0.15033874226882166,0.1650736848546152,0.0036125651630840683,0.023890965184144956
9.775415480774212,0.26986315940380323,0.23666498406576258,0.2576502485578813,0.22180171309647798,0.24159887245531522,0.19633566038151154,0.23998723299779484,0.2107718597767226,0.14904780362215556,0.2394625875949786,0.23398367469912465,0.2568960089631085,0.30234684079499796,0.2816030635139779,0.23845049780057695,0.2684472838491413,0.26035838632059727,0.15900993889819193,0.17058109827634535,0.003606130618689482,0.024465177378274618
9.33164693311592,0.2679655074181056,0.23554021869463218,0.2710553776462022,0.2180262288790245,0.23796883196043464,0.19471800595718672,0.2331515415378482,0.20945368449458776,0.1470310868102542,0.2330253754755934,0.2427854609424541,0.24811674100715625,0.2949998897527802,0.2932438417050044,0.24030133344806545,0.2699812791074019,0.26010282749607244,0.16998194789006843,0.17131084984763817,0.0036454083947275147,0.024863644303506058
9.047366918688724,0.2796358175963378,0.23155288036088562,0.2693433546213833,0.22375191822993581,0.23652757414540249,0.1908954282513675,0.22547206187716043,0.20864967092907,0.1444049906370851,0.23377112046911394,0.24388392461094313,0.25694586049884854,0.27914846453588193,0.30438409190430116,0.23290566085306505,0.25835062344374454,0.26573493883624144,0.16434762413567527,0.16992298825139204,0.003409457194611226,0.026081026538977634
8.709436305735972,0.2713088054248167,0.2209801413009896,0.2741700356317988,0.23071875445287837,0.24005543715124558,0.19668537187757884,0.23222266804488695,0.21235380708582247,0.14726354180394707,0.2308863915606763,0.2453938768707232,0.2520757448365056,0.28321565382276526,0.2911187183023611,0.2318917695602005,0.24959374367769224,0.2618309504561822,0.16646792313959077,0.17160995661450984,0.003428276125792897,0.026616273766953
10.26181133349628,0.27430226703287114,0.22625804883537187,0.26946880564286174,0.23051220928251884,0.2445912206746704,0.19171062010939133,0.22103317769012223,0.20892086312775948,0.1487013247951714,0.23174511992795468,0.24159257590362307,0.2542916142852744,0.292106451394226,0.29213648119974434,0.2419451053073719,0.252636564576589,0.2610908838549643,0.16005962629452014,0.1703963776714179,0.0035129328670650785,0.027056478871612825
7.947428090613684,0.26739957939091996,0.22853960178816382,0.27307436523782463,0.21704864838794502,0.25391893515986336,0.2049270634913273,0.22273893796250524,0.22451558788661852,0.14668638191039565,0.23691425486089873,0.22486093115241385,0.26204655306511415,0.2981832260170387,0.287048410552722,0.259360214314835,0.23678301674555305,0.26745947703058054,0.16107036673081632,0.17162458431888442,0.0034262255490735125,0.02776153126350585
8.474573138037853,0.25650418487323684,0.24086119868701883,0.2693333402240618,0.22287197392689725,0.24436610059190264,0.21229673236685465,0.22985888272371632,0.21322803460788745,0.14278341920745868,0.23423556220671787,0.22691523923465173,0.26501274972174416,0.30679507135249556,0.29462338863375714,0.26189581162992603,0.23831468946842146,0.27974091461708267,0.1666803234265233,0.1722469131983173,0.003445813312772646,0.027361215710346144
8.21991389679014,0.26387867435050355,0.24094980746965458,0.2644277784912991,0.22540353967853077,0.23847041156432097,0.22248114084890763,0.21115871860101296,0.22170953386344355,0.14831019026915424,0.23514910081341336,0.2196435072194061,0.2563826677548662,0.3137827500308973,0.29536277859361865,0.2642284249620969,0.23366923191427164,0.2883723836172711,0.1668610896406685,0.17132967551070474,0.003297705915575606,0.02776825128234589
8.40530625295379,0.2646720783464101,0.23749836357642806,0.2520832476951932,0.22498182850813495,0.2259965446778879,0.21554201963414288,0.22043551123445135,0.22931144696672115,0.15618628661101,0.23045953657475862,0.22142631421863768,0.2486842232753966,0.3177380390590185,0.2845884175603942,0.2766175391771231,0.2252810442963354,0.29535448708951884,0.18274998514628496,0.16970165020975322,0.0033512505247908363,0.028358225411603058
7.674034036557167,0.2730000713973121,0.2232845192321295,0.25914550861308244,0.23273301805584082,0.24017550635296844,0.2183767447587332,0.20991835820558574,0.22722529749725479,0.16297628578554663,0.2204662965138561,0.20706984585207047,0.2550885628918285,0.31730902684074763,0.28496178275777223,0.2754465331158898,0.2175318034065053,0.3071867549260598,0.18562117460969074,0.171527175567783,0.0033814442305711693,0.027582781689121514
7.266776107188035,0.2708061965030482,0.22948935955732774,0.2539995929981874,0.2315837495309924,0.24488310744592348,0.22405766444206443,0.2199574318729987,0.2252725083709766,0.16115104442104788,0.2268297540566179,0.20968930956738246,0.2616721544386151,0.3062113804976445,0.28983495373654694,0.2706599332046035,0.20954970830368683,0.31958956377408243,0.17702559482325209,0.17189993214587215,0.0034513279789323663,0.026234017639363214
9.007113748192067,0.27219564391942286,0.22488741917651836,0.2609631921054844,0.22187780476173224,0.24688163192749563,0.22132833189600543,0.2178723709959689,0.22822164621914154,0.16897589221592973,0.23160045427138007,0.21865558316625588,0.25138662783947524,0.31021872572522613,0.28031308541880173,0.28282580856515505,0.2144727300527821,0.30898973284440895,0.19079099895097162,0.17162831265346448,0.0033530065741351808,0.025320192387429222
8.813959123653682,0.263429557321718,0.2354273573230402,0.2686066668061328,0.22042145495283433,0.2491311779818605,0.2112708801353099,0.21869987208922573,0.21822528522669843,0.15209941022687812,0.22328022947404993,0.22265128042143675,0.2588551234414689,0.3024808915555259,0.2635106277728995,0.2809537611655438,0.21123790618882396,0.30569315530073593,0.18766143656061518,0.16954561370759264,0.003517568197759273,0.024942785235362905
16.920770535753643,0.2572760794547769,0.2544895390096421,0.25640272927986457,0.22841059005921427,0.2572900746368932,0.1903939588780519,0.21367763719498462,0.21539711866575947,0.156460003414221,0.22638950453110232,0.2266228287189086,0.24198792185467438,0.30695367699209025,0.25506960573414345,0.28839925615382367,0.19590695940544015,0.31106681883559634,0.1875723907588249,0.16671782233679175,0.0036674339986565983,0.023958057705257087
14.235218656872325,0.26498853343241363,0.25014879088805947,0.2548827102107564,0.22243179843004576,0.25304541611420095,0.19905434755427376,0.21105958253024948,0.2161869934074543,0.16828810529938962,0.22433966233650707,0.21931369659831212,0.23838159668838266,0.32028719870968353,0.27671491828735567,0.2918620613539505,0.19534455366300185,0.3141809370710848,0.18917296905463432,0.1712599522126668,0.0035284989844614626,0.023282683823618887
13.289968247891306,0.2452997551088137,0.25265565346316665,0.25762408814718507,0.2247448151176221,0.24296820444063974,0.20430626948689287,0.19790684714628232,0.23050578551159787,0.16900342157111775,0.21903898453814297,0.2227578638814497,0.2290085155411646,0.31093513033632236,0.28036855632331886,0.2858083384463336,0.18897482303811494,0.32140857008727325,0.18182671252218435,0.1661938623335751,0.0035642356123764163,0.02263378006386935
8.209484155764972,0.2543397023391465,0.2547337066756321,0.25558399460811126,0.2308105704624283,0.23751237360873073,0.20307128827785398,0.20540868933532383,0.22473196574356413,0.16957709035922355,0.214530055011502,0.20940081318655104,0.22974812084072446,0.3238870292673807,0.2629827269755224,0.2851172812120336,0.19891196097818753,0.3095036463684013,0.18656439110433864,0.16732398297856604,0.0033116838672329167,0.02230011408564027
7.058895008087695,0.25750868400794424,0.2523659355384028,0.24541457684171716,0.23469058265257023,0.2418145831638285,0.20054794718601116,0.20913683574242967,0.22176661231614456,0.17087013341175747,0.20614677050882407,0.22928956793334,0.2269030961651212,0.31355390675660005,0.28996656095815193,0.2840379162532747,0.205524370794033,0.29765647984392124,0.18402090428110102,0.16640477179238847,0.003018074459893906,0.022023041139366352
6.527094523692765,0.2652475011936657,0.2582139721029448,0.2513605309589317,0.2319498458169617,0.2490505754064111,0.18713434889624575,0.20977641633619748,0.21845888688348425,0.17380851490696003,0.20781561495555265,0.23499573208535332,0.24359358241985862,0.32246035432684894,0.2888864127461153,0.2753327152764385,0.1972643333566374,0.29189372531942276,0.18658752546625562,0.1700001606351609,0.0030793818828850476,0.022854136070089057
9.531259193947312,0.26872545938485193,0.26387146824995544,0.25525153020252056,0.227350009790161,0.24410126966566767,0.19822529589141358,0.21647679792184077,0.21564719839710553,0.1745093918734841,0.21036996978364492,0.2441744141438576,0.2481851105166186,0.32193529508770213,0.28109994177440983,0.27963665830985246,0.19964891854706612,0.2876973920091001,0.1843360950897704,0.17070986814428862,0.003166316144385326,0.02269103178018555
8.043361000339319,0.25319789585282654,0.2703215723404089,0.2543482071320424,0.22225942599193352,0.24172308411059618,0.20148720794391478,0.22035982600505555,0.21403850297186675,0.17851485224234126,0.20496585300408313,0.24045483446907095,0.25108452909176054,0.31546736108869955,0.28631877140026957,0.27991578583971777,0.19535578496446754,0.2865871309801704,0.17834512040366826,0.1702422830027273,0.0031191176249388774,0.022014737608358544
7.163809315500389,0.26378922990495357,0.260036413569708,0.26063163221787866,0.22171948525016685,0.24211722321585252,0.20139022093960582,0.22736549294848124,0.2090090468474698,0.1789298328988759,0.2093695009010422,0.23163685972348977,0.250146877950513,0.3183433637888744,0.2980617971420445,0.27272626803250405,0.19685020056710947,0.29027901534030187,0.17195044335000864,0.17138100498309616,0.0030836928589851576,0.020987126539197126
7.593974722460372,0.2615719623207885,0.2582874542802615,0.2537631146562093,0.2265586669449846,0.23444537418799158,0.21124431307764796,0.23537308907630214,0.22347426008908317,0.18112306278803922,0.21175490322525461,0.24471085162194048,0.2455346237913747,0.30224318802691297,0.2919182148870268,0.28861195222093905,0.1952037842670758,0.29060181939462676,0.18844419332813767,0.17052567539675664,0.003110221962569196,0.020144672184926195
7.430899528934311,0.2704039220526357,0.25531254078376364,0.2529640372905494,0.22652664438237818,0.2273445040880321,0.21364387140304766,0.23399374498841657,0.21607565120111863,0.18553219429433526,0.20672565971565976,0.23475131103899802,0.24484756516917527,0.298932578087907,0.2930552815245575,0.27754116619187574,0.18480340693168837,0.28736703141493986,0.20079259525871146,0.17226085660897109,0.0030252882862994764,0.01971320656649552
9.902560396038329,0.26890059433360913,0.2386395840293386,0.24785599286229593,0.2336566438273661,0.2340247054681402,0.20588083124750148,0.22847819744597433,0.20848594146609062,0.18531191945088518,0.21320453391778707,0.2342790427104871,0.24183216938495292,0.31151960856316324,0.27463674466093807,0.27702777501881526,0.17782643626403646,0.29578775342045655,0.19852782825327242,0.17007746057789325,0.002928929701976314,0.019884786189719946
9.823468396325408,0.2601354394843782,0.2356522575373861,0.2586879081154563,0.22375861312904674,0.24196760269485462,0.20660129585663797,0.22033206027285335,0.20176687747599376,0.17678235087941943,0.22090361447065351,0.2318785760991621,0.23594666557512334,0.30408385149038786,0.2851483153696389,0.28451757273501643,0.18689963247377517,0.27844350636067733,0.20194672434999766,0.16798865943579103,0.0028641342772376035,0.019929837908384995
11.862280967902375,0.2618370780422361,0.23550778716486556,0.2655076183006081,0.22798010597224141,0.23101300011699738,0.213554457570105,0.2285597293217859,0.1999818169725415,0.17659282351740793,0.22787266391818745,0.23910582236688974,0.2318292517298089,0.30735027265744735,0.2832129162997334,0.28862553403283087,0.17210217886446666,0.2870294957624108,0.20427954104355284,0.17149107638501915,0.002987468672086978,0.02103524763978627
10.779425131140238,0.26215026962212257,0.2413097565091074,0.25624449885802064,0.22714501953250357,0.2385864420552504,0.21792269157345287,0.2372943194621196,0.1935282427878115,0.16761357393505041,0.2327932587009664,0.2235953914291994,0.23107193912477206,0.31032993563241995,0.2809270248625578,0.29220767658670294,0.1826814004046309,0.29165349492192943,0.20216019110991518,0.16946408584329783,0.002900962239792056,0.019556874108541067
11.659746739090771,0.26584945821510114,0.24526992247324456,0.2448812945134594,0.2355515561764262,0.2315021866122628,0.22252932866486197,0.24177295853853578,0.20182642134471174,0.15759843204530574,0.24599440810437836,0.22616424735005805,0.23193159749161651,0.32738092562738313,0.29175892443614165,0.2885596766969635,0.19630331626400968,0.2871938709839713,0.19894839892037555,0.17141288669257693,0.0029305880405392742,0.020838680372871784
8.572586273037528,0.26594877337909023,0.24572364561251434,0.2523185929392096,0.24343126436284795,0.22079410462840918,0.23025465895573388,0.2378478105160114,0.2051511594034833,0.16158824265067048,0.23804472829712645,0.22075269782791862,0.23682787146560724,0.32854041737020445,0.2817744497766709,0.2814689546056777,0.20480281621846705,0.28087381684540014,0.2066752688384063,0.1719975021347773,0.0028894114819996383,0.02208747071507301
9.768437662550031,0.26920180019653733,0.2334173743042564,0.2629390304043458,0.23759269104129077,0.2271295549596057,0.23095973216705315,0.23900555632056533,0.2003625636665195,0.16618726046062976,0.23743323070559844,0.22168290517218545,0.23890744118756613,0.3304235255168422,0.2705265728746338,0.2946802516669861,0.20749426384590788,0.27733467425998704,0.19983530143795822,0.1722704494983064,0.002957635062093608,0.022358825220852026
8.273844629384502,0.2662878742394358,0.24159241300744205,0.25548232251750175,0.2504072341111204,0.22424011475412065,0.22303716506848406,0.23619789564640403,0.19717183069935296,0.1620943824978074,0.23910740832371205,0.2329665595200903,0.22128537563035514,0.32673574287147966,0.2932096300229323,0.28133009839500456,0.20963803318021,0.28020339658847987,0.19507678466172937,0.17276906973615463,0.0029283524416407053,0.02106581076518417
9.20372221757371,0.2694283394209761,0.2402966116931779,0.2586486378631013,0.2387786207266244,0.21892161319775982,0.22954853957639001,0.2366029937797917,0.19561972077859371,0.15818514792562463,0.23749322853056445,0.23397577758759444,0.2173598822707886,0.32437971411439953,0.27515253871867057,0.2776288601958779,0.2180666682133788,0.27648075708502645,0.18349596953648992,0.1717232195996072,0.0029665904593038418,0.021183366764715644
10.867615781198014,0.2702660253587461,0.2549530930531138,0.25787854752738404,0.23495269384223963,0.2225556864542479,0.2440600835724354,0.24288462276036124,0.1883692142419364,0.17805858866596957,0.23564158499383034,0.24724626346132184,0.20676875735182199,0.32821717158041536,0.27627472270341646,0.28864357464307033,0.21171684090110873,0.2804959606449454,0.1986060435365637,0.17408153659989875,0.0031076145851539126,0.02120344339804803
10.057468093138576,0.262522311155012,0.24468348391595537,0.25553245619997517,0.229499751249366,0.22559130587075066,0.24208577649439428,0.23755660831573105,0.18668713151101335,0.1672118702537561,0.23830794441847825,0.23913509810618302,0.21158363013330678,0.3315167229064408,0.2702374619633271,0.2891872103436212,0.20917351847412866,0.2771226679859325,0.1945417213764825,0.17150547127515786,0.0031138561949990047,0.021716316550059653
8.731636202809685,0.2593806586284046,0.26428845029889314,0.2539409283624366,0.22207763725862137,0.2288563451401246,0.23233181667213254,0.23973805170550067,0.18502776408212368,0.16645629144866178,0.23499222841606282,0.23047556518668608,0.20969247559257737,0.34209348471626677,0.2760466407688548,0.29455356525441456,0.20621782133572686,0.2881022623345322,0.2052970132528475,0.170576107035308,0.003264297807302127,0.022233175974562473
8.55765860912894,0.2617099831754283,0.2651778425799141,0.2680548058235382,0.22824385105928038,0.2250051693799639,0.22734553516551456,0.24823820597416676,0.20327447383973893,0.1717594192923109,0.23287054967318238,0.2399210430301919,0.21468294865799634,0.3384164206799928,0.2761114556724918,0.2881467962646991,0.22044931983139737,0.29174908834269014,0.21438040519798018,0.17408626701214333,0.0034510141878094174,0.021780021844889322
8.870366777425913,0.2594048535514337,0.2657073089878981,0.27175002505185786,0.23743889173663515,0.23086802341051613,0.21739771747071376,0.25071954135527164,0.20480624953419385,0.1706214925183428,0.23680737941639132,0.2537227463634834,0.21787428650643234,0.3215048027573829,0.28359983541057343,0.2906438718197562,0.21431401320634635,0.2930064724185717,0.21614489394124212,0.17584727899740435,0.003606573164620576,0.02209746138108767
7.905783390103967,0.2581144641484325,0.25516193368681733,0.25809269222233755,0.23597643257402134,0.23442355070009321,0.2172018080273009,0.24599571419248964,0.20472418829407607,0.1737513421365217,0.2257925735489792,0.2705970024917274,0.2137004478092348,0.3147160184284244,0.2795929884668712,0.2883534463362869,0.21721664005402666,0.2799979817303629,0.2226755145711369,0.172372399903604,0.0036665802589079992,0.021939508202103136
10.073907761597992,0.2622503879473002,0.2589971520967715,0.24341165235228837,0.2371233083113943,0.2348570634209873,0.21902281786890818,0.23633184264177826,0.1955515538105868,0.1779524013206999,0.22639048571432832,0.2575201955497747,0.21964320370007662,0.3156286225454804,0.27044204767418634,0.28770728972906345,0.2294832619565388,0.2604550211121187,0.22770641278506615,0.1719779385172642,0.003719251902100517,0.022001509043825175
11.308028625458967,0.25629587289385986,0.2638246810568296,0.24621647811177494,0.22628448943047114,0.23861737672890176,0.2212404559841861,0.22467689918678718,0.18298054944302106,0.17191607622773947,0.22584560986276447,0.26714418579801447,0.20279598226014417,0.32416365577090295,0.26602475124349323,0.28582814533000506,0.23545820471116088,0.2575308738887421,0.22059991943598772,0.17018981306848244,0.0035561271534468404,0.02184163064848309
11.815249458851001,0.24662505815971117,0.26646398099036456,0.2542721034347549,0.23913482854185852,0.2458212708141869,0.22446377443495572,0.22065197590030214,0.19903503934026592,0.1701297292632362,0.22373949468899806,0.2457613157000103,0.20308972169799888,0.3409116754930488,0.26942385026028925,0.27907110675005653,0.22878323238400486,0.2550859814973268,0.24290474730138142,0.1736768923636648,0.003462814032002246,0.022815040573459094
9.846263750752316,0.25395738757848213,0.2616289946568151,0.24839950185933657,0.22810649239911002,0.24022326334780952,0.24041012290508978,0.22462481553129507,0.200658075570951,0.1802055587067999,0.2243103438240652,0.2463929750457069,0.19564322251968286,0.3355613614571206,0.28750554391769134,0.2766201455373963,0.22344048753536697,0.25256857934665716,0.24399871938147596,0.17149755400311725,0.0033590404072320313,0.02362708037326153
7.5082386576133855,0.2619866270606115,0.24941617425471632,0.2507087875410341,0.23915744246326928,0.23691926104063218,0.24714865511779754,0.21868629890848282,0.20465894346123797,0.1767202763344754,0.22271114445331394,0.24409451299240228,0.21450837576563092,0.3381039267795546,0.29310980648149315,0.2767162599558562,0.2210296768055027,0.24981033549687592,0.2517798209942057,0.171178539988577,0.003215880104830393,0.02352854250303962
7.086659372769877,0.2656889995633442,0.2519343951009854,0.24577481263233625,0.23703174057926135,0.23239170809352114,0.2439535034405172,0.21353665068335956,0.2084456352039694,0.17204510804461381,0.23788011218142646,0.23872083579544714,0.21803957490890408,0.33692154897142446,0.27788942115515064,0.28563291256882173,0.22727282396472911,0.26230634702618727,0.24557540084872465,0.17302310315745054,0.003146116375863878,0.024566331894668714
10.063434209782049,0.27483841969185224,0.2530431473312126,0.23610738100185721,0.24061734004557267,0.22574351703324996,0.2315767468394431,0.21464947048320662,0.21427180707498344,0.18952364877572658,0.23596548214505508,0.2346530025521613,0.21327867752438567,0.34068636789742557,0.28606355118215737,0.2820698562193098,0.2345551166595882,0.27171448779066987,0.2496611702199546,0.1747509646982436,0.0032460151880596656,0.02337409430209305
6.2295648270763815,0.2770360577274758,0.2588313014274153,0.22444781821275808,0.24577184790138043,0.23962681024944504,0.23491139949106016,0.22047907161470082,0.20982560039679224,0.18447458613583895,0.23004385897572077,0.2509157659344612,0.21475155745143443,0.3518672532013399,0.28755199126140146,0.2690126341025441,0.23145899984696505,0.28025913511704764,0.23618074618984142,0.17487288993294076,0.0032645208595629147,0.022899215701385013
10.126391995144806,0.2626956341309745,0.2728231444828692,0.22517830272912176,0.2368727219400427,0.24571785932045923,0.22624631241920523,0.22334029623611998,0.1895566860860352,0.16852048717878554,0.23282650571556807,0.2504543240538493,0.20339216326155787,0.35709459508608216,0.2848626564232164,0.2737954508220753,0.22075286266165103,0.2808795633390479,0.2481217312689977,0.16960576918950407,0.0034327110466754883,0.022552369225718894
13.481796120517316,0.2544818555057641,0.2779618111216367,0.22364854061630446,0.24297803766502754,0.2542275049824088,0.2282318556325158,0.23849710000215427,0.19237250748629545,0.18091944889357658,0.23414174717294203,0.2490106683472015,0.19962452521362908,0.3386449541711599,0.2873849681692958,0.2578583013200413,0.2371171390387567,0.2776221671738904,0.2514613000634397,0.1727043633492482,0.0035699088408941305,0.02272932627894617
13.380650942402447,0.2641829421143708,0.27878318041152594,0.21105945705120782,0.25012653725420597,0.25755934520455037,0.23147785863133188,0.2276308360618639,0.18893175882708516,0.19242836814443443,0.23632017646321596,0.2591738314374542,0.19629091288184103,0.3380204549869635,0.2974906901449552,0.25543534136586116,0.24582121675499852,0.26926156888964964,0.26374721332914935,0.1769253787306732,0.0035577426384578435,0.023453514591641692
18.11810021273927,0.25498973788214,0.28832818272016314,0.209987089748645,0.24945245512581235,0.2548245674083108,0.21559747448791702,0.23228927314816641,0.1920346584146817,0.1918464589529565,0.2368834127750569,0.2680508081002512,0.19560605986925714,0.3373181864209205,0.29744754675578833,0.26004396146002023,0.23908037520293135,0.26387885576960357,0.2640121467637375,0.17406416034604344,0.0035141889335359093,0.023547249426721255
18.413021599669303,0.25844613774170355,0.28133708691391845,0.21519267455053873,0.23912061403120052,0.2540926045454217,0.22577503854446007,0.22670620221072635,0.19265039372500917,0.18596316947086153,0.23964633074465708,0.2509874209317081,0.19573774136184088,0.32058259896763325,0.29554689043129156,0.25910842980415566,0.2493075355532297,0.26121242378460935,0.2629086674955649,0.17529393958965528,0.0037258825131568887,0.02382102317429382
19.816714547798817,0.2593188134939121,0.28441167034704634,0.21701500642521568,0.23456301748637093,0.2618913613893595,0.2244398681889677,0.22486023962981647,0.19317437445733118,0.18583612988738502,0.23934096887206216,0.24447484877327724,0.19986773215500653,0.34012063740437787,0.26381234628826816,0.25805087324235376,0.26686431840515845,0.2720936480708556,0.2670793234899053,0.1719416709163572,0.003714084409951543,0.02358225610139705
18.66758644992168,0.25180921276095,0.28495737421606077,0.2129207011968945,0.23268879203872142,0.2638806618828791,0.2192777533037639,0.21817564502972395,0.20019161470073024,0.18709245556552156,0.23826920204801114,0.2326008429166642,0.19378318263392144,0.34669386050086326,0.24203732967663277,0.25707035903609726,0.27099514015034015,0.26220854619862377,0.26771145108763394,0.17212453363276456,0.0038730840054526506,0.024479712220482765
20.073193104053836,0.25227744582361644,0.28797025862055564,0.2107681290069874,0.2344085250125859,0.2677472781776064,0.21422716210818166,0.21256779892002042,0.20031222377224328,0.19646246717988072,0.2397722150525881,0.2260497432587498,0.20662692987741657,0.3524595610304968,0.23477961145085488,0.24336022583170294,0.2757596015963929,0.2555589353426265,0.274331611022614,0.16872357932518783,0.004006393542582226,0.02413694908762284
20.51857020464772,0.2590650296805531,0.29683837215661724,0.2058024396312304,0.2319766166927741,0.26209429220415237,0.2218960246400472,0.19462773663363658,0.19634675314347202,0.19784579981548875,0.23745363660307384,0.21965866065953638,0.20556615496744718,0.3495106244921353,0.2321557316791438,0.24591365847571026,0.2649782770516782,0.2514482870935732,0.25638988132722673,0.1696770009457933,0.004084998667799262,0.02514056551006469
20.97226809053096,0.25662583301042446,0.2920622549841439,0.21225069409555794,0.23230468589778133,0.25802683697157597,0.22198417981100635,0.18959498725381957,0.19341389947842902,0.18982620614328574,0.2424033217119598,0.22297213975664032,0.21268004348613492,0.3614636364682483,0.23509785503295805,0.2651297230209698,0.2652849780654957,0.24881277513560943,0.24427561450360308,0.16741326795789113,0.00409835084816835,0.025918289884224482
20.79570911462592,0.26080039704028735,0.29680645251067883,0.21866621081536486,0.23978957861808675,0.2562025609160632,0.2169085527287929,0.18324225255574147,0.2065243877325752,0.19608439420443904,0.23694863563004476,0.2151004765149305,0.2171740182619586,0.37551989012542203,0.235107206351303,0.26567890473446815,0.24912670113179505,0.24707475255679884,0.2398163082294907,0.17172343444789817,0.0041651810819085654,0.025380142391973823
21.00761228753092,0.24828082248052513,0.2825486540855079,0.22428118661071664,0.24162658134423948,0.2451079592731911,0.21477613455624642,0.17570798693004044,0.2066475858196405,0.1913863057779025,0.2335534138461518,0.20951869435153508,0.21446876057446318,0.3579194586481505,0.23044726873474977,0.2674205278400426,0.2569415059651725,0.25756476142918744,0.24065390262651468,0.16723115575545425,0.004219273158714906,0.024755033023219825
23.164243273127358,0.24368136875146423,0.2791194708831174,0.22948148795424705,0.24298059920726814,0.24071797789194066,0.21432674715341912,0.1704631275551665,0.21514253759977808,0.1874370239935323,0.2310752958987268,0.21561894000764112,0.22395748971707208,0.36040557218952063,0.23487502406452765,0.271693775955199,0.24608632287438006,0.2446842351622013,0.2548303516957158,0.16594986314537197,0.0041099056527294404,0.024678581899824432
22.640979836916678,0.24355176129098216,0.2726778366398007,0.23796559217947075,0.24257997091978548,0.25007674348782327,0.2261802148099896,0.19089702295699945,0.20541518100557038,0.18734435450222853,0.23159596259448167,0.21752864279976686,0.23148564475406205,0.3611224519235146,0.23102962767938476,0.2716723050767328,0.25798507942517823,0.25507211332825114,0.24996237599255747,0.17265104999024286,0.003921790187324031,0.024217090613837592
26.273714880853735,0.25677360034069624,0.27834819878124417,0.23280048982261917,0.24220738137644843,0.24931150917892964,0.23352370803765884,0.18341137676881894,0.20351805427224245,0.17849034786122353,0.2164564639534583,0.22671639448080375,0.23183262193026483,0.3685912658902661,0.23695131753374743,0.2710440791080718,0.26672409619510146,0.25200626408942,0.23514145460131464,0.17280972103977907,0.004109520497823968,0.025045802876185953
21.55463177262295,0.2633203763793323,0.26739772639471016,0.23426877208982283,0.24345119757545414,0.24233370547131133,0.23061248145008337,0.17789971739471996,0.20465316871885683,0.1817977351256237,0.21577208937224734,0.22061532104446402,0.22260007666238824,0.370296467429271,0.2402145115308806,0.26435121613056844,0.2645659332308365,0.24285591334184736,0.22287755934668044,0.16865190673457423,0.004076011145029645,0.024037479065377627
16.475465246646444,0.2509564363577673,0.2614980982103777,0.23114665685751795,0.24990457106122754,0.2447495577173707,0.23204759918402604,0.18962661236057213,0.19593362240958376,0.17831641641814028,0.21587300873494905,0.2165631217303382,0.22177330984855828,0.36117501443096184,0.2486062420855405,0.2576385157399069,0.26146107049346057,0.25105327965107904,0.22350010391441685,0.1681226483706356,0.0038966862467787484,0.023059737188902838
14.06462336255956,0.24488330832945227,0.2645656539232226,0.23929385000276496,0.2558460332002195,0.2319876915512482,0.22767949678917895,0.19013114712363935,0.19052560295870094,0.18706272439401694,0.20654416889957458,0.22949820772331772,0.21257319997925028,0.36452600918947264,0.24813096499882026,0.26548632773582,0.25003977862869137,0.24926487942835082,0.21531337315073998,0.16776404185582186,0.003982632665837026,0.022685383775537228
13.089979339225486,0.247129735167496,0.27572581577088223,0.24114573963528987,0.25828470581096,0.21851399722748413,0.22063497028443813,0.1909751432718485,0.19173243033027496,0.19037906389059173,0.2022296991009231,0.23260141876057952,0.21058384425979523,0.35681737410081604,0.25859952585939056,0.28093333644949015,0.2389441158007073,0.25816427731820657,0.21127448948645197,0.16744467184640033,0.0038991379281641926,0.022570009888779597
16.241656938369957,0.25027038434576937,0.2728439065503489,0.2521556654796036,0.24833805121410965,0.20443727539150602,0.21051276923553122,0.19201707268898338,0.1928763752564924,0.1923302394988374,0.20770535534168866,0.23783518162600525,0.20946345480686446,0.3450365761417425,0.2506308554073254,0.27445635230993026,0.22649059933937535,0.27124670485109775,0.2117019290573666,0.16787997650015268,0.003907610270706651,0.023301920356035424
13.810414754163958,0.24396164793269673,0.2569115560612814,0.2606394582912387,0.24348425316389477,0.21561828881435852,0.2214556944861184,0.18927182909141724,0.19190871248520772,0.19548932719767104,0.1913375226922277,0.2385327886369769,0.19832457333148398,0.3376078432367559,0.24084106554385065,0.27179695512497487,0.24456947822208494,0.25903652468590604,0.22134248100249374,0.16503694817914236,0.004008851384825187,0.02396251167000953
15.023800174425244,0.24930397394830847,0.2633441869748048,0.25340795790499165,0.24420671344156686,0.22042034888627002,0.21344295204981334,0.18534156888668016,0.2031399587303258,0.18475824435011873,0.19762577907229545,0.239095015100612,0.20152203102077573,0.3330951060267128,0.24895017848647205,0.2596649915083301,0.25081773095921234,0.24970266240593053,0.2266837713192369,0.16740209128382305,0.00392916377051337,0.023934242464633545
15.11708899839477,0.2510334389738654,0.263223476122744,0.2447101425113159,0.23874320140557923,0.2237650105409939,0.20843210182310887,0.19065400169307586,0.19055219718560312,0.18834025889277728,0.1982661719149182,0.23723457790585992,0.20146478655186234,0.33053861350723607,0.23085928934701827,0.2570794793459145,0.2602602646272784,0.26002103642321656,0.2125771742942956,0.16402224107977245,0.003881930581894623,0.024941992933770696
12.48439549883938,0.24970578233572627,0.25949328027370483,0.23698369817188322,0.24247574608455738,0.21314622578973252,0.22175951428504706,0.1891292881527793,0.19297864174290374,0.19197949439279194,0.19108615052993394,0.2195903011557655,0.22010218969912906,0.34195270132202993,0.23059946407196372,0.24831997069821182,0.26663673116178166,0.2691920932995099,0.2080952433353953,0.16447719848514877,0.004014993782081163,0.023584928255190454
12.419064728974465,0.24546848146880998,0.2531576811596333,0.25611839585571006,0.23508725066030456,0.21025806334147196,0.21638406176071764,0.1949621884905686,0.2062778092733803,0.1846451591769873,0.19793801003003655,0.2179103311037875,0.21722564841066755,0.3498754136058424,0.24509486705607544,0.24937528034183912,0.26322852734336827,0.25917710397159077,0.20298437632853705,0.16382325557023342,0.00412179347808335,0.021894479124496893
10.887597198790585,0.24759678557036244,0.24865627017630706,0.2699915680282202,0.2308866619747738,0.22030823637399138,0.22866515050592434,0.18755116977043265,0.20400697048898173,0.18624490027858703,0.2067792047208327,0.22240117904136372,0.2264576451216289,0.33914282585458455,0.253263386482087,0.24594591479683,0.2559090058362802,0.2450699046916195,0.20387563450788287,0.16576889147286758,0.004042086652599767,0.021227887974230645
10.848138697692107,0.2543172994525708,0.26441370433857536,0.2659503171072075,0.228368865768,0.20929415013519326,0.2296620292580006,0.20377809895193824,0.20495077527234914,0.17746071427581195,0.20156453723408535,0.2229196893636081,0.2374199488902866,0.32376236467020914,0.26362817016642265,0.23484354857047376,0.2652187386733218,0.23660850280250073,0.19658683311392075,0.16689631300702062,0.004118193315523435,0.02021259171697674
11.666476680954673,0.25385668614155266,0.26384755392871695,0.25951143063657983,0.2361561544567685,0.1994394895574303,0.23457851995496243,0.21309212544886028,0.214564603683945,0.1759036907826815,0.20015120000262954,0.2273167998679281,0.25685377540548043,0.3286882123013707,0.2548318739198548,0.24530535885826465,0.26285718606246306,0.2423172540925155,0.19680106045616202,0.1684684924546151,0.0043674362164172285,0.020847406338006337
12.337386811963261,0.2543304690320532,0.26544637970027835,0.24080195623609504,0.23089363429565027,0.20156373648755135,0.2287082407137533,0.21631508786742953,0.22310951539491483,0.17095277506128567,0.2011751856524103,0.21763071945240173,0.25550941270480526,0.3172501053236839,0.2570635193544655,0.24095207724685255,0.2640697805099827,0.24201836578076535,0.19969364600442718,0.16639848458997075,0.00431440164648435,0.022074961882507155
12.890057431062774,0.25636476054375357,0.2647573001926591,0.2423166394050611,0.23351218408840485,0.20543288699610837,0.21773960778661863,0.20998459073069306,0.2284739177539672,0.1769328835658434,0.19157261309019785,0.21096388607977587,0.2629806134215138,0.30944772404857906,0.24333238577534186,0.2460450548496254,0.2586181979378781,0.24528981504190359,0.20516441490116985,0.1675788597488997,0.004257603163243676,0.023254900566099624
14.699204708848544,0.2563039860720432,0.26746406978650106,0.2406603298452199,0.22934830404685994,0.21114569057359547,0.2078621052632221,0.2128943244090646,0.23653865375871624,0.16632878122394892,0.19227045078768754,0.2204757172497765,0.26267295970487603,0.3098159463319328,0.2530830476755576,0.2531815601864398,0.25544067578676,0.25564383157405274,0.1893945040413302,0.16704119299841916,0.004116887227423269,0.02263479102937882
15.201425479738646,0.2439935190625254,0.2685064614834985,0.25214901253512134,0.22832825648928995,0.2176326985133318,0.1906500880309599,0.20992829608865254,0.23206583681673557,0.17742664952675413,0.19623953082675016,0.21992556248781261,0.2449574466227309,0.30197836017397495,0.2559861760777302,0.2514972804854164,0.25071462087013496,0.26329291899707746,0.18091789266577324,0.16294014977887122,0.004264241915830869,0.021115536310711995
13.207493181157039,0.2232882794303333,0.27652118715587004,0.25685618384431336,0.23906783403038157,0.22924255404083108,0.1936352073861162,0.1909433800586594,0.23689916684883083,0.18639834550337153,0.18782925379189586,0.22695689859913376,0.23981992697788032,0.2969122974201404,0.2819871468369464,0.24886500274603587,0.2306156016589649,0.2641962238759118,0.18836466033035454,0.16411900967990115,0.00408231735941216,0.02077813977946587
