131.2830755930862,0.26642173606943925,0.3038671056670995,0.20162120968065453,0.25639488388646303,0.22608093025611453,0.23679069533801833,0.20552162005573615,0.22914774134104768,0.16756925604328476,0.24100585542878938,0.22766629368939734,0.1987204589847621,0.38164349889858123,0.28736949423772984,0.24636177394379735,0.26153067938197394,0.24225124242633597,0.36187433378384737,0.17572055381441437,0.003178154121592616,0.02210109572589623
117.06631402216959,0.25255564455938856,0.27272380733683904,0.23177473526772652,0.23126559345997583,0.23786856512618193,0.22252701306900996,0.21829393873906228,0.2137485301051698,0.19366092089326659,0.17616669887349698,0.26296253454081103,0.2610064612112178,0.26761146612113784,0.2915681246317987,0.23308404434035082,0.24043375769617312,0.229578957767282,0.23825153369969365,0.17547366962644484,0.0033214884733676923,0.024608746396988717
73.23395914658677,0.24958195137072184,0.2670253074272925,0.2332343403452436,0.2303265264977214,0.23446540994693543,0.22307618760191963,0.21744027763550278,0.2041469597142349,0.19713948026589104,0.18666034583048016,0.266125380470603,0.2558361093264002,0.25788534199553576,0.2935732238844659,0.22864137580903082,0.23152672664940185,0.22039663302088097,0.23607217169023137,0.1734185494248423,0.003229977360087022,0.024263493180146856
31.839007972930382,0.2536306207020713,0.271805530562991,0.23528488138959283,0.23064735521106042,0.24352129898254476,0.21714771711573078,0.21111470874994945,0.18866863455097851,0.19273057970533014,0.17539641439339299,0.282755693014351,0.26757784669092577,0.26034721601902727,0.30365293755467326,0.2484125510365587,0.20700520973843317,0.23052306071911302,0.23847751708675732,0.17103047854558956,0.0032067873933769838,0.024491140865253246
20.987224105404138,0.2608170877266147,0.26053438919594457,0.24049323607954098,0.24544869664402819,0.2305891913698046,0.20461189454502676,0.21430444729427792,0.18158575521604362,0.1863523326062682,0.18354999837167865,0.27422869285225726,0.25723610378498507,0.26782590535098416,0.3018356567915236,0.25734874590699675,0.22476035018722446,0.228462865179035,0.2410059696122459,0.16873035546598458,0.003227279332727545,0.02524884411426041
16.792649799809443,0.25869914128545635,0.25773504195417274,0.23962213229629817,0.2462903178789094,0.22749134628465822,0.2084187696924348,0.2061899139722112,0.18134357458116193,0.1852700455004085,0.1863403462125352,0.280467316652412,0.2626444257226002,0.2634681905668452,0.30636581312092365,0.2614266624928076,0.22182544574536575,0.23584754292262586,0.235063358936537,0.16671311337566477,0.0030306459425709954,0.024842097646528054
15.926753610663761,0.25710912919801815,0.25738289337655984,0.23340044956678155,0.2449726959078209,0.23065559017588066,0.21863509136933354,0.19826529760484343,0.19810861806462965,0.19032117433981605,0.1937567165858532,0.27946084861614834,0.25163237312159387,0.2644725585531801,0.3257679055136013,0.24556801690143018,0.2136704654017099,0.2281934878417378,0.23365328584911346,0.16876679267393171,0.002928427001573333,0.024768059150878995
14.770227436275926,0.2657629262368459,0.2435081195798729,0.23676118835170015,0.24236324670171402,0.22377467392776007,0.22181116151170607,0.20754271443370842,0.1972884280651891,0.1902031970279771,0.1877220028030315,0.2733841829525488,0.24958486687515952,0.26197135364972657,0.3289985171866347,0.23943592401409547,0.20759967209906535,0.22932212827528256,0.2350105641004443,0.16757363823859497,0.0028993624136262196,0.024010726038406382
16.8278777497561,0.25337093392613813,0.26926557134710094,0.25234338865938594,0.24425272502578876,0.2191862355388449,0.22305768641937632,0.21583481503456547,0.19582443075663292,0.1945393707091423,0.18375422808954284,0.2667689826923741,0.2593499910299128,0.2672117102145475,0.3237338204214397,0.24116844469820956,0.20095515610573805,0.2156771503793667,0.25206450111598844,0.17028325904635547,0.003127436006099978,0.025357025932682825
17.178967429019064,0.2465539515961227,0.27238883110838746,0.2501048007774029,0.24141776783301352,0.2245484864547167,0.233112803780205,0.22122632965163738,0.1946001286786815,0.196291022671024,0.17953047662095803,0.26223490134660404,0.255900908050345,0.27405933451025094,0.33595873137756926,0.23444975342203062,0.21144243965088785,0.22605042609645035,0.258185650905093,0.1696435200283119,0.0031087849504081886,0.02648263172004354
13.175464242273758,0.25054544867616235,0.2731166564469321,0.24257803881437637,0.23838817258467762,0.2115040863096934,0.23471271139765587,0.22464677900499508,0.1922674291606409,0.2074665020788843,0.18227965734675525,0.2576771483693231,0.25081295214013344,0.2601832416810798,0.34315903905818756,0.245411866071373,0.22781152443491703,0.2306257711522509,0.2731945182631138,0.16990968450186442,0.0034513824431406568,0.025943718004270602
12.347611701944725,0.2529666142806017,0.28675372266448595,0.23792634328413484,0.25562543103610663,0.20119938518201191,0.23173806174382272,0.20864768448928717,0.19245428758275093,0.2118931494558882,0.1773272644717626,0.260458126513638,0.25475126233495493,0.26243773989410485,0.3709043934974087,0.2376679952979078,0.22912728347842368,0.2385967357463897,0.2737494321533062,0.16905788180957895,0.003562669575385222,0.02708994057242658
11.610298211799947,0.24935855987900074,0.2797013097017547,0.23288928201601883,0.26271134839421234,0.202225601345183,0.24275553135410882,0.21044337565330506,0.1859795508722452,0.20854833238637752,0.1834270973582844,0.2645236681205592,0.2542523873568064,0.26394983427856794,0.3700033353708473,0.2443559666918312,0.22816608173914305,0.2491292846451742,0.27574479256678924,0.1701041600122745,0.003570786332602385,0.027008855172421686
8.895277571352842,0.25076372355954285,0.2806354037825604,0.22558144083290807,0.26674959872419,0.1909353314236202,0.24383095777127203,0.2128688061122614,0.1929007704011843,0.20725911953885012,0.1854309366369769,0.25803899663209895,0.2556590807957254,0.2521988303402177,0.3670941892340348,0.24761189417572446,0.21745593367682425,0.25847422684357046,0.2703604957079311,0.16877921326041537,0.003546373143644553,0.025835967695927158
12.571566276977174,0.24031552577356668,0.28037732700112505,0.21790942184296413,0.26268514195483283,0.1964199294197955,0.2343377446518427,0.21386940587367637,0.20546849157651595,0.1978825885395035,0.1844374683081364,0.2370175444839505,0.2541298019858725,0.2547736564247014,0.34700252934900266,0.24121115480308597,0.22499171540552293,0.24522664134727967,0.29374974481191807,0.1686349217421192,0.0036495274419126237,0.02483856686960356
11.169205033463104,0.23805199492700282,0.28143667580063725,0.21953070125488097,0.2704565661144537,0.19222925044625253,0.24111836342367682,0.22273128969965844,0.2030232048239329,0.19385116750375578,0.18263733139093996,0.23389287557194172,0.2522745802243332,0.25326869318464024,0.3468976654359369,0.23655531267464913,0.21434110199739975,0.23882614397661858,0.2940817115226383,0.16890528840104302,0.00377521720140169,0.02620250652066524
11.742790262376065,0.24069716484364712,0.28795356509794845,0.2203251185450814,0.2758678589573562,0.1931331051482457,0.24282890991632589,0.22123486295312017,0.20363462725137496,0.20066892342725784,0.17188538700500017,0.24450505156503127,0.26206056958879065,0.2619052085992812,0.35303358519706135,0.23117804111356477,0.23747424650983812,0.24007970462244313,0.29984870866521957,0.17005562163732516,0.003867895744872801,0.026476492491692906
12.815962217472476,0.24234888881825287,0.2849223146987751,0.22863569098157877,0.27635135980338404,0.18729405503029167,0.2557211953546923,0.2129943684405187,0.19299283143748952,0.20243290358712887,0.1777808782603183,0.2595323559675256,0.2667480096447755,0.24595947847992874,0.36329647693197364,0.21141894901097805,0.2575469459648847,0.24636709268596024,0.2925702762803947,0.17119114036435126,0.003817005776225097,0.026085530564402337
15.036948238816882,0.2440404744205434,0.2949346339935587,0.2351170388711754,0.26395055470439466,0.1955015396118815,0.2562617509170695,0.22137380602724513,0.1847708306312494,0.19848368751324144,0.17737948424218014,0.26261618685889726,0.2686534240888733,0.24215407361847952,0.36272428635725484,0.21603439934191818,0.2592103450763,0.24661914200822774,0.2967496961286522,0.17176704518359648,0.0036737245821006357,0.025513181507471682
16.815715772044364,0.23743176891377943,0.2979525519468293,0.24044842410064918,0.25375183962166714,0.19511870717431776,0.2487351494482858,0.22308034940471186,0.1939170477113012,0.19982117718883696,0.19059024283743908,0.2672277461220833,0.2749169401662171,0.23491596529001485,0.3710646848602328,0.21492653959995206,0.26390711341340706,0.24075594258585462,0.2761697357405898,0.17416602647959778,0.0037722094698860687,0.02551716965203656
17.403005547955463,0.25544521440286805,0.2948552206877756,0.24522777735475212,0.24667797910225428,0.2006175964763637,0.2456581346665418,0.21858387424530337,0.20228289130841035,0.20199472401515287,0.18852924282274536,0.2397104310284901,0.2749844846660011,0.2492531908047626,0.3633328046447742,0.22960156750246224,0.26584676068230484,0.23158514129842558,0.280626290688452,0.17243536690929542,0.003910504911172401,0.02532322969109166
14.203751260867,0.25577150750397376,0.29509486560161713,0.23937803552841788,0.2494194461551674,0.19888838272523743,0.2528332784875923,0.21522138895384357,0.20773432059427016,0.1964236551577209,0.19694670941807355,0.23132214396250828,0.2734330312203761,0.23808113562814243,0.3884683620020814,0.22694310680236554,0.2657297317374802,0.23807714296583052,0.28245754870779094,0.171200181689813,0.003977394918638897,0.025213400704295275
14.105820861375413,0.24756997024468433,0.2869790862341368,0.23971904789701334,0.2622320064318482,0.20581003186209545,0.25196345436057027,0.22725673874257388,0.21600822627535074,0.1937929669046499,0.1980647587219401,0.23061766445849105,0.2718485359154827,0.24656117190810156,0.39261340661961525,0.21760151540579878,0.24373508211376682,0.237332406975788,0.27919651832541914,0.17349960410019113,0.003974951043827984,0.025012268602159025
14.278361715615388,0.26029467335910755,0.26991147888177097,0.24329223847572307,0.24593951742867493,0.20394477567857064,0.25869287147377396,0.21724105922905632,0.22305416111916312,0.19496235601524692,0.1963081390913507,0.22761528127810496,0.27916980278586917,0.2426513922048693,0.39302742972307286,0.22728758730571508,0.25060732013290776,0.24327712218182568,0.2874713437468327,0.17318930708170113,0.004028576456283761,0.02437389216431396
12.618130549218938,0.25804128018253963,0.27067291287387085,0.25196226013411654,0.2532510324815635,0.19926377474099474,0.2488617582834429,0.22343837617180723,0.20976450327469764,0.20272967524629198,0.1921189598652853,0.24654814751248585,0.2826240463776679,0.2397528112284963,0.37376841247488274,0.21682875638399143,0.267847260814465,0.24166087292770144,0.2758739543076189,0.1745616682082933,0.004024448803270614,0.026209081771426355
10.098506214160945,0.2571638515168796,0.2679550827389513,0.24661691229527388,0.2624709434724191,0.20633498867513675,0.2418323401878054,0.2233578537650322,0.20851258744399273,0.20719626037176223,0.1945099928052319,0.2382988912060438,0.27094838339840865,0.2537332199827732,0.362351123105581,0.21664909123472786,0.2687745550354727,0.26024192243792654,0.2608865213275248,0.17493964869162382,0.003998606836054219,0.027618324998488267
10.158180649974387,0.2694012307784932,0.2742711190888998,0.2535757972889471,0.2591081748543393,0.2034319332207517,0.23169462376684727,0.2384997585565205,0.20014154296839848,0.21074595133807228,0.19764566473164555,0.2582810067522121,0.2649246229019336,0.27434579884879806,0.3836411127898095,0.21215141760581244,0.25547595023036473,0.26580289102433424,0.2563213973983499,0.17682410074904903,0.0038080777736412986,0.02724584992382904
10.744782790305852,0.2568568001370702,0.27464459411684977,0.2631470135373847,0.25835216583451887,0.20877223195705583,0.23734036200556455,0.21730732635214636,0.20194981944947013,0.20764269744019395,0.20226779121812813,0.24698421430543743,0.26523605444071424,0.2790396938471134,0.3724125085563385,0.20699628554536614,0.2555100555479167,0.2583177163504136,0.2638311850626197,0.17449476933248892,0.003759501144280569,0.027347199288198832
12.397457442940258,0.26780343016472685,0.2774546456683238,0.25727684958309327,0.25058099999798444,0.20649411766631506,0.2301389009513478,0.2250115583630222,0.2118572597255101,0.20028399470862865,0.1968771000262364,0.2639230942462424,0.2656297388856264,0.2780600459588598,0.3736105396990315,0.21967881981057524,0.25761569178558846,0.2539989892843259,0.24757335913837514,0.1755144502413855,0.0038491541973243925,0.025170024160008502
12.34297040475533,0.2586437745088609,0.27656537205117593,0.25175243032433836,0.25944013053311876,0.20320136393036914,0.23537968857877634,0.2318098419644174,0.21502351867256578,0.1997039087889293,0.19299964142775186,0.26557505888810723,0.2591118699558173,0.27808898632026685,0.36162022424761076,0.22263427132193075,0.25409002461294894,0.25294883331812407,0.24815418667347997,0.17670461746284463,0.0037595540148797485,0.025128826462080377
11.411288623697274,0.26191679661368583,0.285476229996767,0.24240231283108327,0.2549899335679404,0.20113215819698946,0.24697356924207456,0.23470926775551462,0.2177293553997559,0.1959009293612346,0.20080257204873111,0.27073574983302306,0.25202575446654407,0.282649504210078,0.3698105153347568,0.2157759144403814,0.26523063011741804,0.2548557565100371,0.2451369162654912,0.17602666531562938,0.0038798495782192905,0.02487276952846902
13.494357243867517,0.25569470014560997,0.2787181131266004,0.24572629715444927,0.23765706129346376,0.206203592220084,0.23534545561284925,0.22958768321935574,0.21125429246138416,0.18791108861239716,0.19518986071249556,0.2698012168823395,0.24219165668387074,0.26950951415423546,0.3855356133666625,0.21639691769724473,0.2698020215418684,0.24536002474791976,0.2447961693538326,0.17187084686397544,0.0039800304451533385,0.024894650955099375
11.08591752366164,0.25723057219255996,0.2755358439560626,0.26192682034322406,0.2351938465009636,0.2130685136207817,0.2322504571463255,0.240000354446552,0.2121874019439532,0.19204754037601457,0.19188629537223073,0.26720851834233894,0.25155734385952516,0.2688580582748961,0.38316783513650016,0.21030845642680568,0.280663560899203,0.24270032145683212,0.2533865470937562,0.174046204545952,0.003981319808135511,0.025589053425008522
11.38144532105041,0.251994283771796,0.2646213085888923,0.27107623084273624,0.2440135230764127,0.2269803293231139,0.22697095562478234,0.2389625720579285,0.2139417356035044,0.1946370209456827,0.17854178914113084,0.2652981453931463,0.2695373857714328,0.2623769560034195,0.3654524711670807,0.21438395185770148,0.2790182624765501,0.24000867341195894,0.24598392643664269,0.17397840038956927,0.004049745051884616,0.024303489380678642
12.66446072726736,0.2623409585251042,0.26682394296119055,0.2795858566557135,0.23645264730373827,0.21799409425056612,0.22399320436349263,0.23733232204979476,0.2108152145943498,0.19747789992453615,0.18298381603173983,0.26410646202383264,0.27380944423142783,0.2755399461008905,0.3650937244315702,0.2155254942274389,0.2887263660744214,0.235810945702383,0.23884607647833014,0.174538222827185,0.003997414113950595,0.02414706771715938
12.503158322857022,0.25419910449220023,0.27432590101029874,0.2829973322946114,0.23876085631653216,0.21512656125056098,0.218530910593657,0.24727624430146333,0.20960847071612793,0.18221835332389044,0.18355829527826298,0.26278896006457375,0.26558669731787543,0.28144243382729134,0.3647424813960279,0.21690022884079688,0.28804998641848373,0.24603897568884614,0.23134556097305634,0.17598581181588535,0.004136724201255309,0.02395358260847269
12.790736145549985,0.2624811528768663,0.26762640443745145,0.27692206902680105,0.2348663466050546,0.21358104669129585,0.22230108793534883,0.23831124429187395,0.2190783967453375,0.18391752877609982,0.18662958452951375,0.2479021255718276,0.27742729277054584,0.2724893292388028,0.36537205067938305,0.20948292601661297,0.28275088555299716,0.24417249196866286,0.24297531106084364,0.173321795526218,0.00431633164846547,0.023483383731662623
12.488651703898757,0.26607921544992247,0.26255712369448153,0.2637484215507769,0.22899110197732495,0.2247852395440561,0.22621246747967017,0.23584261935814926,0.2248273018331485,0.187778165307164,0.18351068716102198,0.2614847125601214,0.2513718764471468,0.27404326503132487,0.3491874898074451,0.22258226733619135,0.28686117595768545,0.23472029298280644,0.24133027114542166,0.17370319357358177,0.004270939758505158,0.022819934942040664
13.07228044298759,0.2586414231505606,0.2649392805325133,0.26411068797217846,0.22294362432651216,0.22498046069759287,0.2261527334279136,0.23635326072767907,0.23092403265944647,0.180219868004606,0.17889316191876684,0.2642483762475821,0.24796934087592443,0.2697231573897826,0.3536081867690273,0.22491916073508442,0.25864887346812787,0.23090780257684793,0.2487320415208683,0.17208977545201645,0.004213405693884937,0.022810213029316097
12.32924618264787,0.25755407926993235,0.2627285179904704,0.267221729095155,0.2294811795884384,0.2216016225606264,0.22687552257162116,0.2432328767424424,0.23370644706158586,0.18828040385857756,0.18916169720682324,0.2740795873475153,0.2458695172344914,0.2662524389510201,0.3291091468983392,0.23466747508011895,0.2673768089280879,0.22943790300546568,0.24985039282085206,0.17317301048944556,0.003976741116041796,0.024009570606850595
11.049601832495686,0.2645157672576309,0.25127327381481707,0.27538334238257073,0.23218735608260754,0.22188600109916617,0.23178430334191777,0.23208848754843941,0.23322154780432322,0.18119467541369455,0.18422417711713263,0.2719831357722825,0.24954893565816302,0.2826132777177762,0.3296607061295159,0.23381316626215637,0.2718722138553074,0.23363821263673545,0.25336422674840947,0.17296471644643055,0.0036983555440494907,0.023973250365433334
11.175969870252494,0.2705583264944177,0.25132747351364315,0.26458608373923953,0.2380030087921961,0.21597080560274193,0.2464852404531854,0.2250553288987074,0.23870306345656403,0.1710666177770907,0.19198005146065064,0.2746558093286928,0.2476074666261141,0.2784823380043134,0.33517957707537466,0.23525169291006834,0.2719990145303164,0.23900357127319036,0.2639038734992569,0.1756489486831457,0.003778123769000831,0.024207284445824633
10.693724928786002,0.2766553488056939,0.24602305447688694,0.26332312216574566,0.2402155753659608,0.21967477523890633,0.246160895416038,0.21655534818745023,0.24016975570399055,0.16986444927669295,0.19487791327922016,0.260005746287415,0.24045040431597256,0.27525182109058033,0.3490493735822829,0.23036716451181355,0.2816760011377997,0.23782204717503377,0.264038203377394,0.1752067723790131,0.0037917780532657776,0.024496271438991763
9.555513916833284,0.2639846026667209,0.24722481799901663,0.26199647435432705,0.2440281945953609,0.20377376067475225,0.239301569270111,0.2135029056076091,0.24679037909547746,0.17206111950778016,0.1953465058681787,0.2714627171558067,0.22766761798458074,0.28623195029708937,0.33491841912261455,0.2323061415304702,0.2850714821432681,0.23407635076749694,0.26536076329488795,0.1719777736760493,0.0039075116524067074,0.024295257829447664
9.233862542457153,0.2631401615221544,0.2572832878358564,0.2610554709680209,0.24219801364933755,0.2061767291622396,0.24096964655663985,0.22093179744480054,0.23476122675363809,0.16488975620074328,0.20983726488383964,0.27705373501457503,0.2324037216527617,0.29484256242422224,0.3237412177746817,0.22756473581165215,0.293529477052913,0.2218058645000555,0.2735612844956835,0.17270956545541996,0.003995633457944062,0.023403392969343143
7.6531459206355725,0.2589000318047296,0.26198969710490544,0.2556302895961111,0.23934836618595776,0.21072851286301245,0.24799067355198084,0.2114632304584394,0.24804145419068402,0.16304942275214032,0.210194225507463,0.26701339844835054,0.2281780476649146,0.3046422786882306,0.32058267071608126,0.22928800998940285,0.28882850712658,0.22176359386510625,0.27318194283329783,0.17115522195633207,0.0037925071561210055,0.023419790042373104
7.833291853299822,0.2576190354650635,0.2704071715763435,0.2592974661518688,0.22922615592732035,0.21338761023730057,0.24889324449156963,0.20258011768324685,0.24354962181416923,0.1630902677745204,0.20372398122065946,0.27136987605132695,0.240967489622173,0.3033072969303033,0.3219496359740866,0.22488643627303959,0.2797801567321198,0.21350578843956897,0.26417246006101364,0.16990967085280742,0.0036372133988623245,0.025036309876977445
6.230954134168936,0.26025252627629675,0.2621110939361375,0.25597942985240263,0.2365710103064924,0.211458740612724,0.24248984872644705,0.2029822612443276,0.23823456413216273,0.15768876930063108,0.204530429220573,0.2623267269313142,0.2353636005608668,0.30255682596975464,0.3230842753390922,0.22159510011177913,0.2767618295698164,0.21928116662856315,0.2793705474250645,0.17035606919516347,0.0036414496369775212,0.024617873970710198
5.4312446107394186,0.262660564427581,0.2607282666443647,0.25441793508006016,0.24204263386989447,0.21585916689529314,0.2439569167581965,0.21004769490461497,0.2396576271074525,0.15806829324356836,0.20705368862720813,0.2660157345294177,0.23905357780995176,0.30310870661240885,0.32042872316635945,0.21889186756659024,0.2544353344382009,0.23574964636639723,0.2675012482111965,0.17136897881269786,0.00381668749495551,0.025988643940338587
5.065930433635558,0.2547922071670103,0.2650042463463255,0.23381766837965273,0.25991229360719714,0.226276460953779,0.2390048646085005,0.18640992540508117,0.24309935179648656,0.15709135079665792,0.2141538978172478,0.2426114189614007,0.23753934063502155,0.302278687667687,0.3131612546399101,0.2325078553639927,0.25980155692569123,0.2419016500363629,0.26979348510418594,0.17188734869910655,0.0038264679911473665,0.02637976393095524
6.981139211863176,0.26426315246934573,0.26414022041488083,0.23411391057919162,0.2385087977260337,0.23058082005139274,0.2474256559430621,0.1920823725430391,0.24720792801195293,0.15201697037197295,0.21698571711510753,0.23134500813676692,0.24401138900278183,0.30353671259103415,0.3135730535013999,0.22821482023916703,0.25963561386007306,0.24717377226726137,0.2600261790160674,0.17093413181286476,0.0038197199793495577,0.025978792240013628
6.991375186338131,0.26640504942624876,0.27082319757593376,0.22552450992430764,0.2531054643915485,0.22555582504893032,0.23907406768404055,0.19607624079332553,0.23885642621175274,0.16336788355964485,0.2161471123261061,0.22225885707454204,0.2524723120777945,0.3365437290426416,0.3106243065022311,0.2131207591390536,0.2586372879938756,0.2512644201909075,0.2440494120628023,0.1717991437153838,0.0036744350039385754,0.024443123252610097
8.181558247929145,0.2702113650365511,0.2752327346530061,0.22531088119617518,0.2525916521428717,0.2212140152143945,0.24456616893466895,0.1951445235588874,0.2462700527076756,0.16526814680003238,0.22918692235665164,0.22377369361191723,0.25009403521685947,0.3421398687382443,0.3059974849475158,0.22053837251451383,0.2674280610659403,0.2658780608597566,0.23417404541111336,0.17314925505367534,0.003769713538750003,0.025561613590190786
7.516678816928313,0.26662607070077743,0.27248160692810014,0.22647432262767747,0.2671109504795654,0.20153242590511847,0.23722142077611474,0.19496873839122725,0.24905896105178166,0.16476088645197587,0.21857254098592155,0.22607185379815356,0.24536965607344172,0.32719562418480497,0.32063625487219183,0.23089426243889155,0.2590782777857409,0.26907204413884694,0.2378743820748829,0.17126562732225892,0.0038420050638650503,0.026665624050407784
5.262477605800037,0.264940978358101,0.2729941458855878,0.21837724654743546,0.26912565190649407,0.21790816460795331,0.2361335008883418,0.2014839081344796,0.24878335789942524,0.15716041910685924,0.22065074975148144,0.23015102470445165,0.24545284117916444,0.32339505502806093,0.3117640854715053,0.23405515469886262,0.24711740828133644,0.2660738037084495,0.22369695164779024,0.17164484389552492,0.003951947605481565,0.025986872997900534
7.700257404378765,0.2580562479853106,0.2767001461116922,0.21407455450362664,0.2775101524528015,0.21375147256352192,0.2294789277307728,0.20532519096679044,0.24700751581782035,0.1620037237597118,0.22096020602973304,0.2216519923263203,0.24069145751755333,0.32364703339733786,0.3064590864777848,0.23113959155079652,0.25245140032046876,0.2773597825450066,0.22426449634323534,0.17205478657528292,0.0038800002882170667,0.02529577229109893
9.625854411019525,0.24786539391051704,0.2789328819988355,0.21161735047685679,0.2850123122790477,0.2209450719341463,0.21669173914282816,0.21008161179589208,0.23766971866227327,0.156512831518491,0.21698561091979332,0.2141196410030177,0.24771302042756832,0.3355891032079394,0.3028490678257844,0.22082676012234395,0.24509306104803172,0.2904393668315248,0.22315252540720892,0.17345953060602,0.0037566028175658435,0.025357411193717157
7.621259310509129,0.2563169991100573,0.2857258206929075,0.20718040759124612,0.2792618313500305,0.21771774049431294,0.21086593610250315,0.19739024049528872,0.23968067014914188,0.15899000399724006,0.22954035433274844,0.2120261293713871,0.24555234246763571,0.33425225598678765,0.2948578908606538,0.22693329394036818,0.24446638481743282,0.2997345962061108,0.20516081282412846,0.17016281794717167,0.0038203556698481324,0.023791770880959424
9.413510492200176,0.2543404621419156,0.2906949982375146,0.2156177901020119,0.2720239633806714,0.19786354620923308,0.21135729543212997,0.21032754259772862,0.23531587693304393,0.1661709569328666,0.23166017643393552,0.21295511536175118,0.2679844273404664,0.33684765052826965,0.2944648446201903,0.2305925570537743,0.24847657733144154,0.3088480399503863,0.1973159525111883,0.17092351680253418,0.003956249008442933,0.024028407150888668
10.898748894208833,0.2517461889771415,0.2908294603320531,0.2212461648009242,0.279077180892298,0.2006441219279767,0.2151691711611904,0.21869723311368006,0.23198899760330208,0.17403433461317822,0.23962433032803615,0.2183020075737744,0.26384461467784537,0.3290355799380259,0.29880727727295403,0.23190499661924624,0.25457772840679643,0.2915724954742555,0.20210084236403245,0.17247780264673274,0.0038842071756542895,0.02402527284166641
14.220715726118998,0.24384324762350973,0.28081380100185643,0.22185667262574332,0.2846028761703176,0.19405579276671145,0.2130701907312251,0.22759883817668136,0.23057715418512403,0.16744026414953586,0.23398946394938896,0.22157157209756154,0.2577093535786282,0.31640830557519645,0.29127506205237724,0.23249862553130746,0.23709669090029756,0.29894012917707213,0.20730135514560694,0.17212330362989967,0.004195202812716443,0.023674015169886854
16.293912259199136,0.23275770866945544,0.2833379006608495,0.21281293843324414,0.28825491244574863,0.18761828656366256,0.20068768440022292,0.21623423564203978,0.21836441298470194,0.1559704592282091,0.23889685185647688,0.2116626248839624,0.2492033424736421,0.3005864616131325,0.30623521898211975,0.2271419931056209,0.23603047111751926,0.30269978069122877,0.19980651090975587,0.16636860486732505,0.004162593010246056,0.02265508046870062
22.405164440543583,0.24419930618281466,0.28224415232751165,0.21796511726428416,0.2768319682752617,0.20073881286230083,0.2046468738940183,0.21978996887157395,0.2039265167540554,0.15543456187198793,0.2377601850974647,0.22329888332393028,0.23308223345604506,0.2942839648501347,0.3062408958292754,0.23749485810777796,0.24433592041858618,0.30598221143615134,0.18283325811171613,0.16322397015789314,0.004444029104005552,0.02266859261909105
19.87326746561098,0.240939122051694,0.2857498047381119,0.21545851379884454,0.28939085134643017,0.20126877922576394,0.2008462771373506,0.22385544489763987,0.2205249145501067,0.14841338481369185,0.232435940900419,0.23273300121956605,0.21804027434005074,0.2934857352429368,0.31141132627691975,0.23904281471093006,0.24829846103973757,0.3017523077820164,0.18096217331689654,0.16678007939142545,0.004341621118417675,0.02410977821618849
21.128596656777432,0.2539864697536942,0.28288800868930414,0.21326971575708747,0.28973793162244155,0.20182583650466776,0.18828966788661758,0.23935239689889143,0.227494500407419,0.14631677106718208,0.2297536309096431,0.2301261390170938,0.21435146267548186,0.30359811921860996,0.3127048798487331,0.23609195870894628,0.24634624260376414,0.3053962803644173,0.18687784582946187,0.16774004922109603,0.004426541039860385,0.024688396321074935
21.847419614723872,0.24410464228557366,0.2849905633236368,0.20951208521644238,0.2799930525336046,0.20692483106157641,0.18801606924078165,0.23611438063413773,0.23704123270818275,0.15378874737873144,0.24071147013396899,0.23607262326384765,0.2083755133034787,0.3158432637379027,0.30384528871173344,0.23972037499884494,0.2520961042295407,0.2998635037361705,0.19004901757410383,0.1702092102893144,0.004369749035810879,0.024946376058593085
22.53530432270212,0.23763730283641615,0.2858299319429417,0.21212525000172958,0.29095029786592114,0.21595504060816448,0.19862487526165612,0.2267754989572866,0.23659423646318495,0.15613601361458418,0.24549705669524657,0.2448478705548858,0.21240246924451006,0.3200520835220216,0.2976412711117314,0.24063253829926706,0.25096198143636295,0.29329805926604946,0.17709793747564637,0.17043402756422865,0.004511944436167376,0.024859740928677324
23.790480928468707,0.2562770461223796,0.29005658773465753,0.20238814567709934,0.2806958542910495,0.2173387153240525,0.20364206287189257,0.2181188798920139,0.23517891437379473,0.15541528439831062,0.24317699590538025,0.2423862800885467,0.223283538535899,0.31988257829588396,0.3080242929421472,0.23963626462655394,0.2426609028247093,0.28671792472171154,0.19478744739143455,0.16777529496858676,0.004487596194364868,0.02396725735966137
20.586637768599697,0.25815230921615767,0.28681426834505314,0.19724680695178864,0.2722083491097358,0.219478778535561,0.1990112419291901,0.22948964983689915,0.23924907517820915,0.15110046474141267,0.24841679409985515,0.22658305747278537,0.22369335668272666,0.32538487601059485,0.31314422805617625,0.23907831874950358,0.2367679897007002,0.2669802683645938,0.1964426231777937,0.17193724843697564,0.004432571276847519,0.022953936178248268
19.293308594003598,0.2584787924378378,0.2869453420378317,0.20060983911139033,0.26749746074624436,0.21376463083426187,0.20407972838927302,0.2259890174983137,0.24522215827395621,0.15202299371433203,0.24863889894867236,0.2296587333445213,0.2133032003949482,0.33783114054625346,0.29569748124196954,0.2339975618717481,0.23631351714324852,0.27599793565685493,0.20366788205482633,0.17185210141370644,0.0046644566220222184,0.02316014419028472
19.181277365442327,0.26088809306188976,0.27629470782257926,0.2060637044422549,0.2671734989189638,0.21295888511589256,0.20694953867858543,0.22472510490286177,0.24095635365286555,0.13791978301550933,0.2545961524907648,0.2299644007164196,0.20232831537071033,0.3557281903062571,0.2912757541926743,0.23781816006560055,0.2494075069227823,0.2784312236568329,0.21922419661235432,0.17062611559405008,0.004698721748559295,0.02348148735633551
20.07413088625703,0.2677226968824929,0.2755343203710564,0.19822013575886296,0.2775190285867725,0.22022867895202383,0.20531139600016785,0.22124012064256285,0.2522067347771608,0.13263895480451657,0.2511192835394028,0.23532719210504466,0.20767022745145172,0.3526907458354718,0.28661185998723376,0.23337878698576286,0.25926634944303506,0.28754695879839454,0.21181335094650258,0.17241756017313703,0.004791808767407206,0.024347479860051088
19.304674183634187,0.2633650245445782,0.2714028063505651,0.2090320000381801,0.27501618028195207,0.22291250566919013,0.2018355900947016,0.20249698855845943,0.24725225364963643,0.1364589332556408,0.24976366794147217,0.2307381750313171,0.22544026969374498,0.35277663016796784,0.2793110265822568,0.23163053008953124,0.2640715664895296,0.27903364121657137,0.22207945124237413,0.1699785255091393,0.00467401888267866,0.026218418696509836
16.83114160255759,0.26156169541152796,0.2677608432429102,0.22033596209952855,0.28013619567002906,0.21596480686326144,0.20387927183084392,0.2122747766279693,0.2570462780602668,0.13265931720481763,0.2485311740760291,0.21488310571206867,0.23408326784592945,0.3424100551593463,0.29178310269364255,0.22849023173133357,0.25910264821537954,0.27955769563751687,0.21756222592016247,0.16952623787157756,0.00465394722123213,0.025290431282220676
16.24543090045234,0.26064130807797065,0.268679889916913,0.21786064038857184,0.2711303338739685,0.21508627236732444,0.20543584915724405,0.2122183754610744,0.257223535305189,0.13057704955727842,0.2503509802997494,0.231500330965182,0.23746003477757513,0.3371334561419286,0.2840961442300652,0.22558875574149584,0.25403931737816055,0.2689577867486932,0.20849416731464823,0.17091829344034132,0.004615505080868551,0.02529031491635653
18.85285549510963,0.26195854399272317,0.27518588770040636,0.2156678391910684,0.27067329804954354,0.22967208566030486,0.20786064816768857,0.21592716840689485,0.2557215060700897,0.1258473311835598,0.2647229798729642,0.22768866486526784,0.24805578658544503,0.3218232412851554,0.2862241779996142,0.2363732114073503,0.25665806771819766,0.2833055565544358,0.20822711230425964,0.1719364924904813,0.004601823126919844,0.023892274527862637
19.822776391728368,0.256873848765733,0.28827213861004464,0.21314098825644973,0.2703978392034538,0.23079833213741546,0.2155356835915718,0.23199744091292945,0.24793283820063375,0.12519415058448144,0.2627334634789274,0.23717467832178887,0.25100260820405323,0.3234401271100435,0.28906036245910705,0.23025975902523912,0.2570438781689909,0.287233064820851,0.19722985054839054,0.17233404932412796,0.004569317577591864,0.024425361414402477
18.288945205211057,0.2632204120810602,0.281978239406747,0.19910394168470888,0.2736626449989307,0.22596631600115896,0.21789057851403307,0.21760557643559972,0.24609841598865378,0.12521951106869095,0.261372358725623,0.22262938192293052,0.2505413026675507,0.3297157305490501,0.2947153202921082,0.21987545446848006,0.2489608790244309,0.2792968473757933,0.19891127546674178,0.17088204918113273,0.004523798314032602,0.02516866216492841
18.617427850695176,0.2663035315417813,0.2603994123550516,0.1944847104497316,0.28143546141028786,0.22479656957649094,0.22860824558123807,0.20707210126480327,0.23985062404845423,0.127497384806385,0.2607873310699762,0.22739162760797463,0.25544174643252443,0.32154055162953954,0.30251623968577374,0.22654560270012172,0.2670707780720831,0.2909251455166527,0.2111305839858996,0.1712682334433852,0.00463958178778116,0.025426522790439762
19.867495815103982,0.2773232481541839,0.25404920856624824,0.1880006829776298,0.28247369995609856,0.20811813730259082,0.23748350380107838,0.2113479157025961,0.24929984921500006,0.1390274855563769,0.25983811932763334,0.2057114961289885,0.251395302210833,0.3276274102365743,0.3195230362556114,0.21696116323944262,0.25384731822209994,0.3052220996623439,0.2026312748077033,0.17272464389762854,0.004719335795125133,0.025299907811791884
22.25710578720216,0.27594107192032674,0.2495029794654474,0.1990092884610531,0.28415142975163,0.20584729412567945,0.23451097056069592,0.2002502256585655,0.2554599229576753,0.14230292913651182,0.25614787100411796,0.2079922325924404,0.23636290317972825,0.32026647038310757,0.3071949186349923,0.21340848812135818,0.260429197141476,0.3014938264388019,0.2004982326228803,0.17330876592661165,0.004780244168084989,0.02599468712424016
22.548696204745408,0.27460694921187706,0.24841086116931405,0.1977621617180658,0.2833188565784205,0.20449422726512176,0.24207945110398066,0.19528897078183738,0.2524304478880178,0.14953135637310563,0.25569995153561204,0.20471154132970634,0.23752554913292337,0.33216152485526673,0.30624897492113534,0.21516389791395424,0.26487250089377196,0.306497149612286,0.19972883857121532,0.1718701264848163,0.0044972464888351025,0.025409746169389645
17.626066141412153,0.2782570708033885,0.25582203659355296,0.20327143599237008,0.2761698925485673,0.21502422356061798,0.2396261534392734,0.2076385970931257,0.2563347319015258,0.1481728508448177,0.24141279609095398,0.20302138585429716,0.2358947749203596,0.34554735172417805,0.2969253849660733,0.22466119325964348,0.2751034288489455,0.3001762216364508,0.20130280893521574,0.17252821407069788,0.004454962171758556,0.023440883242307545
17.396039756324395,0.28512117113622304,0.2543094133884877,0.20239595784658101,0.2861022310099511,0.21536409539177964,0.23786118331179923,0.20817093685764032,0.25513800014114235,0.15169860340381577,0.23306084081772233,0.21236043778841307,0.23882761845949685,0.3359554020499148,0.29909554225990365,0.22260029465662518,0.2819634308205211,0.29013759678170625,0.21107428278672855,0.17364034811043752,0.004322388344694238,0.025182323032114692
19.6982973276005,0.26901345256479653,0.2577880902889606,0.21072842393160332,0.2824397792044145,0.21758673034175535,0.24144528865389203,0.20155944127240874,0.24177791054476483,0.14848199841667195,0.2460747454240646,0.23227646856893938,0.2386931880257387,0.3477315628926397,0.28852748234948994,0.23244771261414074,0.28409283477854747,0.29374568351347613,0.2188168603974925,0.17560376517222545,0.004299504142815204,0.023600444669605775
14.093154148814795,0.2740938800470835,0.25974141419952607,0.22018314935224448,0.28943342494240615,0.2211199120547447,0.24692134221712733,0.20647711005634975,0.24592347510684784,0.1502848239732838,0.24392968721343658,0.24081295484277543,0.22010862256420494,0.3399955594686819,0.27871605091536616,0.23211497877524476,0.27917526213796723,0.2916936595510545,0.21327990071611516,0.17513771040816387,0.004214524823042167,0.02372467078440204
13.987504175069484,0.27302228542265206,0.25871271669056695,0.226656639448293,0.2856169435813352,0.2190509073772126,0.2462429183285749,0.19977983171722766,0.24499949369480514,0.14172044918558815,0.24032976821767266,0.2442287060280259,0.22273708574274334,0.3552986957396207,0.28646155774658105,0.24261916124399402,0.2839154070027367,0.28084480592355004,0.2109728704595951,0.1759807907502161,0.00418585013949994,0.02289171858213325
11.436516630368532,0.27940517187770236,0.2698022418505666,0.22591496104390138,0.27153814279020555,0.22573096339237586,0.23436850526648897,0.19984816670475955,0.24745108366411372,0.15439809974060886,0.249994497599338,0.23637306127117533,0.2240057989776857,0.3494096292775339,0.2951866948529849,0.24403441433921746,0.27816641925041896,0.2759243303481521,0.20230874699385779,0.17841321666366455,0.003975588447930076,0.022349206647837443
13.198342908196505,0.2720995332586608,0.2872265016728278,0.21644635374585747,0.2704147916272182,0.22599346569928658,0.2241319081851482,0.20226791720872664,0.24361057546039908,0.14376202562136053,0.2507001923548545,0.2421817630074221,0.22770040317596754,0.356542098721027,0.2850331073721996,0.2518640329882194,0.280126824994918,0.2768002671762984,0.22142405193878759,0.1755873812502801,0.0037464356111062704,0.023556459427550632
12.308535126605264,0.26430496503409345,0.2943534056506422,0.21828141594545106,0.266298106729843,0.22191928459364518,0.2280655776371559,0.19826128626344963,0.2484823128277406,0.15256258628600777,0.2480870874219154,0.23426724767471374,0.23889341075947707,0.3381546758893202,0.29235769536175776,0.23952033065822617,0.27647693942539253,0.2797814298510969,0.22393101840178845,0.17547513046557783,0.003673793604179299,0.023544328756332094
12.089760048104159,0.26600398015287674,0.29361534733459455,0.22409022424140468,0.27202723211397045,0.22414539506554945,0.22715890868468938,0.21192022897626464,0.24545153714874252,0.149694153782129,0.23711744086696823,0.22139487739198802,0.24696270756144967,0.33747361378809637,0.2747575031862921,0.25163973775644094,0.2807964932980832,0.28442556284654447,0.21000266630316472,0.17326900933033115,0.0038119369359957,0.023533423645936462
12.057067957646224,0.24847116687459714,0.2965231804890449,0.22364298895175316,0.2727584580765611,0.2292210677272281,0.22989449094366285,0.21725827375881485,0.23970319709026935,0.1537521518228389,0.22475311277432064,0.23436933196092033,0.2618956956631814,0.3542419956497472,0.2743362659834253,0.2451028259990025,0.2906413550719736,0.27935291371395404,0.21631598656502904,0.17463462483615566,0.0038927047374382323,0.022774228768404528
11.132243204876955,0.2684456091655259,0.28873248136579927,0.23324972017217957,0.2657569933931447,0.23383551444678405,0.22253576906038694,0.21161451843973897,0.23602955072852508,0.15244676318710357,0.22593934869538826,0.23155834932826577,0.262341394395615,0.34824423445291114,0.29773611591108917,0.2407641694703812,0.28765699479999735,0.2830457950116573,0.22030920311068217,0.17542932157386604,0.003762947602519162,0.02225377130700219
9.187491067768642,0.26691688307221023,0.28942610193143636,0.22632591910305874,0.26380689892980186,0.23644696668954748,0.22627868584743815,0.20518461023721235,0.23245082905954126,0.1560501374533631,0.2191908873411507,0.23895380063792981,0.2525690640520636,0.3366505121713155,0.31299280262891094,0.23412687062978793,0.288137527016614,0.2909604895480231,0.21420076347589292,0.17386449681952124,0.003736136541117211,0.0239495727469629
8.376960778247318,0.2638307379885916,0.286400100784427,0.21965395610552446,0.2680371480465632,0.23943574642781043,0.23349579143829016,0.21167064679635686,0.22739241919626682,0.15427019502658545,0.2289031689157848,0.24769782502456056,0.255553761385518,0.3332555763683639,0.3027322828127167,0.23684547789759194,0.2921418495988317,0.29072079776657617,0.22180887288211595,0.17654828381472523,0.003605825993340927,0.024076511405272505
7.8356825561538885,0.2594630597174254,0.2841896679448109,0.22468722629085744,0.26160403821332406,0.22706581747474675,0.23683929429837128,0.2096014855779291,0.2289802003880656,0.15594773807856901,0.22236854404267278,0.23539338150147654,0.2501474432021513,0.33893022997965966,0.3099024081449722,0.23298412981966593,0.2849200230222781,0.305407601855203,0.22887375660656004,0.17597110265189017,0.0037497524362978666,0.023979617630295328
8.863768921836137,0.2694416768067684,0.2845081629331316,0.2289490423944794,0.24193738374072266,0.22496632341191763,0.2410895514552707,0.19802057709829293,0.2307905034120828,0.15476750746135767,0.21658883607949594,0.23312801966006413,0.24526341035788218,0.353454848476191,0.31237428233019265,0.2158407507632507,0.2855089260408593,0.2955609207018875,0.23271551071042837,0.17419274523813102,0.0036478500564792052,0.023356476212188587
9.29420520352616,0.27469914689144254,0.2782680992239519,0.23230546265812788,0.24655523700309823,0.23098707341996136,0.23782852350997413,0.19948543670307678,0.24392414931094225,0.15227051315615237,0.2171158379970685,0.24252246916253864,0.23991741380504927,0.34418644949521404,0.30770441513849717,0.2109943513276629,0.2793076118173949,0.29782365799100796,0.2270519455425451,0.17596676175618553,0.0036013702452315785,0.02556398988664487
9.126907277175828,0.2643337755181877,0.2664788094211562,0.23267078048911888,0.24621461399860317,0.2276641967411716,0.23541362303104038,0.20165020470457692,0.24408722452942694,0.15411426926526553,0.22123443365556802,0.24527028621986927,0.2350933934633527,0.34446316073954075,0.3075536623426325,0.2031488561179901,0.28473734267789363,0.29329391628763096,0.23611905495510505,0.1723792716930077,0.0035826636967734252,0.02479242941279593
9.154357398225207,0.26947311946940694,0.2783395192375231,0.23310606232286366,0.2467290851335915,0.22544340219321793,0.23397934028408265,0.1988448895908565,0.24468762231265384,0.15285741480872578,0.21881216866365774,0.24638103504284598,0.236275384962225,0.35334509656740326,0.30664018149357664,0.19865590873197547,0.28463841696325376,0.28484531937150365,0.23786215194923124,0.17553216776557587,0.0035657159352946726,0.025496373573591
10.86818831182873,0.2740649846256097,0.27464760926506887,0.22674820410288285,0.2614609940897649,0.21098472181595251,0.24745140917817746,0.20828526701873315,0.2471315027199471,0.1625850268887005,0.20935989722795978,0.24823402884446627,0.23751497933173493,0.32912463139917786,0.32289364589452507,0.1952643823991608,0.28927683837590423,0.28700218011601264,0.2416467513700636,0.17528993660404238,0.0036761366868270956,0.026308152175202264
11.684531409492518,0.2676080143245711,0.2809468495492607,0.23339488771427547,0.2535095945183108,0.21416972844599466,0.24923948235734686,0.20012059265873833,0.24815257787011713,0.1652548962935576,0.20317763174845302,0.2626659020872425,0.23544879501130433,0.3244158099701137,0.3233034953401977,0.17664952117707605,0.29474521864536807,0.2851269780610924,0.2634373279679598,0.1726889326524102,0.003799877527737514,0.027163729868377652
12.273754946376096,0.2640548802996094,0.2809708941680197,0.2355637506774918,0.2561384192583584,0.22207366970447245,0.24722253268035904,0.2047635500954295,0.24103017177565036,0.16443154752203543,0.20276338803380933,0.24786398930292497,0.24201003271166532,0.3353661399565789,0.3390416977739384,0.18352737682871034,0.3090072760875556,0.2660791246480661,0.26621283792523187,0.17487220287024113,0.003694776185557861,0.026201126972685864
11.323796892277029,0.2747971335390588,0.25784111294829326,0.22792274116134884,0.2786975019749435,0.20552758009177016,0.24057501615928356,0.199477909474806,0.24191210311554706,0.17686668977875256,0.20222848695329476,0.24034786544805947,0.2327709644874669,0.34450457157493414,0.3293937222235596,0.1832157541272307,0.3138360381579494,0.25378903680367404,0.2837989225440439,0.1732865499036458,0.003605456841574039,0.02548254714461362
13.038460302870906,0.27150557016675353,0.2586972630195206,0.2273299232497875,0.2880598115770453,0.21740111045115268,0.23760228614115192,0.19671983485107603,0.2315519328910658,0.18254420319217854,0.20950132813666944,0.23672975429450455,0.22774886488630441,0.37073364449941626,0.33720116798429817,0.18657876969184614,0.3070066700985248,0.2422415765675254,0.26949981170698045,0.17526211827786428,0.0038134330193878474,0.023614756844303638
12.997136174471304,0.27222641667515723,0.24867996852302543,0.23814468650076442,0.2802845875275353,0.2190982062879944,0.23538307118759336,0.19733416177045554,0.24301765643131698,0.17941293979460662,0.21645740110318318,0.22922132198085454,0.23680560434061743,0.3661099412522149,0.32169769218454514,0.19132668481145154,0.3121223006415141,0.23734927336142014,0.254979856307427,0.17344005664061488,0.003794987297333538,0.023546945647667957
11.518771346149677,0.27933909884802294,0.24111102904292453,0.23899094422330694,0.27471776642816853,0.21753320919866428,0.2356231789862572,0.20985920022017723,0.24049721973808016,0.18331480751549317,0.22271285235481253,0.23304894699849515,0.24120224201773569,0.3640998493090988,0.309912312130923,0.18739840346247577,0.31830012843611644,0.23866062252045317,0.2596804091622549,0.17579637037271081,0.0038340380715383565,0.02475752968309572
10.535476142407678,0.28239953521106986,0.24552583854681864,0.24832526820396805,0.26595255037260357,0.21960598108742335,0.2305705704322851,0.21900857383650948,0.23364432838172336,0.18080530902748138,0.2134975606750642,0.23171645468701216,0.2271344514973452,0.34952561084693945,0.3058565228191491,0.19895022690237324,0.32090179895377874,0.24621791320721995,0.261465077240708,0.1748199694263743,0.003728539856470508,0.023029065469496297
11.269137878683404,0.29532149719073736,0.24691727303659194,0.24561680869411023,0.2665681849239792,0.22595228278164858,0.22946614982709684,0.21853821606215088,0.23392717046540423,0.18304518345861556,0.22574481562981866,0.24586935639787863,0.2281364742383297,0.3544021147429719,0.3271839530470907,0.19913777271682398,0.3304639617594507,0.25428204087868944,0.2652445256752059,0.17947598999756714,0.0037422600595441832,0.023176943883438866
13.411959784080995,0.2872120948901368,0.2546405150899536,0.2380549559642096,0.2661377424663719,0.2363648227601988,0.22034269971297865,0.22555078758096883,0.23352146366056248,0.1817194426654241,0.23257567245104147,0.25091180370397026,0.22994553265138673,0.3302902454190983,0.31842282921487625,0.21642094637682266,0.3295624794761113,0.2691357305902374,0.27643834376049936,0.1785706664305484,0.0036801115503435873,0.025668877491803077
13.372606238848306,0.2912907377297244,0.23508161406220135,0.24017479115094578,0.2623221139980848,0.24336053569062294,0.2204545604501169,0.22290060656921445,0.22835325361588127,0.17700186623763967,0.2292378798342827,0.24769780056995222,0.22567861751873808,0.32436838365144743,0.31218006297032574,0.2104439948860928,0.3265959094696246,0.27023359513019923,0.27146258764032627,0.17597661499895112,0.003533744073127546,0.02543627147966857
13.772532767929407,0.2966542924718061,0.24065966824138427,0.23763806553386355,0.26649149735618277,0.25027991852065284,0.2247692076954279,0.22114825046995037,0.21937994459724539,0.18602478449647147,0.22575319449619602,0.2486050672862111,0.23740842864562128,0.3341265188251431,0.3186090698734697,0.20887038176519634,0.32612396394861226,0.27320709971869267,0.2676718904253303,0.1763142627339366,0.003329108619095994,0.02676206281002269
16.623698787403548,0.290913389370338,0.2520162196190778,0.2306434001944865,0.2580000444015521,0.25181690171446575,0.23417776418399333,0.22321063113099074,0.2253972797654826,0.18133445501698925,0.23227157116347996,0.2550145805049771,0.23516068624304748,0.36079915859995265,0.30673565738972636,0.19598735912610846,0.31332201630248047,0.26964558797068094,0.26274661515622133,0.17825324032362574,0.003329696951812884,0.026165193353813017
13.572294396871529,0.2886483331573897,0.2383979276243611,0.24124204643129116,0.2579790732584133,0.2533310531404574,0.23367661020016825,0.217036474895219,0.22703261548327777,0.17920077614445765,0.22982766664228316,0.2656278965134645,0.23851860616028983,0.36270127822238846,0.3061956304165871,0.21053675203490615,0.31375236511836824,0.2770185939051356,0.2596417632625151,0.17934313651887343,0.0032474088575470987,0.027121808144233196
14.265720380848947,0.2903355199506322,0.23361075413137286,0.24605091777581534,0.2527252877016833,0.2419136997544084,0.24392956912513206,0.20924917314472763,0.23326642435980965,0.17944298390022326,0.22861117153366692,0.2723636451862175,0.2533157902762641,0.34470039858624163,0.2939399530521036,0.20913080304387677,0.3165813398322188,0.2661881122302782,0.26548424920622343,0.1788177153607598,0.0032128857203721018,0.02635950711010719
15.239174382912502,0.28743999837091305,0.2560482777256364,0.25597715149904493,0.24897472207037194,0.24323702298913713,0.24554471226758515,0.21295952015504413,0.23668051672357096,0.17261663958579132,0.23690031764053604,0.2751987231271907,0.24054934558023935,0.3408262510773711,0.30943100331626266,0.21055025621476964,0.3310210711058276,0.2664165294994017,0.25502116634500527,0.18070921617950864,0.0034429354984953204,0.02639323197692568
15.566771286287981,0.27754326467184176,0.25915425792595204,0.2473675164283643,0.2598185059902642,0.25514803894888693,0.23881082339868162,0.21741055128394948,0.23434957459771985,0.1796536929942835,0.23183536403132232,0.2735680098749401,0.23637271741314722,0.36193475674774356,0.2920842111555904,0.2207941440241992,0.32774250990221027,0.2786914565912961,0.24807074716605013,0.18256194293680014,0.0033592519614951176,0.02716040137222272
16.527907300485463,0.26637865866855115,0.26443001220708523,0.2548562505809755,0.2642634918195381,0.2606770779197246,0.23417529946272383,0.22344965762466337,0.23699395003357404,0.17976905519855038,0.23969476480259053,0.26621825395914284,0.243717589957349,0.3653376828569726,0.3142209453614692,0.21720840018065649,0.3189977537781201,0.290119197382345,0.25669492236804853,0.18289041252298352,0.0035326734825702182,0.026650958954394132
16.01935109427833,0.27202302353515856,0.2641078264453821,0.2508221848336053,0.2558673392593912,0.2571136914421094,0.225296452715078,0.20986147854307552,0.2424335171367727,0.18137439592415466,0.23906588967562636,0.2591133217700266,0.24333784602814632,0.3730436335924604,0.3044323016499309,0.2091846098813214,0.3211298672635007,0.2875862014084212,0.27493680679307914,0.1812442182980881,0.0034476702277172534,0.026101982017152244
15.114118534362818,0.2788847745525139,0.2695540954782418,0.23907832230436513,0.25850975376043933,0.25442253356451167,0.22050050742856314,0.2088015401993743,0.24990880393579185,0.1821387548861338,0.24566752661295907,0.26629734985556625,0.2463346912937492,0.3594553258923293,0.33634983154509335,0.22294160663457202,0.3180018829970303,0.280062735835401,0.29590523424249604,0.183414607929441,0.003540039966392384,0.024017465260132306
12.435588314578112,0.28133017651697756,0.2710729511039642,0.2436926933906131,0.25899081559523146,0.2578452095366624,0.214059501412501,0.21440789786094128,0.2528293768999211,0.17908616744327163,0.2447108268937919,0.23786401464823703,0.24885662954116824,0.3734600434706506,0.34518454417426775,0.2303810998615281,0.31950293726236934,0.2760871942572186,0.2969780027484243,0.18409880096171768,0.00338036371746609,0.022849314706827866
11.681881912715813,0.28097565078910147,0.26339507329074985,0.23484381513370226,0.2654611205737996,0.26384306740300856,0.218833588476268,0.22516207992695167,0.25212131584397635,0.185655956728596,0.24273337202033032,0.24125324768452788,0.2526823821291733,0.37260119352754895,0.3335395532520945,0.23881511433218672,0.3102285938508171,0.2705832482218886,0.3017426610463301,0.1840964660542159,0.003203201380212696,0.023363274677960153
11.345956697306198,0.293599393206618,0.25686402221545795,0.22840538072586353,0.26525210787181513,0.26546483444208424,0.21515806118621564,0.23854689251897954,0.2539678862811306,0.186375203656261,0.2268679188257721,0.24682000902573187,0.25264364060228667,0.3735367565974778,0.3304977483152639,0.24055201165797488,0.2985723334105568,0.27647672953933095,0.2885794080636238,0.18174845738849785,0.003261657994955406,0.02349241417554323
8.114685065769066,0.2802459380723198,0.26314114969270325,0.23842635013606897,0.2647510392284887,0.2584632731880492,0.22548566603036715,0.22774740382848893,0.263834566277826,0.17865789874931595,0.22852884167086004,0.23777960185636904,0.24513965377965957,0.37437497015600457,0.3345604264122852,0.25135770809754077,0.30297513361181705,0.27869532387826895,0.28474765203596253,0.18394823071074842,0.003301541978855035,0.023833219680222208
10.320233406723666,0.2862338618891033,0.2671298233655285,0.23514237718115452,0.26859184523097357,0.2539537159517092,0.22714418122565178,0.21123686201372116,0.2640263632729069,0.1785970403212013,0.23194042559632302,0.24314313158096032,0.24456713926899876,0.3703041417118523,0.3290312525863986,0.2444618076318425,0.30477780099608015,0.29197372147613676,0.28698976084850863,0.18385085187707764,0.0032753312369618666,0.024420818978756885
10.862293942655487,0.2876819663613457,0.2530078467928356,0.23912688765912038,0.2703251828542985,0.25220854475628457,0.23358813888343907,0.211372929251928,0.26903802315717595,0.18538940898870082,0.23691346404868815,0.23013939960442914,0.2454466992559335,0.37684257506762303,0.3267083756759814,0.24461999988409322,0.3059741061356677,0.2795900773616793,0.2868177340811357,0.18339597702713328,0.00319290626286837,0.024935814496865584
12.733465672906807,0.2794141413851041,0.2668824953025576,0.22246165127243706,0.28551511582048317,0.24368194019962613,0.22892521939655905,0.2031415565659389,0.2625684648853435,0.18774216789883047,0.22781466645653226,0.22779513652137506,0.24662902472662523,0.3748415634712231,0.3227432512965398,0.23732614501378044,0.3088814469234216,0.2679900035898958,0.2869283288757885,0.18205052995699633,0.0030480832379354847,0.025696146140617954
9.859180051992865,0.27197003280979937,0.2758126670672366,0.23687064024838714,0.276022343532591,0.2488572729585409,0.2348817714186276,0.20495587013011202,0.2590754649113467,0.19401038734921017,0.2336730782368042,0.24300192963572617,0.24094008948672113,0.3699703689938271,0.3396919670814437,0.2288571841372338,0.3097238386690013,0.2587350009527613,0.2839392849378269,0.18418181193259012,0.003042138779329905,0.02860680722354723
11.061819708719623,0.2832615494424171,0.27446962737853614,0.23213123214874848,0.2711052320024602,0.24096434055936833,0.24039749027181262,0.19954985599504566,0.2515605095542106,0.18804911990391282,0.23572556717867607,0.2525164450255959,0.24756910087938852,0.3404897029041582,0.33466325648345485,0.22880745706041158,0.3110988245942617,0.2684564152986519,0.2784803320550501,0.1800962665868522,0.00295926867129147,0.02781389346206773
11.281070634156197,0.27903940770158975,0.27882742640942015,0.23239651894768737,0.26151462568927664,0.2346211193134816,0.2425537223473579,0.19949614845269556,0.25428827011543975,0.18974187984620716,0.23088274466478495,0.2421103447915856,0.24920738150940483,0.3413246571124571,0.3308808000164399,0.22661702584829851,0.31308697608288905,0.25232172604956654,0.28991599588719547,0.17988996693047726,0.003025471950723874,0.02712513721432268
14.205539375328838,0.28020442509735544,0.2903062890434826,0.23333540899006702,0.2668399488686925,0.235305854514769,0.245200043148849,0.19697796500810305,0.2624793467602676,0.18637848997376594,0.23340062348341648,0.2510090557232658,0.2364568018257574,0.3176675090997096,0.3485998117366109,0.23215919395924156,0.3128633372662104,0.24803536478104646,0.28929532556998694,0.18282306837582504,0.0029825613493687864,0.027542976748344647
14.28053736026171,0.27656538617225496,0.2977897090865673,0.2258667473571005,0.2599541653426352,0.23257894049937633,0.24938151789876503,0.2064723433040118,0.2675819497956179,0.18746931463340075,0.24113520999465327,0.253182042886114,0.2425117817196046,0.3276037766148583,0.34995004007720915,0.23626697982037934,0.3140976199463091,0.25329174207875815,0.27784569525763353,0.18459146560829962,0.00306439589441088,0.026886292512051727
15.169075406073324,0.27652484148126577,0.30031785930492433,0.21354982225271388,0.2673444392636399,0.2281739332279216,0.2526780455974208,0.19374017527208448,0.25702658529923206,0.18364494306935586,0.23561689992497942,0.2667180907387369,0.24111252503988123,0.3347823847080481,0.34416353965636887,0.2327617669407162,0.3136271099073596,0.2549304221459671,0.28581487171224323,0.18340110933112946,0.002919178423436902,0.028349367841938918
14.086698809524936,0.27243039465302543,0.311728058099593,0.2198642987186309,0.26179671224850143,0.2337805413979639,0.24784288223200082,0.19792130409382042,0.2677233097495481,0.175339344054421,0.2281258270001315,0.25483698531313564,0.2512145995328606,0.3433330089697401,0.3369836808479676,0.23494109614203443,0.3054917214211115,0.2543669344217078,0.28206941383993495,0.18459043171482287,0.0028090354980217507,0.028670577695782348
11.039505324035945,0.2660245205549748,0.3171884221653565,0.22629254869019347,0.2633633866167271,0.24255446503956,0.24905815413203825,0.2155003802902532,0.2684070058828888,0.176168231856586,0.22394917136530007,0.251890024228792,0.2634021213181654,0.3472563571526183,0.32286975510130567,0.23132023707835367,0.3170839195939783,0.2619049166596763,0.2853246774683386,0.18441002364270281,0.0028421191248999334,0.027895555115372474
10.19417672044268,0.26732148008726353,0.30615778120997805,0.22408178014819757,0.2717859391883532,0.2284771093690247,0.2519412332349327,0.20582758694795011,0.26290028841807783,0.17405942543452613,0.21933469958567256,0.24729649491431382,0.25757233397535295,0.3241722510139869,0.33120130768517253,0.22295106466039166,0.31571391550451516,0.24933516808222128,0.2901619870242146,0.1810018199634522,0.003107496992712573,0.02742897886932417
13.38768533372613,0.26845671712788494,0.32512398158508227,0.21211210599420927,0.28073269661415706,0.21972143723438833,0.2547893700265084,0.22305381315311307,0.25960525660404865,0.16814297042953863,0.21888279945919348,0.23635986407752585,0.2624646265175163,0.32046492680539757,0.3365616847705449,0.21996838889379464,0.3018459779708364,0.2377008942614182,0.29391304762267334,0.18203553858807095,0.003217934609986297,0.02733018691966269
11.413937974348096,0.24688326517281275,0.32399054389513765,0.21154645571834296,0.2730674788307553,0.21558846469213153,0.25247844403373354,0.23152084472585785,0.25780762132965374,0.1463535366028722,0.23014569514162556,0.2431123779453773,0.26525135972242203,0.3181683355514206,0.3537877359200243,0.2159975467991131,0.28608893362636156,0.2534444987363264,0.2879833443173828,0.17996272694472779,0.003282711366389672,0.02688742413961726
13.159060125704167,0.24175788891771047,0.32414397438933124,0.20842294757209506,0.2698826241921599,0.22368886014351028,0.2589554582073963,0.2205005598285578,0.24856135566363127,0.14910610221323894,0.23673493935761494,0.2387658876845072,0.2614259845235843,0.3247508320582811,0.3392409838056003,0.2100577820762926,0.28465893868842757,0.2611177912958576,0.2836015410323602,0.18316432187935147,0.0033534668623850113,0.025824985242184757
12.405196689517695,0.24219388998104904,0.32700023416276,0.20571302375116624,0.2583578628813175,0.2295368373723029,0.24422341631559918,0.21141103924706273,0.2489685067102013,0.14908519235197,0.25433908726885246,0.231234917242887,0.25847963267899876,0.3164597805346365,0.3391343169715296,0.2087669833739827,0.2998404299357063,0.2518800479053058,0.28167026839623066,0.1800685015376957,0.0034614525426612686,0.026001972870807185
13.513652987599718,0.2538874646906756,0.3058881039910758,0.20969472010202356,0.257049235278854,0.23399461258785553,0.23847836465786695,0.1928666574017514,0.2551839100825976,0.13516940051954346,0.2475287971133286,0.22910268583475454,0.25643417585864925,0.3203666429815059,0.3508545422656349,0.20646823328481478,0.2927332218966721,0.2578274749174543,0.2768626878857218,0.17460253813704563,0.0034720738331415965,0.026591103001220553
12.26356160836171,0.2590079700425725,0.29713574131125947,0.2212850112448383,0.2396485422130469,0.24255515898310925,0.24056203212693655,0.19764426770544005,0.25863808118807713,0.13513809617798733,0.2446161190206432,0.2155790373834553,0.24908870097469044,0.32431094816012823,0.34605031685093585,0.20277869930697606,0.28571742708314385,0.24935927123259963,0.2760106382190981,0.17456324198073925,0.0033345150493629683,0.024453604046619202
11.59070887583131,0.2550063579586037,0.30157158645086635,0.22163107875408114,0.24848321450876162,0.2310002820172663,0.23200095506350588,0.193427064832104,0.27081293066352125,0.11958694930192962,0.25247018908573254,0.2101625654367139,0.24401091471597927,0.3274495432652051,0.3393208608614432,0.22221677058552322,0.2931610114137998,0.2573092356894479,0.2904174195766535,0.17423685258794877,0.0033062689303226867,0.025129507801920695
14.372756346130645,0.2568964322423284,0.29254221656811163,0.22867846869962,0.24683110762651067,0.22079084321316347,0.24098284346168666,0.18032906057078682,0.2699023210384189,0.10431466511931664,0.2555571121515752,0.21575277973949722,0.24498337677406923,0.32045564797276316,0.34309529005011624,0.2198654347416484,0.2818684473445436,0.25192681303219466,0.3068412329694816,0.17382848541520898,0.0032506949339210843,0.026865293456941348
15.165698960478457,0.2639922147219552,0.2915982323342026,0.23816098499488086,0.24866508501521778,0.2093688314227877,0.2356477819993413,0.19082909551670518,0.2636733204290825,0.11035961418229179,0.2654858308702509,0.21680681199538135,0.24188630527772748,0.32146044426019166,0.3221475765848061,0.21548842419699335,0.281660730901813,0.2507565688524324,0.30220269997509613,0.17472043856608782,0.0029860945203858667,0.025838383102744233
15.422316731280384,0.2582692744706654,0.2816555271477903,0.22341230262838274,0.24721590023581538,0.21353952486391645,0.24343585570943177,0.19323567763697624,0.25881235226795224,0.10916292898149554,0.2674122193955508,0.2166889968437549,0.24430353945700234,0.32422873597376894,0.32293403990760794,0.2123073922923334,0.2812319194004255,0.26190941786334115,0.3071091163637947,0.17188593906916527,0.0030135475878573406,0.025335141290460873
13.412366952865762,0.25606515214036746,0.2778863629455383,0.21974798289288103,0.24286997703730237,0.21694107314646813,0.2329838548331082,0.198789635663364,0.25702740755288017,0.11580337650317972,0.2613498992579437,0.21030028009253446,0.24409284860735417,0.3246326741178878,0.31443133882566976,0.21499347275942512,0.2710304367250753,0.26947016818458663,0.31824832849633483,0.1685575545101873,0.0029677261013393197,0.026329130094814315
11.545845274853216,0.26243288604656934,0.2762417632314992,0.2250472505485353,0.24279815866861645,0.21725509639789084,0.23160710210148183,0.2003753705383749,0.2537195607552614,0.12481926386086556,0.2682034602581957,0.205083605239407,0.24560544931014733,0.32198207799141837,0.33372812459032936,0.21107525726590276,0.2620674668522223,0.26325314347878076,0.31461580633892716,0.17205203274071443,0.0029008055979380504,0.023988435778956856
10.056106261136387,0.24940003970567642,0.27489838985568704,0.2282877211644392,0.23584222834538182,0.2072486689721807,0.21776430475009118,0.1998472871604808,0.26499257791146924,0.12976349927327444,0.2709456778708383,0.1941654543454354,0.2465678493163021,0.31528543199109715,0.31452160190300504,0.20931279260385785,0.2651503183258209,0.24743877506691367,0.3177209726593876,0.16798397687874744,0.003038609973099855,0.024689535439996232
13.690180599020058,0.2361943111452542,0.27557210250075703,0.2323788928857439,0.2368650927882278,0.2048347920642753,0.22018476850882632,0.20292082748586396,0.2679966077291446,0.11740315513285651,0.267814793223053,0.20056286227070913,0.22606418697628272,0.3060027169231388,0.3047330431314941,0.20349522106646895,0.2695564779613094,0.24410593527378918,0.3178479998201373,0.16523424697446906,0.0029505651347354806,0.02520086157725412
13.717051603651637,0.24016320345754036,0.27743591142842616,0.2431681836409689,0.23462856570828267,0.20904463767615683,0.2189593461059631,0.19804808453453268,0.2733540201747401,0.1174159586501477,0.2662818141524542,0.2136609996492536,0.2208400634060008,0.32035186441594066,0.30764620049586416,0.19715029854704091,0.2690597313085641,0.24606522712917647,0.31067640968116506,0.16706235964974187,0.003092565608863661,0.025239899685135528
12.81656908399722,0.2525520197705285,0.27524591257742553,0.23231893306106285,0.23486552648539816,0.2113453429142709,0.22424561662874387,0.18707517310257,0.2799950782521022,0.12963330555032862,0.2713739297555428,0.2185576017601328,0.22245746573909397,0.3256643601968197,0.30890133229086797,0.19852710536021254,0.2769437502061753,0.2510758084805146,0.30500571522249326,0.1686116124339101,0.003048360190290422,0.02413121932057709
14.710851959756534,0.257941578621709,0.2730321683510376,0.23564971359109238,0.23094639512237528,0.2167652034522142,0.22056489888615108,0.18201309858317805,0.27322695810758013,0.12746730913716012,0.27003727329992566,0.21508772685857308,0.20518499574390217,0.3365971778042048,0.3087628769343599,0.20524290879921314,0.26891181520821483,0.2545759174803104,0.2973596943308977,0.1699791330757504,0.003087810076611716,0.024697723918406807
14.541063808587447,0.2574567049090564,0.26993366458379936,0.22857753329178696,0.2449885010152761,0.2095251208060241,0.2324531330242977,0.17774821024085363,0.2713726923769383,0.13535034327040824,0.26466240876571456,0.21922679764084352,0.21537702580316592,0.3368624664055446,0.2898651591136296,0.20114027864326262,0.26956785446541653,0.25960383605738935,0.2985561767700453,0.16955631795518422,0.0030810183008793592,0.02464768993817266
17.67171684370463,0.25773041057101675,0.27826928166878295,0.22471160751947386,0.24353431983590076,0.20728117638396767,0.23717855922534603,0.18139117487294362,0.257846340583741,0.13157694295623637,0.2646873094955136,0.20905635892753058,0.205566079769751,0.3552632578691624,0.28675307278497714,0.20193612448800813,0.2673567720344075,0.2609005887852998,0.30470384731960376,0.16856244585205302,0.0031287595366494454,0.025560954972492625
17.294072782788895,0.2618883088857857,0.28744227900907476,0.22305403513604147,0.25277764279138804,0.20856805247298382,0.24071665455069569,0.17806555639942864,0.24790544921174992,0.13628020498648494,0.25036692371447666,0.21586237241596617,0.20471491592936197,0.36816584816619385,0.2902630035676256,0.21854373726340517,0.2807541734894851,0.254104237857557,0.30279621035125803,0.17118473288852515,0.0030681482524116408,0.025412661659260424
15.728655114286658,0.25971811862975114,0.2822944403013283,0.22626275260205744,0.25423060729547936,0.2070744517889118,0.238953473732305,0.17149274477008358,0.25658806144787805,0.1638891038206173,0.2448945345661399,0.22132515869100358,0.20861870497201582,0.36378057280125203,0.2890528608972637,0.22141461871463028,0.28680819975686916,0.256248506188991,0.3017963294613236,0.17158921314633663,0.003228966892202709,0.02629062664347306
17.149702271147767,0.24644211564155313,0.2822903800176858,0.22996890155117883,0.2519468584692884,0.21134493733252663,0.2407749957310004,0.17322664558014877,0.2596284411179215,0.1506978719446898,0.23782718538095385,0.22798223784333949,0.20755372373020883,0.36906447568384965,0.27147052918456427,0.22842932821323178,0.2836419435895676,0.24850436010956337,0.30733963014691984,0.17144482713619905,0.00324704780664025,0.025876052252562214
17.9790619895406,0.25258765439908853,0.27534889348215524,0.23545285118133022,0.25956289185753784,0.2059589129689003,0.24114023103473656,0.18569396273825434,0.2622928945817024,0.13793580700001676,0.2350109937530915,0.2284739384614083,0.19862347567698518,0.36641281833399153,0.28221830936803977,0.23268604199796256,0.2808361493378296,0.2415517926246585,0.3271480026372692,0.17195446087217764,0.0031062364176634824,0.024744765812711247
16.577660072861736,0.24401501910783993,0.27703019418118413,0.2374202264090237,0.2618485935624159,0.20354156788314318,0.23681317158791407,0.19382916939171696,0.25820023219301014,0.12779122484961059,0.24446557204178823,0.2240018600793801,0.1963492912400849,0.3576069339619137,0.27178978652055336,0.24540120760741263,0.28290293240147424,0.23080493856789283,0.33501081756851697,0.17084380924870352,0.003063871443782637,0.02326021911084836
17.336809780068965,0.24399186999075306,0.27345287170548815,0.2398363439127904,0.25717743892263834,0.19377196238716382,0.23901713554367768,0.20604373718465646,0.25101867085481,0.12223756104364442,0.2397722420343187,0.2365151337166153,0.18511595177961473,0.3541751065950316,0.27370302446810774,0.23528142806977895,0.2736095354616701,0.23704594797733483,0.33576151582034935,0.1706588086587052,0.0030147431865538634,0.023266051871160078
16.506688618384885,0.23751417108509854,0.2878262533878098,0.23862407833197674,0.25305355182361056,0.2063323631280241,0.23263474329409656,0.20687136455016464,0.2499633198360232,0.12968340121753733,0.24237154916810924,0.24505507533426082,0.18767290749770846,0.3490463759366906,0.2808904430455194,0.24852140359567743,0.28010389807632063,0.2421481698595666,0.34181925134557345,0.16910434000275898,0.0030026853584599698,0.023147645629368076
16.61066972234219,0.24403505265170938,0.2978582001008603,0.241219505969078,0.2516728166735577,0.22127108199633508,0.23255940063086497,0.19963188072822002,0.2397033675571636,0.13440157615305162,0.23559510071246548,0.23969495528091023,0.18640135245651104,0.3579892741291078,0.3098318102119799,0.2595794952755175,0.2679968403261686,0.25469254578733896,0.34061970841179434,0.17657406754873448,0.002919397420017209,0.023464480420310976
13.692314097067786,0.25148828673011264,0.28773542406608943,0.2293100084066852,0.2611337135061162,0.22358866634920338,0.23323510796792837,0.19895211843625593,0.23300721353656403,0.14367464602801824,0.24583697610295138,0.2252149492143719,0.18720397438148242,0.36185287845340436,0.306713022078776,0.25008823020976423,0.27398868508600593,0.25847813059194313,0.333859966150575,0.1738882596767914,0.003050254378873858,0.02294535711263438
13.772758812596242,0.24424010775419536,0.2890299365179521,0.22571004596785832,0.25527604231455703,0.22136493723535577,0.23420779863356514,0.21194376203216497,0.23631477496146686,0.15231036763937467,0.2492421003262631,0.21849854756689424,0.19424963328663022,0.3589828877403367,0.3016957411659763,0.244988593299843,0.275119100121281,0.2606860950593618,0.32482822233816167,0.17363306125041794,0.003230915506615288,0.022302770927994344
14.609552106609708,0.24173010692308394,0.29480825463316024,0.2229020728074396,0.25640268305990516,0.2124393878957121,0.2352223358541928,0.2035569914109581,0.24140225669382276,0.15387712551039737,0.24780341598726854,0.21511905119609306,0.1908101995284168,0.36540823592754074,0.2819777004205815,0.2586055389674346,0.2762804867309503,0.25659868939882763,0.3223429611393647,0.17241689395228388,0.0031788513574368964,0.020837539814061376
15.650117346423524,0.2424659987604796,0.3090397154747794,0.21836697493492402,0.2600938954497333,0.2129067762081844,0.23986870011782357,0.20224414882552896,0.2390146230244372,0.15992034531796318,0.24383004051132773,0.2264719552791578,0.18232025420789638,0.3688231333809432,0.2702787129097795,0.25121833413486844,0.27767796954961743,0.2563281724153672,0.3268298821172355,0.17241359891343633,0.0032852268394259494,0.020754281776625437
20.035662900368333,0.24888619516052257,0.3107609193352948,0.21458312791520148,0.2716932376401332,0.22027250376362834,0.22715930767881468,0.2103144791859003,0.23723832944602924,0.14934094629661618,0.24232230316332465,0.21040986327827768,0.19025212083947451,0.37687019428481133,0.2772553010302083,0.24592446824950948,0.2668092425162654,0.2701100123088717,0.33466263203459656,0.17219939229150313,0.0032853848520556063,0.020947303897936375
17.778432240162733,0.25509184610235,0.3033703600350428,0.20199595037692208,0.26184120023140184,0.22475623673411776,0.22257631640104697,0.21640477919405246,0.23611836195055158,0.14717422212453252,0.24634061175535504,0.20733707912142615,0.19262761591525596,0.379974895644859,0.2764872370925631,0.2473840330522499,0.25648423949821186,0.2617184095006757,0.3410114597018398,0.17336022474437102,0.0032098062642050857,0.022975772499913182
16.0784716455794,0.2560225778457167,0.30720501704052444,0.19757035721709418,0.2685582128057296,0.22642490417004738,0.23075144862824468,0.21350768005492188,0.2311190308227862,0.15094991169989033,0.2260444486176007,0.20813818162408237,0.20751685362048294,0.37913260610104316,0.280165085326366,0.24736485890084925,0.2625616578624078,0.25184655256106847,0.34207991315923625,0.17206407173757413,0.003114853515236233,0.022182803859157968
17.495529076652915,0.25380771003095076,0.3137802671336373,0.19256037238843898,0.2680357482455092,0.22422856884221365,0.2325607501500609,0.22090512856387798,0.23295109590704272,0.15309886626569463,0.2329327497804816,0.2183982320464266,0.20506521536579836,0.3889796616833102,0.2835480061426194,0.2516886775131491,0.26188711562635597,0.25181501549926666,0.3564066844880598,0.173021903076876,0.003187190229962169,0.023040144253929605
18.062682550384146,0.24366022786743924,0.3195067806215033,0.19582718415208314,0.2700806481453855,0.21888076224266018,0.24243668881184816,0.20392204773885939,0.2323517423578401,0.15578082654786096,0.24361743905699604,0.2247317112813553,0.1949608182039776,0.3849130568786897,0.28419169193010696,0.2518353753245732,0.25945081906630346,0.24375234607187135,0.35740203022036293,0.173058896175275,0.003180677840851463,0.021808007129046635
14.869054083506306,0.25375472120109527,0.31377510965061467,0.20054724968491733,0.27252533234057297,0.22795683059134703,0.23075055515877033,0.19750034270081535,0.2287445143204183,0.1560076871817272,0.23660960104340198,0.22362809232124858,0.19361328201298053,0.39101823783638096,0.2858806493309992,0.25165918328345926,0.25680097179146,0.24243313794883994,0.35311133841096204,0.17234672863215625,0.0031387956823558656,0.02171797679538367
14.702835978270203,0.26642173606943925,0.3038671056670995,0.20162120968065453,0.25639488388646303,0.22608093025611453,0.23679069533801833,0.20552162005573615,0.22914774134104768,0.16756925604328476,0.24100585542878938,0.22766629368939734,0.1987204589847621,0.38164349889858123,0.28736949423772984,0.24636177394379735,0.26153067938197394,0.24225124242633597,0.36187433378384737,0.17572055381441437,0.003178154121592616,0.02210109572589623
