26.153391592006138,0.23118110979925305,0.2790047968971108,0.23003782667095918,0.23967851488581438,0.19782358254066867,0.19888150042025363,0.19713813815239697,0.20082897132693195,0.16793549511745623,0.20537977059573398,0.1880556928771871,0.2562524157760956,0.29750641349953016,0.2428326166305781,0.26117941125749233,0.2111309387359018,0.2481749183270235,0.22690564632270074,0.15910719698413112,0.0038656794072653485,0.022328975570286215
14.592787158588882,0.2720731063697171,0.27106390622304394,0.22225466773314084,0.24533301506620447,0.233883614674177,0.20154597266930002,0.2105599937636871,0.19694846285943166,0.19639909864700578,0.17377811637403262,0.2636618880460842,0.2535395004220446,0.29333658659108947,0.304357178300483,0.25311386962869287,0.22542105409451574,0.24855001644162575,0.24743352709967442,0.16815277282039118,0.0034930537995710425,0.024269232581947683
9.214555058811357,0.265367628070565,0.24618432058699985,0.21502956029955295,0.24578561683136288,0.23390885792075344,0.19641950706267297,0.20856038129469975,0.1828886835136605,0.19927746781289646,0.1843588065847918,0.24550935888957348,0.26073168937906255,0.27814688387045405,0.30235495025079806,0.24032286972243933,0.22810743245850626,0.24811954532177635,0.23278930032369377,0.16621029906473594,0.0035101090357362538,0.022649768047943723
6.154665086108697,0.2587694455819661,0.24612860756280752,0.22411357790351139,0.24278342341449602,0.23101932587363608,0.19157239808250467,0.2082828826084109,0.19359020058590548,0.20082503363238174,0.18309987676953857,0.24021823100754539,0.24587872327133967,0.272576499696113,0.30954983522394125,0.2426090504887047,0.21567801101081735,0.2475258921487809,0.2392347708360134,0.16381785700151122,0.003425323249909674,0.022655676038756192
8.085083859370362,0.26665249733837,0.24596269078113892,0.22072770179832743,0.24719101025665782,0.238500232800631,0.17748023890172504,0.22412873491903945,0.19886783614532852,0.20274438606642747,0.18121959840900087,0.2283378603562083,0.25452864435437644,0.25690430489462424,0.30221323087459245,0.24958952275167656,0.2168015244449174,0.25261114934016127,0.24397921790380375,0.1651170826450285,0.0035491484410274795,0.021449720209263078
7.7566501779418155,0.26361692569206485,0.2479742768359866,0.2213062906660425,0.23830807347360008,0.2263245898693264,0.1923624920901073,0.21610381905334275,0.20047421381236577,0.20125224269537484,0.17292216563994078,0.23773573707405907,0.25946987162240287,0.27479207863571686,0.31044887068836463,0.24044892116236405,0.21617499333618537,0.25874483540765225,0.23812860545827602,0.1651504282583295,0.003491400351020991,0.02222433760024541
8.217946141150989,0.26345619147710314,0.22818367903569026,0.22778923659385406,0.2503436167292898,0.2163834998756378,0.18948781245667284,0.22378021513263038,0.20069876154396535,0.19467157261007811,0.17019944703985362,0.23396301057327293,0.24599763852550058,0.2914325964284813,0.3031771362274722,0.22606041183342587,0.20824792850158053,0.2752578204004059,0.23519920724704446,0.16254312540078952,0.0036340597249335553,0.02325627892325896
7.653919082500919,0.27901262583685044,0.2203941414172554,0.23275851964101812,0.24531292649408937,0.22981269580710365,0.19706200044523606,0.22425389965226947,0.20316978582469986,0.1904691731815106,0.1631779967306714,0.23247508455449487,0.23873360180384304,0.29526875306703104,0.29669556136685443,0.23014141287147635,0.20033300578433563,0.27137303688972503,0.23612972822334424,0.16426546970851963,0.003707531830126574,0.023646146959999732
10.419708468160167,0.258745434129127,0.2136821394063536,0.24432289252403622,0.25747240362142004,0.22078477003608302,0.20293963018577102,0.21835285498275567,0.19506994630331564,0.19377035904247528,0.1672655062429848,0.22964786378678964,0.23414726651028503,0.3023645952977296,0.30217264366111624,0.23193541061246456,0.20026418845753566,0.26842643171946295,0.23783565110500093,0.16558210095923592,0.0037287079830102435,0.02506471554623725
10.177722378067141,0.25959114919987514,0.21952892835607143,0.23738319194447477,0.26112137137683267,0.21566907082701198,0.20635913364604744,0.208567569228143,0.1994868429646408,0.20978987953107148,0.1739946693041426,0.2340674163776599,0.23045293378174894,0.3246043827095631,0.2905319884957726,0.22870630195244215,0.19623137338670715,0.26811891422437684,0.23386770267078863,0.1653397245695917,0.0036282987248832097,0.02537179413224138
11.226362377044458,0.25957490934658056,0.23167831673868713,0.22180992880843697,0.25985838141835443,0.2129310324993594,0.19633420285483483,0.20443497731047594,0.20350861473292634,0.2122652270994224,0.1625693227872065,0.23519713453752708,0.24616785429660476,0.3123194453931407,0.2915017163120336,0.22113305221797488,0.20424879727904677,0.248267895326989,0.23557129529330745,0.1640720147037733,0.003583348285183601,0.025371922268523837
9.883475469735167,0.2548474816360048,0.23252629437017075,0.22678965644878363,0.2571028817768608,0.20766187222163485,0.20152324092066068,0.21608376472941435,0.20207810963375136,0.20410900823087322,0.16566196734506844,0.24668390823820885,0.2327953146266271,0.3073531190622596,0.2835675123146959,0.22378342234738938,0.20360983829992627,0.2590888004819864,0.2435028534615411,0.1657130090866109,0.003568577549902409,0.02449240309470619
9.64258150997306,0.2532478537032965,0.22569631837997292,0.23119361015080103,0.25637622807168725,0.20634510943459478,0.19930211281102336,0.21655034424613454,0.20083251951245124,0.21360802293489292,0.16383468446569743,0.2383324999282422,0.23667943929262047,0.3069325926466934,0.29244285058069314,0.22531684451644013,0.2079663101965402,0.25814506294635003,0.25162406703875423,0.1646473765886687,0.0036361609033436376,0.024001108887080274
8.67011838761024,0.2503045414583614,0.23474920035548005,0.22804354147892178,0.2613672925205902,0.1896269896656445,0.20458612722333658,0.2256099423514278,0.19805050063779592,0.20768820838763596,0.16454400987457712,0.23455307613410878,0.23287243988613318,0.2908542745025071,0.286044701711334,0.22469017844343545,0.21243557821672815,0.23245353582757397,0.25101355006442444,0.1624788830513329,0.0033358825686688035,0.024193052232568922
9.884586116594297,0.25203399500140383,0.2246541870545634,0.23405096255071853,0.26820472887015473,0.1846813384223974,0.19434917832699267,0.22208202914985486,0.18469014973675768,0.2050049165711545,0.163986230279052,0.24912372214095063,0.22837812832411247,0.28874266391705505,0.29018014365683215,0.2327331069067571,0.22165037347756456,0.23139188135721384,0.25528108046042786,0.16074304506325499,0.0033083404517042277,0.024333911826325997
10.38679795169492,0.2542121812965886,0.22904221370453848,0.221068033583783,0.25568786863146375,0.2081664734077926,0.1921296452290039,0.2217141034008797,0.17124219646080208,0.21033964819370962,0.16114647967059612,0.24420559764325078,0.2294733573489405,0.28758904329318885,0.2816892081509429,0.2287395400447858,0.24644564738756225,0.21935475914820476,0.2606720091509428,0.15888944607218736,0.003124455767823606,0.024807462188252232
10.322121962060159,0.26987585573388934,0.23198542247609152,0.21473194063574244,0.25460290302484556,0.21048661115150624,0.20542702598306162,0.2298581806585961,0.17634925699409262,0.21533779032879163,0.16127232839503472,0.23825639237937474,0.239617259021646,0.2758947909116687,0.2834413068086724,0.2163465754428549,0.2458592749246927,0.22983505877990862,0.24643802774932969,0.16257210496632704,0.0030877237640972526,0.025217629504157662
9.851520073981318,0.2699575196775182,0.24037396286899249,0.2238013334860131,0.2510126059915937,0.20992096854135833,0.19875140585777296,0.2338872339406999,0.17916442090925022,0.2078146328301658,0.16380842221366929,0.2278215822898175,0.2408438062885222,0.287579559439409,0.28662303686662516,0.21570323427825028,0.26711509339221495,0.229139548696313,0.2371324889477445,0.16451134157938635,0.003095173675746974,0.025808086504788157
10.425513954581401,0.2689696722816132,0.23180438929343733,0.23097443426224556,0.24125481693249598,0.20738909665592048,0.2021576928115545,0.23025423036089365,0.18329312404533293,0.2103794612751514,0.1656996995928067,0.2226709361016207,0.23748829186084866,0.28828983475319514,0.29791259173848694,0.21149821750503273,0.2733719578838541,0.22620432832331028,0.23847044083463775,0.16239848656371506,0.003063002927758465,0.02566387621570162
9.867253191813301,0.2678528548539678,0.220696892111899,0.22178054140675435,0.24506425811820773,0.21564964045375845,0.19124068042356324,0.23430803026359248,0.18869211042769646,0.20692337102354036,0.17767327833769056,0.23030619146205697,0.23329409861361972,0.2791564639340008,0.29290904017294156,0.19937905314583854,0.26984415899737063,0.23390542780074491,0.22247817725655084,0.16068416936321536,0.0031316062808770923,0.02461161733517749
12.403112322067598,0.27415351680564415,0.2252427865746686,0.2235543584816941,0.24075077214633378,0.22525392344089612,0.19920246285248167,0.22630459830632277,0.18668169537730844,0.2132423626906926,0.1839736495054356,0.2186430634573691,0.23796378999954623,0.28559837781444514,0.29904251841871166,0.2031678828537857,0.25931591260014303,0.23755686357092726,0.2267434717250894,0.16334348659656714,0.0030455885451596116,0.023391132037117773
12.501855929082094,0.2713591365701796,0.22862269813147937,0.21976191299372683,0.2500942317466789,0.2183622067776188,0.19311812079484095,0.22183931466798443,0.1799762487916282,0.2231961031677839,0.18137153628664016,0.23026369750482145,0.23393061169108967,0.29791925198403785,0.30449585971809107,0.2056690239821908,0.2632483399431128,0.23821365561020297,0.2211810969011523,0.16448769296838425,0.0031399641153416554,0.02418068712500148
7.945736839161999,0.2633252268820875,0.2268973673005466,0.2188591633185861,0.24769550473528812,0.2186793998694145,0.18345463069352752,0.21965098618063003,0.1798104170573471,0.21536881479692072,0.1768370802003279,0.2171305363643515,0.2309015377035761,0.28276476358565744,0.30331275502870514,0.20997652457929122,0.2651879634354959,0.22691831530368795,0.2098929385987454,0.164370804948814,0.003214942434487695,0.023922176417638122
5.188251126484778,0.2625706964217335,0.2226751712439096,0.2272411416201892,0.24993735544525825,0.21688319275679854,0.18185999223325006,0.23291808721152488,0.17717800999436514,0.21640103725135537,0.18072067038413783,0.22825286784415155,0.22715839727534293,0.2761461630745324,0.3085818992343129,0.20523860512434144,0.2506018454171728,0.23392699885677234,0.21385661462652872,0.16287832974736455,0.0030628925565302943,0.023597812156785088
5.98150512955797,0.2629536324364528,0.21136241129150304,0.23009311628584678,0.25313828869297295,0.22955972435367875,0.18246619401879446,0.23675662990257737,0.17994636642418185,0.2125418674719852,0.17611074840853294,0.22727149054781023,0.22737609603807327,0.2826784486653629,0.3039476838689622,0.1985308462587608,0.24398024848218922,0.2470048393239743,0.2008349861790455,0.16330030143336233,0.003170562003052582,0.023878080822808977
7.121097712181278,0.2643020551635548,0.2338937341321461,0.23926763626445136,0.2367405267939932,0.22772391504543044,0.18540143152500554,0.21946292892684593,0.18241637474904132,0.21009871878873554,0.17684075030778154,0.23101222335452545,0.22878161412712236,0.29039545960330815,0.30465042956676963,0.21230540351851784,0.24239089690305632,0.25157403022486424,0.20381753426934093,0.16514704027712693,0.0032182686865315237,0.024128247583468584
7.072989250457243,0.26145045602164974,0.23862607152408466,0.23839941464428463,0.23606762466979522,0.22022424863816428,0.18548849674161874,0.2213515368395019,0.18326062230486145,0.19726979757529614,0.18429017523616073,0.2282657133427538,0.22262451925518556,0.2858915585353522,0.3140500525881853,0.21374222856218952,0.2502245954373326,0.25240610524399765,0.20533983997614874,0.16279229776118512,0.003032071411815375,0.02479290379564635
8.073121313799817,0.25920823120275976,0.22271416465901098,0.2443924728684754,0.2324574839314749,0.21184089285159238,0.17512397826105291,0.23759618813754002,0.18129118972859032,0.1937916649915016,0.1842321276408461,0.22056278432241605,0.21394465597861903,0.3004024032558685,0.29360142978111764,0.2235074283925615,0.2664919215335312,0.24490008419076253,0.20176619958032121,0.15976951551801707,0.0029598806214934568,0.025602557416087187
8.399136301075538,0.27188508200147576,0.22347391743669875,0.24100719371394905,0.24706103974403085,0.2136416783276205,0.1753754781922887,0.23567758668466765,0.18557501194218495,0.1962154479435886,0.19201062218853815,0.21924254219860723,0.2159259017109766,0.3179992096400981,0.31091133952709255,0.22778179042982494,0.26047710583577127,0.23717985669975608,0.20319743490291595,0.16496752765669,0.003105989334819968,0.027677609103739027
6.7918513111562335,0.2659658400154224,0.22461316561736902,0.24409834408935155,0.24173620294705142,0.21336307206555413,0.19723635613679127,0.24213904666719377,0.1821325603760663,0.19590501161434373,0.18900142922600466,0.23725816367494248,0.2036813052356137,0.32799852655079365,0.29165225293962255,0.21940418789956218,0.2583006752913022,0.236906542180393,0.19734017259529132,0.1647690640401925,0.0032608224231399233,0.028175973273277304
8.964394010677704,0.27448260718889395,0.22560240889232408,0.24402970263930432,0.2380438334271655,0.218814646041789,0.20055659878507287,0.24672274339129516,0.1869390612963393,0.1951016901444108,0.1907492824940926,0.23721011907788553,0.20299185476640802,0.33784629483228995,0.284233820037264,0.23100862104536457,0.24999516309763875,0.22890712368831115,0.19653819345724186,0.16670921220392948,0.003215914028193756,0.0308884266264722
8.962161038615655,0.267829835206955,0.23223234020529598,0.24000416625194598,0.23652440684151238,0.211996374453274,0.18272473037744608,0.2440816143732099,0.18857928099380775,0.20395632686435186,0.18965861525892588,0.2595823357973744,0.206316432377393,0.3252322032507804,0.30303595400714894,0.24275844033090516,0.25369841214001887,0.23585698646572856,0.20533925023841335,0.1673669656281676,0.0034159978558032217,0.03074984427634565
10.034480407290857,0.2676970176149586,0.2540787934121138,0.230998049040003,0.2444769175846713,0.22199641373599122,0.18646594914773662,0.24702918635856197,0.20965119538116053,0.20092311433066426,0.18797551292379466,0.2505881481859211,0.2220579820309545,0.32368504935319786,0.3078610312375336,0.23108335497071755,0.2694421167001324,0.21756780726318867,0.20252996600980802,0.1698684717027158,0.003456419625043572,0.03223392522838079
8.772918392165634,0.27206945503465374,0.257462883579202,0.22788936922633565,0.2426526725459008,0.22264889021296055,0.18625264307673137,0.2350823173955899,0.20982699797870566,0.19545763499120392,0.1905249010822364,0.2511564706863252,0.219549992852029,0.31890182061192923,0.3193593701255488,0.2345239668273969,0.27283765541022725,0.22017407566618202,0.20810320252686085,0.16930252850244357,0.0035345755793730026,0.03212750042105273
9.233803138766033,0.2692984183331272,0.2544563065364338,0.22926889113901658,0.25343327922187847,0.2280872170228146,0.1776202670238639,0.24328414736159595,0.20680867563127223,0.19648657352905025,0.19872895103722138,0.24431132624546292,0.21623626619412076,0.3169272808914648,0.32079719513428673,0.23527525805917882,0.28934587520513244,0.20821994999355142,0.20330152510717459,0.1713311407093235,0.003642711446644313,0.0313970997602402
10.98172904438909,0.26297291985914234,0.25611993080962964,0.2224249319875321,0.25838792210069633,0.22688061476067695,0.17544469533333898,0.24633779464786526,0.2056975201736124,0.19982730602750334,0.1891695930473966,0.24421990184889877,0.21752043394279116,0.32326109461066865,0.31679920971461695,0.23262978667589806,0.2814384957137267,0.22337667608031694,0.22420604713330505,0.17247735338868014,0.0037229828313429386,0.03197832560670411
10.583877880423023,0.26147881264637574,0.26463661768090047,0.2171044793746566,0.2569171214970628,0.22979956656619782,0.1817945521525835,0.25472035858925884,0.2003381111736654,0.20386391653805366,0.18869245729651302,0.2447830100582635,0.20788645587839907,0.3240805558221142,0.32311547008038427,0.235789927931097,0.2771733564458553,0.22389276352328158,0.2290835656499257,0.1718234526271971,0.003669782914787899,0.030795051250908437
9.106448356781398,0.2622361826479463,0.271085502354896,0.230943160967281,0.24868977820942645,0.24498130438544843,0.18411062128367195,0.2542837073674278,0.19917822922376008,0.20944406770503488,0.1949226942441683,0.25085995760806756,0.21511857506006565,0.31941021241920675,0.3264450988931517,0.22796356775321952,0.2798685704908224,0.2204231060775038,0.22196889760054095,0.17265206205497066,0.0036480957544350566,0.03067076850930614
9.319849395231982,0.26220848652372397,0.2714424467489809,0.2436443031751147,0.24852627701668392,0.2434812664229336,0.19250121223635658,0.24713745417765767,0.195023914825884,0.21211770513466038,0.1928786463706845,0.2628096167504107,0.22686460337362868,0.32491495806765414,0.3131444241103385,0.23239531654826087,0.27458325476465645,0.2293527985862291,0.22104606261328347,0.17351686540755568,0.003638609527631344,0.03156374989693381
10.952094983353915,0.2547052893423491,0.2674008449485813,0.2409788296336248,0.2521501802020167,0.24098911660981137,0.1891501715001703,0.2509826711414219,0.18779669038081206,0.21459411900184328,0.19599351772021678,0.25170745681161005,0.23668990011702976,0.3312996154038501,0.3128645812781338,0.23414415311090206,0.28390977764860703,0.22504035604923767,0.22089469750618781,0.17444368157476361,0.003473388710174826,0.03298208005613633
10.439326713511958,0.256435773371225,0.27654355258654906,0.22705963684829905,0.25181852061655297,0.25009647593932355,0.18588537104259023,0.2543897163482415,0.18460846008173817,0.21306824070302396,0.19125065845478037,0.275279124768832,0.22536981816989846,0.3450421898718101,0.29405449618277313,0.24197072284892618,0.27967679377226584,0.2220813100439754,0.21452322770215496,0.1721709131436103,0.0034657629904458536,0.03346335183576986
12.26404714674884,0.26363839631042274,0.2834724261459407,0.22548067877840008,0.25925437091682285,0.24486660808397948,0.17738133569763823,0.25267633954242374,0.19194487536802116,0.20613388660521284,0.20545957684814528,0.2801985777876773,0.22757833962154636,0.33782799801761504,0.2856900777937009,0.23425730527032912,0.276552127212729,0.22807422866549332,0.21200488770832843,0.17334078778719128,0.0035772003901115798,0.03473397920922259
14.606237061090141,0.2761133270513367,0.27691549171478413,0.22685142627211802,0.26839380149755065,0.2369884288398615,0.17725903272009394,0.27816644138390645,0.19293000131307045,0.19584786628524944,0.2037151332381416,0.2685028255115849,0.2277889207338001,0.3407026210806164,0.3046377811647872,0.2279636161620183,0.29927959735620174,0.23711479585935386,0.20819542883518088,0.17719969326384521,0.0035658235300605624,0.0344983928649462
11.01721348400834,0.28244794711167903,0.25822772536257443,0.23949209863140292,0.2640626024753077,0.24219520083734358,0.17805615574402994,0.28953043983899324,0.2031889370447514,0.2002719716759626,0.19443539201746624,0.2694833033143625,0.2312440169188734,0.33456053301915223,0.3069641585025192,0.2327655273589961,0.3021004315684918,0.25068195224498385,0.21472851651009484,0.178507906565604,0.003681262843750215,0.035663543625463714
16.23692598848652,0.2843554846597584,0.2504140966389239,0.24002473563937946,0.2694976562711816,0.22794109206412327,0.16684329286386337,0.28026922149962663,0.20354979208499405,0.19361894005025934,0.19499397993387826,0.27174944619878366,0.22668114002746906,0.33717734477405265,0.28963229350769754,0.24430720018089458,0.29479473029470943,0.23092085158106948,0.21735662646651865,0.1742469599062549,0.003996192753147141,0.035628908606647164
15.102562612471935,0.2791220876582378,0.24635088112832104,0.2338557260606384,0.2732812812658118,0.22430410698907297,0.1716795691091777,0.28197186555663917,0.1970755053843209,0.1931520584378568,0.2009506837837974,0.2674129021183305,0.23087674388600252,0.337776892763051,0.28701055007898174,0.2386826571845403,0.2960201269346602,0.2478208933534816,0.22751072953113013,0.17348982898970694,0.0037313743900172416,0.034314783599678905
15.472579843610305,0.27273202417951153,0.24335940276105397,0.2389274524545252,0.27010484396134266,0.23274452044024035,0.17027655369048308,0.271633644292493,0.19896143047152084,0.18879095377120764,0.2090497488328669,0.272018850159295,0.2180940919198735,0.32894673071193176,0.29362059910174076,0.24287857526377654,0.2884543401370698,0.2421807910817125,0.24871267409075318,0.17503391080024922,0.0038541823494306366,0.033759754184701035
11.95142791487803,0.2688626588486666,0.2503870191817237,0.23523104647556095,0.2674008251432802,0.22296357897460573,0.16627894428038836,0.27774927874744026,0.19192598983599773,0.18194509354820854,0.2107765847546736,0.26115280965514964,0.21611085035870384,0.3300549616350831,0.2929297525480537,0.2528021014809375,0.2760713467644409,0.2337406766225428,0.23263052286136085,0.17349953154550926,0.003819855651537204,0.03390710313894519
12.992561885591632,0.2542523691387482,0.2643018633697898,0.2342057341932288,0.2787163244204471,0.2431255394804924,0.1656299232422868,0.27041552333549485,0.18024927725050527,0.17561000028601223,0.20987576635039498,0.2630120641784783,0.2110426611565407,0.32675600299140456,0.30186976875776966,0.2585629437079239,0.27688493184982865,0.2271399569907019,0.22927051119815375,0.1709116621571335,0.0036283853067431205,0.034560510428814646
15.312701756038756,0.2617878063502116,0.2571448974486945,0.2215575941382886,0.2780649515927919,0.2363069893737608,0.17888284745020006,0.2730818121401217,0.18743710417380793,0.1779079357041436,0.210509861944386,0.25914332534708995,0.20636431558121565,0.3095243870215783,0.296100033446201,0.26133589291331255,0.2774907509589927,0.22864069942512524,0.2368886149969728,0.1724896540079131,0.0037463734208699776,0.03382727938859081
16.820432961584597,0.25401354083051747,0.2581320757680862,0.22504136049825424,0.26655043037971743,0.2345707129770288,0.18069809796307446,0.2885891714435881,0.193476272797271,0.17215078283868437,0.2003194590188428,0.26109342358607046,0.2068311081417628,0.30687408534071065,0.27126735726978374,0.27585894745441053,0.27593406304099505,0.21318055767537153,0.23757736597503967,0.1697311798999609,0.0037254594493145526,0.0331441584013809
17.442521361043656,0.2661660367980926,0.25144388249354643,0.22945381638735846,0.25953258956573544,0.21892428693535668,0.1845960715569544,0.2829007456564204,0.2077128857666716,0.18040637798358652,0.19316942626487746,0.25783642475542345,0.21743655799453174,0.31530270740764754,0.28427431838795497,0.26050804515723375,0.280710748210757,0.22110734929223916,0.24876439248511772,0.17368694961096476,0.0036545417780088486,0.031113440608107792
14.618686816643995,0.27527059670915077,0.24180970425004714,0.22345332730979814,0.257602309061702,0.21777891992353587,0.17823311506861356,0.27819900276485043,0.20418843446639603,0.1836961409784071,0.19577669593868963,0.2574404530935734,0.22707809407383778,0.31630024696478615,0.2904917570821415,0.2609182382503239,0.2741470571826514,0.2194117706762822,0.2506580798509265,0.16972402255783658,0.0035349556300063208,0.03150201801607434
16.543987812945172,0.2817944336771305,0.24144477048219437,0.22373323209378135,0.2594795012473776,0.2162296014227555,0.16854912477512632,0.2648918243706901,0.19097581152844945,0.1860562869051238,0.19473817464810234,0.2773420529923178,0.22778352921680814,0.3133016486568374,0.28791781806401034,0.26140194716999776,0.27975449462826013,0.22470170914445242,0.24625695620996105,0.1693442641034088,0.0037455582547940456,0.031608406871344565
17.488110302103504,0.2846182751610592,0.2407184822995331,0.21787765365856246,0.2604644463123994,0.21866107722797146,0.16138511181978996,0.26877070468960845,0.1828842758320489,0.19112099740125357,0.19860958727508216,0.26124861871068344,0.23488426187300934,0.31740659757436396,0.29528635054446944,0.23990426427845907,0.27281137948369333,0.22697115206540322,0.23234838529448815,0.1666325083906221,0.003627033016885162,0.03248486157095663
16.36626142042345,0.2803818130243409,0.24966930558470882,0.2219184647901418,0.2652499461564601,0.2292035134300445,0.15884978822536405,0.2692951168086301,0.1888880155908654,0.1904348842140077,0.20044699782283737,0.2447082353459093,0.22945381054396086,0.31400416542558673,0.3118489514778602,0.23699524898243854,0.2711536944459415,0.2242317029743917,0.23183196666446385,0.1699311124886618,0.0034823844903932363,0.03157030982776873
16.865461103642907,0.27217401632286026,0.25699593951773153,0.22596016647946707,0.2663216959004056,0.23381981825280784,0.15490136533672696,0.2677061436108896,0.186914718184961,0.18061956988932493,0.1920620721272706,0.2521747093671359,0.22126281881718637,0.323221654285067,0.31085812590198253,0.24723932081065877,0.2722348327239749,0.22090217900780612,0.2297697015123363,0.17183821637452695,0.0035521101910838196,0.03234939512569468
14.505845641308488,0.25534813503947035,0.2545662470216457,0.23269910766964125,0.2710778224609048,0.239308299567354,0.15856744852245985,0.2759033723427998,0.19389438289168237,0.17007293127594847,0.18343254348043303,0.26468110982176407,0.22841597587684653,0.31386201468598013,0.2977579372101909,0.2378502913452184,0.2812675305071512,0.21837255495901836,0.23396605695853565,0.16899723837364225,0.0036134162647511537,0.032963901849285
12.456539022199257,0.24799197430537054,0.26265370799604487,0.23026183586989274,0.27121889693907564,0.22710930858816986,0.15095713754770648,0.2739995575635102,0.1831329831317963,0.17542228127897308,0.1747034427074049,0.2695264538325016,0.23176444144349478,0.3125193683187138,0.30886521225804736,0.24242077056972974,0.28126416024432827,0.2215059348878275,0.233023749981,0.16600370137523546,0.0034651039755235675,0.033568202694285995
13.99393045967995,0.25926573029438665,0.26293891921575424,0.23024619127591195,0.2658716974648802,0.22029215410660527,0.1466321770788699,0.26587823381599435,0.1938130791011277,0.18388557356561902,0.17716040434485691,0.271370604649869,0.23140482982784172,0.3103716527558691,0.3112322730208859,0.23146721068200374,0.28159162780963115,0.22459424966729594,0.22584561673739945,0.17017929165691503,0.0033452614737669918,0.03303217677002458
12.313070436988538,0.24877493994035432,0.2662222594905727,0.23133131187466463,0.26096819403785515,0.21809988075784567,0.14618793178672673,0.2799266041818923,0.19510499992809577,0.18996757261562164,0.17832835426665444,0.2691915897218468,0.22779106522723178,0.2995866548066394,0.3101330095402458,0.23074883084574788,0.27927320056680316,0.22448948860504217,0.23230465997066765,0.16960985453750932,0.0031631817448350744,0.03152714763750092
11.506718735384183,0.25528793915466674,0.2669502157445123,0.22587801753033737,0.27250383626389735,0.22406615529124424,0.14066550815876916,0.27717470732369137,0.19850971562187436,0.1950827060223937,0.17745886706176217,0.2693235526459607,0.23202122334107703,0.3038001538823385,0.31293490795065254,0.21890500150041936,0.27350733069335714,0.22269411833088384,0.21679880712805796,0.1712900072486773,0.0030573246030340243,0.031033881480917645
15.58555681941971,0.25778286538846606,0.2735847757364639,0.2361616960022488,0.2590052606302152,0.23345978467372164,0.1366733074241296,0.2797482880690315,0.19201361748186685,0.20773433111317458,0.18954387456133756,0.2643493552820611,0.23158954437023005,0.3036194883849225,0.3076238456052126,0.22861834206349463,0.2669429202053846,0.23711678292343535,0.22405874935467923,0.1720736539751342,0.003306559694176551,0.03177389754947887
13.993713814579843,0.2512523672204419,0.26453789242693326,0.2232547171978879,0.2661811006213511,0.22690654719711928,0.12664402175597966,0.2805484779357811,0.18799341341979223,0.20315585187220386,0.19530235600058543,0.2593524662162313,0.2340723645641874,0.2892141050245433,0.3190214285808519,0.23382713339702155,0.27660492607702364,0.22747558286807254,0.21532439533934572,0.16960794600314058,0.0034571572070085104,0.03194877705502809
14.205912157308935,0.24856716434572482,0.25704862535182094,0.22684232737948815,0.26280334318407655,0.2311425807142148,0.14401279867365616,0.2812230703428584,0.19403727921719627,0.1975925607709649,0.18701879625317075,0.271126696860889,0.22809530674291956,0.3046797397217223,0.2945128304549676,0.2212687852052146,0.2843940669590407,0.22376727328706328,0.19749586053169807,0.16819982800000627,0.003308117060394775,0.03208895714461103
13.333470185335951,0.2547722032253153,0.2508212089482431,0.22311200625884298,0.25863182389052775,0.2311972551513816,0.16150957118538958,0.2699124148606447,0.18819682448117994,0.19362904175789314,0.19579380801438587,0.26518436715559346,0.22652334967607843,0.3003460780407797,0.2948908907986952,0.2241913214966432,0.2867614384535845,0.22342185944164203,0.2014180450521441,0.16838700942794485,0.00341184799162477,0.03267820118882113
10.395680911321254,0.26308132787251454,0.24549192767505976,0.22778124306027944,0.26306999024096583,0.24135982846809934,0.16684369114587758,0.26901900076810065,0.1825075656810224,0.19250151179003322,0.18970057523228528,0.276330267110624,0.21078902282614637,0.3000539097204466,0.3042433576697221,0.22139512175249323,0.2759719515214604,0.21496995142813793,0.20697186846814455,0.1688577468275911,0.0034311549347479766,0.030848199008190882
10.986315701732181,0.2610118537449129,0.26486473756201045,0.21590525816513195,0.26196756524186643,0.24429664872249734,0.1639351096468074,0.2687426640864728,0.18299611504803928,0.19647426940263302,0.18511261365452822,0.2701217284757589,0.22766133827465693,0.2859496023480854,0.3113701771272307,0.23003918278773453,0.27254018232985283,0.20911652816439755,0.20557548946505833,0.16883201773534431,0.0034173947074385438,0.03187283793369555
13.176954686319924,0.2713582342813032,0.26159519584312585,0.21843328422899208,0.2668989632370187,0.2539310261168786,0.1559163671875042,0.26945175237192787,0.18988812469180566,0.19510388814368265,0.1885852702016084,0.2670123137377335,0.23971256148812606,0.290405943345996,0.31800303215976794,0.219963502786533,0.2736430434479284,0.21169734959437794,0.2050289858775518,0.17248912507376096,0.00347222599569001,0.03128052636207925
13.84121113349993,0.24735372539351885,0.26787984089932815,0.2162264143366666,0.25976893379304045,0.23698151622464575,0.15104364441117094,0.2772461711553503,0.1857405342486272,0.18458805718934929,0.18528127045672832,0.26572383270557415,0.2273821095344454,0.27907344072461643,0.3120851563080343,0.22069166813402458,0.271805549194267,0.2091484122021406,0.20242613026493858,0.1661600976371517,0.0032979259006611496,0.031165558478551427
13.730909193027466,0.2601212239293675,0.2703210232805838,0.22455700235750037,0.2512029070956642,0.24577765846854804,0.15419519740196358,0.2785932836946646,0.18517379520011298,0.17909548700821293,0.18562984204900304,0.2763979413896309,0.22095048294425515,0.2864589447624255,0.3187562830353494,0.22517924525506341,0.28080873773591397,0.21009215507389778,0.2003525044511585,0.17096335502060514,0.0033379940349202416,0.031540475070176675
16.408130103687473,0.24283344647410948,0.2766956347580157,0.23874028855517548,0.23076645690106548,0.24740264402104337,0.1542943695254089,0.2819367567761219,0.18047829030043105,0.18260678321408583,0.17021970600925115,0.2804253456040577,0.23059100344856787,0.2704093982759801,0.3152090920268518,0.22988299232679985,0.27236009573114645,0.20887769454265603,0.19165343485303432,0.16755478321105474,0.003443006986194606,0.029391516400589016
16.783153541463868,0.24100382454239,0.27975959063752637,0.237934129518466,0.22116255283652853,0.24114071018258848,0.1613749255180221,0.2801404185979995,0.16814687686548344,0.18331120238289556,0.17476090272954314,0.28603522348394594,0.21776213196145766,0.2674002135416174,0.3129295444764113,0.23320346084229143,0.28682012399717366,0.20718617570050937,0.18463339611190024,0.16490214378296048,0.0033982886184934238,0.02869626226261532
16.842628999870286,0.24549651443444528,0.2689924263985234,0.23607908877778283,0.21098305172097104,0.25533638013452126,0.1665679729769672,0.28811818213510376,0.16568578538736106,0.1929634543655631,0.17218805070224874,0.2718818775220484,0.20970899113440153,0.2663904458432489,0.3071185920315841,0.23022152833797596,0.2809729261430538,0.20659898619163847,0.1774230511383452,0.16397985265448337,0.0032966815264937666,0.03061435800365884
16.743496834230186,0.24516635444548587,0.26290375768725305,0.25181464425594235,0.20559987217747072,0.2617244126195587,0.1591663512529518,0.29061455001385156,0.1634595403636711,0.19166015460949865,0.17756961442005811,0.267064394127617,0.21773139937895855,0.254676732811618,0.32085084316009754,0.23666449743436344,0.2618232721304513,0.20768610084230743,0.16882283271705908,0.16633926334166535,0.003219134107609027,0.03137640753801888
17.72550443894539,0.25138813986695946,0.258201759070229,0.259382541998288,0.2123429384013435,0.26808097315549406,0.15933401005211523,0.2829811264479753,0.16053076348112888,0.18762373994057674,0.17738042263798615,0.2700631384365386,0.2289184893298443,0.2588275081417693,0.3436957621518775,0.23096735957636907,0.2661363411819807,0.20581802078529282,0.1784672621798388,0.1678627153647494,0.0031381564564565336,0.03225241451835157
16.67348716650352,0.2536035021517406,0.2558259081462883,0.25871982939154714,0.2061540698368853,0.25784210686331577,0.15726108506262088,0.28365193328887245,0.16165472384057475,0.19640915551670607,0.17690657611964797,0.2677336770010965,0.23106399389404778,0.27046017235210357,0.3443083910715442,0.2248672834174628,0.2650081193253741,0.22165199478503797,0.16998360037304122,0.16939428337151446,0.0032875530785167616,0.03175452875017137
13.947629182162123,0.25922143891587046,0.2630175104052451,0.2475939454106787,0.20171344914617392,0.26264011033234363,0.16100293397241722,0.275467472184526,0.15374548155654905,0.19446929860551015,0.18368410031865484,0.26732710668096604,0.2421686937537012,0.26872197496262207,0.32921322227110766,0.22410214024995742,0.2772522312030817,0.2101705460621672,0.17407911381142605,0.16826972672641557,0.003234018276715435,0.03082911765975065
12.427496413306926,0.24782286862963007,0.2742199138617767,0.24862991444291482,0.20822585160174775,0.26273060738213316,0.16291490202148695,0.26081321893221254,0.15638911966943783,0.20693822989023639,0.18169639413013158,0.25733943355428807,0.22768562568990278,0.28311052784716495,0.3156397717300322,0.2258718380240338,0.2654295886963702,0.204871901077824,0.17497306407704216,0.1670155828394133,0.003142856535847801,0.030412514069609604
11.39154436670766,0.24096483985102157,0.2667565906371039,0.24775182535703055,0.21235188503348862,0.2546373585048097,0.16311144670521435,0.27027256539087524,0.1594309742893162,0.20293441505763232,0.17963865488265615,0.269707748592578,0.2262348673529104,0.2698275080211714,0.31069284041858475,0.23302886353115349,0.25105094174398024,0.21700249281371725,0.17462338323763557,0.16534269943575816,0.003405121799311069,0.030331162624208628
11.760746738750264,0.23434084373862452,0.27347511616001174,0.24922629826614826,0.2338718228615564,0.25171025996885726,0.15727683995828665,0.26001754227050805,0.1721863382731734,0.19199693926483594,0.18250139099646617,0.26486133295282815,0.23172323804355188,0.27678149018548115,0.3213810937922323,0.22866425452559314,0.25254080974116777,0.22160732794064428,0.1666592930418013,0.1650034940282741,0.003532153988289696,0.02983293423322514
12.09213200087445,0.24445359178951762,0.26675441712852854,0.24934826215838166,0.21694599615572702,0.2570192513538344,0.15864038248691611,0.2622881258658467,0.17661356529426822,0.19631850963616954,0.18215757902652255,0.26975777754550995,0.2336057803224373,0.26143564199425184,0.32151193729219146,0.21589476338860356,0.24677269277051275,0.22077755703898283,0.16605169532293731,0.16477723699034927,0.0035005403300046763,0.028866829517842457
10.907615824629433,0.2470193906126499,0.2774333717434156,0.2465262801894775,0.21508345257114825,0.24872213593883125,0.1537022191984676,0.2688488514078364,0.18889183716768512,0.19271944580946107,0.17866414727912028,0.2699710575154006,0.24956901883434268,0.2646575169124839,0.32240283720530816,0.23421301937798347,0.2525655032787133,0.22990108593218375,0.16548565330102874,0.1662098484999942,0.0036985800226298528,0.028872678827509733
13.37913368580199,0.24435550556490787,0.2797783117436743,0.23722006293284142,0.20774472314785314,0.25497111212371,0.1603697619112087,0.2659200189126779,0.1807813294599075,0.18139826112280127,0.18883119206717983,0.2678020604472552,0.2526284618908645,0.2504962710656272,0.30819311518535675,0.23126358952370812,0.23744295831645526,0.24379568082854444,0.1768665577187633,0.16421890205405715,0.003573680640440622,0.028026265716177005
11.731547544730608,0.23220638049294892,0.28958855462840544,0.22468429705728057,0.20436651905053757,0.26217827181121633,0.16742593398627317,0.2557846444046766,0.1744032245450943,0.18067743913469106,0.19136018065896662,0.2622872389501079,0.25250915987819045,0.2414818767773284,0.30314040467138686,0.23508394277358347,0.2338898680721629,0.2524501763395883,0.1969795148041247,0.1644106397481663,0.0036224537033423287,0.029219147046444818
13.57825913957872,0.23856709419400746,0.2986723877511609,0.222819303522306,0.20880354844237037,0.25973391299789617,0.15502202648747312,0.2565485716812186,0.17512515874467646,0.17612047968555,0.18997193790651168,0.2697255807772213,0.2505330210722151,0.25432071414156127,0.3239480142804098,0.2365261823933354,0.23472373233122698,0.2364780117612467,0.1974718298945433,0.16533352887348368,0.0036474322850248175,0.028552765174347173
14.0731026128788,0.23512008859356467,0.2913094000925635,0.22171891836916016,0.20339974796642651,0.2646297803305633,0.15768799770415867,0.24833176340611096,0.1679034335486814,0.1736691229526579,0.19064874774134777,0.25659567409312944,0.2501649677007369,0.273057002767534,0.2961923200575158,0.22655612549501145,0.2279957397827626,0.22396253339711528,0.2000393604654129,0.1628660939123937,0.0034411923520304304,0.027515880276409485
13.614909193038185,0.24446486695882055,0.29229150890215716,0.23031531868990937,0.20382501363666816,0.2726143482497812,0.16420704919167486,0.2394754832489302,0.18384763318400066,0.17966355225826308,0.18941304053287128,0.24646690336811936,0.255303978852612,0.27290700194497614,0.3050847864053502,0.2364656254603436,0.2225217206761809,0.21504115730368834,0.20117435601921452,0.16456604451626694,0.0034887777921706956,0.02616097435625473
13.337798338123356,0.23712924757222226,0.2908400072409775,0.21756641150676437,0.20601880652908322,0.2672093736053551,0.16744006306940173,0.2354423933046822,0.18291118920706007,0.17958643634549218,0.1852636967258782,0.24878151062054166,0.24975660549969167,0.2808880377741769,0.3089990861398866,0.23838775511408405,0.2265479036461934,0.23311232517793973,0.21070487235017205,0.16501486083772227,0.003227116215789493,0.026663965286586107
12.595191048297998,0.24441192277446624,0.2927960575164043,0.21679065736843187,0.20709713521698864,0.25436772001482433,0.15438418214908392,0.2334259210098313,0.18146191771049225,0.17989350382986896,0.1956982057336365,0.236453657585294,0.2512834356584109,0.282016203286069,0.29999308688544685,0.25445375161750844,0.23441474397457096,0.23856408323324738,0.22309069984332852,0.1633858823417331,0.0033115444436292414,0.026465244773307903
12.533365642981373,0.23391802189526212,0.28761836827905723,0.22325895119073919,0.22609937240276082,0.2492537280355147,0.16766971313261356,0.248367257494598,0.18716159397225696,0.1922416567354643,0.19335409526072417,0.2563984011038807,0.2298751328730569,0.2729847478247387,0.30269680501295937,0.2521780488526991,0.2229569192525345,0.2419645553243645,0.22523543764921852,0.16448919156558525,0.003209847488258201,0.02760737346667612
11.800945202168126,0.23391482612731235,0.28675139761550783,0.2290723524673851,0.227666168943177,0.2406614107283068,0.17483828052470468,0.24679943684766498,0.18756663562847162,0.1883233399870697,0.1898637372013406,0.2575978922946742,0.23120995210926557,0.2770560649807346,0.3185142285269507,0.24840620417041048,0.22781968000765174,0.2405218496770809,0.2340464804851526,0.16542417874162635,0.0035868952076862776,0.028221962723962806
13.296900497958832,0.23716359116695962,0.2924328483098458,0.23068328161117926,0.21956499969772145,0.23084112402143733,0.1711971322060691,0.2483882644078993,0.18652173000803296,0.18888299939010458,0.1979629256882955,0.26326309858621094,0.22634597056017175,0.2703061888881209,0.30924105604587415,0.24204567126006465,0.21949959149964257,0.25585236585171156,0.23401959062238586,0.16487403793847208,0.0036540919659716867,0.02902161515272584
12.729204461364299,0.2199520429017723,0.2950189769445488,0.23293578233306877,0.2195144238010925,0.24041191447889468,0.17421552411916574,0.2420309778623581,0.1918605749706927,0.18712496254194133,0.2010501080928442,0.2628038798488722,0.22363757903629045,0.2707722805477369,0.32709850926324024,0.23229752019025057,0.22758347904988718,0.253722632192059,0.23899893800457553,0.16468430247445695,0.003751271209299612,0.02932285368853232
10.978267308924963,0.23249603571537744,0.3054463541583788,0.22281248215399177,0.22324728471729183,0.24568150527804095,0.17159838786044782,0.25041192027610654,0.19050703835124613,0.18588411455598003,0.20101807836827584,0.2496906754822578,0.23729179392696748,0.27789773620768676,0.30289478960757166,0.22766556123606194,0.23177233524079935,0.24283449746354996,0.2436067300915752,0.16634207503868684,0.003806698935788963,0.029707054952407396
12.281070038419548,0.22848118151795135,0.2922097030991145,0.2226912451937086,0.2227316211256737,0.2578860146915125,0.15622160589892928,0.24455572860795632,0.18287837485238867,0.17474072004578728,0.20201438688003476,0.24629681841159354,0.22127984438314696,0.2928566439022517,0.3089889102962637,0.21548073549681612,0.22453943244219118,0.24826134450566933,0.25355285881629547,0.16170460311284682,0.003700206371689747,0.02901787652816082
13.674967675662533,0.24310608570351264,0.2833056842506033,0.20225319943985587,0.2359556534298385,0.26402904899524626,0.1603323014933231,0.23204318743273383,0.19175041483043045,0.17548475865274615,0.20088355840658365,0.22830882207176242,0.22274701499234678,0.2865692894848324,0.3144513278793211,0.2053382707515954,0.21579658012133004,0.24452963316598486,0.2596605080238687,0.16217439028170103,0.0037000128839483155,0.02772347970132202
11.938794216766599,0.23835614572818623,0.2958169111044775,0.21281763298137968,0.24354736837286525,0.2544092196342032,0.16005510225582614,0.2262187059241005,0.19912178714728357,0.17601411908253933,0.204624395712085,0.2155176443477762,0.2324183559775944,0.28581310670869825,0.3314352517037167,0.22163408768247028,0.2142873205721301,0.2588844206017384,0.2484342812908954,0.16678821621382897,0.0037056545227317555,0.026093643859903627
9.23583951597431,0.23875489450576898,0.3003201669053416,0.20937453739783426,0.2424192050576883,0.2450196962420713,0.16177071507627308,0.24759901982445323,0.20411781205501442,0.18108192152421979,0.2071266499571714,0.2134805255138577,0.23381805638898387,0.29451123415839375,0.33490145954696,0.23241833810087908,0.21127093808742273,0.2611827662668319,0.24322193265444417,0.16594636057156725,0.003678728957563105,0.02569289705861241
10.711743647862317,0.2515676393011677,0.27586205644084133,0.21384403585667597,0.23941196363115191,0.24636095390324736,0.1706039563213117,0.24857269081104497,0.20440209745384436,0.18071128421184868,0.20560682192189775,0.20824591553248656,0.23826103591785056,0.303811889387301,0.3346757614242206,0.24519207810890808,0.212481659876419,0.256873348957518,0.24663883163446607,0.16690401477276828,0.00361571597777226,0.024539906988491622
12.971154363923052,0.24891234493364037,0.27038864070892027,0.22165209703783914,0.24276914526825133,0.24611435753801955,0.18561555952092396,0.24394266395368572,0.20753138815629182,0.18700887144109038,0.20363250391791154,0.20031776988992875,0.23830115505376362,0.31956159585796123,0.3211273313123853,0.258372020455621,0.19490189611706357,0.2583765005418436,0.25020554279548973,0.16831489396186344,0.0035804569114890423,0.02404940340225974
13.563045855157108,0.2569434966890285,0.25926941784429974,0.23634719576795515,0.22963326370495163,0.2489727860554322,0.19577646549550748,0.2422080510288264,0.20012119771978018,0.18265147101367626,0.2090594554680708,0.19604270281572747,0.22903704543603326,0.32145328462444644,0.33199326560791736,0.25436701155825037,0.2027871107607344,0.2541887870673202,0.25204562799294833,0.1663768900351131,0.003696693096725238,0.02521642234708705
15.572117280853687,0.2529855562967517,0.2597988344361278,0.23220317831959666,0.22871667400493134,0.23086557796736357,0.1907961878074965,0.24731844754598864,0.20480171494210364,0.18542231452831992,0.21008582118532526,0.20021687372858055,0.23003187154945878,0.3114888145713673,0.3358739948781404,0.24866504496543634,0.20487995601346543,0.2648392923638608,0.2594853427674312,0.16713255370009558,0.0038293596012371994,0.024397261543879438
12.990395387678076,0.2561488645003546,0.2657103231362106,0.22910531387220825,0.22478838902905288,0.23601775246970605,0.18354664431858633,0.24511728445066674,0.2026169536163374,0.17742114351675617,0.20856726195527112,0.20222612117839356,0.23230234522928425,0.3161134674065076,0.31981516187030107,0.24375114960244187,0.1916034532358399,0.27756659500119607,0.25895173489945283,0.16452843477122236,0.004067845690990884,0.023208589938608696
12.01189555581888,0.24649355944126988,0.2822655098218882,0.22752995607960433,0.2452366800088938,0.22460926013179622,0.18665572459565571,0.2458143583368152,0.20483383193752164,0.18676414045447406,0.21071095555435562,0.20266833942447315,0.2217069997753043,0.3315763902875697,0.31606476809141043,0.23161359014038155,0.196760340423324,0.2798483107517893,0.2709812893685545,0.16846936610990554,0.004057462709142972,0.0235024314493733
16.169193560582,0.24625185370424457,0.2928339614748115,0.22168868211766385,0.23349086500828015,0.23625143905769924,0.19686350154241122,0.2468012961098579,0.19876336035506048,0.18952913585045092,0.2095881969215085,0.20073285624606416,0.22197987288799548,0.3402591560891746,0.31499061309688403,0.23131771465384982,0.20367073766289315,0.28385641670322675,0.2728686542100518,0.1690818595544856,0.004243669942853329,0.022690400682509264
13.173433714427121,0.23992067231069295,0.287562279006215,0.22189172609761476,0.2513212643193664,0.23642460367790297,0.20091642794787717,0.2470361498071941,0.19514053838617615,0.19279321725420084,0.20833489370651165,0.21081973190844247,0.2257238251670632,0.3392632995426589,0.3179977246867934,0.24103159290490886,0.21041259273428284,0.2745364024067961,0.2669509770584889,0.16834181489926522,0.004326796560414187,0.022914970315705278
9.390407395193309,0.24733975758676613,0.2821515689915485,0.2243914698852546,0.24206103557999803,0.2401391172954812,0.19728445379310852,0.22282137567302954,0.19785847067138113,0.19355804704188218,0.2025234670176982,0.21329142113574004,0.23610010032947543,0.3343443535301997,0.2968379867372729,0.24830676695247936,0.2033878856433823,0.2696318539066829,0.26544801586494005,0.16733967651942555,0.004208530461289194,0.023865364912404426
8.282058729023852,0.2515647606661667,0.2857756749636176,0.21963001911903454,0.24337779202713777,0.23942140328878994,0.19311512973205724,0.22294605505122447,0.19087755078063692,0.19269440816427838,0.20670489240977447,0.21476919633546723,0.22719069524761346,0.3292334072272542,0.30044460371705534,0.2441575343178987,0.20179426660582947,0.2734503759262196,0.27002904617827383,0.16700128386570667,0.00409723799805777,0.025285735454761614
7.1103270394506755,0.25414387178932163,0.28075642102609494,0.21780991233488875,0.25615066751016363,0.24277158103658966,0.1963042198381811,0.2250468762349704,0.1953071202008972,0.19123192766635452,0.2063223404789317,0.2161985667803942,0.23453829714700256,0.3085869425365002,0.31024665073674235,0.24696229656132285,0.21052337535184237,0.2848673595136119,0.2753503398667567,0.1674009770646477,0.004110084610787665,0.02455115548232043
6.656534847280744,0.25742864137174454,0.2769449086327348,0.21593446610923228,0.2555980289073194,0.2380537205461071,0.19342020795805331,0.22491662177007588,0.1987445156851393,0.19029076401935704,0.20732544921338794,0.2092440789950172,0.24793181581493692,0.3089702476461383,0.29389107860451075,0.24237164662620614,0.2215296319209344,0.2796813332651608,0.27176193935716547,0.16671087852481473,0.004159559079073123,0.024506360778661685
8.555815760414358,0.2324027086699113,0.287098013903765,0.23079834235247065,0.240389437501985,0.23525983944742415,0.1967707126569022,0.23851190765779173,0.19404480163648735,0.1765540658303942,0.20415501034346442,0.20860345990240628,0.24729699474929442,0.316219598827593,0.30546243891694147,0.24785322598077977,0.22237440965404837,0.25812183916164316,0.28222571981807193,0.16579519262795472,0.004327292329719337,0.024518821592712566
9.959483691870133,0.2413085570005655,0.28034580414962107,0.2240582211766816,0.23253262568263514,0.23116515705591928,0.19152835369578505,0.23261670923761787,0.1982556852578549,0.1748840050540562,0.19908256801155144,0.21161761088309428,0.25772276311460646,0.3050230947347272,0.2928614277698278,0.249270252065614,0.22174277095760855,0.2561249296768875,0.2816321362741526,0.16528388571654948,0.004335328893372052,0.024682199938145497
9.935452767729345,0.2393588774276829,0.27482648014122685,0.23384297785698538,0.2553943363773183,0.21966281047482303,0.18988340795264003,0.2358686549479642,0.20748758447162416,0.1795848013116592,0.20013420903504778,0.20406498146255597,0.257420116732958,0.30866535073280954,0.295364247182886,0.2603240148126137,0.20951212835555993,0.2531694630324458,0.27213770217113176,0.16681096261476303,0.0041062454694454405,0.023463443960370065
11.357247415272282,0.24760141987952816,0.27641742282148923,0.2184136567136446,0.25817956184074026,0.21817775281182156,0.19588512927035545,0.23513219358716636,0.20858524817095167,0.1701653212384355,0.20694717904060012,0.2114135250306114,0.2609738230125972,0.3072815696454969,0.2857354848729736,0.26298319050596897,0.2184288655292382,0.2534347433358875,0.26790981079033893,0.16697839943293788,0.003911655696682193,0.023693972720501014
4.482646277604565,0.25589412262702316,0.2732801108139646,0.21573324409152167,0.2545284703379312,0.22047797306433023,0.20815813514943768,0.2330951574531276,0.2134203924017362,0.1724972663190781,0.20392288472367961,0.20153335310181617,0.2604046830854322,0.2907653188940514,0.2851609927451964,0.2667449684835265,0.2211514832578719,0.2567043042210621,0.2732689408959651,0.16659291324375117,0.003841185411777383,0.02365882186314827
6.063180664014402,0.26290051663290076,0.26776938717427784,0.22070705541225902,0.2478050239431543,0.21027184401419463,0.21443627519478892,0.22778109149380696,0.21545380218559132,0.17453867453568944,0.2065115843681224,0.20746442780340724,0.24706818361540295,0.30765627426765957,0.28228972398931185,0.26339545317659124,0.20590818966909866,0.24730338852008568,0.26788895368156834,0.1662659865345098,0.003775801210064573,0.024603838955342863
5.958695491051189,0.26158999910474184,0.262244906064879,0.2209565259704609,0.23546734972328034,0.2209952402735553,0.21508356169244236,0.2209235457719643,0.20720127925891493,0.1686539426124765,0.1960828152086454,0.20911542736897654,0.2438772859715283,0.3017100248932368,0.30020432704370237,0.26541749278474963,0.20800868884556023,0.2392469734127949,0.2663091277933267,0.1650222580360743,0.00382743061373076,0.023601152131928968
5.699437133836275,0.25665111256854184,0.2528091643917587,0.2223098772336465,0.2403095271594085,0.2133454424746804,0.2187805668783589,0.22728454700713538,0.20836737910714528,0.1610178601119211,0.20070342512654227,0.2145006225424904,0.24695903643363976,0.31401588514789464,0.2774654353223289,0.2576315183026163,0.210643725545534,0.23307016029466412,0.2796837388746621,0.1660939278115602,0.0037937029911853243,0.023666579649211206
6.419011498901203,0.24938617596579024,0.26833848140698874,0.2272446095302472,0.24094811041408157,0.21080913316640906,0.2076115946604698,0.23850605504159308,0.20639480166994528,0.16040367270259562,0.2078933694829999,0.20434492360431727,0.2559806968908917,0.3135661318310601,0.28198962685223056,0.2646906418225599,0.21441059073126048,0.24752474157198434,0.27592203543123134,0.16578536332798935,0.0037144487948841762,0.023469926323407355
7.552699725989379,0.25383544267785896,0.2667682985443047,0.24165059082391974,0.22844492285172754,0.2128472902631972,0.20491098732569024,0.23083346972104915,0.20339588289097557,0.16419579779651364,0.20721766514236667,0.19620349560755831,0.23873655641697106,0.3217384640276106,0.2699002595941263,0.2640790808544895,0.21828653694385758,0.2439967441221629,0.263173644489698,0.16603950093267772,0.00379464471911973,0.022707005651339904
5.5219269628993715,0.24389460824102532,0.2646004547412489,0.24621998991574676,0.22918293390433822,0.21461507584726566,0.20403500205884895,0.22258760638508898,0.21430037352571213,0.17438628471768416,0.20518539943620134,0.1808539029513185,0.2497415993021966,0.3053046752757988,0.23826750886548936,0.2589790044330912,0.21821672126242847,0.25162930967343666,0.2585118891384353,0.16342879416082826,0.0036989009779638915,0.02325116637163756
6.914227072989646,0.24433635147721192,0.26294072152261266,0.2363913887746847,0.23205608484282852,0.2148925157095896,0.1944416657993475,0.20632388162234191,0.19948620088234248,0.17740615184216868,0.209564615416732,0.19095915887802437,0.2534739346712948,0.30452174756241907,0.25215433718266256,0.25754779959756846,0.20743531088499634,0.2383480078435519,0.2518393839761023,0.16123800153674395,0.0037244278364586456,0.023839180268674067
8.460388856381284,0.2457287664709197,0.2748777719998425,0.22956544386105202,0.23228659978890903,0.2165481994527471,0.18779152843767621,0.21385581730096964,0.20407611839428827,0.17159919224909548,0.21207771057319658,0.1850478052912963,0.2553674481980304,0.30599315481942185,0.25517672041109696,0.25938908427690227,0.19712001696022682,0.24484866307586833,0.2368119008197868,0.16227637507231038,0.0038688032398197926,0.022759135201107828
11.48825903002388,0.23118110979925305,0.2790047968971108,0.23003782667095918,0.23967851488581438,0.19782358254066867,0.19888150042025363,0.19713813815239697,0.20082897132693195,0.16793549511745623,0.20537977059573398,0.1880556928771871,0.2562524157760956,0.29750641349953016,0.2428326166305781,0.26117941125749233,0.2111309387359018,0.2481749183270235,0.22690564632270074,0.15910719698413112,0.0038656794072653485,0.022328975570286215
