1.000000000000000000e+00 7.751126585244283262e+01 2.448087257239899006e-01 2.452688893051995778e-01 2.206872336940099988e-01 2.183103340501052758e-01 2.017741404408407158e-01 2.284170103954962505e-01 3.072471055038626941e-01 1.560085885923066240e-01 3.650000688156908226e-03 2.175584143782995084e-02
1.000000000000000000e+00 2.046949168160172050e+01 2.618840741781376380e-01 2.526186226646121025e-01 2.478244094331089331e-01 2.040298662999533164e-01 2.464247201606906412e-01 2.006541642656517743e-01 1.682926901077848869e-01 1.695620598811531654e-01 3.432826311536531748e-03 2.400074293158092897e-02
1.000000000000000000e+00 4.114346929492154636e+00 2.582025622898136974e-01 2.692536692196951797e-01 2.445046426622475011e-01 2.279436832153800829e-01 2.531196906067610941e-01 1.827057999929128929e-01 1.585883766497526159e-01 1.737169556841674789e-01 3.531297162946143639e-03 2.336853080509415648e-02
1.000000000000000000e+00 4.414655047037318703e+00 2.465660455517473260e-01 2.813666180089823832e-01 2.400218277647754583e-01 2.289545174196368216e-01 2.498498823066985230e-01 1.979768474598042893e-01 1.595894977172374884e-01 1.695659174865800922e-01 3.512096163615518411e-03 2.224087243980675879e-02
1.000000000000000000e+00 8.400496829283783384e+00 2.487949915450812788e-01 2.818857752846988807e-01 2.440837981149093505e-01 2.263095385811679794e-01 2.461309778601778464e-01 1.864699528754393820e-01 1.527175575666911145e-01 1.716668575772772043e-01 3.653077643487674837e-03 2.161015678336897575e-02
1.000000000000000000e+00 1.103848670962188194e+01 2.528472743690324265e-01 2.903413842587211358e-01 2.422853120474864619e-01 2.343023488802986332e-01 2.492588531116308459e-01 1.846764024319606234e-01 1.421501704070193273e-01 1.759870197094774158e-01 3.551995522088332267e-03 2.075291149607957561e-02
1.000000000000000000e+00 1.056958911179880367e+01 2.541469614682216327e-01 2.909417174305563014e-01 2.444670604606221653e-01 2.322924994408483712e-01 2.555287464694462329e-01 1.815856146952417871e-01 1.471984687548389681e-01 1.734168601496810791e-01 3.483344567209498317e-03 2.154593863023987824e-02
1.000000000000000000e+00 7.286597569423928888e+00 2.607373315769367372e-01 2.815250284138291481e-01 2.377523463564119033e-01 2.315538965538368466e-01 2.428754404585125315e-01 1.688852412141747528e-01 1.514603998352366809e-01 1.720440011622741683e-01 3.262006864223758115e-03 1.844579162686101406e-02
1.000000000000000000e+00 4.885629918136202399e+00 2.546279084367107926e-01 2.831432921270314318e-01 2.260900679479892761e-01 2.515730446126986930e-01 2.380296765150012317e-01 1.770205268925066633e-01 1.551629211487737803e-01 1.737562263368173376e-01 3.313944559291328185e-03 1.794579987170664970e-02
1.000000000000000000e+00 3.800670991482676619e+00 2.534540567921502174e-01 2.829281549970688037e-01 2.335695359109031255e-01 2.563978893102093481e-01 2.266134401663670583e-01 1.939317600064864033e-01 1.599423442520956640e-01 1.741083809772551450e-01 3.306990985380019003e-03 1.803066342366014402e-02
1.000000000000000000e+00 4.826945128588283396e+00 2.527926858565431867e-01 2.874082795975252402e-01 2.310922744553107477e-01 2.542308803417472896e-01 2.332907361179368255e-01 1.943267395209008763e-01 1.574863068908061159e-01 1.743609443687682281e-01 3.145315568111661103e-03 1.858338636456992321e-02
1.000000000000000000e+00 5.480887711776540883e+00 2.554626310767807440e-01 2.781448937764637863e-01 2.329109018789632946e-01 2.596261392323506723e-01 2.273186270763933592e-01 1.854079729446758973e-01 1.628005152540178413e-01 1.752643683052827750e-01 3.286702069495152541e-03 1.798080977323296761e-02
1.000000000000000000e+00 5.107732449496216631e+00 2.600995460127783487e-01 2.767921981113511953e-01 2.378335958061095490e-01 2.592220476644377380e-01 2.211122946069573880e-01 1.801227035911922847e-01 1.742268461446181971e-01 1.748548219506324830e-01 3.371762643290763910e-03 1.792357123098068522e-02
1.000000000000000000e+00 4.121336770666478522e+00 2.524640616065418341e-01 2.741518963534338438e-01 2.316255096633675070e-01 2.545435994418744352e-01 2.324226570320586105e-01 1.798822254331113868e-01 1.752979038858113736e-01 1.713392655851825042e-01 3.393220927432538930e-03 1.824418847024450799e-02
1.000000000000000000e+00 6.926158466776063172e+00 2.556651940995179340e-01 2.696877572781460897e-01 2.354894526709470359e-01 2.420270456829390071e-01 2.347340670070124091e-01 1.799552090567812512e-01 1.708447571561382550e-01 1.718240780261207912e-01 3.656258944552809569e-03 1.839767188707617379e-02
1.000000000000000000e+00 7.667623929423449169e+00 2.611754801188368447e-01 2.799809097385647094e-01 2.322845916880857120e-01 2.464402257118262218e-01 2.457791335135380284e-01 1.989343422621935864e-01 1.624391795867623500e-01 1.733520356563311993e-01 3.694796487809131821e-03 1.788715460288855044e-02
1.000000000000000000e+00 2.852806265959374254e+00 2.560971231876757459e-01 2.848815447580173021e-01 2.371828421807912202e-01 2.438247366018701512e-01 2.472332246091410168e-01 2.033941600915419590e-01 1.506002930164388187e-01 1.734247438953992471e-01 3.609143801755494447e-03 1.687038153662570941e-02
1.000000000000000000e+00 3.714905104828083449e+00 2.610792942647729431e-01 2.774130422839024002e-01 2.392290458875336867e-01 2.400920037853654654e-01 2.363128504922855366e-01 2.066003452793293838e-01 1.431831110073818469e-01 1.723779126058289923e-01 3.866251842095200231e-03 1.769364326888626243e-02
1.000000000000000000e+00 6.566256769095129009e+00 2.466258587895540089e-01 2.799129002164939539e-01 2.439307460242599035e-01 2.461056981296174118e-01 2.456868114608823650e-01 2.087870607853097582e-01 1.378807652459454747e-01 1.729881194417492163e-01 3.582471172885192106e-03 1.671407494897014095e-02
1.000000000000000000e+00 8.476893524512107092e+00 2.573035289591903974e-01 2.699301001117745402e-01 2.516282199602804526e-01 2.461827709648686524e-01 2.406775836827181325e-01 2.153207524650480320e-01 1.333009455517532860e-01 1.739698774493252942e-01 3.379088153511284991e-03 1.552616811810716806e-02
1.000000000000000000e+00 8.193030599474319331e+00 2.724874295200543362e-01 2.738921781519380594e-01 2.448366059839402475e-01 2.459406220781142904e-01 2.459090896873150356e-01 2.085262243906337021e-01 1.344473630198338709e-01 1.807632809934784923e-01 3.316632809691473505e-03 1.624832492466161613e-02
1.000000000000000000e+00 4.278507011882198618e+00 2.677133625490537572e-01 2.750558881502723763e-01 2.491786256391570198e-01 2.565740913425985092e-01 2.479850495630791518e-01 2.100514150356163068e-01 1.275983838243239799e-01 1.806282501714202016e-01 3.229575135999070232e-03 1.785805688397464758e-02
1.000000000000000000e+00 3.794080768068945453e+00 2.704792644123930057e-01 2.783144257578324399e-01 2.441826044318387845e-01 2.637668901368192542e-01 2.418958809967633738e-01 2.115549141320456905e-01 1.308352840399204797e-01 1.827559931136947813e-01 3.142176497246164379e-03 1.877888133939779880e-02
1.000000000000000000e+00 2.542468857940653582e+00 2.709254971781677734e-01 2.845119049845407089e-01 2.551236248212207514e-01 2.545640364754716556e-01 2.479066458470718382e-01 2.183437337047787197e-01 1.254820172889722640e-01 1.837024981135404744e-01 3.438149961566504959e-03 1.939059576673202168e-02
1.000000000000000000e+00 1.687451495498739407e+00 2.699653579034833051e-01 2.868034030249846378e-01 2.424341231352946102e-01 2.628684708164479855e-01 2.448291918146407176e-01 2.170957761468533531e-01 1.336790063723144184e-01 1.821855523443970115e-01 3.515566624444832131e-03 2.089747853870787750e-02
1.000000000000000000e+00 3.004443853264000985e+00 2.713536582518746854e-01 2.790643740151594332e-01 2.344698741442350909e-01 2.656301557423088600e-01 2.358423460257728643e-01 2.190092210001190476e-01 1.359090082409254718e-01 1.809393546593722202e-01 3.535400027787136915e-03 2.115232086792293714e-02
1.000000000000000000e+00 2.641650418127376554e+00 2.715913461068980017e-01 2.661258090248220243e-01 2.304648974986402699e-01 2.623876912632965852e-01 2.371266345939108955e-01 2.082479332554131868e-01 1.405637183751139996e-01 1.780892123375983072e-01 3.543476066512064784e-03 2.061580985556832335e-02
1.000000000000000000e+00 2.757076094216070139e+00 2.575123183289432238e-01 2.686390799458249767e-01 2.320305130052751075e-01 2.456230205070313866e-01 2.419521766052036005e-01 2.170710393144111017e-01 1.421191846279734328e-01 1.715713550064259796e-01 3.535483054185873091e-03 1.872691840384400896e-02
1.000000000000000000e+00 1.509489595650803206e+00 2.668022586707021193e-01 2.635462083510063946e-01 2.275605486334585648e-01 2.534166148097098947e-01 2.309181700409330962e-01 2.089757087545923153e-01 1.382897489419285808e-01 1.742476063459241498e-01 3.570014254613110803e-03 2.150068843910811142e-02
1.000000000000000000e+00 3.625919868315880645e+00 2.686455525389486176e-01 2.584389019316093994e-01 2.266913582337224675e-01 2.421739738919326257e-01 2.107543631888604274e-01 2.253067759121124281e-01 1.450755134021681214e-01 1.702862854251462887e-01 3.628912848491013757e-03 2.121562759110684482e-02
1.000000000000000000e+00 3.815917760052748964e+00 2.591542184563948581e-01 2.562531973814793917e-01 2.129470329307131260e-01 2.642974314779507061e-01 2.125204902641261995e-01 2.188491367340382188e-01 1.414834304938337173e-01 1.679526245461307743e-01 3.330767553405934462e-03 2.116254129526547872e-02
1.000000000000000000e+00 3.255536403212969887e+00 2.546353220868872724e-01 2.604128238302967357e-01 2.233577712385674541e-01 2.596464055278443483e-01 2.271060119776530939e-01 2.218015338696601169e-01 1.387327546966611591e-01 1.674444365208047625e-01 3.285629775666578690e-03 1.950612203473173559e-02
1.000000000000000000e+00 5.462629454735633772e+00 2.570062949231012306e-01 2.644847283980144570e-01 2.123005756204347227e-01 2.599172078210521541e-01 2.276435695634164147e-01 2.188084757098026079e-01 1.409338943779089859e-01 1.684049475691619946e-01 3.095162138433139778e-03 1.810312826382496840e-02
1.000000000000000000e+00 5.907308131684023245e+00 2.572492912458400616e-01 2.655182705267579713e-01 2.121747626217620475e-01 2.617956758319471278e-01 2.385683602722150076e-01 2.057126318146599298e-01 1.400008303413533273e-01 1.689859339854438980e-01 3.326499971260840106e-03 1.828209975418406547e-02
1.000000000000000000e+00 5.921161674790047513e+00 2.597763442415518820e-01 2.630615346395314136e-01 2.227746603502800682e-01 2.522670353069905724e-01 2.382091061290764478e-01 2.116035766251654349e-01 1.353516498052071970e-01 1.707868733835502528e-01 3.538274016039597708e-03 1.714619706290231027e-02
1.000000000000000000e+00 6.240636759015734114e+00 2.585396844648278347e-01 2.648711036102636696e-01 2.209919115067216222e-01 2.530753693116772896e-01 2.348809008240157481e-01 2.140773930398114089e-01 1.275618482340254156e-01 1.695856563476930146e-01 3.391061629875287246e-03 1.758782482564987329e-02
1.000000000000000000e+00 6.638598934318389766e+00 2.498417617819360115e-01 2.753797209210859798e-01 2.305366779349293238e-01 2.528606906960271794e-01 2.370648698774065199e-01 2.125296777966196871e-01 1.243952665814534175e-01 1.730885164404562804e-01 3.234142994790380459e-03 1.783594128425235181e-02
1.000000000000000000e+00 7.460573990330187755e+00 2.501418734101902297e-01 2.779175053603646917e-01 2.288506177468009883e-01 2.612150890416290450e-01 2.239017447765672131e-01 2.253389311563999964e-01 1.291584798510115317e-01 1.740098784689274591e-01 3.298983670305527787e-03 1.769362819683911736e-02
1.000000000000000000e+00 7.698053798225179101e+00 2.549145232980981612e-01 2.952097788155165770e-01 2.187693328976214879e-01 2.686547648716333114e-01 2.305690206924699559e-01 2.183379809897260659e-01 1.236003656756189673e-01 1.779240533047753425e-01 3.342305463518025887e-03 1.713811608099848408e-02
1.000000000000000000e+00 5.739907559427850359e+00 2.578867681641326959e-01 2.886023374359579785e-01 2.223904224067918545e-01 2.749624436478008693e-01 2.430662223970140590e-01 2.126225731905848348e-01 1.215064317239788333e-01 1.753700404531458867e-01 3.309673919133963773e-03 1.449193348495770445e-02
1.000000000000000000e+00 7.021925424709302810e+00 2.627147778414875012e-01 2.976965767856847855e-01 2.179260915802477827e-01 2.622338841638693907e-01 2.493391637579290276e-01 2.155333212069821813e-01 1.191616867952895453e-01 1.804447345267382319e-01 3.445524476584882825e-03 1.597572815831924467e-02
1.000000000000000000e+00 6.070041879163721177e+00 2.596722314113045771e-01 2.902983215135467865e-01 2.106676459035844162e-01 2.679406537036252423e-01 2.391469750907032621e-01 2.075976632395246657e-01 1.231939722716115237e-01 1.759499995615720624e-01 3.410935627852487804e-03 1.670670101182900394e-02
1.000000000000000000e+00 1.390095108835540572e+01 2.499138209565312518e-01 2.860832524732331850e-01 2.172668418866309792e-01 2.726749698015453194e-01 2.420589654488129738e-01 2.063756700718136772e-01 1.160110021595023855e-01 1.726278495174936589e-01 3.547840484662389236e-03 1.612232273083951881e-02
1.000000000000000000e+00 1.034453626285462668e+01 2.571684757460615534e-01 2.849391017336133647e-01 2.144831778237144548e-01 2.689711138322124495e-01 2.451048241583328180e-01 1.944291631287173583e-01 1.087594811031774855e-01 1.730290808812924019e-01 3.705868830175768156e-03 1.432231458341867020e-02
1.000000000000000000e+00 8.130372985210939873e+00 2.517828156100626602e-01 2.818293699086024673e-01 2.156163188106174633e-01 2.600775046418822845e-01 2.341900657379614448e-01 1.952834524875982636e-01 1.002431164418370185e-01 1.736186073377943839e-01 3.741076982342985465e-03 1.355277297192755345e-02
1.000000000000000000e+00 9.317158311698957363e+00 2.419196715980986012e-01 2.814952065583834484e-01 2.214717807650929404e-01 2.639965341238526553e-01 2.295554911913112450e-01 1.820142958888493478e-01 9.821008105342673988e-02 1.698222108042259371e-01 3.913305440420507958e-03 1.539637709171478436e-02
1.000000000000000000e+00 8.470077882792001134e+00 2.433718316784543312e-01 2.838124035864887929e-01 2.228984087924952839e-01 2.440556142135684448e-01 2.298734216612901560e-01 1.808776913242571838e-01 9.286732917182406732e-02 1.685816453145636551e-01 3.976234986930980014e-03 1.475420347039367586e-02
1.000000000000000000e+00 7.038911621159961385e+00 2.434953294319848749e-01 2.783023187696326284e-01 2.121688335248597401e-01 2.324101535577802191e-01 2.398628818729481305e-01 1.895048709797820807e-01 9.157644404375518687e-02 1.612440737000359614e-01 3.967517359873335391e-03 1.437123927753981151e-02
1.000000000000000000e+00 7.735662573597020142e+00 2.459402549352610046e-01 2.646098231538522305e-01 2.173690949654336624e-01 2.252208695468345956e-01 2.454289900119398793e-01 1.894489998101866191e-01 7.884676302789231372e-02 1.584754684346501297e-01 3.763507327977875030e-03 1.379450812164997181e-02
1.000000000000000000e+00 7.243749070549085012e+00 2.511693255558456461e-01 2.633166392926574173e-01 2.091105509042371358e-01 2.311722182975154416e-01 2.414739079373230124e-01 1.844805753091732781e-01 7.419604811760678598e-02 1.630330334162196082e-01 3.623501932148988532e-03 1.561511140237344629e-02
1.000000000000000000e+00 5.497264792018403234e+00 2.500309503259544042e-01 2.780614466775213067e-01 2.197939706969030682e-01 2.343878764115788493e-01 2.353308734595614682e-01 1.791536138570952452e-01 7.962893813962232392e-02 1.657824179273587606e-01 3.894166795326852240e-03 1.507455113645321185e-02
1.000000000000000000e+00 7.616501743335003738e+00 2.447861249276684359e-01 2.622377053146678350e-01 2.298800829776568577e-01 2.357105649694227756e-01 2.329130304690031072e-01 1.703977507178737194e-01 8.827572426811851336e-02 1.632224594207881130e-01 3.673614775021409422e-03 1.447150176316874468e-02
1.000000000000000000e+00 8.528437695399318841e+00 2.572080378940789225e-01 2.472263699708870111e-01 2.364473986564783747e-01 2.342924792758843966e-01 2.386547509049066207e-01 1.827296486781352647e-01 8.534011882681413752e-02 1.640914426185920982e-01 3.866927685481300666e-03 1.595616574855373421e-02
1.000000000000000000e+00 5.624355844585414488e+00 2.605931468341383672e-01 2.393023561162886670e-01 2.411008977354771876e-01 2.338605509188585452e-01 2.260237593298181080e-01 1.883191783913735484e-01 7.547483464365811745e-02 1.635118526760137303e-01 3.898099590261991550e-03 1.537042643312639366e-02
1.000000000000000000e+00 5.673548671506274843e+00 2.566204939771160598e-01 2.394652283348098210e-01 2.419791367225778145e-01 2.337680028969419399e-01 2.312813405573002634e-01 1.671208942385037644e-01 8.203307284562799673e-02 1.641758574031829121e-01 3.769741073762545615e-03 1.503403979096095376e-02
1.000000000000000000e+00 6.485920988344659577e+00 2.584828782224843913e-01 2.408288809553776055e-01 2.310626229058295178e-01 2.191410292763552037e-01 2.334060354965297179e-01 1.667814124934187403e-01 8.082675589208736244e-02 1.604476110881591921e-01 3.802233823421606422e-03 1.493443571109966984e-02
1.000000000000000000e+00 9.193148391339008185e+00 2.665478790857077618e-01 2.371875203175155544e-01 2.410836228031023321e-01 2.197279106283991090e-01 2.333153976691847431e-01 1.698169031118449690e-01 7.662190595762494172e-02 1.647365040526944935e-01 3.836981561519912324e-03 1.427108748139422137e-02
1.000000000000000000e+00 5.763650235385791021e+00 2.558966942705214742e-01 2.471012634971203881e-01 2.463278124508174460e-01 2.281854215782473105e-01 2.255094473649813247e-01 1.731804445783924895e-01 7.614895135493189582e-02 1.652426325549586628e-01 3.834993326800978288e-03 1.311035210725566835e-02
1.000000000000000000e+00 7.442956450540265223e+00 2.661563686695343489e-01 2.584643389318541651e-01 2.333744214769536141e-01 2.400561373753087313e-01 2.455429791653461480e-01 1.766681055259543276e-01 7.628875363407643106e-02 1.709876943515873660e-01 3.946004130439819020e-03 1.375102636379586796e-02
1.000000000000000000e+00 6.287537358676187793e+00 2.589216094446615268e-01 2.637387826684394199e-01 2.340847146968009773e-01 2.425274272115749696e-01 2.424733195223953142e-01 1.837890900010433481e-01 8.642017703540214035e-02 1.690829138201449811e-01 3.838985887668534651e-03 1.264522138228883416e-02
1.000000000000000000e+00 7.788841217929023841e+00 2.510852522826975686e-01 2.605347870630735363e-01 2.306778696251681193e-01 2.364221068927427061e-01 2.421459993336629590e-01 1.940331861530257551e-01 8.567210909737785207e-02 1.672289199658321401e-01 3.681150947514529297e-03 1.187430909644619954e-02
1.000000000000000000e+00 4.724291262812565506e+00 2.544705292603796631e-01 2.601684273248486834e-01 2.364003771820651911e-01 2.333979755773170350e-01 2.371483091221555095e-01 1.964984612104843098e-01 8.946128186991590681e-02 1.669453526469545923e-01 3.682860344566579736e-03 1.174410180776486526e-02
1.000000000000000000e+00 5.649484744814844639e+00 2.630117174584579720e-01 2.581543990654622811e-01 2.358141469954682101e-01 2.376483112242291085e-01 2.438207003796377670e-01 2.042631085060299390e-01 9.563281540263995906e-02 1.687128899379589653e-01 3.810287632535556794e-03 1.106564865486512478e-02
1.000000000000000000e+00 6.639624890825349013e+00 2.494948046392556351e-01 2.655284402438461422e-01 2.286303362506908465e-01 2.371394091269688476e-01 2.371341546039839598e-01 2.007064433149037541e-01 1.118955596338139236e-01 1.658176077320306641e-01 3.787930254541738498e-03 9.770785133813970902e-03
1.000000000000000000e+00 8.303643349086538450e+00 2.463307731757844454e-01 2.680422473742938294e-01 2.203427504602078757e-01 2.185801150925306136e-01 2.439163718788899538e-01 2.071550888892748632e-01 1.121431062999143358e-01 1.647873778862307681e-01 3.679941485346102659e-03 1.013220499929014598e-02
1.000000000000000000e+00 9.035006302695334668e+00 2.505375945971131668e-01 2.598189716452591336e-01 2.356716197903678811e-01 2.093017428506920019e-01 2.453670126044354138e-01 2.214027783866122367e-01 1.097111619652854642e-01 1.642925409042685636e-01 3.706382065597816928e-03 1.057581205473231804e-02
1.000000000000000000e+00 8.329685877220196488e+00 2.644999771739277583e-01 2.611838011967468343e-01 2.471054448224414835e-01 2.212292492618421480e-01 2.484715985362911383e-01 2.289185355427138802e-01 1.011359018954662986e-01 1.719234253257745371e-01 3.415578326629549639e-03 1.001807603457057806e-02
1.000000000000000000e+00 9.829326879427792818e+00 2.594022919985078390e-01 2.704352109631567025e-01 2.592684668480342847e-01 2.263161338390837218e-01 2.489371339209816292e-01 2.256964737450893876e-01 9.479128374955639313e-02 1.731309120999640350e-01 3.436787271740668337e-03 1.078537956499990395e-02
1.000000000000000000e+00 7.250250443326489602e+00 2.594642586781353844e-01 2.728798048471600679e-01 2.506445735707206746e-01 2.315980311320885998e-01 2.348311602999371139e-01 2.108148631042043863e-01 9.319643716975725689e-02 1.719583391457903121e-01 3.524737895694280039e-03 1.155646404536126229e-02
1.000000000000000000e+00 6.572442477586807996e+00 2.654795590065098243e-01 2.585950687980491103e-01 2.484159950415644191e-01 2.292875934697339024e-01 2.291559684195126068e-01 2.166340315270813277e-01 1.080906100068705078e-01 1.704518224394463988e-01 3.512820332206306132e-03 1.252810650714247104e-02
1.000000000000000000e+00 9.019169639432490726e+00 2.648474574742961662e-01 2.606079265474448570e-01 2.544959140854392565e-01 2.431303905851094627e-01 2.321166398053619295e-01 2.095478963824635166e-01 1.011052377540981456e-01 1.721941647224805583e-01 3.216661721740954327e-03 1.307886270418472802e-02
1.000000000000000000e+00 7.743938177730859351e+00 2.773768925231179239e-01 2.546217572820669850e-01 2.640720964494808753e-01 2.447880520031540941e-01 2.558898897606493583e-01 2.032834708598103557e-01 1.106720296495680433e-01 1.794884612561086501e-01 3.677457804016184655e-03 1.288974331511506116e-02
1.000000000000000000e+00 7.913030497111947170e+00 2.654332613026471610e-01 2.566959866784557787e-01 2.669755132186984459e-01 2.479893926746923882e-01 2.444440960082546188e-01 2.080546659019970324e-01 1.085116755006853978e-01 1.794401071118888469e-01 3.524147771864277398e-03 1.145817986084299474e-02
1.000000000000000000e+00 5.828236810580251337e+00 2.569897063001163606e-01 2.489183620013665221e-01 2.599061044323922043e-01 2.331056666203369376e-01 2.398262419127383249e-01 2.111804412273079468e-01 1.091975100859272907e-01 1.696014599089635255e-01 3.594465124957323381e-03 1.180510568747226291e-02
1.000000000000000000e+00 5.295817825568699178e+00 2.727023453128232799e-01 2.450210728914356539e-01 2.459018024700601601e-01 2.349147088325199417e-01 2.398083308515852052e-01 2.106064902445684006e-01 1.078699618309890140e-01 1.716764738371505949e-01 3.435068303774928711e-03 1.353132586386061008e-02
1.000000000000000000e+00 5.866133896611380294e+00 2.731033344053937495e-01 2.521500752997856698e-01 2.413471847750809085e-01 2.496157642034606827e-01 2.271226159190866123e-01 2.115988259020205597e-01 1.062147952667369805e-01 1.749033774146834530e-01 3.357301665947406196e-03 1.103055860356355437e-02
1.000000000000000000e+00 7.026923686045096318e+00 2.637501476373536047e-01 2.429426465367868215e-01 2.389715857947111721e-01 2.363202950676494551e-01 2.151664740435618173e-01 2.104746338496146230e-01 1.054771223936466773e-01 1.665731947997330931e-01 3.135657484281041945e-03 1.088625733222263643e-02
1.000000000000000000e+00 6.096940807572655885e+00 2.612058794920949500e-01 2.493499081794822991e-01 2.244141329660799544e-01 2.366385487291286782e-01 2.065055123282427685e-01 2.029648659413612333e-01 1.060455340691877357e-01 1.651953567008794532e-01 3.254119689153991447e-03 1.111366220133129003e-02
1.000000000000000000e+00 6.294412846678445028e+00 2.577748040152069153e-01 2.562700323946392467e-01 2.142954942333991086e-01 2.355881795335086071e-01 2.215199748571798910e-01 2.063522878415768314e-01 1.054323480467356244e-01 1.635402268707971951e-01 3.573349837297143047e-03 9.714040838236124784e-03
1.000000000000000000e+00 7.131371140812081677e+00 2.505303722476384110e-01 2.650487528948778371e-01 2.137709247971035231e-01 2.289630328331863640e-01 2.234956936465681554e-01 2.073868163647118179e-01 1.209640955655765793e-01 1.617696883237128291e-01 3.497905556583943368e-03 8.818045066994817729e-03
1.000000000000000000e+00 5.794138176347507496e+00 2.507512251405049630e-01 2.468982073991517756e-01 2.184968674951194012e-01 2.276756378039403728e-01 2.304694034273625791e-01 2.016930903405988740e-01 1.248911893867859918e-01 1.592706575559897086e-01 3.558013737362356130e-03 9.797763798465084981e-03
1.000000000000000000e+00 5.132224397358321255e+00 2.415044343616914446e-01 2.484769717066876160e-01 2.162886166493899753e-01 2.164590515312067587e-01 2.265583766776848029e-01 1.890545236731167589e-01 1.228645654142564436e-01 1.549332864917820352e-01 3.512362023614865048e-03 1.056599027499748218e-02
1.000000000000000000e+00 5.440185801917740704e+00 2.514863601130519766e-01 2.516207217598439572e-01 2.154954737415591681e-01 2.230851744140270876e-01 2.200166670976975158e-01 1.896763796984698713e-01 1.272121566363529077e-01 1.582016580315977472e-01 3.521401512244907474e-03 1.203284597024290026e-02
1.000000000000000000e+00 8.705331115819262777e+00 2.509602304238457982e-01 2.657396471145964112e-01 2.117464819000395015e-01 2.253468802548993788e-01 2.274411055142195881e-01 1.876252591933375291e-01 1.208333933267265042e-01 1.577208131883787168e-01 3.632498975297576271e-03 1.205238027238314698e-02
1.000000000000000000e+00 7.912759647584721279e+00 2.461351338047899906e-01 2.438749558713935728e-01 2.210108240032626625e-01 2.353329299540398989e-01 2.186884323927205942e-01 1.887584755059673325e-01 1.175688936723063294e-01 1.571401490066490214e-01 3.655386658986890715e-03 1.221175773701527363e-02
1.000000000000000000e+00 6.073460341324862455e+00 2.399853949390350905e-01 2.585626267228345876e-01 2.260804924389697157e-01 2.299290373486205241e-01 2.194913087943389518e-01 1.854818936105526173e-01 1.125644052120831351e-01 1.604506769541806654e-01 3.427291735308324924e-03 1.296699512133232292e-02
1.000000000000000000e+00 6.224070550128784518e+00 2.411819819935990261e-01 2.653590468469942398e-01 2.223910092519089943e-01 2.245467533594905640e-01 2.132966715263320545e-01 1.842922332894071369e-01 1.097874666054207693e-01 1.568808675743673109e-01 3.389859671697254082e-03 1.225493596444329931e-02
1.000000000000000000e+00 9.889238260042667150e+00 2.379844558267650012e-01 2.518333959062657446e-01 2.285741053740028839e-01 2.226089354177187840e-01 2.045612414368355725e-01 1.935466957575623925e-01 1.079971021255274888e-01 1.586828868969557549e-01 3.258118949923862178e-03 1.257912232235136075e-02
1.000000000000000000e+00 9.105143564874193629e+00 2.273100294262986043e-01 2.446897278245415419e-01 2.306996221695176430e-01 2.122446331516970042e-01 2.029163432241369858e-01 1.951070787919698124e-01 1.154709718776365662e-01 1.514533138628353093e-01 3.485964174901301157e-03 1.065874274162441002e-02
1.000000000000000000e+00 8.432127587018722892e+00 2.284888531997733840e-01 2.314061841793821350e-01 2.293931211231922118e-01 1.960036073425771019e-01 1.876224764672725920e-01 1.893350325016689983e-01 1.113019767994607723e-01 1.442313110689155686e-01 3.571232590897612229e-03 1.286672279729503092e-02
1.000000000000000000e+00 8.598155162467893575e+00 2.292056110394972424e-01 2.310474689453429764e-01 2.302315356152876136e-01 1.999303928626480764e-01 1.894810851305614441e-01 1.986807842664204404e-01 1.196243662249892314e-01 1.458664492990400519e-01 3.832101746083083418e-03 1.270789524211150649e-02
1.000000000000000000e+00 8.453698777531949204e+00 2.380967659049986751e-01 2.175969005093095765e-01 2.254252994880702743e-01 1.997806775949192704e-01 1.954506213502677225e-01 2.003687456353117069e-01 1.157104361879346954e-01 1.443858386711377451e-01 3.572149987247584188e-03 1.290302482331409997e-02
1.000000000000000000e+00 5.564991213704196582e+00 2.388429350352928859e-01 2.126479527858795293e-01 2.210516215751208990e-01 2.107401624066668477e-01 1.911816736741461797e-01 1.881140926612673014e-01 1.173155714150353746e-01 1.447635359866921156e-01 3.473697627883852099e-03 1.517879747495236992e-02
1.000000000000000000e+00 4.959853089434153262e+00 2.320466349542767426e-01 2.118861744061614483e-01 2.080436873155782906e-01 2.013549112583392642e-01 1.882530600142680033e-01 1.903282913450011771e-01 1.098452261439054611e-01 1.397962897491199230e-01 3.679661561547898762e-03 1.631511994024651205e-02
1.000000000000000000e+00 4.603355704297413808e+00 2.348383890167723975e-01 2.122784760018462669e-01 2.118131460182241244e-01 2.041229108634954881e-01 1.908638614779173959e-01 1.819516305888971008e-01 1.059617779442864199e-01 1.410692572038987069e-01 3.723028912840069780e-03 1.706620635712804979e-02
1.000000000000000000e+00 5.255037706390810470e+00 2.345885099868089685e-01 2.110123381880077975e-01 2.051732126490388164e-01 1.982058002677610786e-01 1.921340571759542759e-01 1.933831424798892751e-01 9.684172363516559134e-02 1.402726557210152158e-01 3.572518231025416033e-03 1.841735242552975868e-02
1.000000000000000000e+00 3.517571711174294791e+00 2.336999888003053194e-01 2.090153708042249980e-01 2.156364543862147043e-01 1.995691340813467440e-01 1.979434581469263210e-01 1.800665943566496507e-01 1.003571993680189567e-01 1.415237198365576210e-01 3.579430032057892130e-03 1.943917702136352052e-02
1.000000000000000000e+00 2.975059891661179456e+00 2.380584574224542671e-01 2.119047205763290864e-01 2.239197916088155327e-01 2.087840937615843828e-01 1.980813542935111193e-01 1.803435565114713257e-01 1.059383502540210409e-01 1.458455696564384396e-01 3.362539126213732067e-03 1.932176944086678311e-02
1.000000000000000000e+00 4.796301995046251321e+00 2.335409240264617048e-01 2.181686109108757210e-01 2.294478304256671319e-01 2.029006526960879520e-01 1.905344314694222274e-01 1.915950189444693974e-01 8.685666350258933188e-02 1.461269528302450438e-01 3.371343468997113017e-03 1.938368221292280716e-02
1.000000000000000000e+00 4.068815675837013757e+00 2.320328224405244499e-01 2.315269957181229632e-01 2.134489342556660507e-01 1.948110736454113090e-01 2.012939078698449680e-01 1.786821727148271977e-01 7.267764105741554570e-02 1.429069199323022288e-01 3.420975248344213827e-03 2.204268748166990366e-02
1.000000000000000000e+00 5.488726109000949371e+00 2.488112412692709829e-01 2.372366684335611153e-01 2.211740807966086353e-01 2.192219912478754751e-01 2.085904875341763054e-01 1.753369972921114128e-01 6.968997275498511890e-02 1.532418845767895277e-01 3.416541106440239371e-03 2.193470400582909693e-02
1.000000000000000000e+00 6.839221832617673691e+00 2.448897300020956291e-01 2.515418710267838809e-01 2.218398251695764267e-01 2.208174010382575048e-01 2.218805720754982447e-01 1.662578244686566675e-01 6.902878024468092621e-02 1.565443503578514139e-01 3.465091822478544911e-03 2.142357499656509165e-02
1.000000000000000000e+00 6.720845590125875901e+00 2.385889877255683578e-01 2.538585637495938685e-01 2.369054068007183933e-01 2.090084612263984898e-01 2.220800273150561333e-01 1.685191750004627342e-01 6.683179417108445208e-02 1.560866004869311263e-01 3.289329555519541950e-03 2.097324586630434917e-02
1.000000000000000000e+00 3.747309431191165885e+00 2.498370308488436220e-01 2.543206398141800162e-01 2.386918975533185161e-01 2.173023844950668637e-01 2.278774363501772371e-01 1.570706243841291094e-01 7.446132818560063926e-02 1.626986884013917056e-01 3.135085528454276994e-03 2.171993522256891740e-02
1.000000000000000000e+00 4.144672591956033436e+00 2.447645638646700761e-01 2.535796685394982042e-01 2.439729726452074532e-01 2.141608647831871326e-01 2.379514404719220433e-01 1.729453667992326693e-01 7.469178630135413222e-02 1.631235583251925414e-01 3.030600570313993995e-03 2.206226637489499404e-02
1.000000000000000000e+00 5.473689167355997753e+00 2.396659515051300371e-01 2.480552901289370393e-01 2.412331454923647700e-01 2.180379440082030329e-01 2.385758480872172127e-01 1.779920467512087212e-01 6.520185830072861011e-02 1.615339933485243351e-01 3.092299974005585129e-03 2.313824319934689594e-02
1.000000000000000000e+00 3.602358724411946600e+00 2.522228540640593653e-01 2.507678950875156798e-01 2.250163851859549313e-01 2.238058929317194301e-01 2.349618073839480348e-01 1.898924300399061349e-01 6.491869722266643827e-02 1.625137649780699911e-01 3.059735800199239394e-03 2.399422749889064399e-02
1.000000000000000000e+00 3.707584321154772322e+00 2.592433737666243743e-01 2.510007114810388074e-01 2.410628409609012479e-01 2.151731435251673374e-01 2.406360248532644908e-01 1.832497881097903125e-01 7.248567817249741696e-02 1.631941968851333413e-01 3.193936349765397718e-03 2.314369013871973510e-02
1.000000000000000000e+00 2.582575465135604098e+00 2.498468558697744257e-01 2.476714089482710268e-01 2.378801900838648786e-01 2.176590668331572775e-01 2.386987258579957027e-01 1.863251529417267183e-01 7.364352648700100978e-02 1.617820627991978510e-01 3.108614173870664823e-03 2.293393905160669155e-02
1.000000000000000000e+00 6.820173554484536105e+00 2.521010511277614885e-01 2.600706843180552452e-01 2.473088913876821671e-01 2.193704731827968990e-01 2.376684552370920134e-01 1.974396887333618733e-01 8.495649668453135461e-02 1.656825942820733533e-01 2.961875743143459194e-03 2.387080717481371295e-02
1.000000000000000000e+00 2.314118160391381185e+00 2.506714501762187797e-01 2.554288214309770044e-01 2.375276473610538619e-01 2.112985554726786175e-01 2.309502037803061736e-01 1.946729512223283332e-01 8.303411701597979144e-02 1.637282608752100854e-01 2.932269698361322265e-03 2.539724915384191858e-02
1.000000000000000000e+00 2.885738776117384496e+00 2.510941873691396875e-01 2.603004984808323652e-01 2.273892862053234210e-01 2.136723709777449964e-01 2.325632337453217291e-01 2.052636560814460054e-01 8.986505144297983472e-02 1.648849939587505864e-01 3.067936522566812145e-03 2.406759776099534620e-02
1.000000000000000000e+00 2.386948761399452223e+00 2.514099022228862279e-01 2.598256036603516783e-01 2.344353986863875472e-01 2.221684870162832781e-01 2.374661951207399091e-01 2.029408090219524674e-01 8.161083088081724779e-02 1.656071057448181838e-01 2.875726787300798230e-03 2.314929978909183519e-02
1.000000000000000000e+00 2.146666502975739022e+00 2.464512903373419772e-01 2.662606755777310319e-01 2.325097754102622705e-01 2.257084170736071704e-01 2.364940048223062863e-01 1.923738070746867923e-01 7.389045791538419172e-02 1.633827701428728352e-01 2.846064222857848641e-03 2.348606451189211297e-02
1.000000000000000000e+00 2.428104045112616571e+00 2.490349654546198110e-01 2.646706121524626254e-01 2.337197250976871810e-01 2.194905630327995127e-01 2.276592022637811130e-01 1.870290017407566230e-01 6.310543274333541008e-02 1.650488812186088061e-01 3.219946667552623862e-03 2.367257927980597615e-02
1.000000000000000000e+00 2.495642543602948571e+00 2.449680881682163303e-01 2.603327430950803656e-01 2.275095295846563948e-01 2.294705074282742119e-01 2.256767425300659491e-01 2.005422636265168368e-01 5.874569929084776793e-02 1.639831605348207322e-01 3.046586050571127146e-03 2.298662618275569558e-02
1.000000000000000000e+00 2.611609533371378244e+00 2.471597346546545726e-01 2.647164652949604013e-01 2.210457400006195783e-01 2.385481296764938863e-01 2.105041772013497847e-01 2.053522532682928448e-01 6.910838648264924777e-02 1.611355590774583568e-01 3.345141177674350319e-03 2.370404735590618539e-02
1.000000000000000000e+00 2.398282816359950775e+00 2.399929570122197320e-01 2.732298779766553776e-01 2.123020914425819694e-01 2.307282995675762061e-01 2.133219154092838854e-01 1.998224912121217556e-01 6.005960383211830789e-02 1.589502666986412072e-01 3.333894909846724878e-03 2.312927311528093985e-02
1.000000000000000000e+00 5.348699157024220163e+00 2.575964578733078714e-01 2.594502489047711968e-01 2.149559078610012997e-01 2.247616390009867238e-01 2.152100716614870901e-01 2.043442644620721282e-01 6.252533405245118414e-02 1.624110428477620327e-01 3.227979513491177708e-03 2.410649100869254047e-02
1.000000000000000000e+00 5.044377190686715196e+00 2.529460512324563926e-01 2.397497375740353931e-01 2.123139177089610752e-01 2.200745923116817493e-01 2.277817017803414057e-01 1.947154183423308038e-01 5.704630202036345410e-02 1.562971995389868807e-01 3.252601850452695609e-03 2.318095308116310815e-02
1.000000000000000000e+00 4.821311839733859905e+00 2.564526624190282544e-01 2.353875923294567463e-01 2.068058810244693957e-01 2.299764686667548075e-01 2.264002135276547700e-01 1.981055896664168370e-01 6.660079452285097568e-02 1.587859893476733231e-01 3.239075714734772782e-03 2.464250144073097323e-02
1.000000000000000000e+00 3.648164993925623545e+00 2.590472357848070395e-01 2.385850936312818860e-01 2.165413251519494875e-01 2.353019361906266704e-01 2.313953552081527143e-01 1.996513733580931871e-01 6.674655541028506889e-02 1.621480664256671478e-01 3.094338320653458076e-03 2.519677909350021699e-02
1.000000000000000000e+00 5.734720763116982312e+00 2.491951952629571643e-01 2.489242509250532975e-01 2.193979764916319797e-01 2.315040356988764814e-01 2.238444115407351998e-01 1.878496303204516826e-01 6.381735237607005784e-02 1.584669615809247700e-01 3.380263897131087405e-03 2.582704044543997907e-02
1.000000000000000000e+00 3.322326262701341015e+00 2.483272543325646953e-01 2.515482171140371315e-01 2.327629635004801190e-01 2.247270078197890208e-01 2.077823639316787874e-01 1.911760311067045304e-01 6.999014890300733760e-02 1.602883665256448764e-01 3.419664523514204853e-03 2.459743540411899951e-02
1.000000000000000000e+00 3.949478034047121611e+00 2.516947255470979306e-01 2.427444787617301369e-01 2.236171272328975057e-01 2.258373028034580954e-01 2.174460593354846372e-01 1.954176301965409313e-01 8.640433442091811911e-02 1.592577848434291177e-01 2.931730091953493010e-03 2.406340178810470118e-02
1.000000000000000000e+00 5.140926106767728321e+00 2.481043965664294637e-01 2.597582814886080782e-01 2.284969018689067544e-01 2.267589247880196779e-01 2.159901086863258712e-01 2.048687258484684637e-01 9.171856722475130175e-02 1.596686365808603625e-01 4.055424348707203919e-03 2.683248551447536823e-02
1.000000000000000000e+00 4.807191701424356367e+00 2.540767030455025055e-01 2.448732162627728914e-01 2.230354254937392533e-01 2.309374858273215703e-01 2.167321255470127384e-01 2.038774322007270157e-01 1.018975875691729843e-01 1.591049190134636859e-01 4.265855039518798644e-03 2.709848964255841958e-02
1.000000000000000000e+00 2.090894453018810939e+00 2.557711997933299619e-01 2.371137880348016536e-01 2.217261892937401613e-01 2.244909796424173487e-01 2.172697702402487385e-01 2.000790363595628396e-01 1.099886146613980459e-01 1.584522055104172211e-01 3.532357570625816422e-03 2.609713377026184195e-02
1.000000000000000000e+00 1.885926326150201504e+00 2.514206767243452600e-01 2.378418945342484214e-01 2.180732177560117946e-01 2.281526382111115636e-01 2.248668283921238520e-01 1.918122867141008603e-01 1.158142787419593478e-01 1.585498858254678345e-01 3.575592994274068293e-03 2.670407250659654827e-02
1.000000000000000000e+00 6.446530645764224410e+00 2.591529286374819607e-01 2.297309737364369442e-01 2.182193874677829659e-01 2.134746032496759871e-01 2.322302409359828512e-01 1.790449136704785893e-01 1.159255152708326686e-01 1.579963529275886791e-01 2.991313795811595226e-03 2.618940888394543851e-02
1.000000000000000000e+00 8.475935221152649746e+00 2.601919485419311173e-01 2.284946590359624441e-01 2.184343067507443781e-01 2.291266159761224386e-01 2.273362399936221800e-01 1.876747671722170108e-01 1.388150595070907212e-01 1.580592594560455977e-01 4.349793526219752036e-03 2.602000984468556127e-02
1.000000000000000000e+00 7.530223108463466097e+00 2.606791018103614133e-01 2.237786207160377683e-01 2.227493944337443077e-01 2.304257129583096031e-01 2.299508558254053092e-01 1.838679589690226102e-01 1.297050549011121157e-01 1.578135032954011974e-01 3.337099904642118215e-03 2.513690022930366655e-02
1.000000000000000000e+00 4.950775105503022466e+00 2.553748038626504901e-01 2.270222595434078228e-01 2.264420593071422294e-01 2.297076843810637869e-01 2.137656864660548162e-01 1.714565032157411295e-01 1.449187649211162721e-01 1.578754094059421076e-01 3.597741640501848828e-03 2.549302829294700090e-02
1.000000000000000000e+00 4.335749185382921311e+00 2.512646529687999064e-01 2.244525148030207529e-01 2.308547673651963061e-01 2.298660024616978326e-01 2.284409849045210827e-01 1.775434275266336015e-01 1.561203084494847959e-01 1.570496847379440619e-01 3.128794271112610072e-03 2.501574592099505001e-02
1.000000000000000000e+00 4.679191189839945864e+00 2.493269549467324042e-01 2.257529246342352691e-01 2.325392990522522629e-01 2.273591113272682429e-01 2.204609015523521509e-01 1.735415686245610767e-01 1.552563979393717097e-01 1.576089573682447620e-01 3.889000487713094832e-03 2.614613464856400254e-02
1.000000000000000000e+00 2.261850824689093375e+00 2.527828186741777894e-01 2.298167902177999100e-01 2.392640614516566844e-01 2.248430930670217986e-01 2.167360271884135325e-01 1.766539359328254954e-01 1.370470946617535213e-01 1.582887472986196919e-01 3.528530017278253689e-03 2.745669085069337920e-02
1.000000000000000000e+00 2.877988675877544367e+00 2.477209633702684710e-01 2.345807136625266964e-01 2.472743192596284223e-01 2.187106678005384108e-01 2.272645947764160013e-01 1.709498640297557048e-01 1.273945832566271419e-01 1.584734210392764187e-01 3.654699916095481560e-03 2.648506362508234319e-02
1.000000000000000000e+00 4.188323573382819909e+00 2.444014464616857119e-01 2.306190679054409831e-01 2.510754393536657192e-01 2.200028321538047837e-01 2.259015093758471593e-01 1.692012699636864237e-01 1.425302323386858638e-01 1.577487500199422910e-01 3.755641465239335005e-03 2.649509483482411290e-02
1.000000000000000000e+00 4.529363241428481679e+00 2.483223499515143373e-01 2.272906910965997729e-01 2.438899058824043342e-01 2.363739359343704494e-01 2.048591394815263422e-01 1.827662726069833043e-01 1.498534166989642924e-01 1.583398143560602045e-01 3.767185573078158430e-03 2.631816550526508425e-02
1.000000000000000000e+00 5.888469874895502443e+00 2.431713782278982494e-01 2.200301850785059687e-01 2.421718475828291417e-01 2.099131360904301358e-01 2.249811683043819455e-01 2.031053908964199350e-01 1.755031268957599200e-01 1.555507850393375024e-01 2.982438240438818611e-03 2.708829602694688005e-02
1.000000000000000000e+00 4.282369361203968161e+00 2.527983108320037142e-01 2.274573058917526147e-01 2.331690624015433089e-01 2.035583714303245972e-01 2.325405157197201755e-01 1.930507104244821581e-01 1.747860454989318135e-01 1.561268858723823261e-01 3.594553599538131278e-03 2.620530267155232740e-02
1.000000000000000000e+00 3.271910245794544814e+00 2.460008683326287415e-01 2.330950324637205973e-01 2.318808849008894279e-01 2.130997492022599360e-01 2.308229608446059622e-01 1.939477291705099804e-01 1.906161842792083727e-01 1.562714754870246081e-01 3.406053218168376626e-03 2.593458640942354620e-02
1.000000000000000000e+00 4.517560098908781185e+00 2.504326245497224823e-01 2.348596447220892280e-01 2.349994607577000627e-01 2.056584459024772271e-01 2.312880767916205282e-01 1.765434213895691329e-01 1.881635967335084370e-01 1.568395285588371213e-01 3.445800605808514196e-03 2.521128048067547422e-02
1.000000000000000000e+00 6.425339578340010682e+00 2.502246072214407424e-01 2.348483608900883979e-01 2.330049780593270725e-01 2.049826674287985595e-01 2.199476697597352315e-01 1.653110957336734466e-01 1.807620898555422351e-01 1.575967783350544771e-01 2.736868644961076239e-03 2.590033861134405022e-02
1.000000000000000000e+00 4.447304602683306740e+00 2.506519284782225410e-01 2.339291515006579614e-01 2.322193904073188431e-01 2.010449603888915804e-01 2.343067751874868543e-01 1.726157975619134199e-01 1.911279067269504306e-01 1.565047529069476806e-01 3.296766226312927185e-03 2.457720017741243240e-02
1.000000000000000000e+00 3.221444259864157278e+00 2.492584676977590563e-01 2.349296798618659421e-01 2.309332093108462658e-01 2.079198716826000382e-01 2.169743607387379369e-01 1.898482883595724868e-01 2.424375193458095379e-01 1.554594426424862619e-01 3.380525293985144931e-03 2.469277740585098385e-02
1.000000000000000000e+00 6.265093844167657799e+00 2.528030631246439008e-01 2.424590174004482290e-01 2.315824734066262158e-01 2.093246263644913119e-01 2.183313007677874507e-01 1.852219252147344064e-01 2.287554545916675175e-01 1.565815241611078212e-01 4.092990514134873040e-03 2.434258598436217502e-02
1.000000000000000000e+00 5.964460937107062932e+00 2.349374907055887252e-01 2.462384787825540600e-01 2.378372568736572823e-01 2.063949979292495074e-01 2.170074871051821952e-01 1.899873491054405172e-01 2.474586503168053619e-01 1.560158467071555422e-01 2.635813607261974084e-03 2.296175874937958494e-02
1.000000000000000000e+00 4.636615718317957935e+00 2.392037387854786257e-01 2.499611103589012007e-01 2.433577350295413333e-01 2.076138166873222890e-01 2.274386025699448588e-01 1.861806000860642407e-01 2.445044411413986596e-01 1.560221824004461022e-01 3.706553703791489948e-03 2.500850918073954307e-02
1.000000000000000000e+00 4.372060314098905387e+00 2.446786117068898703e-01 2.377821253885028796e-01 2.457217026348623712e-01 2.115452463985782738e-01 2.204138891389749999e-01 1.872921770123174567e-01 2.350713060059250736e-01 1.557489261384019386e-01 3.848231377151762646e-03 2.379175327155697017e-02
1.000000000000000000e+00 3.981153865683105142e+00 2.436699029473054223e-01 2.338307856806012275e-01 2.351009864602074118e-01 1.978091486163530699e-01 2.332830606175314292e-01 1.970595665074109659e-01 2.296204278081834804e-01 1.549376536235999025e-01 3.457698098861762895e-03 2.204183792801654371e-02
1.000000000000000000e+00 4.383974665523115100e+00 2.417829357840992621e-01 2.329542953408814676e-01 2.429909247260118588e-01 1.972285109151507843e-01 2.146085267631922533e-01 1.936768374748844002e-01 2.289722683774149670e-01 1.550894978436308802e-01 3.457220769076630937e-03 2.169583794402255711e-02
1.000000000000000000e+00 5.984663970353217621e+00 2.457611618437794132e-01 2.445715088036580220e-01 2.419930867050071599e-01 2.125239646689922046e-01 2.154057185335416236e-01 1.958183185535113946e-01 2.186916664835607260e-01 1.567874977203700670e-01 4.082667439476971201e-03 2.177093229440178745e-02
1.000000000000000000e+00 6.975177447869932656e+00 2.449587777256007348e-01 2.383996597577199561e-01 2.476539531635321145e-01 2.146597233060608401e-01 2.197532388920221680e-01 2.059105403365171227e-01 2.249099370648340313e-01 1.558609068519304641e-01 4.036573750702416793e-03 2.126592229548793581e-02
1.000000000000000000e+00 5.626673530112250354e+00 2.424303306104501621e-01 2.340562228195616212e-01 2.388403850622994873e-01 1.875491037560881591e-01 2.336317990216693896e-01 1.946225443176877457e-01 2.449734226096549061e-01 1.545182840374938471e-01 3.217528382876629588e-03 2.308636572969803222e-02
1.000000000000000000e+00 4.535953553300561936e+00 2.462523915697265309e-01 2.395187363228975796e-01 2.467261364605522755e-01 2.132460097343928940e-01 2.150109002226381905e-01 1.918763150235486270e-01 2.415091163839439836e-01 1.560572372502801175e-01 3.971579228461048945e-03 2.247448151419352905e-02
1.000000000000000000e+00 4.995504730204265442e+00 2.431626400838677315e-01 2.351265135937619932e-01 2.485872879959911685e-01 2.057859065964888490e-01 2.251586644894383871e-01 1.895073938493482268e-01 2.228520117835975090e-01 1.560051024798362052e-01 3.107035068178965690e-03 2.093211161870736289e-02
1.000000000000000000e+00 4.705161426513053691e+00 2.461701844935117178e-01 2.336908143799485416e-01 2.373814580661122720e-01 2.165864511934301184e-01 2.180639461296490778e-01 1.865382732876540994e-01 2.284272378654444990e-01 1.566242616288348599e-01 2.766370692604694283e-03 2.270425273488297507e-02
1.000000000000000000e+00 9.029855781719673402e+00 2.428761970250217506e-01 2.313130636900634918e-01 2.250729694151212823e-01 2.157115613206214699e-01 2.289295837671859457e-01 2.024959438487296259e-01 2.185141072213058477e-01 1.561951989451340339e-01 3.185309945764337389e-03 2.401269324249492507e-02
1.000000000000000000e+00 5.015788427298094376e+00 2.423411633259819620e-01 2.430344819140722035e-01 2.299693403606758169e-01 2.102389001938354540e-01 2.335546960886221435e-01 2.009469863175203375e-01 2.227488644307110133e-01 1.560181200625138098e-01 3.055202631120386338e-03 2.140046103737899830e-02
1.000000000000000000e+00 5.196287395388808683e+00 2.393306604785328529e-01 2.511621888798021840e-01 2.465153984735441728e-01 2.059501199483027567e-01 2.153887417105892488e-01 1.935191443695910840e-01 2.379347162490830780e-01 1.560789593604725856e-01 3.271473097580737330e-03 2.164208008791315002e-02
1.000000000000000000e+00 3.256022008585955252e+00 2.415894157645055440e-01 2.458145730333406720e-01 2.354590960539437727e-01 2.149331588760474421e-01 2.117026647403399409e-01 2.064739402945574287e-01 2.357430107281837661e-01 1.566524000108958092e-01 3.905662357007794270e-03 2.203163311461462520e-02
1.000000000000000000e+00 3.015751633666112319e+00 2.448825950797604289e-01 2.474032256823843479e-01 2.345674464280407545e-01 2.196691120685279330e-01 2.013891728358099265e-01 2.032873547952534499e-01 2.299261065770306089e-01 1.570559380324965115e-01 3.996740754729444234e-03 2.179662581519855452e-02
1.000000000000000000e+00 2.667538494049101150e+00 2.426243901688513727e-01 2.426439433088669329e-01 2.378196703140354751e-01 2.121789827435039966e-01 2.158140351158163717e-01 1.915965452379768119e-01 2.350458467808458907e-01 1.559859663978521160e-01 3.655447068805644378e-03 2.241382411219892609e-02
1.000000000000000000e+00 2.474926954517789657e+00 2.458260039304145383e-01 2.389801214318550138e-01 2.341437444206620755e-01 2.097522068731522138e-01 2.101046627477653472e-01 2.053962422800428567e-01 2.579195384084019271e-01 1.555161194794698887e-01 3.487270975981653781e-03 2.255105134671545747e-02
1.000000000000000000e+00 2.516911947105744840e+00 2.444923842525624225e-01 2.383338077319406834e-01 2.354994793266208253e-01 2.138142071035410430e-01 2.055744768994710592e-01 2.113375702240377074e-01 2.599500092926658179e-01 1.553214955147351473e-01 3.596991662228468580e-03 2.508296074287087035e-02
1.000000000000000000e+00 1.735527748163021355e+00 2.461436017360601192e-01 2.328557615570976680e-01 2.299985041126660912e-01 2.194746801293642746e-01 1.970955318238375997e-01 2.114071955806544889e-01 2.869299242583897014e-01 1.550240755411102789e-01 3.643946260673348262e-03 2.559982770250700951e-02
1.000000000000000000e+00 2.659654080636847162e+00 2.457141111794857724e-01 2.357275469710944649e-01 2.291713464918866405e-01 2.285189959166619711e-01 1.848938722942819746e-01 2.013596193147818847e-01 2.968977116879122358e-01 1.555061471118098226e-01 3.686875288787527793e-03 2.472902743185180496e-02
1.000000000000000000e+00 4.334162249231988007e+00 2.372554708756505204e-01 2.424767250069636837e-01 2.269742888134312075e-01 2.240871739348488656e-01 2.044760080355916831e-01 2.214837421031958797e-01 3.213817615213665491e-01 1.544434608892193972e-01 3.426181400356876489e-03 2.516254179050816248e-02
1.000000000000000000e+00 2.037331150987846229e+00 2.446147736885967428e-01 2.377512256987745209e-01 2.291604511377259845e-01 2.214679911360733777e-01 2.071699731474033745e-01 2.038106651026104221e-01 2.953812272197029465e-01 1.549739860613854325e-01 3.376210843686619414e-03 2.466847178881991301e-02
1.000000000000000000e+00 2.510190589376027237e+00 2.461883982398147819e-01 2.375096834588840966e-01 2.296088527461649931e-01 2.220872957905581091e-01 2.143802083951885096e-01 1.969180563018501084e-01 2.919502214048247390e-01 1.551841514992381432e-01 3.422304058261502972e-03 2.611356312080184011e-02
1.000000000000000000e+00 2.474594512601154150e+00 2.458017272855987367e-01 2.398387698048866645e-01 2.263868134387377606e-01 2.231369359039078737e-01 2.116476235936945449e-01 1.964539869058501698e-01 2.619900469428186329e-01 1.565461636880453311e-01 3.808147450533183685e-03 2.715819090736535171e-02
1.000000000000000000e+00 2.091584083604525190e+00 2.462296130594968380e-01 2.311991641571394529e-01 2.261668683316889750e-01 2.219581739842742540e-01 2.023953392935808338e-01 2.020703496999665671e-01 2.889357065391909840e-01 1.555081108645482713e-01 3.584536732297847507e-03 2.666005797967631666e-02
1.000000000000000000e+00 2.876205583635025320e+00 2.469379705346448350e-01 2.279984215964152017e-01 2.318834480549473442e-01 2.124303381595616935e-01 2.088376130608092796e-01 1.955202402424667252e-01 2.974848346511732577e-01 1.546777774034355235e-01 3.037724817321030193e-03 2.800239227395462036e-02
1.000000000000000000e+00 2.510897115138576829e+00 2.465944649356487106e-01 2.277687054638447284e-01 2.280723579030884962e-01 2.204796267962399470e-01 2.037087742700130211e-01 2.017867438057354967e-01 3.195124369680802379e-01 1.543672864929629407e-01 3.002768583578761981e-03 2.734031455893200582e-02
1.000000000000000000e+00 3.966895033732299680e+00 2.409153758923779087e-01 2.415643225199928801e-01 2.219501027093158940e-01 2.235436815998792237e-01 2.070051355994529385e-01 2.186805852634081671e-01 3.228486911556470162e-01 1.544671322027272031e-01 3.915606221678496167e-03 2.740601386324717156e-02
1.000000000000000000e+00 5.303260036328534710e+00 2.434751910912023865e-01 2.473191549650818055e-01 2.267979014720658548e-01 2.189334359757127979e-01 2.088216643665474770e-01 2.139852259522656563e-01 3.291858723259764585e-01 1.546232037106836377e-01 3.096333158172076723e-03 2.618186390598457522e-02
1.000000000000000000e+00 2.233193343563736555e+00 2.472356775571948051e-01 2.429768052973879378e-01 2.248507520281552707e-01 2.213134224890259405e-01 1.925288393016548749e-01 2.072450760590390517e-01 3.043674873613176901e-01 1.560649811823550115e-01 3.037152620377261275e-03 2.484223310998665696e-02
1.000000000000000000e+00 5.407226462609830975e+00 2.406804790237938585e-01 2.460502530656195619e-01 2.209336404706610246e-01 2.237297931188653444e-01 1.941209249443212603e-01 2.120118984069812307e-01 3.148442271333116715e-01 1.557167526688213732e-01 3.183654764130632205e-03 2.450880749515038648e-02
1.000000000000000000e+00 5.596409830850046063e+00 2.487170843081864258e-01 2.472789755050225080e-01 2.233280108036295730e-01 2.321174111729506773e-01 1.769146735339409415e-01 2.024060519281586923e-01 2.979949676532317460e-01 1.572501870271093283e-01 3.209234848277125237e-03 2.548441578273905397e-02
1.000000000000000000e+00 9.880726235286712011e+00 2.520914652540389156e-01 2.397534165330272860e-01 2.212389735283117886e-01 2.264248023696920908e-01 2.016393071094556844e-01 2.157816907984841936e-01 3.130895285873737111e-01 1.556722507647371745e-01 4.746324747054133514e-03 2.528020653526517891e-02
1.000000000000000000e+00 5.650945519037611220e+00 2.512603034838304383e-01 2.438102045970684806e-01 2.121959138299536751e-01 2.278915546951276738e-01 2.054769555382423007e-01 2.050384868125234294e-01 2.921797380490017138e-01 1.571906915758614076e-01 2.974457267906886575e-03 2.474787677509986128e-02
1.000000000000000000e+00 5.157302149574040762e+00 2.507142936384026966e-01 2.381210065995467695e-01 2.101915928165061509e-01 2.395779712943333639e-01 1.938596810742179710e-01 2.069292884544566002e-01 3.023821705157404005e-01 1.574076339257299284e-01 3.219199232406850554e-03 2.304366855014496757e-02
1.000000000000000000e+00 4.517909032172094719e+00 2.511339072346129297e-01 2.484754608556970223e-01 2.151627018769211308e-01 2.297261973458556150e-01 2.044532666950550914e-01 2.210492744590750180e-01 3.064785095539930837e-01 1.567285014026197909e-01 3.212363032373684660e-03 2.272505330780864863e-02
1.000000000000000000e+00 4.572977067736823997e+00 2.448087257239899006e-01 2.452688893051995778e-01 2.206872336940099988e-01 2.183103340501052758e-01 2.017741404408407158e-01 2.284170103954962505e-01 3.072471055038626941e-01 1.560085885923066240e-01 3.650000688156908226e-03 2.175584143782995084e-02
