1.000000000000000000e+00 1.970532603952940498e+00 2.473864996508367553e-01 2.234791227265696123e-01 2.414175870899130105e-01 2.235436829514255708e-01 2.003248842845116173e-01 1.912633797886396647e-01 3.914951221685254446e-01 1.556177270198301765e-01 3.414467504253707823e-03 2.058584466887667871e-02
1.000000000000000000e+00 2.024723251698639537e+00 2.534939778498175866e-01 2.546332088496916501e-01 2.335110041864011665e-01 2.279920988965594419e-01 2.246267918084197401e-01 2.127666311959575118e-01 1.616143902493235585e-01 1.644256385879325488e-01 3.537549634870905922e-03 2.610449808119280277e-02
1.000000000000000000e+00 4.879507808285247883e+00 2.482819146423084766e-01 2.611336671269534615e-01 2.366489087865294161e-01 2.403294173540672929e-01 2.212033716573476860e-01 2.074812704769823934e-01 1.583756595544218715e-01 1.677999951908240306e-01 3.678314645225653091e-03 2.705338483879181355e-02
1.000000000000000000e+00 6.671749083281135917e+00 2.450587504787090920e-01 2.652641925313175553e-01 2.335658484594816120e-01 2.397685848381258533e-01 2.212095124373510968e-01 2.137470435503392996e-01 1.522870419906474648e-01 1.645780206953831315e-01 3.682810676494510920e-03 2.764428113406847479e-02
1.000000000000000000e+00 4.085849499667125961e+00 2.432852989500048357e-01 2.466708621709418070e-01 2.335349907035420836e-01 2.340102773298693706e-01 2.103928053892561989e-01 2.146487850955800525e-01 1.584629328626001032e-01 1.597718075213456213e-01 3.752719364739660196e-03 2.689350789188402896e-02
1.000000000000000000e+00 2.022439029323272131e+00 2.488629792084418590e-01 2.532064080889604996e-01 2.377037592915653974e-01 2.260504683901709277e-01 2.050950260552567572e-01 2.063952205384426974e-01 1.559746422146919276e-01 1.616971533365259006e-01 3.692895359039871043e-03 2.637322135950936203e-02
1.000000000000000000e+00 1.978468493795318084e+00 2.447629165709072074e-01 2.420577078580285757e-01 2.335895372976318773e-01 2.276631519210523813e-01 1.993831306547973470e-01 2.089978571078200953e-01 1.558044283829380927e-01 1.568616352400250269e-01 3.551406590495724373e-03 2.501681965481651962e-02
1.000000000000000000e+00 2.563223825156630387e+00 2.457156535838075362e-01 2.472511501850538918e-01 2.303288906460566332e-01 2.276719728762915396e-01 2.051042407059103512e-01 2.096393035936228721e-01 1.556103037981063364e-01 1.585084454219012895e-01 3.608022556375619846e-03 2.621887281171376635e-02
1.000000000000000000e+00 7.535103377270230496e+00 2.521040657710709731e-01 2.323617086886861083e-01 2.252542302146256781e-01 2.295245133500851686e-01 2.144513906905606559e-01 2.056668309712449960e-01 1.593667587742403635e-01 1.603820522136914506e-01 3.764422281241476195e-03 2.666434532490650003e-02
1.000000000000000000e+00 3.934414298330507265e+00 2.443343935612906637e-01 2.558283683175626710e-01 2.250768782837359316e-01 2.407311463287358788e-01 2.055792465260451451e-01 2.025056243603960970e-01 1.528388853865792485e-01 1.623610765389239263e-01 3.813755209838139322e-03 2.673096976609040318e-02
1.000000000000000000e+00 3.201209888791467506e+00 2.516547033952634127e-01 2.421290431259369158e-01 2.263398564929355594e-01 2.386925031054741297e-01 2.001983260568891976e-01 1.918750997423442906e-01 1.549047968130086439e-01 1.603601904494199593e-01 3.828593170791487216e-03 2.631354832989154721e-02
1.000000000000000000e+00 2.554385995619602667e+00 2.557054720748300203e-01 2.520126048387475448e-01 2.218319562944621182e-01 2.282537785874356462e-01 2.119664731070763364e-01 1.955396130973370838e-01 1.481727562441054191e-01 1.613119444426086291e-01 3.484580065996820131e-03 2.640356267153760872e-02
1.000000000000000000e+00 3.427063743193778933e+00 2.534763408370958038e-01 2.648614272471331854e-01 2.097388509471959928e-01 2.338806041614192310e-01 2.265471012782897531e-01 1.830510145728182769e-01 1.566795284688549672e-01 1.623959738786203977e-01 3.484594460137951759e-03 2.757421243280244738e-02
1.000000000000000000e+00 3.517827495985708541e+00 2.472166671775673230e-01 2.689053846478294263e-01 2.193911556175663080e-01 2.270999352592048826e-01 2.162184031305426912e-01 1.957512401349660036e-01 1.536215512123718374e-01 1.608384640760772144e-01 3.450953526527330076e-03 2.900975732750428471e-02
1.000000000000000000e+00 7.849706266367020291e+00 2.494334533027617873e-01 2.838394369458400734e-01 2.207332824024460793e-01 2.363306757157316584e-01 2.108231471042806837e-01 1.914470459611563036e-01 1.567712805637937468e-01 1.671024615322056761e-01 3.129485431909148629e-03 2.820613998470524256e-02
1.000000000000000000e+00 8.362286541543094032e+00 2.388682774583764379e-01 2.890413667579507795e-01 2.242282489489051400e-01 2.266997020923585959e-01 2.167368648250412033e-01 1.918425423177799738e-01 1.553562551609096731e-01 1.632942854376903674e-01 2.968738559314477825e-03 2.849043192287009640e-02
1.000000000000000000e+00 9.593562923123071684e+00 2.416242053091991748e-01 2.831350071275711699e-01 2.413494651252670598e-01 2.303735529744151966e-01 2.108579787286527507e-01 1.968444158293397861e-01 1.600102778472357878e-01 1.664032317580230180e-01 2.727734969518976274e-03 2.846635222904684084e-02
1.000000000000000000e+00 4.127102137128183301e+00 2.553557821705725317e-01 2.601253948947525041e-01 2.445090113948863164e-01 2.392125297090837432e-01 2.173489841776567177e-01 1.984670286529176264e-01 1.640330430761387237e-01 1.670571190915583204e-01 2.787675943042113892e-03 2.986482639545258097e-02
1.000000000000000000e+00 5.468832313445131987e+00 2.584726672961244476e-01 2.754304299068832673e-01 2.495198146088434821e-01 2.358764528973432695e-01 2.220179098234054682e-01 2.058169385706815346e-01 1.610691705241121818e-01 1.713195735126148145e-01 2.952241980062205416e-03 2.950759695159797455e-02
1.000000000000000000e+00 7.424571759079476863e+00 2.566825425651951265e-01 2.740579488336420955e-01 2.467091659225480182e-01 2.350844990822235359e-01 2.173926850412729872e-01 1.987596917814425934e-01 1.549844224354094968e-01 1.727151502223531476e-01 3.098820585845944199e-03 2.965176585969908629e-02
1.000000000000000000e+00 6.359615959980944311e+00 2.640923665129823461e-01 2.717814032366588917e-01 2.517132711779146437e-01 2.275546587587828629e-01 2.327827374310602326e-01 2.030241662922664947e-01 1.474570130060253725e-01 1.714953003153330824e-01 3.149590795619176733e-03 2.926635495356551264e-02
1.000000000000000000e+00 7.728674122866616258e+00 2.455890134372090694e-01 2.728548191960376013e-01 2.531943734739784402e-01 2.185825041983202321e-01 2.385454808177715491e-01 1.930693505228598117e-01 1.497481123609252507e-01 1.688385481469711069e-01 2.875948972173703218e-03 2.934516791726250740e-02
1.000000000000000000e+00 7.207842710365794936e+00 2.539349283462989937e-01 2.776779492761000112e-01 2.431206343153951288e-01 2.279112468228265131e-01 2.435942777647221447e-01 1.937715718208838644e-01 1.551223096397491841e-01 1.730538905972643926e-01 2.845555728335050303e-03 3.034323822041083002e-02
1.000000000000000000e+00 4.758103887743563298e+00 2.534905183699283637e-01 2.761559852180629493e-01 2.518908013750488228e-01 2.228994836814615355e-01 2.414840399984345132e-01 2.112933800013522823e-01 1.544907166687501110e-01 1.727651976051726990e-01 2.747751945265781981e-03 2.980115014952365582e-02
1.000000000000000000e+00 4.839103633709451735e+00 2.538336998293706515e-01 2.752804113185179924e-01 2.501843014980020263e-01 2.433335107126007035e-01 2.354041431632787063e-01 2.082865228759892273e-01 1.472205766465846388e-01 1.723945813186027742e-01 2.946397572208484059e-03 2.892256386723943140e-02
1.000000000000000000e+00 3.378032022797810896e+00 2.666473345127216010e-01 2.796837058618943384e-01 2.578398668750506717e-01 2.344895154654474678e-01 2.513306031389866968e-01 2.039399534963692862e-01 1.471846998191478628e-01 1.780978049562609578e-01 3.007132369377792276e-03 2.881238746030331116e-02
1.000000000000000000e+00 3.288160894993982897e+00 2.635185824973900748e-01 2.746551517252176500e-01 2.544250461051977275e-01 2.559741913197781660e-01 2.413077046000240145e-01 2.086504263429133088e-01 1.411013821744736552e-01 1.787738446099756129e-01 3.128262946720037577e-03 2.844152466801740456e-02
1.000000000000000000e+00 3.949967476455078064e+00 2.740297171245100194e-01 2.614460600245769872e-01 2.710635988513434569e-01 2.568957766562773304e-01 2.445433841225573557e-01 2.162240267977118824e-01 1.460983919132552433e-01 1.837228369954506946e-01 3.044705064966439761e-03 2.872205363671797435e-02
1.000000000000000000e+00 6.708863871900436315e+00 2.708119454373437152e-01 2.912230080830828238e-01 2.677432515601196328e-01 2.540205350488252689e-01 2.395178620143133263e-01 2.299547306104663125e-01 1.551190708366881332e-01 1.838415093250381493e-01 3.027803298421177878e-03 2.940404915522939339e-02
1.000000000000000000e+00 6.057875823641231783e+00 2.676453220471836092e-01 2.963487020394229288e-01 2.691465477327384392e-01 2.468213719123322769e-01 2.377690807368949000e-01 2.387945729568961284e-01 1.537639727327035355e-01 1.844970358028027169e-01 3.089693658255399534e-03 2.924130304750180431e-02
1.000000000000000000e+00 5.653493809960944638e+00 2.649553231455361590e-01 2.986321657164178189e-01 2.624867834607891304e-01 2.565627233252767425e-01 2.463231326455975201e-01 2.389601103056090137e-01 1.571129913160891900e-01 1.870446897189595725e-01 3.076827377684626490e-03 2.774174150242165321e-02
1.000000000000000000e+00 5.204195406608328689e+00 2.704223401858646403e-01 2.889721305299688958e-01 2.592517646784747720e-01 2.581972513752739395e-01 2.322350732419662112e-01 2.536844737470109745e-01 1.639930343941664037e-01 1.858463475092234640e-01 3.186567134984995362e-03 2.688601781780527653e-02
1.000000000000000000e+00 5.556329187318076457e+00 2.676900527319043821e-01 2.708300379729268181e-01 2.625023244431253233e-01 2.537970493135895955e-01 2.320793057765439815e-01 2.650779880682022638e-01 1.685085870107836392e-01 1.827659591889598256e-01 3.230335569325633056e-03 2.778235972431676581e-02
1.000000000000000000e+00 7.308298475437573494e+00 2.662081439976046737e-01 2.755727143482410990e-01 2.633245920250398830e-01 2.633852812419479328e-01 2.259360549225761794e-01 2.656147501946977685e-01 1.712491466163069131e-01 1.831636837693311759e-01 3.294368088212042481e-03 2.685373349078122931e-02
1.000000000000000000e+00 4.719066064215424738e+00 2.870237927420330459e-01 2.607077252108519483e-01 2.709457279860623125e-01 2.602185355212617845e-01 2.281230510114299892e-01 2.576343420603822709e-01 1.907241493973621249e-01 1.867510896720362135e-01 3.087500942972597542e-03 2.572688679985042290e-02
1.000000000000000000e+00 5.459887463394703211e+00 2.866004610306718825e-01 2.708543168391938094e-01 2.577488146773610489e-01 2.642166897523505753e-01 2.231259208789152515e-01 2.518674132858367276e-01 1.832760458163697759e-01 1.869310570837684204e-01 2.800197199474159342e-03 2.516147064691902357e-02
1.000000000000000000e+00 9.156199250331638950e+00 2.812526465263261999e-01 2.648242401641455745e-01 2.468226370942691872e-01 2.686824243184090522e-01 2.099679485925583233e-01 2.709324763341020015e-01 1.839733284548896730e-01 1.808191049698627817e-01 2.910302229744093135e-03 2.571499786943291094e-02
1.000000000000000000e+00 8.363975142858910417e+00 2.594217270789517804e-01 2.720290480106978270e-01 2.554326655020930370e-01 2.545459963714251650e-01 2.129523308588552877e-01 2.695959297107056729e-01 1.787044908429409051e-01 1.759181010422554980e-01 2.977363548814296757e-03 2.463613688320155995e-02
1.000000000000000000e+00 7.141018118457425068e+00 2.581391514038436918e-01 2.622944287571885025e-01 2.503081489961459516e-01 2.477962202329179464e-01 2.064893305494184539e-01 2.798844967019842311e-01 1.699282585088619513e-01 1.725351038861734909e-01 2.835875633766759846e-03 2.404605257678359836e-02
1.000000000000000000e+00 6.620019511087746444e+00 2.632515907410993283e-01 2.744566044831755480e-01 2.526009992209414246e-01 2.563112225837377856e-01 2.173806113135889895e-01 2.810850991330373638e-01 1.696731217312233697e-01 1.789926298395862481e-01 2.756792907328421693e-03 2.547497795977407900e-02
1.000000000000000000e+00 7.958303007480124869e+00 2.677986908743826278e-01 2.622184443556137001e-01 2.471480079986347611e-01 2.514316359657558508e-01 2.232206927967819166e-01 2.708778328650045530e-01 1.555442392708051291e-01 1.751860769314706190e-01 2.832238284217369201e-03 2.567068805727796416e-02
1.000000000000000000e+00 6.979831020680270726e+00 2.692577448840695609e-01 2.662070533912849202e-01 2.460633242156483325e-01 2.570597775752695990e-01 2.163160530869309428e-01 2.762858736119364611e-01 1.621465366344621017e-01 1.773564888189963495e-01 2.891801521277726980e-03 2.527430996832156010e-02
1.000000000000000000e+00 7.023595158622801371e+00 2.533314130675282660e-01 2.812835924808576027e-01 2.452309998048697315e-01 2.506994834488457391e-01 2.124468885531794748e-01 2.662703998660856941e-01 1.660649413513042572e-01 1.759346484072256966e-01 2.946178928745992256e-03 2.518499307857857347e-02
1.000000000000000000e+00 7.319927384581283114e+00 2.636591616856804876e-01 2.765042941509974761e-01 2.323350466290429184e-01 2.544768749455925683e-01 2.089875976661026702e-01 2.658461782469305756e-01 1.788133772025795321e-01 1.786672816415587617e-01 2.681561204922168484e-03 2.554899334485065052e-02
1.000000000000000000e+00 7.292656389215641077e+00 2.644279802477546015e-01 2.716870999934474229e-01 2.379214421544526004e-01 2.609231232963233893e-01 2.172992795888394890e-01 2.638608950737897363e-01 1.767103064362145759e-01 1.748318354301167388e-01 2.845120875227848557e-03 2.719317602064284800e-02
1.000000000000000000e+00 8.422410562774832243e+00 2.666050615543820723e-01 2.729083581184275076e-01 2.309058483957546482e-01 2.781665322245618910e-01 2.256267936891404036e-01 2.499540200857907346e-01 1.831674054894097958e-01 1.785660751350696684e-01 2.861167669211327376e-03 2.698710151198226159e-02
1.000000000000000000e+00 9.555351013585829278e+00 2.727378932517745547e-01 2.507989696561347404e-01 2.436578440149071434e-01 2.698162962131946396e-01 2.251874536669718208e-01 2.495313435632504628e-01 1.860287984840779119e-01 1.800862320310580855e-01 2.957816508133297856e-03 2.620329284808336351e-02
1.000000000000000000e+00 1.066243918476712871e+01 2.660234630042959680e-01 2.648637602402501567e-01 2.443033932528062557e-01 2.814116765525803143e-01 2.120656328675577240e-01 2.449361862839525561e-01 1.740945709542180697e-01 1.765752773918020935e-01 3.098653024842491169e-03 2.587463616406679781e-02
1.000000000000000000e+00 6.278808352182757346e+00 2.755327156929898158e-01 2.657661359049062755e-01 2.425094352991130076e-01 2.662782319807902032e-01 2.059929028648525839e-01 2.429018236142160836e-01 1.647088868534170025e-01 1.786442547985487017e-01 3.083890440741917077e-03 2.470558198294764418e-02
1.000000000000000000e+00 4.372195149524397806e+00 2.694784442809774472e-01 2.850824803821106479e-01 2.379509612749555469e-01 2.727886362201056847e-01 2.217791495128567936e-01 2.420612003745646057e-01 1.658566362678854100e-01 1.843667481746957826e-01 3.011630988758795709e-03 2.475861832606450832e-02
1.000000000000000000e+00 6.796806405765688730e+00 2.794272874672801277e-01 2.911076464234155781e-01 2.360502866580430625e-01 2.781511207919673545e-01 2.292450285230170914e-01 2.484118935350398683e-01 1.670425260244071675e-01 1.898656245620347072e-01 2.898533882879388533e-03 2.505184317124332927e-02
1.000000000000000000e+00 7.466089784840425736e+00 2.736545853608713941e-01 3.032454908894932077e-01 2.358511363956472817e-01 2.719934049993878444e-01 2.309605319486572883e-01 2.676538215092854611e-01 1.597383321066348505e-01 1.865465142913429464e-01 2.819264195864064695e-03 2.384721649472013733e-02
1.000000000000000000e+00 8.256686593056084433e+00 2.628853519162410723e-01 3.000911347418165342e-01 2.418400021633638486e-01 2.555788018880726375e-01 2.366744830639964658e-01 2.688706162451726667e-01 1.616261917601056475e-01 1.826121216081013077e-01 2.907793259185367709e-03 2.382431471106343998e-02
1.000000000000000000e+00 8.641931428514656233e+00 2.674726693669055022e-01 3.032217166734130220e-01 2.373009404136079414e-01 2.492864186173729957e-01 2.361116849534047324e-01 2.744083130452261154e-01 1.661811253565756152e-01 1.836141468817050482e-01 3.074578011683855392e-03 2.350304137116909428e-02
1.000000000000000000e+00 8.596210373851059572e+00 2.571087747768053267e-01 2.997041765317911555e-01 2.458786219723920197e-01 2.667962816517948088e-01 2.323371421423885697e-01 2.722279719043341761e-01 1.619048654242594421e-01 1.837590983103676023e-01 3.117221516780416084e-03 2.320581745491095277e-02
1.000000000000000000e+00 8.074107297191615018e+00 2.667032882730886456e-01 2.838911664985383498e-01 2.438058550593232010e-01 2.812293951318250440e-01 2.224136359469431334e-01 2.814684623827315435e-01 1.612795566317387352e-01 1.833939675621714116e-01 3.415074611329779481e-03 2.489663533657008113e-02
1.000000000000000000e+00 5.372448944475151755e+00 2.733623154605514527e-01 2.812134323232857724e-01 2.479553082930041896e-01 2.750844207670953279e-01 2.258547177765272418e-01 2.739673186472199040e-01 1.622763326284876184e-01 1.862775614850338546e-01 3.466925566820523285e-03 2.644567056204449873e-02
1.000000000000000000e+00 4.506815534863875428e+00 2.719932402169062402e-01 2.816423484816434342e-01 2.531089555738172958e-01 2.756496264424183051e-01 2.286966410580450471e-01 2.709003826171713647e-01 1.659894494986518254e-01 1.849031424280323244e-01 3.427156566426958068e-03 2.553636817395413955e-02
1.000000000000000000e+00 3.806832610417597351e+00 2.761410897926705466e-01 2.754243411879923054e-01 2.424077041365886309e-01 2.633952386096532483e-01 2.292374480129727166e-01 2.587384745912323925e-01 1.545607048079024326e-01 1.839507185418142732e-01 3.421848573722698159e-03 2.511617279282290366e-02
1.000000000000000000e+00 3.891302784327560715e+00 2.745531308442052398e-01 2.717742141804247447e-01 2.407033292974088967e-01 2.563159791684575528e-01 2.261746514061548363e-01 2.587476989041205822e-01 1.603899094124443536e-01 1.804810438472236322e-01 3.610471888828674803e-03 2.610434544341963883e-02
1.000000000000000000e+00 2.872788832249756563e+00 2.659520078262911924e-01 2.752283869723037291e-01 2.391254613719837330e-01 2.572939950047605784e-01 2.327093438359779665e-01 2.348121411413729986e-01 1.397461006094331548e-01 1.789315717390618510e-01 3.863563333652035667e-03 2.705298156707892573e-02
1.000000000000000000e+00 3.389790235159098053e+00 2.650046215370331915e-01 2.805335670179759933e-01 2.441140425888478904e-01 2.503546826786857138e-01 2.363046827077467382e-01 2.161720508853431644e-01 1.487318273895108511e-01 1.800384660259664038e-01 3.860078560630467691e-03 2.654292185710925220e-02
1.000000000000000000e+00 4.095433980644686223e+00 2.671806755660985910e-01 2.873608704121299318e-01 2.470080722191450029e-01 2.587458749767627686e-01 2.299087611453292657e-01 2.159486421730587580e-01 1.513417325360299770e-01 1.819402585679720241e-01 3.867913380852417479e-03 2.739732346675411226e-02
1.000000000000000000e+00 4.269275443336654874e+00 2.577807228377908544e-01 2.807049903167005978e-01 2.431599597799352086e-01 2.500905334623605980e-01 2.231265005408789026e-01 2.165389242983174478e-01 1.440519074264280108e-01 1.766010712391031245e-01 3.632331252082521451e-03 2.654882430787131736e-02
1.000000000000000000e+00 4.280842908471683472e+00 2.567909206958361445e-01 2.790867823018349236e-01 2.357936999411897605e-01 2.421423258484476371e-01 2.228300532795627342e-01 2.219997946434801583e-01 1.322144124813124655e-01 1.720034303676392373e-01 3.703996942595867443e-03 2.705326454046496493e-02
1.000000000000000000e+00 3.186583939487964923e+00 2.689853942739521830e-01 2.586987965703932968e-01 2.346157986823922681e-01 2.394828979265225810e-01 2.307591317926063201e-01 2.318826212112631013e-01 1.318558108638029358e-01 1.715992684457685047e-01 3.810298887856032775e-03 2.839772282537379386e-02
1.000000000000000000e+00 6.277378393251395572e+00 2.646870902330101805e-01 2.647368094435071928e-01 2.474521100127649031e-01 2.439479506695157729e-01 2.304273193107752582e-01 2.306182570816198429e-01 1.312195006152905019e-01 1.721134862889814598e-01 3.774343608106224979e-03 2.937096424060310282e-02
1.000000000000000000e+00 5.824706805223398121e+00 2.635737467583738058e-01 2.626228942753762730e-01 2.476998393232850149e-01 2.417346985105269797e-01 2.272417701186642547e-01 2.203023414981409300e-01 1.309792127860001931e-01 1.743377446252466489e-01 3.746521006016865878e-03 2.945317379980276831e-02
1.000000000000000000e+00 8.579169035112022001e+00 2.547699698705362947e-01 2.589459191412670780e-01 2.380927270125351436e-01 2.364826667028606111e-01 2.351597873384174142e-01 2.320196600984626711e-01 1.444944630915606931e-01 1.696007093433781754e-01 3.570480109747545695e-03 2.824626760928394126e-02
1.000000000000000000e+00 8.476042942044866635e+00 2.492083478490229598e-01 2.728597287706127639e-01 2.508651304855442077e-01 2.243376843661580577e-01 2.323439576670507933e-01 2.484810852546700533e-01 1.434465217415674121e-01 1.725158188658159619e-01 3.807416859784781664e-03 2.702747897745299763e-02
1.000000000000000000e+00 8.477333296870773083e+00 2.501521179122567773e-01 2.697410515560253463e-01 2.501562587747090394e-01 2.219003536830122247e-01 2.377714931330983383e-01 2.458114693753849223e-01 1.444356407563024414e-01 1.679521145960247430e-01 3.707332552872442955e-03 2.649937621905534141e-02
1.000000000000000000e+00 7.151366419718172551e+00 2.561060609099513052e-01 2.670728972320088879e-01 2.271168346147535433e-01 2.227642070005619035e-01 2.435615226377687570e-01 2.370214452549348205e-01 1.377466375428998691e-01 1.674815304121359816e-01 3.480088569930428043e-03 2.639227242323554865e-02
1.000000000000000000e+00 6.696481901244694335e+00 2.565119700518027068e-01 2.643618762872054773e-01 2.405001621992792771e-01 2.254447506883457131e-01 2.392393003536305851e-01 2.326390396365863866e-01 1.331581511871169354e-01 1.682905325588374412e-01 3.588483638375957081e-03 2.620190867289814290e-02
1.000000000000000000e+00 6.652468990776896796e+00 2.689997283493615332e-01 2.630510388231251384e-01 2.633164782695186501e-01 2.291362487129457726e-01 2.546151772941683267e-01 2.193262096824152574e-01 1.275163541078076501e-01 1.745521471231882837e-01 3.818586415857246757e-03 2.518911454354185245e-02
1.000000000000000000e+00 4.780758494231681865e+00 2.791258568795471073e-01 2.494635557856541563e-01 2.657084478427561569e-01 2.371892474118125482e-01 2.440517337294086653e-01 2.141008733762621019e-01 1.298939461362663694e-01 1.796322482534382925e-01 3.868291261284508183e-03 2.647150333090695154e-02
1.000000000000000000e+00 4.193599710944828196e+00 2.620280532987135924e-01 2.494329674703717192e-01 2.632469660677410062e-01 2.324864232764545513e-01 2.515634989191630200e-01 2.034337112247857904e-01 1.329748600017302551e-01 1.733179072906904095e-01 3.723210152573375176e-03 2.604311981770198250e-02
1.000000000000000000e+00 4.660402773534920939e+00 2.620605178632062771e-01 2.518164918748246328e-01 2.625106718347162138e-01 2.414890893249799497e-01 2.462599954815368197e-01 2.055761385388731322e-01 1.404812981086345780e-01 1.732892200314973818e-01 3.934702101416295492e-03 2.557448624585263036e-02
1.000000000000000000e+00 4.402385701442917743e+00 2.646296244862931801e-01 2.549301396002329745e-01 2.586745805147027677e-01 2.371178255706244964e-01 2.453494578963453521e-01 1.999925032353777055e-01 1.326626514135121337e-01 1.723916119496875787e-01 3.931726099789862108e-03 2.591079572941350911e-02
1.000000000000000000e+00 3.193149907056993531e+00 2.632014259221844843e-01 2.603887722261460924e-01 2.455475560775415289e-01 2.238758023830696442e-01 2.523714768942497133e-01 2.009903690226616524e-01 1.334246591907355950e-01 1.700293092569641062e-01 3.794502346729678333e-03 2.608057713017789686e-02
1.000000000000000000e+00 5.404262466963496436e+00 2.661197295959165654e-01 2.389200044962341840e-01 2.419082643325271009e-01 2.286050586654009564e-01 2.443731087719535899e-01 1.873653626036222430e-01 1.314460278324492137e-01 1.656058478264388345e-01 4.011111519172010434e-03 2.667025499463984706e-02
1.000000000000000000e+00 4.816504781263211576e+00 2.535847529708007975e-01 2.591339665123149616e-01 2.361438041739179483e-01 2.226923925824007833e-01 2.382450551817195117e-01 1.974186179547908759e-01 1.413636874753020634e-01 1.625575224669119356e-01 4.072773586273273870e-03 2.481955450081719042e-02
1.000000000000000000e+00 5.604206949147342520e+00 2.443054753028774673e-01 2.485468989278828700e-01 2.348970320548025570e-01 2.199182518146904075e-01 2.294610810163469627e-01 1.940568013930714653e-01 1.336587023266946894e-01 1.593219389776764083e-01 4.356461124759154237e-03 2.414752870490157605e-02
1.000000000000000000e+00 5.501895563209568074e+00 2.492047990018413928e-01 2.480953673024401118e-01 2.388442656735687009e-01 2.198225662617147025e-01 2.316499270861769599e-01 2.053144222844061340e-01 1.342289435350512428e-01 1.603703954475712012e-01 4.260589892076813850e-03 2.303569513457193185e-02
1.000000000000000000e+00 4.949792724041246039e+00 2.424730168359156557e-01 2.498438551992626655e-01 2.246944767830153789e-01 2.155407770495185726e-01 2.385422070138500938e-01 1.934307671412124063e-01 1.360106278678655800e-01 1.571614693769528559e-01 4.188840307768270169e-03 2.254490798877836766e-02
1.000000000000000000e+00 6.081315514647999798e+00 2.481829319835926195e-01 2.478831618925864677e-01 2.189556358363280997e-01 2.180681730992523604e-01 2.368353269341481326e-01 1.917757175833541272e-01 1.255384400891515206e-01 1.561989140723307190e-01 4.309510723397824185e-03 2.281479710938667457e-02
1.000000000000000000e+00 3.964515045260903481e+00 2.563879950220652737e-01 2.412676967330560085e-01 2.376193668987534868e-01 2.223175176600492020e-01 2.344331289570933119e-01 2.048442985843437203e-01 1.307891657898511695e-01 1.615152591807186566e-01 4.220222640631785503e-03 2.230259683694056985e-02
1.000000000000000000e+00 8.661423958940890344e+00 2.454639775501764321e-01 2.431385971283028247e-01 2.359659280213645405e-01 2.340293733673174670e-01 2.119022126397291372e-01 2.029051186179781641e-01 1.288813844800978659e-01 1.613320871045212657e-01 4.244138965050023131e-03 2.421680180420794637e-02
1.000000000000000000e+00 4.727208270307769133e+00 2.480308131854734865e-01 2.562838590596446253e-01 2.358480272796796839e-01 2.445078480058019144e-01 2.232773700953867846e-01 2.020649814562266167e-01 1.335412339736835319e-01 1.646179510098209620e-01 4.057071910972059707e-03 2.460445183547600723e-02
1.000000000000000000e+00 4.933805479073020805e+00 2.504452304270313734e-01 2.690968366486293784e-01 2.418850827555472649e-01 2.339321060683907383e-01 2.272289073619998545e-01 1.949469671994406850e-01 1.242525379836259408e-01 1.681667641843405114e-01 3.978545967008775136e-03 2.422954156407445062e-02
1.000000000000000000e+00 2.583791956655365762e+00 2.524675258692118951e-01 2.614942033956813572e-01 2.392985880651971042e-01 2.327997439488117826e-01 2.316632803835816379e-01 2.016430213383184067e-01 1.247706276087714866e-01 1.666456878707040512e-01 3.929423427736592270e-03 2.458985371132992037e-02
1.000000000000000000e+00 2.843510459732343953e+00 2.475901036228888019e-01 2.601001556895304323e-01 2.328876012331440037e-01 2.253608532643480156e-01 2.327501643224534622e-01 2.043580418030228052e-01 1.247355454066381153e-01 1.628848897871825185e-01 4.027187621620059894e-03 2.443444345883626426e-02
1.000000000000000000e+00 5.858854937006647390e+00 2.499970906693556039e-01 2.499986425067137752e-01 2.287552764298957098e-01 2.261040869012589938e-01 2.333270624185351250e-01 2.051479564490571728e-01 1.174346445328292021e-01 1.627702372512875029e-01 4.033059468962004075e-03 2.633096811033886625e-02
1.000000000000000000e+00 6.612266599282738078e+00 2.450902083478665727e-01 2.590941953506401552e-01 2.315894084530872865e-01 2.348903219437053214e-01 2.301451620079761340e-01 2.080965578139268024e-01 1.292544519801442360e-01 1.625362018446029067e-01 4.115382828898925954e-03 2.508035443911645762e-02
1.000000000000000000e+00 2.471203577810859642e+00 2.584851265413612986e-01 2.649297151017568908e-01 2.443416626095643307e-01 2.340482874693623483e-01 2.311796083900786170e-01 2.214833482630154671e-01 1.191667582365521227e-01 1.697592875905693521e-01 3.982154082893808907e-03 2.528395162337876076e-02
1.000000000000000000e+00 2.598455666546249709e+00 2.562256236123278685e-01 2.460742214319826537e-01 2.411686890334719391e-01 2.258589263528623658e-01 2.264594303180115231e-01 2.182596480417407780e-01 1.170525174599470614e-01 1.639167861075162547e-01 3.937620744412410369e-03 2.494187434785758925e-02
1.000000000000000000e+00 3.204440783291887751e+00 2.541122915501270452e-01 2.504649716025625916e-01 2.408123550290523773e-01 2.319987318965172352e-01 2.308004887606187328e-01 2.223096541541746130e-01 1.125299379868584526e-01 1.662370830323375293e-01 3.579475299699772309e-03 2.557219098119983824e-02
1.000000000000000000e+00 4.287191092348178856e+00 2.574071510298261978e-01 2.515580893316693434e-01 2.307672455039551096e-01 2.412846928351463083e-01 2.192557763039325591e-01 2.198504645516345113e-01 1.166956175395084949e-01 1.669606552972824898e-01 3.436424868817617231e-03 2.589561503280781926e-02
1.000000000000000000e+00 4.132123311916340747e+00 2.633847472265520850e-01 2.529348582655084887e-01 2.324405545894093761e-01 2.370557414271138030e-01 2.094682653174814724e-01 2.120786246849753753e-01 1.276301012604311724e-01 1.663979961805256425e-01 3.431825536773581205e-03 2.638370634216798821e-02
1.000000000000000000e+00 2.274568968160258997e+00 2.608223310320354482e-01 2.673637993915787825e-01 2.316825738130151024e-01 2.319225265431216210e-01 2.304239904354340451e-01 2.251667853548696419e-01 1.279787899311036203e-01 1.704457757706443755e-01 3.191880628415388541e-03 2.418881503393327526e-02
1.000000000000000000e+00 1.972832213309144267e+00 2.667283621686444284e-01 2.508851940900726496e-01 2.501971200519630401e-01 2.378437974792664000e-01 2.239128280983259944e-01 2.258610167439558947e-01 1.145994389411309489e-01 1.729115771777084420e-01 3.133324820449075697e-03 2.392692977968708876e-02
1.000000000000000000e+00 1.971774584872186376e+00 2.685538452104070939e-01 2.600814343645770910e-01 2.398519087021702134e-01 2.451530090527027084e-01 2.304104368013463189e-01 2.171598679235656748e-01 1.034409486929411537e-01 1.736026983112066990e-01 3.220317765083611800e-03 2.409371278368147365e-02
1.000000000000000000e+00 1.711956024706533741e+00 2.660987942340111156e-01 2.523872341911846395e-01 2.404452788072905522e-01 2.353741253075923023e-01 2.461069809177269530e-01 2.088126028458464067e-01 1.030861031134839012e-01 1.703215261535475922e-01 3.102686055342013423e-03 2.407017299197547824e-02
1.000000000000000000e+00 3.809966932564501807e+00 2.639844796004527927e-01 2.574831682125150456e-01 2.559160310237656444e-01 2.418917449122209296e-01 2.471920467498347485e-01 2.102771417510835295e-01 1.044058771247273060e-01 1.754091906889461150e-01 3.181576443159949905e-03 2.529860196018113988e-02
1.000000000000000000e+00 1.375939650266381653e+00 2.643822085580725956e-01 2.570391085771653317e-01 2.530259540219238490e-01 2.343293974197555307e-01 2.440859411124509659e-01 2.093501686273447626e-01 1.074452542357455381e-01 1.721767935971304231e-01 3.138446517164507864e-03 2.575912035113679319e-02
1.000000000000000000e+00 1.520498206703088551e+00 2.602134524988715669e-01 2.530691622296097898e-01 2.465504321876343108e-01 2.357706776804735782e-01 2.201738237474773763e-01 1.978132285311481331e-01 1.035597069274449694e-01 1.675374539210154334e-01 3.211441754011816301e-03 2.555957397751305524e-02
1.000000000000000000e+00 2.887452037265100913e+00 2.640170952109592850e-01 2.499485951905286996e-01 2.320380001073764631e-01 2.322495572048469126e-01 2.221266098999515881e-01 2.009016247369597441e-01 1.017492795495231472e-01 1.656196961323731787e-01 3.218204273554698541e-03 2.457697062541913322e-02
1.000000000000000000e+00 3.084316762569704995e+00 2.539060888129708315e-01 2.423854368391145653e-01 2.225073500312050867e-01 2.461100752582251472e-01 2.157479858471566814e-01 1.954160692007033684e-01 9.181314098447089511e-02 1.620902335248494974e-01 3.187502028492367797e-03 2.456250239954893208e-02
1.000000000000000000e+00 1.668184137243698517e+00 2.501302271226744645e-01 2.513992182702751155e-01 2.149937634697469124e-01 2.346301149792129059e-01 2.061482796927051608e-01 1.920835048587351546e-01 8.955944884755086266e-02 1.599531172111786637e-01 3.098543921640817527e-03 2.478911743352215161e-02
1.000000000000000000e+00 2.495060521970255518e+00 2.506963269079266476e-01 2.484125572020305095e-01 2.173903955295124479e-01 2.367354003986585631e-01 2.054859747834986983e-01 1.981424974874848588e-01 1.186057279615060772e-01 1.594147026894011110e-01 3.977205204550027240e-03 2.441455192180165545e-02
1.000000000000000000e+00 3.958736023499191070e+00 2.463458038389419180e-01 2.491406637014772774e-01 2.137374239917840812e-01 2.403970589673527780e-01 2.130830329353738117e-01 1.898757478420228795e-01 1.244313920420673791e-01 1.595123830044517244e-01 4.020440628198279111e-03 2.502149065813636178e-02
1.000000000000000000e+00 4.652787213986803394e+00 2.536239295031639251e-01 2.508070729660070164e-01 2.149478889473054044e-01 2.560240141706148775e-01 2.202167178437248185e-01 1.826334590331155083e-01 1.205404662527522069e-01 1.607699015571122658e-01 3.863664803579328674e-03 2.608909825618202158e-02
1.000000000000000000e+00 5.311550932785888079e+00 2.532017279335103677e-01 2.542545786674725306e-01 2.136888822642433183e-01 2.635289755772163844e-01 2.131478233212587836e-01 1.839229511458744526e-01 9.901675030358210450e-02 1.619515968562486308e-01 3.706850328215751701e-03 2.512015562056940307e-02
1.000000000000000000e+00 7.195298416955342446e+00 2.609339798466470683e-01 2.461436578696610533e-01 2.138350519760144897e-01 2.488509406157808079e-01 2.205112358651177829e-01 1.711555781022521816e-01 9.912798683245542530e-02 1.613980639583694754e-01 2.860056461869911817e-03 2.460549199791829331e-02
1.000000000000000000e+00 6.490059274239900589e+00 2.499273584102133239e-01 2.521526561427718804e-01 2.116404007640043938e-01 2.488256171433492758e-01 2.216901200839654362e-01 1.590087694010575425e-01 1.019589536809254182e-01 1.618005417034951987e-01 3.646161276045102768e-03 2.409366274554870097e-02
1.000000000000000000e+00 8.113348283841876452e+00 2.526840593323559925e-01 2.512653363697461839e-01 2.098185371703023272e-01 2.467342132221354012e-01 2.263850687362655156e-01 1.699983305068104300e-01 1.069622800833479326e-01 1.609834550251016960e-01 2.412407819372205595e-03 2.235556804486487498e-02
1.000000000000000000e+00 3.455979631683547382e+00 2.519185602093355070e-01 2.511559087682490587e-01 2.076561478604484201e-01 2.414200757222722538e-01 2.275569540815403358e-01 1.716000940121573948e-01 9.315621928169287580e-02 1.614215981516153309e-01 3.125693052280224121e-03 2.084916558081166202e-02
1.000000000000000000e+00 3.630710604012053810e+00 2.485990433007527478e-01 2.471942630111633454e-01 2.114572679544857448e-01 2.427122400755386267e-01 2.261938686809714938e-01 1.698514999460881136e-01 1.082918683637515977e-01 1.606969271322812032e-01 3.226634601424077566e-03 2.085919679055343173e-02
1.000000000000000000e+00 4.941162805171333439e+00 2.505539015733268537e-01 2.462325360949843556e-01 2.098918132041990570e-01 2.397653417879122562e-01 2.334852037066214303e-01 1.674623292487192605e-01 1.056445088531225152e-01 1.606514108338389646e-01 3.678210473152053028e-03 2.149494875260180363e-02
1.000000000000000000e+00 3.616025758988503203e+00 2.499779542496074480e-01 2.462847469657148680e-01 2.063478341176840092e-01 2.368408465367669857e-01 2.393425117508148625e-01 1.904980805637463692e-01 1.044952365321140525e-01 1.597461176236595615e-01 3.290869454734317127e-03 2.327082391511945889e-02
1.000000000000000000e+00 4.691368337555813284e+00 2.526165802727552423e-01 2.543005267380072931e-01 2.085354280720618514e-01 2.393696418828565320e-01 2.202100546341786980e-01 1.983947268085280158e-01 1.017519668505018765e-01 1.604969361173467224e-01 4.321523148299871372e-03 2.323065390298497193e-02
1.000000000000000000e+00 3.742194259711363102e+00 2.460722875641961904e-01 2.515218509796662838e-01 2.108350770173927913e-01 2.408144253804240242e-01 2.172884206052126399e-01 2.104848683534746023e-01 1.056505941467176524e-01 1.600633484952829755e-01 3.286913771456527814e-03 2.404513946741125563e-02
1.000000000000000000e+00 7.368632695792576293e-01 2.505040437812899312e-01 2.532864632380349423e-01 2.139536528742034260e-01 2.333731220806413154e-01 2.177535365522272059e-01 1.930805605725337548e-01 1.031980066010177305e-01 1.606314015670954887e-01 3.564940052520363008e-03 2.332183353866318365e-02
1.000000000000000000e+00 2.833609286748146161e+00 2.484776795680498918e-01 2.602046199266008775e-01 2.154367380435756041e-01 2.361160980344488569e-01 2.194001192322801164e-01 1.805384011175147074e-01 7.362130096572991333e-02 1.623220955631174689e-01 3.459246495343982000e-03 2.540238447570385139e-02
1.000000000000000000e+00 1.300237381215895160e+00 2.475368214537562173e-01 2.610952609078676101e-01 2.198036733110272922e-01 2.410412756721683758e-01 2.147631467126933924e-01 2.006194093175091009e-01 9.395184426193674276e-02 1.618470246927292133e-01 3.471344209645614142e-03 2.481055517127391322e-02
1.000000000000000000e+00 5.236575488627799757e+00 2.475616448547006965e-01 2.618054345046770259e-01 2.261046019968501741e-01 2.516278305575981311e-01 2.027693153977743745e-01 2.139514142830283572e-01 1.150646815304340875e-01 1.614633801094381149e-01 2.595421298985769835e-03 2.524135156008876224e-02
1.000000000000000000e+00 2.758274742355601994e+00 2.504880988429376565e-01 2.547437215561830226e-01 2.101866694204738428e-01 2.465717243287888216e-01 1.982955553009442262e-01 2.116478692673259554e-01 1.169850817630656153e-01 1.613829156479574534e-01 2.968735237061566248e-03 2.338164351541792418e-02
1.000000000000000000e+00 2.783157378314390584e+00 2.522581646995697424e-01 2.586914417822013812e-01 2.161555261000511485e-01 2.380627771973560514e-01 2.166023778860340365e-01 2.141153992978771237e-01 1.261127174951938434e-01 1.605228825977927654e-01 3.786212434256548860e-03 2.207644902603450934e-02
1.000000000000000000e+00 3.934683193619756825e+00 2.554474941719718784e-01 2.527806764060168687e-01 2.190173035235248311e-01 2.322416160315436684e-01 2.228726446656863203e-01 2.030655725547684531e-01 1.031285045103305376e-01 1.609821960119404427e-01 3.799768838127585806e-03 2.239831392860093875e-02
1.000000000000000000e+00 3.348793896986856478e+00 2.540725871960192728e-01 2.540180776663912288e-01 2.272948193517126680e-01 2.316431525081154574e-01 2.242925824335372520e-01 1.793836258088266078e-01 9.252828195371255726e-02 1.617275666630996478e-01 3.113092595467469199e-03 2.218236797974632371e-02
1.000000000000000000e+00 2.473234647062701796e+00 2.542527512885647267e-01 2.454071411630868726e-01 2.190055000006116692e-01 2.311003316082874404e-01 2.293365824276634157e-01 2.025596284763935828e-01 1.090980970113337167e-01 1.600533117718066778e-01 3.315361497438881495e-03 2.161662939594011235e-02
1.000000000000000000e+00 3.663361327082784058e+00 2.546258664942573358e-01 2.357183921860473985e-01 2.196906127705882117e-01 2.314075910394298441e-01 2.349431923803777522e-01 1.817989596332523772e-01 9.895078622563095727e-02 1.601383622801438311e-01 2.988740395678934642e-03 2.145758343915645308e-02
1.000000000000000000e+00 1.757209348433331320e+00 2.516153636468082544e-01 2.438460991517773513e-01 2.362366708834565676e-01 2.271188107938971468e-01 2.167772380023448575e-01 1.743711176853231237e-01 1.141366380440030082e-01 1.601992015781026069e-01 3.205010862139285634e-03 2.169920248969060481e-02
1.000000000000000000e+00 8.558624408031201725e+00 2.600427412454323628e-01 2.459142634069806654e-01 2.272269840655992967e-01 2.195713070276474332e-01 2.328430442964086466e-01 1.760259458305602209e-01 1.455489412344228572e-01 1.593044753903742894e-01 3.470105888557848198e-03 2.011545766222635340e-02
1.000000000000000000e+00 3.989067450461600828e+00 2.487884750236797615e-01 2.455354686036235190e-01 2.284014184621918908e-01 2.164883091205062060e-01 2.253278179497107958e-01 1.835196427008627118e-01 1.635054122726739001e-01 1.586066208540112266e-01 3.248522671405847367e-03 1.911043885478985044e-02
1.000000000000000000e+00 3.410050893355907053e+00 2.477337137928936062e-01 2.463707247406281553e-01 2.339748430029341963e-01 2.130645651133627194e-01 2.372888580171293726e-01 1.894240822112401579e-01 1.534680036569602557e-01 1.583030216566650716e-01 3.801477611617835525e-03 2.141083545481832842e-02
1.000000000000000000e+00 4.736971067175332450e+00 2.562866639126805679e-01 2.442011134511551662e-01 2.224135320957317252e-01 2.164135974940927798e-01 2.299580727765120070e-01 1.807145306207178503e-01 1.448263666106079095e-01 1.594149611917112797e-01 2.996646926847938187e-03 2.204515597734817145e-02
1.000000000000000000e+00 4.674178030672101691e+00 2.493392505132622228e-01 2.493272767082092833e-01 2.292879384839260071e-01 2.165902735293132875e-01 2.262832195686871051e-01 2.021502678238901729e-01 1.708337325539058260e-01 1.582922886397943318e-01 2.860949366644688352e-03 2.147559703040585050e-02
1.000000000000000000e+00 5.007694374576181495e+00 2.422840059798702372e-01 2.513678469794461967e-01 2.360657058446749001e-01 2.057734513301199553e-01 2.365855152037681097e-01 2.091114971502327780e-01 1.840405757342929993e-01 1.579135010322159915e-01 3.317307640107496763e-03 2.323620383028084449e-02
1.000000000000000000e+00 3.941103940622751711e+00 2.442705720050652729e-01 2.500521441895286467e-01 2.362356504033770177e-01 2.204759131538128192e-01 2.326586814696842975e-01 1.924137524202537974e-01 1.697933354718449139e-01 1.594048273605472021e-01 2.991771099130183503e-03 2.116739372454813986e-02
1.000000000000000000e+00 6.864572860676535271e+00 2.467930082639704925e-01 2.510151220650178039e-01 2.388923282471606679e-01 2.370820971028101964e-01 2.120016624689196327e-01 1.884895993965345351e-01 1.650267624757366103e-01 1.606215343451764810e-01 4.155734025174096652e-03 2.236222537594611745e-02
1.000000000000000000e+00 4.865927240105957452e+00 2.412620008349564971e-01 2.515231847507136687e-01 2.381171440512038773e-01 2.269513710335843149e-01 2.167427150295747895e-01 1.962600127992303878e-01 1.896559019076995423e-01 1.600878293468864511e-01 3.070321535923120973e-03 2.059119218265752227e-02
1.000000000000000000e+00 4.503998792742981649e+00 2.449104561009027015e-01 2.523703722347842571e-01 2.383452645294627525e-01 2.266413098055179709e-01 2.238532804833092416e-01 1.958813239426069608e-01 2.054870496275924274e-01 1.597233764433047543e-01 3.368424565915568384e-03 2.118536691473632202e-02
1.000000000000000000e+00 4.609724004923498875e+00 2.481120698624658671e-01 2.487065503577723380e-01 2.346693386360893530e-01 2.242145339351661881e-01 2.181439081152582171e-01 2.096810209846730055e-01 2.283607412551484916e-01 1.592535295249225269e-01 3.774293478871729775e-03 2.132259414925285340e-02
1.000000000000000000e+00 5.021293075069197087e+00 2.447931455524724464e-01 2.424042384305985787e-01 2.300373669576163405e-01 2.317489785560961912e-01 2.171928165616472672e-01 2.124446970143869240e-01 2.244317177253369600e-01 1.598198342910906733e-01 2.827955967413088925e-03 2.123197359167389164e-02
1.000000000000000000e+00 4.548729344269650809e+00 2.500675675428688516e-01 2.465743678526536586e-01 2.239738984696001967e-01 2.356919706286199623e-01 2.062552319482435226e-01 1.979301157291813995e-01 2.316666096141743181e-01 1.604221764425976249e-01 3.848712365656291497e-03 2.104175344293807495e-02
1.000000000000000000e+00 3.463072620820300873e+00 2.487339478650167357e-01 2.459280541527393282e-01 2.253296333755589465e-01 2.397539708590087915e-01 2.017250460999492345e-01 2.038714436731762503e-01 2.336970804984382366e-01 1.602275524778628835e-01 3.958433051903105862e-03 2.357366283909348784e-02
1.000000000000000000e+00 3.572455740079536923e+00 2.483573376205919780e-01 2.494916711176643209e-01 2.312011988419827857e-01 2.145046966727976456e-01 2.104762778157369674e-01 2.121545465648854989e-01 2.560256109406274239e-01 1.588225617207340012e-01 3.330977688038266708e-03 2.419073183994335796e-02
1.000000000000000000e+00 2.911736711854300719e+00 2.450021677333134862e-01 2.525016238606348495e-01 2.353187128384818527e-01 2.176205564491261735e-01 2.066344388172066671e-01 2.250446292708244700e-01 2.644877980645082283e-01 1.585808409380453643e-01 3.440840810151884945e-03 2.351792542633874064e-02
1.000000000000000000e+00 1.898278975943458624e+00 2.455460859305829413e-01 2.467409873273940235e-01 2.299252915165924949e-01 2.403900084815557558e-01 2.136497698971178971e-01 2.022810352276449564e-01 2.594195752723319481e-01 1.596144671511359747e-01 3.357244981742292609e-03 2.272413056799622855e-02
1.000000000000000000e+00 2.894534753450066500e+00 2.500019704061427483e-01 2.292137773635767595e-01 2.265240134297207553e-01 2.307569996850227789e-01 2.182707953560519831e-01 1.926935286824441595e-01 2.820970092965392473e-01 1.583061726179971207e-01 3.393321680843153481e-03 2.102604977741847139e-02
1.000000000000000000e+00 5.219343539426819945e+00 2.515755949573608152e-01 2.289722351236863351e-01 2.269724150381597638e-01 2.313763043395075103e-01 2.254810306038371182e-01 1.858009198816838459e-01 2.786660034816610398e-01 1.585163380558498314e-01 3.439414895418037039e-03 2.247114110940039849e-02
1.000000000000000000e+00 6.800980118765291849e+00 2.511889240031447978e-01 2.313013214696889031e-01 2.237503757307325314e-01 2.324259444528572749e-01 2.227484458023431535e-01 1.853368504856839072e-01 2.487058290196549337e-01 1.598783502446570193e-01 3.825258287689717752e-03 2.351576889596391010e-02
1.000000000000000000e+00 5.340066036704236296e+00 2.452112337043971246e-01 2.470500035868003208e-01 2.355210777106413467e-01 2.395392289384297435e-01 2.061948628939997974e-01 2.049457217575531010e-01 2.658081873212688184e-01 1.600980961881654230e-01 3.615499451326326455e-03 2.408849624450902158e-02
1.000000000000000000e+00 4.310924737688055508e+00 2.544815816898065020e-01 2.422663008480789304e-01 2.351841457594873730e-01 2.209125225615078403e-01 2.158736565448323153e-01 1.998405424423573273e-01 2.761858141841576630e-01 1.589879805244162891e-01 4.156883328772858870e-03 2.338198511888690823e-02
1.000000000000000000e+00 5.030845756418949044e+00 2.549094674637046309e-01 2.336266952003317188e-01 2.349642006524385873e-01 2.197337606418742206e-01 2.066213722447186041e-01 2.054569052364737247e-01 3.031314737805300141e-01 1.579499277009192293e-01 3.933272610537522258e-03 2.288385219119787317e-02
1.000000000000000000e+00 4.653638118459148210e+00 2.567012955058419754e-01 2.319394185387531337e-01 2.329698378848178153e-01 2.094516939735581451e-01 2.285795508724816905e-01 1.934493570550863129e-01 3.068874933919643055e-01 1.578982407519717579e-01 3.233742813477436841e-03 2.161237695824192936e-02
1.000000000000000000e+00 5.090188745280847193e+00 2.555730062297825178e-01 2.226190033598617335e-01 2.369808228762127766e-01 2.095345787465117127e-01 2.132480978643643554e-01 1.927511579362139182e-01 3.410723622911325803e-01 1.564671207351977233e-01 3.341771853795470412e-03 2.120278889933081140e-02
1.000000000000000000e+00 4.487135172074016687e+00 2.468642193564574983e-01 2.301152591459295349e-01 2.482942914724671768e-01 2.087571437610744596e-01 2.114931956543751879e-01 1.908169899666272984e-01 3.579466130986131422e-01 1.558515388132023227e-01 3.473837030664748970e-03 2.036368280215019103e-02
1.000000000000000000e+00 2.593447431082588572e+00 2.465207137574613738e-01 2.298855430133590616e-01 2.444832013206083288e-01 2.168064323977527130e-01 2.063643568635789294e-01 1.970834935298960700e-01 3.799742154155201224e-01 1.555410479027297399e-01 3.438880796922480759e-03 1.970160508712757649e-02
1.000000000000000000e+00 2.465270555889229165e+00 2.473864996508367553e-01 2.234791227265696123e-01 2.414175870899130105e-01 2.235436829514255708e-01 2.003248842845116173e-01 1.912633797886396647e-01 3.914951221685254446e-01 1.556177270198301765e-01 3.414467504253707823e-03 2.058584466887667871e-02
