1.000000000000000000e+00 4.783431930794954212e+01 2.640102323167672349e-01 2.780021062116442843e-01 2.645851668339139762e-01 2.395023607178554670e-01 2.370479693642077446e-01 2.523452078824211520e-01 4.283295846283832753e-01 1.796517201730360447e-01 3.984543277987476900e-03 2.050321604280531604e-02
1.000000000000000000e+00 5.812643347424245377e+00 2.515921970288915177e-01 2.716377856338539343e-01 2.361463683105032019e-01 2.274059718115239159e-01 2.254625122007535565e-01 2.150696545109447855e-01 1.705806260046734413e-01 1.699350355153366188e-01 3.347438729039069454e-03 2.383204885371267845e-02
1.000000000000000000e+00 2.448588876210187948e+00 2.542516431764053064e-01 2.769869573688387154e-01 2.207339932419090933e-01 2.362160480182380895e-01 2.242028292479205098e-01 2.132056629491485833e-01 1.657970210605609895e-01 1.654195079702700522e-01 3.316966645879269957e-03 2.248457903265846727e-02
1.000000000000000000e+00 3.124140096051885251e+00 2.503879577129660694e-01 2.654495506480059608e-01 2.150004887221050320e-01 2.333343039407816677e-01 2.244768390965682925e-01 2.124407588677102721e-01 1.759107531630289822e-01 1.621916572364628384e-01 3.155254717206332649e-03 2.390220441341458363e-02
1.000000000000000000e+00 4.308311496200669666e+00 2.662392160785214124e-01 2.700464198375301383e-01 2.209270443713582666e-01 2.381773531503144636e-01 2.302198634307824343e-01 2.111697033158492498e-01 1.670235330643762284e-01 1.706284700142264021e-01 3.256279735027023999e-03 2.220296408800134791e-02
1.000000000000000000e+00 3.851161168775438792e+00 2.664298997825467752e-01 2.795758106964563172e-01 2.234264600854660721e-01 2.426417173324201537e-01 2.427333047749160866e-01 2.077180998537708212e-01 1.623006346424315516e-01 1.733578404237335890e-01 3.040474004674376379e-03 2.128593343505852387e-02
1.000000000000000000e+00 3.675346591109239558e+00 2.686936380652057421e-01 2.759061328530082458e-01 2.288138358688193708e-01 2.548235532199349951e-01 2.493353925165791574e-01 2.087005618886272340e-01 1.621013537752372669e-01 1.772420854595616047e-01 3.046200697431596625e-03 2.014635829183935092e-02
1.000000000000000000e+00 2.623768471690438808e+00 2.679277042828956401e-01 2.733423491912260750e-01 2.371470137841492354e-01 2.499561524396385903e-01 2.586906520626321426e-01 2.062942758655474107e-01 1.582291576325641214e-01 1.797650361268268715e-01 3.140625008097031479e-03 1.953510459485561027e-02
1.000000000000000000e+00 3.982558710875055752e+00 2.753329893035934561e-01 2.652804503357141797e-01 2.399007231009941954e-01 2.533300728715029426e-01 2.563120380454427250e-01 2.129017770106569896e-01 1.595430329483891740e-01 1.780568252127370799e-01 2.983802321564399482e-03 1.888369725433556787e-02
1.000000000000000000e+00 3.635299066217795527e+00 2.691689627537296459e-01 2.751199463279390689e-01 2.530988063214602568e-01 2.483362998348799811e-01 2.613328233448245497e-01 2.044696597965156848e-01 1.633748733548598397e-01 1.791251279530327034e-01 3.171652884810842281e-03 1.807177206785521434e-02
1.000000000000000000e+00 6.733107500438684667e+00 2.742073744623044207e-01 2.737138349019485051e-01 2.590198293963794640e-01 2.522078689918987870e-01 2.586003021626070986e-01 2.028418125475337230e-01 1.675330813336793068e-01 1.819004235161251481e-01 3.195391036508164230e-03 1.917865000370165898e-02
1.000000000000000000e+00 6.402046269427610348e+00 2.783152896323008996e-01 2.672499232692959192e-01 2.625539839484404836e-01 2.494528994217820039e-01 2.734951353666941753e-01 1.919949425841909474e-01 1.703369636603218329e-01 1.859487749860901373e-01 3.052577403413554193e-03 1.962975646511815747e-02
1.000000000000000000e+00 6.461361825147444726e+00 2.782371201320493204e-01 2.633518963582708872e-01 2.601677814885948736e-01 2.512464122599337712e-01 2.706572113159061432e-01 1.982951082314876878e-01 1.726565905090676756e-01 1.853932699276077123e-01 3.193619676671693042e-03 1.975607925340508095e-02
1.000000000000000000e+00 6.318388308542107978e+00 2.728357819024804232e-01 2.819572307381516540e-01 2.495270430378594695e-01 2.380680448904038127e-01 2.707666323905989492e-01 1.863454269837956090e-01 1.710435557652744964e-01 1.853017533780306481e-01 3.171156820041363001e-03 1.941065728027547080e-02
1.000000000000000000e+00 6.567289161039556511e+00 2.723852584476765815e-01 2.884183318670873186e-01 2.439364371250187513e-01 2.483220833235075808e-01 2.690841227957956883e-01 2.004639331448530570e-01 1.719371982669086474e-01 1.853163999679936502e-01 3.148343915100532305e-03 1.750885423082173056e-02
1.000000000000000000e+00 7.810728862888272950e+00 2.724695930696076629e-01 2.771072191790169281e-01 2.454668872568226967e-01 2.402155362700517660e-01 2.684773538943178717e-01 2.013403284216188083e-01 1.672598692119380281e-01 1.838669325523287768e-01 3.329869265298964279e-03 1.937453693740091160e-02
1.000000000000000000e+00 8.251718006869237954e+00 2.875908550459058688e-01 2.636826381763043847e-01 2.543043490388990913e-01 2.457124471187382142e-01 2.770304393639323459e-01 1.868063729541383222e-01 1.648610943263423279e-01 1.849435118307512227e-01 3.521679380653557068e-03 1.955758987014419650e-02
1.000000000000000000e+00 6.415604868701076491e+00 2.827183459504388763e-01 2.655573835088881340e-01 2.455269606299991803e-01 2.581648849970175075e-01 2.686882425729785195e-01 1.843544241869540523e-01 1.659855688299900212e-01 1.838908853891987605e-01 3.549426201688517073e-03 1.965208792689109030e-02
1.000000000000000000e+00 4.875063689894763463e+00 2.856143972550367338e-01 2.601233446136332339e-01 2.604062553493055598e-01 2.553989632698255297e-01 2.648284281189264844e-01 1.995003711963252990e-01 1.552235574021081088e-01 1.863822583552519896e-01 3.623934078137944562e-03 1.951437188590257263e-02
1.000000000000000000e+00 5.486587448817398460e+00 2.844346004351058221e-01 2.517068750639030461e-01 2.611975105433374522e-01 2.408948838053333596e-01 2.474908050909812862e-01 2.063997414215351656e-01 1.581998466728918584e-01 1.803010281998301823e-01 3.434009172217636005e-03 2.066183197618707071e-02
1.000000000000000000e+00 4.599006861968714333e+00 2.821045130878890861e-01 2.529221464233118444e-01 2.513378316731071926e-01 2.491982903302710217e-01 2.474530094310787576e-01 1.964051938583284973e-01 1.493007516458758621e-01 1.809099556781473273e-01 3.220368987375198892e-03 1.952864532708111986e-02
1.000000000000000000e+00 5.453125516422674401e+00 2.736833434143300381e-01 2.570608733987576056e-01 2.418004970279615806e-01 2.563255588823729614e-01 2.474576724366949754e-01 1.881725617612469148e-01 1.438705536268272966e-01 1.778518930304806289e-01 3.197305772995264264e-03 2.061214944925100767e-02
1.000000000000000000e+00 5.340906320827598641e+00 2.791162453612429095e-01 2.742563276477384404e-01 2.357508740157651106e-01 2.467535829783608359e-01 2.509714389171175952e-01 2.006449161590987129e-01 1.439494458065706806e-01 1.805923364527048658e-01 3.359227063570463783e-03 2.107638625962591356e-02
1.000000000000000000e+00 2.548787646536694762e+00 2.732930141777884514e-01 2.831003064896107646e-01 2.366314547845847216e-01 2.569531379415649353e-01 2.428100152914935694e-01 2.110077852433494272e-01 1.437720163614111812e-01 1.790346734148003938e-01 3.345773615424230043e-03 2.048106081082484015e-02
1.000000000000000000e+00 2.639878132859654336e+00 2.720880219185948801e-01 2.845143259674855485e-01 2.399971493548562762e-01 2.566345740262799824e-01 2.362491951234639009e-01 2.164951735932189592e-01 1.454322797534192691e-01 1.811851434555423745e-01 3.533103328451821408e-03 1.938153314909626945e-02
1.000000000000000000e+00 2.552341621098919155e+00 2.740561414705779408e-01 2.827989782668131613e-01 2.439623055438590038e-01 2.619393011073687938e-01 2.412376512661294492e-01 2.203474948138972878e-01 1.480940682974164480e-01 1.827047792028874129e-01 3.387265136161446248e-03 1.810043790720727505e-02
1.000000000000000000e+00 2.438695734216793198e+00 2.728552811662516842e-01 2.829919018562283561e-01 2.487396428936509418e-01 2.635852054190765403e-01 2.434495880475433527e-01 2.212287277580590461e-01 1.542103121546882505e-01 1.839641244689328159e-01 3.264430089952649085e-03 1.866995302210552182e-02
1.000000000000000000e+00 3.731010277915464357e+00 2.846926176504750994e-01 2.717973969835693060e-01 2.569309110771604843e-01 2.866803721994867216e-01 2.503040339522197844e-01 2.263787104974135933e-01 1.432556694528464569e-01 1.891325520846234842e-01 3.124999622970406430e-03 1.959632993167824758e-02
1.000000000000000000e+00 4.766089025784967070e+00 2.766160957853466273e-01 2.860106598744086570e-01 2.631749347054649357e-01 2.707759668621486648e-01 2.453307386063119655e-01 2.226340188845819246e-01 1.404478253103909891e-01 1.892706210964608393e-01 3.191939093519374077e-03 1.927672322422649409e-02
1.000000000000000000e+00 4.626908030067471422e+00 2.808714693669981943e-01 2.955047193003419448e-01 2.587585607880434901e-01 2.719159795122884637e-01 2.506570582939183223e-01 2.222171957475992943e-01 1.361659507930066682e-01 1.922023032648122187e-01 3.087267205658641468e-03 1.869521664405192005e-02
1.000000000000000000e+00 3.261464453890392079e+00 2.836640121091374422e-01 2.737057595668008214e-01 2.619435804525779843e-01 2.681831334602218786e-01 2.482141185589619437e-01 2.266300242601276826e-01 1.475634902362835954e-01 1.891144157730851871e-01 3.250622610677053950e-03 1.793592984711376084e-02
1.000000000000000000e+00 3.977864483972460174e+00 2.898395387366332066e-01 2.827702456115694374e-01 2.613717225073541317e-01 2.608691024789813739e-01 2.470064896752303119e-01 2.483308033490455591e-01 1.403500067668601026e-01 1.909343467183047816e-01 3.100570626797605547e-03 1.855918123351101706e-02
1.000000000000000000e+00 3.240010237670362336e+00 2.865332464638467025e-01 2.902909359014833601e-01 2.691354492561153222e-01 2.621464055560858708e-01 2.471760424092970809e-01 2.556039060869076396e-01 1.314664479886969717e-01 1.926539106962542047e-01 3.216274350696262264e-03 2.007149697289124096e-02
1.000000000000000000e+00 3.685794191564005118e+00 2.788426341741726544e-01 2.988837652758724039e-01 2.538294819761828247e-01 2.648413149820597057e-01 2.519766378264340356e-01 2.570018596721441728e-01 1.348221216605114958e-01 1.922648067094807067e-01 3.156232786803120621e-03 2.047963409589062186e-02
1.000000000000000000e+00 4.790883888925128176e+00 2.774685045542097384e-01 2.991185105619010298e-01 2.525977544021689170e-01 2.629539414709447520e-01 2.481479343812351690e-01 2.596263078709444283e-01 1.250947362903285787e-01 1.917247529297194109e-01 3.251113439329583049e-03 2.018724038256198075e-02
1.000000000000000000e+00 7.175401485320044515e+00 2.817742973183846034e-01 3.077215426395275011e-01 2.420209896941290517e-01 2.704197886672857210e-01 2.533706057240139309e-01 2.601659702315801681e-01 1.363374851687690348e-01 1.899545400843748177e-01 3.169081209021936286e-03 2.160662845225745990e-02
1.000000000000000000e+00 6.152359002875418703e+00 2.710445251321474402e-01 2.955997777886550937e-01 2.513921163426964811e-01 2.730027395095581677e-01 2.471824704718341148e-01 2.557444129386051146e-01 1.352354542320962638e-01 1.905065929614144782e-01 3.248381612398498937e-03 2.025953957272461081e-02
1.000000000000000000e+00 5.896572515209000720e+00 2.684950033046423212e-01 3.039297660878805263e-01 2.514022767283897730e-01 2.689828341374916887e-01 2.474918077330603705e-01 2.583136069521438927e-01 1.381829299607799932e-01 1.901033347090098080e-01 3.199619336718982458e-03 2.061906589261492534e-02
1.000000000000000000e+00 4.201871663961604497e+00 2.800220186631697805e-01 2.904480151128653320e-01 2.533846242076449595e-01 2.701389573499589081e-01 2.494266238729406504e-01 2.481335112904404228e-01 1.394296214940338452e-01 1.926688136126970541e-01 2.942644400084491914e-03 1.987575903417370532e-02
1.000000000000000000e+00 4.547175496439159303e+00 2.743631607240985537e-01 2.852138447513082320e-01 2.729204546858859937e-01 2.641390741125321795e-01 2.430555612527808551e-01 2.419560616514644380e-01 1.354958185276511906e-01 1.883375746884338175e-01 3.174596755970714862e-03 1.974503512099336916e-02
1.000000000000000000e+00 4.708776318200121658e+00 2.710225095820194552e-01 2.927410309565758872e-01 2.616060520278604140e-01 2.651797155049621657e-01 2.503450881640055248e-01 2.367545129853379504e-01 1.376128449330156489e-01 1.885868710561315054e-01 3.262292473669296897e-03 1.777543528220414115e-02
1.000000000000000000e+00 4.788920980345121592e+00 2.683912616140183283e-01 2.997818369821625972e-01 2.576398400775256614e-01 2.544729307283797315e-01 2.480677536740935329e-01 2.319224315510746981e-01 1.341286784388485143e-01 1.881927040277250052e-01 3.323297997284353419e-03 1.835565718799499896e-02
1.000000000000000000e+00 6.736625704108439194e+00 2.781124553110639885e-01 2.954272389992777526e-01 2.655712971002012202e-01 2.456677305490230223e-01 2.577525339506352986e-01 2.332354143806766034e-01 1.402595435576083072e-01 1.921376186897642280e-01 3.409665415868175925e-03 2.188494180720924887e-02
1.000000000000000000e+00 6.947418149211046057e+00 2.786218239174536038e-01 3.105775431600045766e-01 2.621331810922002403e-01 2.505796964745553579e-01 2.525949878735520571e-01 2.383176987618275955e-01 1.382685019151197736e-01 1.909803378448043099e-01 3.395186773540586310e-03 2.214761704623915625e-02
1.000000000000000000e+00 5.841598306290713971e+00 2.698489759057062787e-01 2.939714228479633484e-01 2.607556080640032192e-01 2.592366476424248223e-01 2.571826628489809474e-01 2.428159978697940480e-01 1.380599068983039412e-01 1.905448804385707351e-01 3.433991415503143563e-03 2.129830792909509149e-02
1.000000000000000000e+00 4.294094211590383736e+00 2.836688797302261422e-01 2.877746320771049637e-01 2.587835587557955064e-01 2.536084159883935096e-01 2.430867621277661983e-01 2.385499163349983076e-01 1.240272934196701843e-01 1.882583864231378856e-01 3.563945853239302783e-03 2.103558445129159044e-02
1.000000000000000000e+00 4.824803195097343789e+00 2.874914430144441257e-01 2.722484229736076844e-01 2.559424594702356393e-01 2.617237362713484838e-01 2.465291231083114876e-01 2.518199313580334886e-01 1.226336378058817261e-01 1.880699018520817778e-01 3.387896901918570260e-03 1.942309207715750552e-02
1.000000000000000000e+00 4.682295305141429331e+00 2.808807336853039738e-01 2.679312755554864589e-01 2.518369816477056822e-01 2.560348413247126032e-01 2.507701154672394850e-01 2.518163184615779815e-01 1.188999166836366278e-01 1.855245805204429055e-01 3.407375822676875221e-03 1.805309806977980353e-02
1.000000000000000000e+00 3.698376379743065989e+00 2.797162467051602097e-01 2.674509636536799295e-01 2.558521637598352716e-01 2.469114831960212419e-01 2.462251243564032854e-01 2.476419239639366388e-01 1.164870319456330489e-01 1.829110085493811100e-01 3.184515665528004410e-03 1.920767847508526513e-02
1.000000000000000000e+00 3.123521500479857327e+00 2.775704289772102928e-01 2.851218228981421965e-01 2.660571988799119159e-01 2.529612868511885715e-01 2.523286038769638751e-01 2.418919475682918263e-01 1.104051687036224777e-01 1.884029229237831060e-01 3.202998219049461165e-03 2.127237569855534513e-02
1.000000000000000000e+00 4.229132048243054776e+00 2.872672735302389535e-01 2.817763922327969350e-01 2.647752082426513276e-01 2.514624705598155208e-01 2.510014346945486641e-01 2.449647328338615260e-01 1.110411680772337567e-01 1.885037901593848708e-01 3.247798161827730561e-03 2.106388873029143433e-02
1.000000000000000000e+00 3.903877001050613416e+00 2.858699828690753897e-01 2.728679302322325473e-01 2.625485658033152592e-01 2.569613264154424481e-01 2.539018308135876922e-01 2.285798078239208164e-01 1.118663957771695860e-01 1.871107156571509000e-01 3.456018683195406001e-03 2.088935571790293336e-02
1.000000000000000000e+00 2.663074373288890406e+00 2.669027089460788149e-01 2.770554838983707024e-01 2.495489002913966470e-01 2.684768411020866385e-01 2.291637825341766577e-01 2.334064569178731507e-01 1.175956928397529633e-01 1.810422498359034182e-01 3.455631728475080846e-03 2.085608551977886221e-02
1.000000000000000000e+00 2.340909087438906244e+00 2.750111370877016959e-01 2.779392616200248578e-01 2.516236537555122665e-01 2.636760250113135973e-01 2.315037838638606127e-01 2.301651987677679478e-01 1.163315423620178563e-01 1.839565674448637722e-01 3.360230473697783764e-03 2.049586468770255021e-02
1.000000000000000000e+00 1.756604578328862409e+00 2.635019905819063202e-01 2.686489089536798769e-01 2.375376477558168442e-01 2.593785531815991918e-01 2.344718452221155880e-01 2.098621992724942209e-01 1.207076762877843795e-01 1.739704299365326112e-01 3.350837181438779972e-03 2.120729426937414258e-02
1.000000000000000000e+00 1.524347799183156216e+00 2.590758565361044874e-01 2.750203194370885451e-01 2.322165230452141738e-01 2.519977509195991394e-01 2.285421438340831668e-01 2.186141396122266711e-01 1.279869148926123523e-01 1.734367421221007233e-01 3.432672463886948279e-03 2.073082406244981107e-02
1.000000000000000000e+00 2.496130160551278898e+00 2.594124539055367995e-01 2.911713499390998772e-01 2.329887370888826248e-01 2.538988820022251014e-01 2.322270206925679259e-01 2.169407278834650787e-01 1.264116031191647171e-01 1.773331429658097369e-01 3.218163705555375422e-03 2.158647621787658857e-02
1.000000000000000000e+00 3.800390460880911814e+00 2.635851794998677611e-01 2.801468698616449426e-01 2.275692022758284139e-01 2.600170546191442611e-01 2.304939517312137309e-01 2.389890395223120134e-01 1.253036293459396933e-01 1.775343952317487428e-01 3.083480081128774693e-03 2.028113491627385467e-02
1.000000000000000000e+00 3.575570092486763940e+00 2.652347401965783336e-01 2.766984409436604730e-01 2.305649942699511956e-01 2.493986804651196765e-01 2.261555285458164699e-01 2.561271396875648976e-01 1.216903666364600595e-01 1.753747059586551749e-01 3.158021495353738502e-03 1.964937592993236393e-02
1.000000000000000000e+00 6.881930871665955074e+00 2.742555195925714950e-01 2.751716073218531955e-01 2.324226855372628353e-01 2.438027724278328812e-01 2.313935024382961503e-01 2.546218941033851491e-01 1.288663639841280684e-01 1.767001795989305568e-01 3.470564480709289416e-03 1.880027113205535658e-02
1.000000000000000000e+00 8.651859983884916616e+00 2.820522183004224304e-01 2.678824005848273182e-01 2.420173213521640554e-01 2.541988585018502556e-01 2.226890987265411903e-01 2.677217342500328723e-01 1.434137641988029732e-01 1.794396282064366632e-01 3.564509513990217135e-03 1.848305267950644051e-02
1.000000000000000000e+00 8.684796609184420646e+00 2.718559960317926683e-01 2.609173776310514392e-01 2.414979784943684094e-01 2.615440694138074229e-01 2.369938147078654578e-01 2.515342555407359404e-01 1.471778629498869395e-01 1.809248777088582616e-01 3.633965186224652304e-03 1.873272315459179743e-02
1.000000000000000000e+00 9.376084199108394301e+00 2.551918299207425744e-01 2.749582618701362779e-01 2.472565485586941947e-01 2.451321614164521101e-01 2.415622799735638038e-01 2.516059246552466711e-01 1.528213593118566416e-01 1.768026210967043599e-01 3.615683261835322699e-03 1.972760790698592850e-02
1.000000000000000000e+00 8.876925569601938903e+00 2.590105046638260244e-01 2.712667391400996331e-01 2.516093369871843510e-01 2.360440363243777873e-01 2.424113842962129783e-01 2.497042863241460964e-01 1.548615394273254453e-01 1.743245208717729700e-01 3.686748630941747307e-03 2.037454277174051073e-02
1.000000000000000000e+00 6.258887159288411439e+00 2.571096153805075835e-01 2.722171222164466164e-01 2.468614473843572521e-01 2.339144750482330115e-01 2.445633541660091337e-01 2.409585064694370060e-01 1.497067210557084249e-01 1.734954941825964103e-01 3.666537854395534885e-03 2.004894449131881806e-02
1.000000000000000000e+00 5.428170175046111545e+00 2.637475016658910598e-01 2.843802939363258009e-01 2.459999733244020159e-01 2.326628398450522606e-01 2.400639260313103818e-01 2.325428769025896236e-01 1.495680715446201792e-01 1.775531332796806416e-01 3.695761756900978190e-03 1.924661040634339723e-02
1.000000000000000000e+00 6.481013902115328129e+00 2.605537527204250248e-01 2.836214946391383829e-01 2.375107754931277959e-01 2.364118642731007636e-01 2.358317619270275389e-01 2.306457063946697195e-01 1.529386142872564969e-01 1.772761022294307709e-01 3.708126979320956751e-03 1.653597368438999848e-02
1.000000000000000000e+00 6.179105343963979813e+00 2.670265275186879950e-01 2.721652827941865582e-01 2.249304377112867070e-01 2.346614799743678148e-01 2.298781383800277967e-01 2.222328126383846247e-01 1.503384753090340198e-01 1.695891572588427987e-01 3.587173001336205810e-03 1.760969050192924545e-02
1.000000000000000000e+00 4.197908494348380870e+00 2.528749125462646519e-01 2.678442504968377991e-01 2.282518519646975219e-01 2.280681113467483978e-01 2.294424676568425914e-01 2.137992087796961316e-01 1.537544119277093613e-01 1.669318198001860099e-01 3.461352794921324083e-03 1.799128921742612630e-02
1.000000000000000000e+00 3.796103785396518049e+00 2.602837942929315251e-01 2.457687516153730378e-01 2.565482045380911846e-01 2.380229843828605418e-01 2.326769888886322801e-01 2.163629318704738680e-01 1.506281782618029419e-01 1.718012760649715032e-01 3.378663849973148788e-03 1.761513328579908041e-02
1.000000000000000000e+00 4.123778931964670491e+00 2.557530760664896707e-01 2.381666774573967804e-01 2.472468678317973068e-01 2.365989944544860668e-01 2.307805877470122669e-01 2.171704153800978199e-01 1.422549309167142617e-01 1.665204043552787061e-01 3.416606808321256700e-03 1.844218593247003157e-02
1.000000000000000000e+00 3.803395252698075879e+00 2.539987082464516543e-01 2.483685290846826266e-01 2.613816432438998971e-01 2.290929557421789442e-01 2.190877856613387131e-01 2.177435521530650953e-01 1.365950856729820917e-01 1.668008463977986022e-01 3.412672471811349379e-03 1.990338674346265463e-02
1.000000000000000000e+00 3.639637837376686669e+00 2.549095852131178508e-01 2.413662305147328269e-01 2.695112620397266401e-01 2.238759743513439315e-01 2.190681184899137546e-01 2.123567630803063488e-01 1.365314691939164826e-01 1.653094479383162008e-01 3.541212680311791022e-03 2.043670808500028940e-02
1.000000000000000000e+00 3.265511920178751915e+00 2.610354599385212859e-01 2.404360055752411962e-01 2.661747727818199460e-01 2.244231393599298852e-01 2.245535092870671878e-01 2.154033753009608754e-01 1.418530994923781208e-01 1.668324602199219853e-01 3.497688756099092723e-03 2.208136919531438272e-02
1.000000000000000000e+00 2.452275817301261096e+00 2.603282439064195097e-01 2.260776402731813906e-01 2.593973689200312349e-01 2.325170340545472392e-01 2.179641900967892454e-01 2.052160081533074276e-01 1.427385369445688945e-01 1.649644858720274998e-01 3.407999348824194020e-03 2.308036757552626994e-02
1.000000000000000000e+00 4.185994880499067428e+00 2.642271850254101495e-01 2.330536386582602038e-01 2.397593768718704055e-01 2.485939018090426167e-01 2.081913513667471294e-01 2.088340628953646305e-01 1.517195139897307421e-01 1.661115080262267618e-01 3.575624022956669021e-03 2.281577552781380996e-02
1.000000000000000000e+00 3.622788444590797408e+00 2.700741235760454328e-01 2.338970795651471035e-01 2.435254319459047023e-01 2.457774810960277334e-01 2.242727726042219594e-01 2.223812787373014022e-01 1.507211806336302973e-01 1.695352972404243486e-01 3.587494072394998949e-03 2.155715206163874229e-02
1.000000000000000000e+00 2.286798691705307363e+00 2.583875847268684578e-01 2.517513437670235166e-01 2.370559414036459978e-01 2.514774155470790862e-01 2.209788651354570033e-01 2.215401327456131553e-01 1.471191732493880577e-01 1.691176115383011824e-01 3.551965161274865668e-03 2.127959480314475793e-02
1.000000000000000000e+00 2.060885629680476949e+00 2.586574054394618627e-01 2.600305003243094659e-01 2.367725156128228092e-01 2.418550736611344842e-01 2.230632322976023318e-01 2.277026893523821094e-01 1.492949645117949975e-01 1.701586068456611700e-01 3.565353707459409469e-03 2.034830876080361006e-02
1.000000000000000000e+00 1.687716440868357370e+00 2.654343420535519305e-01 2.604278744991883054e-01 2.269457630584095220e-01 2.500467411513251914e-01 2.153408636570443568e-01 2.263335341058182182e-01 1.564755209232361888e-01 1.719840868714675175e-01 3.369471778359826430e-03 2.142040815562498354e-02
1.000000000000000000e+00 2.606692860287228353e+00 2.590312471383759974e-01 2.511879591130450895e-01 2.135164903494340405e-01 2.429911030801396032e-01 2.079974965027217571e-01 2.240993786841433133e-01 1.481600462891461134e-01 1.632696418673195704e-01 3.216119363585411700e-03 2.164171214168743654e-02
1.000000000000000000e+00 4.610565339494735682e+00 2.635178960007025784e-01 2.407050288236072810e-01 2.272894652065844123e-01 2.302466273948462205e-01 2.063609097260417913e-01 2.196540152058739093e-01 1.530984458364033352e-01 1.642511067285459259e-01 3.112474889375316071e-03 2.291108434356173632e-02
1.000000000000000000e+00 2.578529519418931493e+00 2.513790108604914142e-01 2.352445542070009388e-01 2.362069835017960306e-01 2.295730340118259105e-01 2.059090189851175701e-01 2.111805421054587517e-01 1.529758154250892288e-01 1.608344400974007216e-01 3.136157355627263842e-03 2.328122086874185800e-02
1.000000000000000000e+00 3.802940630330914118e+00 2.576726209540884938e-01 2.397433424375432776e-01 2.212323913176249823e-01 2.211398072564894624e-01 2.186459298988630562e-01 2.144624099764562697e-01 1.519085635306992033e-01 1.607138001976106401e-01 3.233315177480211577e-03 2.483985778563720104e-02
1.000000000000000000e+00 3.947179055907570344e+00 2.469247339730250845e-01 2.417565549000435521e-01 2.208785778282467416e-01 2.279619643718338029e-01 2.101455882785037699e-01 2.070515441021324454e-01 1.534143304760669790e-01 1.580714104199840153e-01 3.214824635538594214e-03 2.638473736684057019e-02
1.000000000000000000e+00 3.444295733569938456e+00 2.559336330662336789e-01 2.400501422833288545e-01 2.282504607078623959e-01 2.200634171728803601e-01 2.094958118605648734e-01 2.125616346938150880e-01 1.610206757830782154e-01 1.586580844071078245e-01 3.089656842639382402e-03 2.657838885158644165e-02
1.000000000000000000e+00 2.421838929281640240e+00 2.525579414861117700e-01 2.519820536361503938e-01 2.218323016095121725e-01 2.160932149173235561e-01 2.217193741379852034e-01 2.135173744457785072e-01 1.693452819787847063e-01 1.613887792950389199e-01 3.356765898842226179e-03 2.604417438098472967e-02
1.000000000000000000e+00 3.479799851587716653e+00 2.480147429311019280e-01 2.490052940547328453e-01 2.207806592833498061e-01 2.263247325298542167e-01 2.253381495062899420e-01 2.048032156215985611e-01 1.585477605722204753e-01 1.587348265120934465e-01 3.467435801434287472e-03 2.640097237016746437e-02
1.000000000000000000e+00 2.131595474967668657e+00 2.416917064903501555e-01 2.551576913086196496e-01 2.183083411400907337e-01 2.305277614842738410e-01 2.188471220536066797e-01 2.030393256984227013e-01 1.740466645435332360e-01 1.591565225635127867e-01 3.441201032141228116e-03 2.810883964104907845e-02
1.000000000000000000e+00 1.732157107078953207e+00 2.473119608285751225e-01 2.761794021684572109e-01 2.194521016862025775e-01 2.378430040795237732e-01 2.233446969082126532e-01 1.966309951928041921e-01 1.752704022333476941e-01 1.653227632360166899e-01 3.329002971515164500e-03 2.726219294586430114e-02
1.000000000000000000e+00 1.368912552048982212e+00 2.598271931875821283e-01 2.589142365941314861e-01 2.259678964118098377e-01 2.365265097132404903e-01 2.225668582922065430e-01 2.003852926891590558e-01 1.729357601537844236e-01 1.663111731557678774e-01 3.668087510243306371e-03 2.676533006862882522e-02
1.000000000000000000e+00 1.694998297014208344e+00 2.581955583607473126e-01 2.611043801737077397e-01 2.319284783622933832e-01 2.321499509962440533e-01 2.336540924904315364e-01 1.878112125706156432e-01 1.743272314461941364e-01 1.679286474817443808e-01 3.719699845267433660e-03 2.607010116012151851e-02
1.000000000000000000e+00 1.845939248240258568e+00 2.511411610827986030e-01 2.551856922749523027e-01 2.345068069248168463e-01 2.382724735043101061e-01 2.263245751812019979e-01 1.935359454068421026e-01 1.757466386337170894e-01 1.646887321149615724e-01 3.700995411461263391e-03 2.691340130934029989e-02
1.000000000000000000e+00 1.750159107698050054e+00 2.542144544525636873e-01 2.557523328613268698e-01 2.437189194965322658e-01 2.409413960688442657e-01 2.238944051291017479e-01 1.932994955188455655e-01 1.818687820862086857e-01 1.674615816922548905e-01 3.647663840014768889e-03 2.609413079744264674e-02
1.000000000000000000e+00 2.224990033853802007e+00 2.612608271220657197e-01 2.585863760863087446e-01 2.467417355717491656e-01 2.421124222956483052e-01 2.278974822622720775e-01 2.051719341917564998e-01 1.863464998573237663e-01 1.699308773636507564e-01 3.488565810846141861e-03 2.614071091522077520e-02
1.000000000000000000e+00 3.085555206433395981e+00 2.554864604823361973e-01 2.647270029223830479e-01 2.362009550355932963e-01 2.482777882250716273e-01 2.302890757595139892e-01 2.099890843019767417e-01 1.777463561557240945e-01 1.728241210207878409e-01 3.335479158633049539e-03 2.657399903080380141e-02
1.000000000000000000e+00 2.383703412144555500e+00 2.618500695332444672e-01 2.535625051032234234e-01 2.360252636358893819e-01 2.492497262021086957e-01 2.254193913036816876e-01 2.207943396485596010e-01 1.769764500981375888e-01 1.697475805706947782e-01 3.165848201446670729e-03 2.629345199747771741e-02
1.000000000000000000e+00 2.616251721796785112e+00 2.675261766030611055e-01 2.621486474469239547e-01 2.481339426592741315e-01 2.467007431819857322e-01 2.185373950206128124e-01 2.082690479832050023e-01 1.825299459770952648e-01 1.736807809123479818e-01 3.100716349747097058e-03 2.588498100958929252e-02
1.000000000000000000e+00 2.729886780641989752e+00 2.643700565613201769e-01 2.458146478872095531e-01 2.482315062540630668e-01 2.422317321649702371e-01 2.343686015109202603e-01 2.002118811711123270e-01 1.792239644791827347e-01 1.707417408550338245e-01 3.028996515814866893e-03 2.638325070763748378e-02
1.000000000000000000e+00 3.130388517116066804e+00 2.659022643160194321e-01 2.601757418256313015e-01 2.408106911250731119e-01 2.398982277909818828e-01 2.369377222304440145e-01 1.831789826306778890e-01 1.812299083538403133e-01 1.713747515832265700e-01 2.903401193279676017e-03 2.524314543917732453e-02
1.000000000000000000e+00 3.285677174976550319e+00 2.687825887336531272e-01 2.526638910640303104e-01 2.519808044170640526e-01 2.453048640978189032e-01 2.414169660876152868e-01 1.965441486196816134e-01 1.813739032334336088e-01 1.756254231026094792e-01 2.864220135430921906e-03 2.567591115676425353e-02
1.000000000000000000e+00 3.057264772094951510e+00 2.709323768743713834e-01 2.662212976132847797e-01 2.466032370023713838e-01 2.598493961176610578e-01 2.440189457415327112e-01 1.997723718423172201e-01 1.794782922488841470e-01 1.791699231946512483e-01 2.994395849788236696e-03 2.507487572398499689e-02
1.000000000000000000e+00 2.276938701594834580e+00 2.744786116664669762e-01 2.588823909706086113e-01 2.447764899725003995e-01 2.460248323975039453e-01 2.596652143919759292e-01 2.128665928454876732e-01 1.756964436314240596e-01 1.761956797536992914e-01 3.199358846391633232e-03 2.550748686525969311e-02
1.000000000000000000e+00 4.440950655815081305e+00 2.723762673955436586e-01 2.501932277360381374e-01 2.661456545941388585e-01 2.545124460585985737e-01 2.534447532698424488e-01 2.148613543274379978e-01 1.774744163842372491e-01 1.780074712459182862e-01 3.322027347390732899e-03 2.427099888919959092e-02
1.000000000000000000e+00 3.288620731425507593e+00 2.722371163960894402e-01 2.536366774204467656e-01 2.692882724520125892e-01 2.489848931197945758e-01 2.471746393540321385e-01 2.098913524312470413e-01 1.671542857607929145e-01 1.811150833939676741e-01 3.410441032182937905e-03 2.448218820232146015e-02
1.000000000000000000e+00 4.351061390627467773e+00 2.829641938264495504e-01 2.502917450675792299e-01 2.664749669977868329e-01 2.529449111662510630e-01 2.540383474885252735e-01 2.017286451426897331e-01 1.611904333925603949e-01 1.821535648174167910e-01 3.298710675271926754e-03 2.573923762958779671e-02
1.000000000000000000e+00 3.888152864363270123e+00 2.811343239954666728e-01 2.679536282657724033e-01 2.595416600371940885e-01 2.518910714100450754e-01 2.565062734153661372e-01 1.927131090046028949e-01 1.535801257293959998e-01 1.833941794501926237e-01 3.536643927970857613e-03 2.599347594999550787e-02
1.000000000000000000e+00 3.552888186005255911e+00 2.779434074122079656e-01 2.563370876748077842e-01 2.605828738425537416e-01 2.607989642256133833e-01 2.430465903982154674e-01 2.011395657220689803e-01 1.531525425567355769e-01 1.821945067094756232e-01 3.531152024252459058e-03 2.550277339249021682e-02
1.000000000000000000e+00 3.933673619195359628e+00 2.739801122186862892e-01 2.596367823109179684e-01 2.674826747133454141e-01 2.574391270288236000e-01 2.354346759120051757e-01 2.040582429172329570e-01 1.559159711107559743e-01 1.812121997193886502e-01 3.576554277331325457e-03 2.551194471096405320e-02
1.000000000000000000e+00 4.014705754312955399e+00 2.773475834332195245e-01 2.508330439586109462e-01 2.583368384457628286e-01 2.585494220124926468e-01 2.450983713158110255e-01 2.082998420070693579e-01 1.723301566286667696e-01 1.801816180371728915e-01 3.088619845770614047e-03 2.497791109494975487e-02
1.000000000000000000e+00 3.615336252574530729e+00 2.783820559784736526e-01 2.580263850696111194e-01 2.554889245336774972e-01 2.517294516329515175e-01 2.459186053083260159e-01 2.109732332660358145e-01 1.663083236640524876e-01 1.803562992548578270e-01 3.984646996431902809e-03 2.266155140670256946e-02
1.000000000000000000e+00 1.826871662084520453e+00 2.780582416880325036e-01 2.597986953155269618e-01 2.528111647733870537e-01 2.449315816578594429e-01 2.482714566181634108e-01 2.191554641283741944e-01 1.703407588997746525e-01 1.799213084285840314e-01 3.286506961298233959e-03 2.262205853275124634e-02
1.000000000000000000e+00 1.805318181772820996e+00 2.761841806667388322e-01 2.616058980477842799e-01 2.582218777087996187e-01 2.451897109886011783e-01 2.471338972839115800e-01 2.125751834738921764e-01 1.651902675448428948e-01 1.800994596541081461e-01 3.570911628354417073e-03 2.299881338631999672e-02
1.000000000000000000e+00 2.965516548696717880e+00 2.803099877946600982e-01 2.633998271654301448e-01 2.534063547657621207e-01 2.564077700557770845e-01 2.348735365117236573e-01 2.161495191708344976e-01 1.536453021268662789e-01 1.811883468658110619e-01 3.637177243425253597e-03 2.456326018197324199e-02
1.000000000000000000e+00 3.335321479683690971e+00 2.782101745745110821e-01 2.646408987930103374e-01 2.606006628844221851e-01 2.530219727151571951e-01 2.435744009402217580e-01 2.261955648553013731e-01 1.424760048242112442e-01 1.807084252187338980e-01 3.599657690242429216e-03 2.396249729621872937e-02
1.000000000000000000e+00 3.234806129429300459e+00 2.803702429610152591e-01 2.622812323090873976e-01 2.492322812566579726e-01 2.483113653166533485e-01 2.479391629073353920e-01 2.051745854216543430e-01 1.204945569736933508e-01 1.819199291608691316e-01 3.396406042331661865e-03 2.434054060595472815e-02
1.000000000000000000e+00 3.917455196738679923e+00 2.799814833561646843e-01 2.561748411012698678e-01 2.512476463114152181e-01 2.436895357019900066e-01 2.634167386840942093e-01 2.049462325733270585e-01 1.284931039609703007e-01 1.807347903085558816e-01 3.106611088203301875e-03 2.546767170161817403e-02
1.000000000000000000e+00 4.098402422528836908e+00 2.784657145479084717e-01 2.526766115010787295e-01 2.514040794604081031e-01 2.609493779974725314e-01 2.508356628966668667e-01 2.064437359788217352e-01 1.385845631538799860e-01 1.812911245919224812e-01 3.672812207715338978e-03 2.610159763783476833e-02
1.000000000000000000e+00 5.580902558743058073e+00 2.831764899568895433e-01 2.499821129003363951e-01 2.445120885807369748e-01 2.614319795795640999e-01 2.534888407456777348e-01 2.137617297654361148e-01 1.356536456327898099e-01 1.811301768433079551e-01 3.194130590499168545e-03 2.280878523224354540e-02
1.000000000000000000e+00 7.725655952339502086e+00 2.880457194403882593e-01 2.522172653740404891e-01 2.492440976547551923e-01 2.599962738979395560e-01 2.485140935430395215e-01 2.102849129992508115e-01 1.414449057953419964e-01 1.814282749507368508e-01 4.201347105807163619e-03 2.245715303007792679e-02
1.000000000000000000e+00 6.267512991844709447e+00 2.858104408307452493e-01 2.427183305965250060e-01 2.535028574102498045e-01 2.573480273036547472e-01 2.498181758979429457e-01 2.223363957596205531e-01 1.272868304454508603e-01 1.808304514631578208e-01 3.898644352414521765e-03 2.441566631679678925e-02
1.000000000000000000e+00 6.203737003467550082e+00 2.874878540370456315e-01 2.507477214612570671e-01 2.545451452958880645e-01 2.577653232576494480e-01 2.447338372577616272e-01 2.275818469954868639e-01 1.339255237594571546e-01 1.809735587536774326e-01 4.072615959309601290e-03 2.216562972682293089e-02
1.000000000000000000e+00 5.784433578280271604e+00 2.835976830218974176e-01 2.514513275932304670e-01 2.518197783289405356e-01 2.503767911877702312e-01 2.506328853335775264e-01 2.401405146965755466e-01 1.455001687689070899e-01 1.800760507573963554e-01 3.503709442374664494e-03 2.339379687595416479e-02
1.000000000000000000e+00 5.152078987710176250e+00 2.871052179944221794e-01 2.460924061251093531e-01 2.573042465733085815e-01 2.530083661872408185e-01 2.411657640343383424e-01 2.293059324953352907e-01 1.356892837557849563e-01 1.805526177111175523e-01 3.727544241073263952e-03 2.420655296520776364e-02
1.000000000000000000e+00 4.292119994482530565e+00 2.733773745487109719e-01 2.516057703977465643e-01 2.630483340997021857e-01 2.505057923080475923e-01 2.429701868996521907e-01 2.403473098681818965e-01 1.613876168593888216e-01 1.793610335443797110e-01 3.260889150402053547e-03 2.368879567447062032e-02
1.000000000000000000e+00 5.986844240152374930e+00 2.833741898077601906e-01 2.511619518448062749e-01 2.602022488146590873e-01 2.662036981062076979e-01 2.309857174399743418e-01 2.276128843961805759e-01 1.691368200257228616e-01 1.804487493314852475e-01 3.903012657906085054e-03 2.268247192985656940e-02
1.000000000000000000e+00 4.710735333039464123e+00 2.835097554518379304e-01 2.533915026443818719e-01 2.610616858700711140e-01 2.534165948164475157e-01 2.428902160725928405e-01 2.283619053005953858e-01 1.570058389637650487e-01 1.805122614233017619e-01 3.885632176964427028e-03 2.265349031633841909e-02
1.000000000000000000e+00 4.825595511768764112e+00 2.806623115338331975e-01 2.501487757635755260e-01 2.568136851319149927e-01 2.511894289206433317e-01 2.290259644077325130e-01 2.475544835183747794e-01 1.827688345620163690e-01 1.794971766152743398e-01 2.999359117631180890e-03 2.330782752473083488e-02
1.000000000000000000e+00 4.238547385310044824e+00 2.757058301760206276e-01 2.509552548263806471e-01 2.551907574952429480e-01 2.476520341426586835e-01 2.416470315970752070e-01 2.388741879686117897e-01 1.614108330282647830e-01 1.798328219033552278e-01 3.452874869493039508e-03 2.574317647309896581e-02
1.000000000000000000e+00 4.454236124631909099e+00 2.748516475350110122e-01 2.591394604980286065e-01 2.627813713552049069e-01 2.567833458195149521e-01 2.374635274625742920e-01 2.189121418577114897e-01 1.492504571221223986e-01 1.813162860094438833e-01 4.011630633369177822e-03 2.424871607602619925e-02
1.000000000000000000e+00 5.382228164298293649e+00 2.744597949653208580e-01 2.659504601891027886e-01 2.672721892088195661e-01 2.576522471090081368e-01 2.425159853058257431e-01 1.954635107079365219e-01 1.463975256451503781e-01 1.824039710853929130e-01 2.938668727401927069e-03 2.199812587119762131e-02
1.000000000000000000e+00 6.945686438163405363e+00 2.705878086900714297e-01 2.741224542954859844e-01 2.705192068662610194e-01 2.569170001184526431e-01 2.347540939551101546e-01 1.939749029921199741e-01 1.625734790907329141e-01 1.829394355921016291e-01 3.758454731750138396e-03 2.212796373618000634e-02
1.000000000000000000e+00 8.965007634055005781e+00 2.743496221843980676e-01 2.671160085658043082e-01 2.679649718054582519e-01 2.523822740999537295e-01 2.354146095822347295e-01 1.992740655143379058e-01 1.569490199034128675e-01 1.825110998755401781e-01 4.249814144012327433e-03 2.330273230858149330e-02
1.000000000000000000e+00 5.684111264006655340e+00 2.787813595323419547e-01 2.681157415651950204e-01 2.623051376210502883e-01 2.490586988043614336e-01 2.567928959342373196e-01 1.818176835858277551e-01 1.574835976532256154e-01 1.824275983954920799e-01 2.749099712655063074e-03 2.354621165352398932e-02
1.000000000000000000e+00 5.422032704168834094e+00 2.809862785377351679e-01 2.693977898251587733e-01 2.551663537674515037e-01 2.672898033858741029e-01 2.428941221339427359e-01 1.775775767626011914e-01 1.837115495833114287e-01 1.829646821847906446e-01 3.256940964605823004e-03 2.196753839938522454e-02
1.000000000000000000e+00 7.298298655993114004e+00 2.701070217781499361e-01 2.601413403727187990e-01 2.577684987083578294e-01 2.621985043097382340e-01 2.516128861659529536e-01 1.782544216803793602e-01 1.964478519617142982e-01 1.817621461917832137e-01 3.620623081334086932e-03 2.295806056658240835e-02
1.000000000000000000e+00 6.600265061950764789e+00 2.793334292637332794e-01 2.540888887263580420e-01 2.574596247778588309e-01 2.630813732197602728e-01 2.434157759508008834e-01 1.812989222190338479e-01 2.197126715898379268e-01 1.814756304707957069e-01 3.561668758925614665e-03 2.327183566526064284e-02
1.000000000000000000e+00 8.140868152394219237e+00 2.819778984428839008e-01 2.489962978014176875e-01 2.525487978406227851e-01 2.505185193779663200e-01 2.598031270874031073e-01 1.887007512636084683e-01 2.006852501160371061e-01 1.807832871005096986e-01 2.997358947581478441e-03 2.268296751976330017e-02
1.000000000000000000e+00 9.822526792480816837e+00 2.851672279152860368e-01 2.430855324252331751e-01 2.554105752640964400e-01 2.446973582121539370e-01 2.660733938670554188e-01 1.776509245204997978e-01 1.777010371311738002e-01 1.812426005146573760e-01 3.010915351452515386e-03 2.300483242232972958e-02
1.000000000000000000e+00 8.546010168131587648e+00 2.765398718881379447e-01 2.528303987139909892e-01 2.638511160921699350e-01 2.465582445072828643e-01 2.913130637689845259e-01 1.959658703924554990e-01 1.507878540581059357e-01 1.812797855807097847e-01 3.702447233014464698e-03 2.034883857576033628e-02
1.000000000000000000e+00 7.744560148979955372e+00 2.746529047249318123e-01 2.519539083742712293e-01 2.717410543579744098e-01 2.459776068060805787e-01 2.726385299146453223e-01 1.925831413599289332e-01 1.501396946273374222e-01 1.814316298007407624e-01 3.701969903229332740e-03 2.000283859176634968e-02
1.000000000000000000e+00 7.530531673197430109e+00 2.693717914763454901e-01 2.458577534155614308e-01 2.682254404386356650e-01 2.477396177446581083e-01 2.776432326650847271e-01 2.095560040907181176e-01 1.565772725605426019e-01 1.806831254422181510e-01 2.999096900275523975e-03 2.270681995189913899e-02
1.000000000000000000e+00 7.837628911923315123e+00 2.814611846698104047e-01 2.519806335669201869e-01 2.660057202796962117e-01 2.356487285180302593e-01 2.723829496032755815e-01 1.888932704242740623e-01 1.662707723037255003e-01 1.819258989481237487e-01 4.038406983897097069e-03 2.281885422198229665e-02
1.000000000000000000e+00 8.766631326793181245e+00 2.830365633602188180e-01 2.471373121112300786e-01 2.651067986293653700e-01 2.285424677786989933e-01 2.807860705975754323e-01 1.973666943356908732e-01 1.757882391620067819e-01 1.811377305262813764e-01 3.426899078301779734e-03 2.326709439508386004e-02
1.000000000000000000e+00 8.861873411004864920e+00 2.807512812692989912e-01 2.615367670052956006e-01 2.695156026688017570e-01 2.391133074577137252e-01 2.654710050483231054e-01 1.846757034956164334e-01 1.692853094064149799e-01 1.828599644991598383e-01 4.414872510362444387e-03 2.340864771638030695e-02
1.000000000000000000e+00 1.149043495833219097e+01 2.857624063114754809e-01 2.600344371442421809e-01 2.634953004625764095e-01 2.383715279594390557e-01 2.538723413482081859e-01 1.827075997598220369e-01 1.774516983443294171e-01 1.829302938845443205e-01 2.659918622209089638e-03 2.325415727831537868e-02
1.000000000000000000e+00 1.124033843065807758e+01 2.915691048340814939e-01 2.571677414255003069e-01 2.573183538197894582e-01 2.477093208724404638e-01 2.517749717154389444e-01 1.961561711573191757e-01 1.999947937855035829e-01 1.826893540753994905e-01 3.847467479803109817e-03 2.198427370055507091e-02
1.000000000000000000e+00 1.110245957510416304e+01 2.860107254779787334e-01 2.482608204215594749e-01 2.504430726104890370e-01 2.557070548406858435e-01 2.589121481657225554e-01 2.111780105528817397e-01 1.973643362579374505e-01 1.827526749382585580e-01 2.414450230613209361e-03 2.232055938077438101e-02
1.000000000000000000e+00 8.907670785398941860e+00 2.903755434991623363e-01 2.456451563013610506e-01 2.449869494116431456e-01 2.627999018372213502e-01 2.566858261685429632e-01 2.181741923931818650e-01 2.060476815577175769e-01 1.826694113360857186e-01 3.360262500352576356e-03 2.209907145404456374e-02
1.000000000000000000e+00 7.398011817651008570e+00 2.895448237247552625e-01 2.485704102742476440e-01 2.523923507192251114e-01 2.714968348347343019e-01 2.522206367727324872e-01 2.233958404435656409e-01 1.973871889971570148e-01 1.832545545370066198e-01 3.650104973249788422e-03 2.158201511053737393e-02
1.000000000000000000e+00 8.413674289043495236e+00 2.862561228489453047e-01 2.548502736525746215e-01 2.495489755863981862e-01 2.869745906481414033e-01 2.283453180960083595e-01 2.102417308913273608e-01 1.908046858685536196e-01 1.848658641640162359e-01 3.506073088056669770e-03 2.209168919024995931e-02
1.000000000000000000e+00 9.894850187538786201e+00 2.862490159774053189e-01 2.554030015703531165e-01 2.462937600962591678e-01 2.750781556205972866e-01 2.608073435357676217e-01 2.206685701739863614e-01 1.886341274061793805e-01 1.836916711322077178e-01 3.804645877261146267e-03 2.257254451175069038e-02
1.000000000000000000e+00 8.383858170462321624e+00 2.862830892644136482e-01 2.498632398770248564e-01 2.460547447622225270e-01 2.714284196870822008e-01 2.470766563549156580e-01 1.984455367236009904e-01 2.010086894754026243e-01 1.837281861277921813e-01 3.250833935630574600e-03 2.056072686368660973e-02
1.000000000000000000e+00 7.964627289665275001e+00 2.852283280336274651e-01 2.506984960140294927e-01 2.516281693029648325e-01 2.680046756799386865e-01 2.590376964223342071e-01 2.043499762339784365e-01 1.909712808596889799e-01 1.834245869304460264e-01 3.803788875842562759e-03 2.286112346371508772e-02
1.000000000000000000e+00 1.414667812381532741e+01 2.937812781534144269e-01 2.485288847245565036e-01 2.400668583957623614e-01 2.713537080606687191e-01 2.517069111817168414e-01 1.956404246434561289e-01 1.823296438133366337e-01 1.845365264654922344e-01 2.994335662623210954e-03 2.349544398624493075e-02
1.000000000000000000e+00 9.539819908193637232e+00 2.868338647539960817e-01 2.536550479816106485e-01 2.469412647839566433e-01 2.715303840958892545e-01 2.480320579738919395e-01 2.170761618466284515e-01 2.083370097566345502e-01 1.834138539135752866e-01 2.858638102419961118e-03 2.292588503930260979e-02
1.000000000000000000e+00 9.105385600128247603e+00 2.930220650363709600e-01 2.518556480629499661e-01 2.468945700340223204e-01 2.624109720959140746e-01 2.467052016835159234e-01 2.138558328665018660e-01 2.054817108695228545e-01 1.831828398872018815e-01 3.760762457450459416e-03 2.380493900917417596e-02
1.000000000000000000e+00 1.065423169064774100e+01 2.940392699458453940e-01 2.462634638214432070e-01 2.486196469707447620e-01 2.439788607851739455e-01 2.507917739939477531e-01 2.344919319755755793e-01 2.192063031527660688e-01 1.814603211829831919e-01 3.327173625893585767e-03 2.497600468058753381e-02
1.000000000000000000e+00 1.001997207306590099e+01 2.869840254124534362e-01 2.483040340926801204e-01 2.553974143314936551e-01 2.331620385859806133e-01 2.610940696290287577e-01 2.414531613019181844e-01 2.324131463331532421e-01 1.810815335754048516e-01 3.783531899356394178e-03 2.673661148046252781e-02
1.000000000000000000e+00 6.519439277590189263e+00 2.889705914376484719e-01 2.469883313027625982e-01 2.555673588901957727e-01 2.478645004096734494e-01 2.571672358949449455e-01 2.247554165719392039e-01 2.181659060707051567e-01 1.825728599037360622e-01 3.457995358379080918e-03 2.466780137472982318e-02
1.000000000000000000e+00 5.852679091647308596e+00 2.874227908812731491e-01 2.564694341030988589e-01 2.627729880225178616e-01 2.433176410786634658e-01 2.574817625741804838e-01 2.185437532669194383e-01 2.105191945427610234e-01 1.831297203999256162e-01 3.407390603274678201e-03 2.506497185138566175e-02
1.000000000000000000e+00 5.710295355221228775e+00 2.765103089877605225e-01 2.726787089748324844e-01 2.798748329203756269e-01 2.375072344587469686e-01 2.677200775057499982e-01 2.143167895858064942e-01 2.026851101004964462e-01 1.837198140853637807e-01 4.121345874454016359e-03 2.430206838993121538e-02
1.000000000000000000e+00 5.533769764184384599e+00 2.797119227493237159e-01 2.690148870978205653e-01 2.761989070270022273e-01 2.350804585883951858e-01 2.620107051376989737e-01 2.281164866278725389e-01 2.255588017280524826e-01 1.832499671669815533e-01 3.021372170333281801e-03 2.443929562444774675e-02
1.000000000000000000e+00 5.358078341530093880e+00 2.813631402328214404e-01 2.635368409229775222e-01 2.706979318130475209e-01 2.407409316142184175e-01 2.535317600620655143e-01 2.281861119844893204e-01 2.525387166937763661e-01 1.829525471933566849e-01 4.219565752568535041e-03 2.495616258408388591e-02
1.000000000000000000e+00 5.481964187636231500e+00 2.764102893575979270e-01 2.748120427380549846e-01 2.701585999347486666e-01 2.501015410774179437e-01 2.318034978206219288e-01 2.355380445132043976e-01 2.572256515751500938e-01 1.841371732667370364e-01 4.062633184015549716e-03 2.421270202873155447e-02
1.000000000000000000e+00 6.793657162122024751e+00 2.716815506310904516e-01 2.734312613181538731e-01 2.714669576645856175e-01 2.523667375679097269e-01 2.257245756972265927e-01 2.300087907199850346e-01 2.791204550159946396e-01 1.839448266806096022e-01 3.054357644280791644e-03 2.262850488389375053e-02
1.000000000000000000e+00 6.281275230645495533e+00 2.773188589137476345e-01 2.684329144859501914e-01 2.682314811338002425e-01 2.506012871840953005e-01 2.425143837817940740e-01 2.478981898899661751e-01 3.090362508900759697e-01 1.819595934016535466e-01 4.185147221498085671e-03 2.283981586693804508e-02
1.000000000000000000e+00 6.175987429006395857e+00 2.806978146352945847e-01 2.628367198229303314e-01 2.637041190127151769e-01 2.557236672947640899e-01 2.269136754813525503e-01 2.372973472198562639e-01 3.091404958048841189e-01 1.824072737657877197e-01 3.293942101942642919e-03 2.280543837795597981e-02
1.000000000000000000e+00 5.759215159306649845e+00 2.775868111570062857e-01 2.683244558858118856e-01 2.686918333564496941e-01 2.316105672799865789e-01 2.463500231440375055e-01 2.310454045670642664e-01 3.084771444818449337e-01 1.812703200185297736e-01 2.839096062294216381e-03 2.424932540032265563e-02
1.000000000000000000e+00 6.387815162239262712e+00 2.778089184798411826e-01 2.682558527102351098e-01 2.620385528462937375e-01 2.379156330374052608e-01 2.348439598097803727e-01 2.304563214155547768e-01 3.268692904197191829e-01 1.812442323247592801e-01 2.872487474179526764e-03 2.509471828881097363e-02
1.000000000000000000e+00 5.678316667678346086e+00 2.750851432200485669e-01 2.707462676092997622e-01 2.671747524572090082e-01 2.527149494638794569e-01 2.371770929140969986e-01 2.328314983401230664e-01 3.453063159763486989e-01 1.816132280002771826e-01 4.307136891963199085e-03 2.482798752292393607e-02
1.000000000000000000e+00 5.189009705662554595e+00 2.694788592224613422e-01 2.624658950170372096e-01 2.712909235390891793e-01 2.559612150662479713e-01 2.303128591861275942e-01 2.448338613462292812e-01 3.600280441239207541e-01 1.808690904566824520e-01 4.006310703907407095e-03 2.466575569537930723e-02
1.000000000000000000e+00 8.254964822828782189e+00 2.820342879614948228e-01 2.506346200065919239e-01 2.607758383613512643e-01 2.445625241719620591e-01 2.378712846473173270e-01 2.515125206760524534e-01 3.839423965119722060e-01 1.795573993406076319e-01 4.296033304360409588e-03 2.497423371688274954e-02
1.000000000000000000e+00 7.900355261234744297e+00 2.734453266674848337e-01 2.507817170631622683e-01 2.604128716860482085e-01 2.475205790670452488e-01 2.401758501205724650e-01 2.421841264366024760e-01 3.990368981189573172e-01 1.794279661729786535e-01 4.154267410971522120e-03 2.554712506214065759e-02
1.000000000000000000e+00 7.368560826029347588e+00 2.720791398879006673e-01 2.560214610695345505e-01 2.592620600932181163e-01 2.603585088675097192e-01 2.481925826216561659e-01 2.273897459514843122e-01 4.049831317791935947e-01 1.800946142281373841e-01 3.175611002918461538e-03 2.444103638930669731e-02
1.000000000000000000e+00 6.101264816377997668e+00 2.779941255611561024e-01 2.574801086716280163e-01 2.553191825668948423e-01 2.610818226011009657e-01 2.531712906706868882e-01 2.267975298293128106e-01 3.870186285905782841e-01 1.804652237191863851e-01 3.926345347542156000e-03 2.399220082591379047e-02
1.000000000000000000e+00 4.152499104826874898e+00 2.792703080482568101e-01 2.522729029319799587e-01 2.562102743908635794e-01 2.654145532342617186e-01 2.412768393815722390e-01 2.111014298556238011e-01 3.846498569820494540e-01 1.809878156016052064e-01 3.762529357619259860e-03 2.345754889073911262e-02
1.000000000000000000e+00 4.927737959801445911e+00 2.796036682160695230e-01 2.598690833618391705e-01 2.652928278483884239e-01 2.604558209150155124e-01 2.343671837272763847e-01 1.944888472110561095e-01 3.584828570379791080e-01 1.824927432232112123e-01 3.510094179820794601e-03 2.155999174709347446e-02
1.000000000000000000e+00 3.470981228310736189e+00 2.711450279122342710e-01 2.666182613977083893e-01 2.630957701699329632e-01 2.560239989332023791e-01 2.539493194685861210e-01 2.146129699994701046e-01 3.829669068714334212e-01 1.814300570006207869e-01 3.249400291390143296e-03 2.199350610574983197e-02
1.000000000000000000e+00 4.915736226043458501e+00 2.727186524634523379e-01 2.663767191578179649e-01 2.635441717783719717e-01 2.566433035876871105e-01 2.611595547163712561e-01 2.077203611987097909e-01 3.795359010565552138e-01 1.816402224384734976e-01 3.295493505965026854e-03 2.343859743773175908e-02
1.000000000000000000e+00 4.785397511602202947e+00 2.727931235749485039e-01 2.781138027917646749e-01 2.612889996581375662e-01 2.612759082968261204e-01 2.423827502835868841e-01 1.967325160023694341e-01 3.723573745610428420e-01 1.827879175575375659e-01 3.017043336217067277e-03 2.363701174702065311e-02
1.000000000000000000e+00 6.232619984676167846e+00 2.775399837051708007e-01 2.723611425788657892e-01 2.599410492425558439e-01 2.562686021619620669e-01 2.419944141364362145e-01 1.948165375638598873e-01 3.785353017755128113e-01 1.823995251794080230e-01 2.909352273462539103e-03 2.199013787621996799e-02
1.000000000000000000e+00 7.946957672983943510e+00 2.741949621558746886e-01 2.731273605644958802e-01 2.671281398442479915e-01 2.480681224657704242e-01 2.625520308613903953e-01 2.109977202503458549e-01 3.708230276874469600e-01 1.815279888865376501e-01 3.304959374094795614e-03 2.140237629583337242e-02
1.000000000000000000e+00 6.546755217504333757e+00 2.754475713484675348e-01 2.632240223664670253e-01 2.629958976760978784e-01 2.452599351823502027e-01 2.553437859814282618e-01 2.275294259855632495e-01 3.917513163258791176e-01 1.800515786233603255e-01 4.488656610978769904e-03 1.981709323082540830e-02
1.000000000000000000e+00 3.333391946067282952e+00 2.782261034066018102e-01 2.607302816671903112e-01 2.577363464570687768e-01 2.374618463350428865e-01 2.614527470127037678e-01 2.309322890281489404e-01 3.916300923993000782e-01 1.799596280919137647e-01 3.736995115131023538e-03 1.913511218145801107e-02
1.000000000000000000e+00 4.278630466002383059e+00 2.695173165332767629e-01 2.682265374532580848e-01 2.690498150533231492e-01 2.366844113496056334e-01 2.596978448027146280e-01 2.289981210585623206e-01 4.085043432067806402e-01 1.793440461699183641e-01 3.869060292000302097e-03 1.829600608427739070e-02
1.000000000000000000e+00 2.875220704550929263e+00 2.703831024266521443e-01 2.618201171664686355e-01 2.659842008226278032e-01 2.434216619032784912e-01 2.536583722236473437e-01 2.231780073173059153e-01 4.200252499597859623e-01 1.794207252870188007e-01 3.844646999331529161e-03 1.918024566602649292e-02
1.000000000000000000e+00 5.177006518981009719e+00 2.770823454816790377e-01 2.713405210427901615e-01 2.621373018489475126e-01 2.394352397090258322e-01 2.504151207445360350e-01 2.163983314767586874e-01 4.288015780752793549e-01 1.797235419008584301e-01 2.980175818688891691e-03 2.057766135984064743e-02
1.000000000000000000e+00 2.699453058920127546e+00 2.705271469482780633e-01 2.744139688110218134e-01 2.582201902914532665e-01 2.418516103388652361e-01 2.520072063872024204e-01 2.211651538247008664e-01 4.392783178472733363e-01 1.793753133873247918e-01 3.126677962442262620e-03 2.024423574500437695e-02
1.000000000000000000e+00 4.388088839534514563e+00 2.668083786496781018e-01 2.795753231293779950e-01 2.588843040571365273e-01 2.571652259418789055e-01 2.405369182533809713e-01 2.258906840549451678e-01 4.214073136228318472e-01 1.808103781368584073e-01 4.033548923040352133e-03 2.021071831414432418e-02
1.000000000000000000e+00 6.321273127394056779e+00 2.703354138273902363e-01 2.812086777621417011e-01 2.590606350168251359e-01 2.509182240136058062e-01 2.397270956184221202e-01 2.449774719459999472e-01 4.275609886785136649e-01 1.803716329833492116e-01 3.546905622204252900e-03 2.147242791278401383e-02
1.000000000000000000e+00 6.688570560463445780e+00 2.640102323167672349e-01 2.780021062116442843e-01 2.645851668339139762e-01 2.395023607178554670e-01 2.370479693642077446e-01 2.523452078824211520e-01 4.283295846283832753e-01 1.796517201730360447e-01 3.984543277987476900e-03 2.050321604280531604e-02
