1.000000000000000000e+00 8.383424266134203151e+01 2.501674320729219692e-01 2.075303949038252715e-01 2.317034327256740078e-01 2.029954922231602399e-01 2.103593867877548151e-01 2.078106294202188287e-01 4.464446807109145321e-01 1.489657046155545006e-01 3.862464544397190003e-03 2.112287950082587448e-02
1.000000000000000000e+00 5.897437480522413722e+01 2.603200422299541406e-01 2.466848366465268505e-01 2.110389339794197516e-01 2.330654495983198182e-01 2.337334841157792109e-01 1.980038155154318358e-01 1.577970501150177951e-01 1.704837952824640457e-01 3.208742057795503731e-03 2.505105725083532978e-02
1.000000000000000000e+00 3.193718097228925856e+01 2.578277865385517620e-01 2.470412802999588930e-01 2.051990678551541825e-01 2.523299900786939443e-01 2.324842979232112083e-01 2.054086833791146649e-01 1.584098138411675072e-01 1.691293893681760918e-01 2.945946581789166824e-03 2.566382498518630234e-02
1.000000000000000000e+00 7.442169179675444113e+00 2.623418422393085647e-01 2.494597209975481511e-01 1.975654248606373564e-01 2.546507107943503656e-01 2.251466022948488133e-01 2.048436954749341676e-01 1.515013174421107334e-01 1.656684390553774533e-01 2.728491490913620941e-03 2.650387895054279533e-02
1.000000000000000000e+00 9.978401954647916128e+00 2.662512731995609339e-01 2.519981983235159428e-01 2.076965648704448830e-01 2.529448377248404989e-01 2.200689869885515682e-01 2.034798196236178858e-01 1.504497525574298999e-01 1.684074395379891176e-01 2.765587373567121154e-03 2.705862621341890983e-02
1.000000000000000000e+00 9.927734735871732497e+00 2.648771430871290633e-01 2.455732777432257097e-01 2.102050810252710233e-01 2.490083433814691272e-01 2.210214929032387476e-01 1.950551898428079522e-01 1.513283868276495137e-01 1.645272682322556357e-01 2.747571095633350498e-03 2.582314027427729322e-02
1.000000000000000000e+00 1.012303604190454109e+01 2.592364233110588390e-01 2.471202369201067894e-01 1.988418282848769536e-01 2.466758286345959450e-01 2.223637248745119754e-01 2.025534384540322586e-01 1.431931388797463567e-01 1.600654831387410548e-01 2.918506018353674882e-03 2.671588685306259744e-02
1.000000000000000000e+00 6.104027584629226233e+00 2.558229793778853955e-01 2.520343714520971723e-01 1.953961778064081389e-01 2.462427281870513407e-01 2.358175577411636692e-01 1.980410300908838350e-01 1.420963510970222055e-01 1.627390050893503526e-01 2.895790735675857121e-03 2.688948427172983477e-02
1.000000000000000000e+00 3.452553953070711668e+00 2.418025258399547905e-01 2.654881445219172131e-01 2.027285532961386472e-01 2.456481517101870571e-01 2.224050381209620730e-01 1.897004427764762136e-01 1.473533833056910880e-01 1.600311470794739954e-01 3.140780324696484244e-03 2.779392757820283930e-02
1.000000000000000000e+00 7.135723191420861866e+00 2.411882134184634152e-01 2.692172825900487898e-01 1.938480041347120930e-01 2.393861916782426547e-01 2.324018822016661046e-01 1.904186586211216725e-01 1.608516532426477186e-01 1.598797257778160064e-01 3.167544402387059439e-03 2.735260754240185360e-02
1.000000000000000000e+00 8.538861192505505571e+00 2.360651540026202644e-01 2.630913423015036612e-01 1.863008007513398678e-01 2.375750989875429209e-01 2.198060623838934691e-01 1.930262899792395959e-01 1.617256493512076454e-01 1.558739372052591055e-01 3.220751182547521799e-03 2.719291380108708814e-02
1.000000000000000000e+00 4.916814460893064620e+00 2.409510090710312302e-01 2.701770235643850548e-01 1.937620146344082861e-01 2.426853004837364325e-01 2.127942756415918679e-01 1.845491259886343216e-01 1.730319188596983748e-01 1.573764971371559296e-01 3.116971912348090370e-03 2.730919165156446560e-02
1.000000000000000000e+00 6.515255276172269738e+00 2.398053814563786135e-01 2.629014706185762162e-01 1.961540986568419964e-01 2.312317617875185027e-01 2.038322957097472854e-01 1.751567229063273057e-01 1.681921648393114588e-01 1.544441943384947391e-01 2.941626549538024597e-03 2.806209174165916198e-02
1.000000000000000000e+00 2.774066341536161495e+00 2.378356556763020213e-01 2.580204475601290404e-01 2.039098262721736610e-01 2.344082156441357756e-01 2.060552316245894411e-01 1.904756656410815929e-01 1.667938961415606214e-01 1.559318301393863293e-01 2.973108011948773482e-03 2.736730463444596653e-02
1.000000000000000000e+00 1.640186304332583500e+00 2.448112610436448122e-01 2.513642200065929755e-01 2.215000249064457138e-01 2.348101189901633246e-01 2.174020967134598359e-01 2.007742854222446804e-01 1.726842524558850067e-01 1.611617259904670196e-01 3.165951563074561985e-03 2.684500292517285475e-02
1.000000000000000000e+00 2.791518243604932170e+00 2.631985413477376801e-01 2.491615688876371859e-01 2.383228393680184021e-01 2.428384226686292058e-01 2.233563544418243896e-01 1.998506698004265114e-01 1.663886053546439203e-01 1.687634002616699991e-01 2.988787689754179681e-03 2.702306442413563575e-02
1.000000000000000000e+00 3.436846937370921840e+00 2.576704740723504417e-01 2.499769065457558836e-01 2.432885201649883922e-01 2.374053973975286946e-01 2.262777109346973403e-01 1.975639487124532800e-01 1.586537150763895621e-01 1.654510314843684049e-01 3.385830497028526672e-03 2.716492355716914817e-02
1.000000000000000000e+00 4.884243387962799332e+00 2.591029514934535261e-01 2.352887604482118422e-01 2.282633196065555481e-01 2.409664496407122325e-01 2.316177189385079382e-01 2.060404044860963957e-01 1.535578003469098285e-01 1.639613321800402201e-01 3.328551538552028833e-03 2.693257060588794341e-02
1.000000000000000000e+00 5.320147219352102219e+00 2.594638681665104585e-01 2.354533042284408795e-01 2.464600336947616044e-01 2.212976402063250303e-01 2.384556502364240382e-01 2.144589192536807687e-01 1.531146683415154919e-01 1.646457737298496760e-01 3.322795426892853014e-03 2.684660135843051215e-02
1.000000000000000000e+00 4.946605972112369187e+00 2.707283065509493714e-01 2.557338914007706299e-01 2.466333263180460755e-01 2.291728937544993960e-01 2.335958032938426354e-01 2.110078393078637926e-01 1.590602592316307240e-01 1.708255734074064780e-01 3.571960470104397576e-03 2.711952928455782161e-02
1.000000000000000000e+00 4.231149481695231529e+00 2.505973042085192781e-01 2.665813156605854606e-01 2.542105664360765349e-01 2.325457066169788478e-01 2.356805204291955447e-01 2.071339071957267186e-01 1.597482650459237652e-01 1.698655819837009140e-01 3.739262374542020803e-03 2.600952239917978664e-02
1.000000000000000000e+00 4.816308074588705246e+00 2.608924989623880308e-01 2.550630937041998281e-01 2.403391622902209535e-01 2.218680091264506882e-01 2.471689508861644735e-01 2.025450246199926307e-01 1.548866305145044087e-01 1.668814673174372487e-01 3.903216525317783347e-03 2.479100439659854410e-02
1.000000000000000000e+00 3.766507909964583511e+00 2.515194281753735384e-01 2.565344378282758409e-01 2.322057559283897121e-01 2.341579120501797451e-01 2.376938495370121140e-01 2.173932748696340289e-01 1.578840163626269721e-01 1.649999782665659553e-01 3.981123371348303276e-03 2.368026860278862888e-02
1.000000000000000000e+00 4.154081243263848755e+00 2.586756950135556954e-01 2.764253955968324350e-01 2.225863464363337652e-01 2.360679099255908742e-01 2.415612863227207252e-01 2.078569964969605999e-01 1.478132025088692569e-01 1.682895799096855438e-01 4.159396160997940774e-03 2.314941605001562958e-02
1.000000000000000000e+00 4.639079873981473590e+00 2.490955428952081607e-01 2.834022952122588479e-01 2.163563107128705365e-01 2.322405104431421174e-01 2.269075555462625182e-01 2.074980744894834583e-01 1.345982230096376131e-01 1.644060669229542027e-01 4.128342831590956809e-03 2.416953186041653767e-02
1.000000000000000000e+00 3.624907837675854338e+00 2.502910200492554083e-01 2.656384840612518450e-01 2.349650722007319281e-01 2.390274065884152588e-01 2.274626804033400562e-01 2.158675073555642865e-01 1.253622089590391842e-01 1.675371636197454106e-01 3.976714827862027311e-03 2.290296749024647166e-02
1.000000000000000000e+00 2.793918088294229385e+00 2.528447065720278997e-01 2.610183501558367980e-01 2.387575965459674265e-01 2.411677790179973246e-01 2.240045688938705759e-01 2.111891285863067014e-01 1.200300961906319852e-01 1.670640351242347610e-01 4.047912743891993875e-03 2.479127860697934171e-02
1.000000000000000000e+00 1.977740220773179791e+00 2.595306283957050653e-01 2.494030117030059113e-01 2.428042307208878592e-01 2.365210525229348715e-01 2.238530847453187866e-01 2.166212043250090868e-01 1.255252118762053004e-01 1.679127040285770256e-01 3.928535509444709001e-03 2.611934120519269348e-02
1.000000000000000000e+00 3.012737979155754697e+00 2.622295014194838680e-01 2.455295756031925791e-01 2.334264797966549010e-01 2.274918283514215656e-01 2.359811899290068515e-01 2.076377914955126747e-01 1.200909696345844047e-01 1.658784197289664142e-01 3.655363878288861359e-03 2.495328633743661498e-02
1.000000000000000000e+00 4.788404811456339338e+00 2.675912546915111268e-01 2.472890826183286872e-01 2.367375699404768996e-01 2.342094487519657819e-01 2.363823034274686874e-01 1.992675865160761228e-01 1.182875083345032441e-01 1.697619084207127593e-01 3.843596025974913531e-03 2.630390554583163926e-02
1.000000000000000000e+00 4.565242119358432049e+00 2.441719649733894160e-01 2.576298144729016193e-01 2.376762953264748290e-01 2.304129460259042861e-01 2.402202029580193521e-01 2.009243783135724049e-01 1.092483733092161347e-01 1.652522371568040105e-01 3.727059358015331805e-03 2.673730751975449821e-02
1.000000000000000000e+00 2.227314534090313547e+00 2.588114541233694776e-01 2.564316367672608288e-01 2.405953985143019502e-01 2.398033881195149597e-01 2.349276112263416205e-01 2.034235572377402212e-01 1.103111434950673070e-01 1.704280665775142756e-01 3.757159829008165433e-03 2.593959164994198013e-02
1.000000000000000000e+00 2.653750371155959353e+00 2.612469101051492215e-01 2.592597439924789748e-01 2.429043447537452549e-01 2.334323760536779480e-01 2.269764608437407627e-01 1.998818320884658273e-01 1.084268883807452816e-01 1.692489645384998020e-01 3.928385952190527330e-03 2.596477743932914389e-02
1.000000000000000000e+00 1.797499733127309263e+00 2.554226107987062622e-01 2.572601798940806761e-01 2.369576066887009724e-01 2.289906295506855816e-01 2.304437337271838249e-01 1.949107283744899721e-01 1.089694515728768520e-01 1.653441246729995817e-01 3.812366716216206326e-03 2.543140494681118968e-02
1.000000000000000000e+00 1.369602590902225359e+00 2.554680534580365814e-01 2.559015637608176297e-01 2.472085538500947977e-01 2.330316640924880167e-01 2.199729116283029862e-01 1.940428387493834117e-01 1.188845789159040239e-01 1.668614344229953639e-01 3.478283461448468394e-03 2.581958065273124228e-02
1.000000000000000000e+00 2.310729402992530712e+00 2.612480985107607512e-01 2.591240071982003346e-01 2.431484781744385759e-01 2.384769871786437956e-01 2.264178898972129539e-01 1.842010339289748833e-01 1.314429262782992325e-01 1.704351111818110387e-01 3.230066731674221397e-03 2.628874023585146824e-02
1.000000000000000000e+00 2.423067763049233214e+00 2.648438031745801724e-01 2.680653822266997888e-01 2.456336460574455871e-01 2.453491173477432286e-01 2.303574893753749242e-01 1.912848084469572496e-01 1.202099966184116825e-01 1.744573508551782448e-01 3.203909425879928122e-03 2.685167690179524405e-02
1.000000000000000000e+00 2.955477832679694217e+00 2.545411966170035289e-01 2.560254729421888586e-01 2.426414122602567891e-01 2.308274512333623463e-01 2.399102935084308219e-01 1.871544555214627314e-01 1.233703277489907185e-01 1.664882249480474086e-01 3.071882616230679937e-03 2.706141209987874413e-02
1.000000000000000000e+00 3.308955310153422591e+00 2.638965480924945206e-01 2.431166650666119755e-01 2.351730170544920062e-01 2.285639201674697363e-01 2.385580637323883590e-01 1.926113561609292257e-01 1.216760722319275012e-01 1.653594278255816619e-01 3.093079045808856588e-03 2.786775646167623938e-02
1.000000000000000000e+00 2.254940531173081908e+00 2.504538924106913811e-01 2.630165377924115755e-01 2.322278563443740118e-01 2.291312586243057781e-01 2.400512002958997970e-01 1.948079156034046855e-01 1.332120712890985104e-01 1.669445871322251529e-01 3.049851627080372128e-03 2.631509140856383780e-02
1.000000000000000000e+00 5.810721358875410303e+00 2.462313093615262904e-01 2.587148984427304899e-01 2.361312473084797026e-01 2.296729233897386868e-01 2.212254404348263370e-01 1.881621244001499826e-01 1.349922142252180657e-01 1.612950653282511915e-01 2.681886205783659723e-03 2.684162464657026403e-02
1.000000000000000000e+00 3.776466321636748447e+00 2.466594392630051813e-01 2.525437435816053067e-01 2.330274508705967029e-01 2.298078250871090633e-01 2.211245577754258063e-01 1.914423334861932724e-01 1.407166387434163612e-01 1.613868512644687503e-01 2.606031442179186034e-03 2.641275195574387460e-02
1.000000000000000000e+00 9.169225030793890951e+00 2.520292010955796913e-01 2.345175996114458317e-01 2.299820019262039383e-01 2.227340023798397017e-01 2.248886737548513592e-01 1.923065613541086460e-01 1.394000932335415499e-01 1.610204964803660099e-01 2.598898489049487198e-03 2.629334491215198910e-02
1.000000000000000000e+00 9.129111200358956069e+00 2.597301332912826943e-01 2.493204014844860872e-01 2.272562999181280130e-01 2.194728740370308628e-01 2.195031200292273388e-01 2.004356069884329905e-01 1.307715101821034231e-01 1.631046568030957711e-01 2.705274639929716122e-03 2.497513645300391064e-02
1.000000000000000000e+00 1.082936974547462405e+01 2.513511312599413516e-01 2.486883022912017294e-01 2.500265083938422173e-01 2.180745971009700190e-01 2.067076357490760796e-01 2.028711295004854698e-01 1.364626025156603362e-01 1.653742828583086577e-01 2.822401954188553681e-03 2.441709672666488376e-02
1.000000000000000000e+00 5.515981275568205611e+00 2.550801261832012501e-01 2.297430323207651781e-01 2.504384751671009379e-01 2.161479005669855458e-01 2.098824646022165452e-01 1.975371159387087905e-01 1.447329484875113093e-01 1.618166060357660030e-01 2.862202344088570459e-03 2.351072607979369858e-02
1.000000000000000000e+00 1.059102757490379076e+01 2.529708413739534256e-01 2.091599331441681142e-01 2.510315650521121045e-01 2.095212511554898349e-01 2.151715495860334060e-01 1.928208790071603285e-01 1.478488476072481184e-01 1.567539149231138018e-01 2.915195670822806791e-03 2.331415103201982600e-02
1.000000000000000000e+00 8.554646931287670952e+00 2.505512962795161669e-01 2.203256914879457573e-01 2.501456139958737057e-01 2.092153884942750952e-01 2.056113914606449711e-01 1.812599013569273221e-01 1.496916824658773570e-01 1.564785584471485025e-01 3.042103719945825173e-03 2.351636601099591981e-02
1.000000000000000000e+00 8.038619103559275558e+00 2.550089212734601984e-01 2.248861190025258916e-01 2.504608830400198438e-01 2.153326870493366407e-01 2.052647255634875711e-01 1.860145317497919337e-01 1.484594541439005211e-01 1.577959840288926108e-01 3.063083878601114036e-03 2.244052241821219151e-02
1.000000000000000000e+00 5.996856897194888347e+00 2.488998733050487300e-01 2.295135907832004662e-01 2.550095852328458368e-01 2.152623365980889658e-01 2.164018993909491984e-01 1.692510981844184137e-01 1.531664189321070291e-01 1.591898355631246875e-01 3.127856069454885025e-03 2.451320928800011442e-02
1.000000000000000000e+00 7.557627543605830667e+00 2.412176782500307648e-01 2.395718726438646751e-01 2.544312324081916543e-01 2.207768419259367176e-01 2.172224570534318500e-01 1.834569754235064187e-01 1.545729850371830028e-01 1.610091753044832208e-01 3.269301030359381306e-03 2.536541996311979588e-02
1.000000000000000000e+00 7.471446266137543368e+00 2.410032485531179436e-01 2.412134790633446990e-01 2.438076205825365772e-01 2.064763961174173601e-01 2.218104015019940478e-01 1.901737210306783943e-01 1.574973944716855090e-01 1.579048954328957644e-01 3.564225737115679984e-03 2.580993316071727647e-02
1.000000000000000000e+00 7.638735682252584702e+00 2.441780262262674972e-01 2.269136664717504304e-01 2.522806221012803274e-01 2.077729443554876820e-01 1.982264917803434612e-01 1.849118982053737648e-01 1.508386023158253542e-01 1.539623516425568384e-01 3.504783723295434427e-03 2.717883048714215752e-02
1.000000000000000000e+00 4.967604253504071643e+00 2.445330972841069095e-01 2.143106726076892954e-01 2.454686473560569182e-01 2.239056429391002023e-01 1.954016822295938371e-01 1.812707989281770460e-01 1.416665843174979289e-01 1.516271068862019566e-01 3.543211802949625729e-03 2.735031982418457963e-02
1.000000000000000000e+00 5.467736715587960816e+00 2.301618604667630408e-01 2.152468128265813130e-01 2.162504340224600252e-01 2.144486991804503973e-01 1.949627287861556146e-01 1.927780249936699719e-01 1.458671316960362951e-01 1.439023010090990373e-01 3.704147312308741016e-03 2.938472647416185204e-02
1.000000000000000000e+00 5.729406328586305719e+00 2.258376223511610603e-01 2.183658409426260383e-01 2.206020893355991885e-01 1.996008524568572973e-01 1.868022073159890106e-01 2.065564525958537845e-01 1.499723423494999652e-01 1.402355635661702016e-01 3.325056674485580947e-03 2.892737095210910075e-02
1.000000000000000000e+00 6.759511779722989999e+00 2.297280675435177666e-01 2.208479868783392586e-01 2.110563059534869834e-01 1.884218630649352189e-01 1.856403173657253936e-01 1.963867400686947762e-01 1.457465148361273277e-01 1.379823759401053729e-01 3.566320191032780300e-03 2.975791615478555474e-02
1.000000000000000000e+00 9.190281303575098093e+00 2.299724959591358808e-01 2.134727425104876730e-01 2.060195297714339790e-01 1.826112688245727089e-01 1.963393245240869500e-01 1.944732853111411364e-01 1.427035072818118311e-01 1.354666973342817937e-01 3.669117700353841278e-03 2.806199395578417438e-02
1.000000000000000000e+00 8.520834891037353032e+00 2.337088170378205931e-01 2.260074244099156693e-01 2.249777659366300753e-01 1.879024903698632010e-01 1.882969231937196841e-01 1.893152579422390513e-01 1.537082213060507463e-01 1.418928020399789491e-01 3.501918061838218705e-03 2.615836603280580208e-02
1.000000000000000000e+00 3.871966515918982665e+00 2.380256406704178984e-01 2.236841104840115446e-01 2.196859187642297984e-01 2.033818988230952363e-01 1.957680880674346202e-01 1.944032683316274379e-01 1.484377167854196711e-01 1.441587674936888053e-01 3.810462470192718665e-03 2.737532178553820847e-02
1.000000000000000000e+00 4.940315722803269693e+00 2.359399544438152141e-01 2.228767438908308973e-01 2.198626974557391089e-01 2.074533508806664095e-01 2.027481788104796290e-01 1.983505357682262271e-01 1.463679495993910618e-01 1.471165683224194554e-01 3.752551517879026792e-03 2.832958035588842988e-02
1.000000000000000000e+00 4.831318483079368065e+00 2.367190714524044504e-01 2.297160612735709984e-01 2.168073654183637344e-01 2.018464674619212806e-01 1.978462256101911343e-01 2.048375471619589827e-01 1.541791883703727550e-01 1.463200536488921677e-01 3.825303344664880353e-03 2.785168523167958973e-02
1.000000000000000000e+00 5.470241228397823008e+00 2.342774778454772000e-01 2.282973162812233225e-01 2.217117832795812149e-01 1.959825474201379869e-01 2.006068638515216829e-01 1.976262957711687751e-01 1.450689774616875372e-01 1.434578866812497577e-01 3.862720264272527515e-03 2.747601844845482671e-02
1.000000000000000000e+00 5.312061881031159061e+00 2.352219654306450247e-01 2.406605099061370212e-01 2.256014959140246467e-01 2.082426409869826966e-01 1.979982812018303562e-01 2.081777281566369320e-01 1.437354009744563621e-01 1.499306750030789392e-01 3.873275731510414984e-03 2.911771582376077028e-02
1.000000000000000000e+00 6.235676293999457442e+00 2.199902823733179413e-01 2.469296794556016528e-01 2.176799539327304300e-01 2.023484008898691344e-01 1.947975587872778358e-01 2.016438327737012370e-01 1.445397509687672277e-01 1.463446106169678518e-01 3.819486668608831903e-03 2.838589991222842737e-02
1.000000000000000000e+00 8.106867665982877114e+00 2.286028822201974231e-01 2.322537702103886492e-01 2.140679933249925171e-01 2.052952417728288181e-01 1.956816725944979241e-01 2.064604157247562077e-01 1.439421849565381828e-01 1.430140735974536892e-01 3.793116225565702857e-03 2.901543134263602150e-02
1.000000000000000000e+00 5.078044322724176496e+00 2.305436345267335707e-01 2.276143297503664120e-01 2.270262825432984577e-01 2.050203583160559451e-01 2.028760417588520160e-01 2.014086339467086595e-01 1.503669862451604833e-01 1.467697594108200165e-01 3.822428171647874410e-03 2.895269204562000986e-02
1.000000000000000000e+00 3.619259098275708020e+00 2.342830326076143777e-01 2.106266847227852845e-01 2.321000801542921765e-01 2.099432492406251571e-01 1.967414176916823243e-01 1.828887137365101945e-01 1.446876439663152547e-01 1.438281937997112347e-01 3.811640818945201403e-03 2.899877700197937488e-02
1.000000000000000000e+00 4.060020815668224259e+00 2.333373950336262437e-01 2.228410366563057798e-01 2.269746799604265286e-01 2.071761891028185143e-01 1.949703662515918923e-01 1.864999545654657254e-01 1.533689488608490081e-01 1.442587398916771180e-01 3.759523468380247639e-03 3.034332820456888888e-02
1.000000000000000000e+00 2.393212485843076553e+00 2.322020688334893168e-01 2.186485183434183632e-01 2.133933252748873854e-01 2.065635262927040527e-01 2.076281222926428527e-01 1.780056213227204642e-01 1.466695674843098152e-01 1.427427726260064034e-01 3.668965048961247543e-03 2.982831457943541445e-02
1.000000000000000000e+00 2.614227126312671068e+00 2.286187873044020491e-01 2.264556483136656861e-01 2.124646990869233365e-01 2.143760950559616962e-01 1.954783671219354202e-01 1.867832731718900297e-01 1.391910790606139536e-01 1.435292481767528328e-01 3.611851089619580110e-03 2.869455320054549799e-02
1.000000000000000000e+00 3.929472262714779340e+00 2.305071373564154813e-01 2.324996074512971911e-01 2.171127646614018913e-01 2.208592242778668335e-01 1.856985601235591754e-01 1.998831846953224856e-01 1.384092025609806043e-01 1.447569978614869357e-01 3.616419243976826646e-03 2.915804615832053720e-02
1.000000000000000000e+00 2.687137451844677560e+00 2.373246532957441479e-01 2.256732503663591016e-01 2.187391658404439221e-01 2.163049209953566698e-01 1.915462258702812226e-01 2.034495937571701718e-01 1.472901057255778245e-01 1.488311005599999015e-01 3.642717951958015198e-03 2.893846934654282360e-02
1.000000000000000000e+00 4.433701086787285917e+00 2.431751985966130181e-01 2.298570918221150006e-01 2.049229805824279438e-01 2.207403818979813137e-01 1.885823870894612342e-01 1.996106623647226075e-01 1.583810302217170951e-01 1.504697384240751001e-01 3.446780663495116470e-03 2.964142218874506185e-02
1.000000000000000000e+00 2.590059895044460880e+00 2.394890924000534216e-01 2.299598712711502513e-01 2.030966381116328934e-01 2.173749144129444866e-01 1.878846265119747394e-01 2.049033837977373707e-01 1.450651402720733452e-01 1.485636016525696268e-01 3.468211888444476098e-03 3.004170390806903262e-02
1.000000000000000000e+00 2.386414343321668241e+00 2.332928735049296376e-01 2.440515740642443532e-01 2.057142758162568141e-01 2.214872946707266144e-01 1.848109893126244629e-01 2.010358846156166668e-01 1.472144110171564324e-01 1.482996388832570345e-01 3.336912035801727072e-03 2.863708429914398404e-02
1.000000000000000000e+00 1.763527879778974627e+00 2.415033066489642166e-01 2.394993319972525125e-01 2.117717477234442591e-01 2.242570054840172245e-01 1.959435182968154998e-01 1.951681916816919715e-01 1.540237628264315151e-01 1.509511681936427374e-01 3.406523955742175782e-03 2.778156261520179499e-02
1.000000000000000000e+00 1.797715750765317866e+00 2.411340067915554719e-01 2.447087915236484668e-01 2.168960010390046655e-01 2.170010150022670670e-01 2.019368519279162721e-01 2.076464499883210468e-01 1.413849753819477195e-01 1.542566151213696501e-01 3.286589814628399810e-03 2.949306592860926127e-02
1.000000000000000000e+00 2.527002208658192917e+00 2.439271928614318019e-01 2.414548921251559455e-01 2.230588988754024782e-01 2.218950944096792222e-01 2.125954226821868687e-01 2.053795715416299461e-01 1.518577256291017696e-01 1.545549681920190821e-01 3.296809882082405319e-03 2.945369556054446697e-02
1.000000000000000000e+00 2.683523202495380122e+00 2.545417049592704761e-01 2.359432600050958562e-01 2.333806515082039457e-01 2.251165052033107794e-01 2.119368339512615329e-01 1.915230394397583191e-01 1.510016954025063529e-01 1.589656907573399891e-01 3.352976756125503055e-03 2.883344266478829812e-02
1.000000000000000000e+00 6.537657232291833154e+00 2.359313741858231894e-01 2.528159869526175885e-01 2.194387957661363409e-01 2.115194112560567496e-01 2.096674356644551152e-01 2.032440148493458998e-01 1.495253289052164702e-01 1.515017395597239303e-01 3.484462172814943581e-03 2.940344464584129791e-02
1.000000000000000000e+00 7.171797117850663206e+00 2.366449061612083682e-01 2.437728804508623448e-01 2.074747929138947844e-01 2.100497364740574469e-01 1.832510344951516212e-01 2.100249940473956356e-01 1.449352824877769008e-01 1.480844482204532464e-01 3.502615395550457127e-03 3.046961864298068298e-02
1.000000000000000000e+00 6.804377277158003778e+00 2.420026173540800463e-01 2.473519413565994918e-01 2.144471020459343125e-01 2.030490501628829103e-01 2.061233777396572764e-01 2.127363828455536565e-01 1.535636297660118166e-01 1.505968648130324716e-01 3.505225595547721649e-03 3.128122330717644090e-02
1.000000000000000000e+00 6.292383813181858798e+00 2.430050753401081232e-01 2.546499144876658849e-01 2.117331132402876515e-01 2.183418527237720452e-01 2.031654763301248834e-01 2.140666961944994451e-01 1.554136989872906272e-01 1.526950108558842445e-01 3.839069102394597217e-03 3.192205860982248039e-02
1.000000000000000000e+00 6.810957420036140242e+00 2.477244966307314833e-01 2.515622227474718642e-01 2.015409159424892960e-01 2.201282211345839679e-01 1.920265474664459848e-01 2.086612432703864317e-01 1.497258161674617227e-01 1.516475023992194804e-01 3.724534588223298026e-03 3.061029847549722599e-02
1.000000000000000000e+00 6.078010946681493998e+00 2.302113464035623336e-01 2.573217178509942804e-01 2.072938505858695490e-01 2.247793216287207740e-01 2.049201032993114013e-01 2.045015646896614081e-01 1.456306102623913523e-01 1.506178155075023062e-01 3.551317271599615643e-03 3.087250239217166278e-02
1.000000000000000000e+00 6.273414235177363629e+00 2.302876443261531458e-01 2.529012253333102755e-01 2.081912957577636558e-01 2.226835960800355174e-01 2.127620085232141689e-01 1.918185418880360427e-01 1.333206964666890371e-01 1.532695805453310189e-01 3.585756780008403626e-03 3.175573206247359059e-02
1.000000000000000000e+00 4.227485119608082265e+00 2.424725677628805642e-01 2.518453139611387392e-01 2.008130034116706042e-01 2.172455990199860798e-01 2.125915020532183342e-01 1.868236709081166624e-01 1.232140309004877282e-01 1.520804289266126652e-01 3.455299470505381401e-03 3.091643888986162977e-02
1.000000000000000000e+00 4.251826359061460892e+00 2.384977605619178764e-01 2.481252977446342378e-01 2.012440165308021778e-01 2.302802686881785799e-01 1.965268709734431518e-01 1.800415722499486282e-01 1.355463015404464178e-01 1.519431599616351547e-01 3.369003751548542338e-03 3.066869189877262369e-02
1.000000000000000000e+00 2.745193703630035564e+00 2.370705164131838294e-01 2.375061919373735453e-01 2.016900575839021548e-01 2.246526409633600729e-01 2.040030611582283326e-01 1.794398755696148540e-01 1.459185839214544589e-01 1.488770188689418350e-01 3.330473641936565997e-03 3.016771186330798396e-02
1.000000000000000000e+00 3.063129847324971067e+00 2.346461738368915695e-01 2.457200388838175487e-01 2.000046114825296262e-01 2.201963189023382617e-01 2.009960655169955590e-01 1.770400387216447824e-01 1.458904666995947674e-01 1.475279498055502014e-01 3.293051457182088158e-03 2.906333311958697249e-02
1.000000000000000000e+00 3.375095367410673841e+00 2.343785830103294332e-01 2.353564021029041220e-01 1.970904289115780750e-01 2.215005319343285595e-01 2.082283958541474855e-01 1.538439589481347680e-01 1.484373028755292534e-01 1.475627230295074865e-01 3.218086608108588868e-03 2.961542188343745108e-02
1.000000000000000000e+00 3.235315390812723457e+00 2.373451622940964956e-01 2.318318103453266554e-01 1.952032399482619973e-01 2.199689426603363140e-01 2.022218184954334419e-01 1.841863608664013330e-01 1.463943946286172249e-01 1.477521144026919808e-01 2.963244703400326127e-03 3.169710864347194401e-02
1.000000000000000000e+00 5.774447732949756329e+00 2.418004985366430659e-01 2.221389709680023083e-01 2.105182484725775238e-01 2.109237522418735411e-01 2.120337963317303065e-01 1.707546326006051662e-01 1.314751386410368816e-01 1.479971847349637326e-01 2.940646904430955361e-03 3.140559825698600177e-02
1.000000000000000000e+00 5.643407609462230745e+00 2.439880513888557922e-01 2.227308784716041656e-01 2.250808937585559166e-01 2.202021607048187390e-01 2.080100774016036269e-01 1.648748693736475646e-01 1.212827677834856649e-01 1.502140701902413555e-01 2.947651483167806463e-03 3.063026278090926965e-02
1.000000000000000000e+00 3.689583127861318701e+00 2.419695630754282456e-01 2.334762309948771042e-01 2.128771157575687356e-01 2.186182644102178385e-01 2.095832623319620613e-01 1.687092875473583387e-01 1.289292326062328187e-01 1.494130449171624520e-01 2.972391458917761440e-03 3.210380870304834627e-02
1.000000000000000000e+00 4.747481198720041817e+00 2.429096334350561992e-01 2.254219170160909336e-01 2.181727096657616327e-01 2.137318544726917735e-01 2.099037392746593289e-01 1.715396234881328696e-01 1.181736790959675432e-01 1.507469678279977077e-01 2.960577351149305640e-03 2.997176537028744397e-02
1.000000000000000000e+00 3.123266693115469117e+00 2.444761992227099667e-01 2.374375719881833269e-01 2.165780283072016865e-01 2.283480830119968552e-01 2.111388819978196885e-01 1.781924275733691443e-01 1.207649379866078815e-01 1.533947211078935391e-01 3.064835609108479929e-03 3.034379646797347521e-02
1.000000000000000000e+00 2.645696960616586768e+00 2.366060628768933694e-01 2.452929153856286959e-01 2.122647718594310173e-01 2.247188365339641836e-01 2.107225604839697841e-01 1.679726655358704523e-01 1.301955031354647963e-01 1.538754225268768594e-01 3.134287675446219279e-03 3.032692578349732368e-02
1.000000000000000000e+00 2.934798755217983945e+00 2.293984920695687213e-01 2.549280024218656959e-01 2.072951148116875808e-01 2.192045316605443217e-01 2.051633520267590882e-01 1.710162249803036383e-01 1.243639707060956584e-01 1.501377389934636652e-01 3.276338780616459227e-03 2.815043712842326545e-02
1.000000000000000000e+00 2.679033032787133006e+00 2.302232922361246714e-01 2.549505438678930647e-01 1.984039111096992936e-01 2.164614589386586740e-01 2.106061561516282821e-01 1.854254784989327609e-01 1.363949527257301564e-01 1.495013860056865207e-01 3.216475392428283335e-03 2.604876057469085807e-02
1.000000000000000000e+00 3.067644349085655087e+00 2.280362489101202816e-01 2.665257853610697447e-01 2.000095490387137076e-01 2.256750631666889495e-01 2.078285197243456284e-01 1.779748232017789311e-01 1.323904360834132210e-01 1.517712745001239816e-01 3.455412022635509072e-03 2.754071089820168267e-02
1.000000000000000000e+00 4.269601034437243925e+00 2.326989340956117369e-01 2.656132421635299945e-01 1.939032840030258387e-01 2.306410427194545976e-01 2.138274935670434473e-01 1.844313814477397673e-01 1.400070933606321344e-01 1.510451698082068139e-01 3.425366794511728544e-03 2.602703113321681513e-02
1.000000000000000000e+00 5.758095275634163457e+00 2.303557510516424656e-01 2.820565003683068173e-01 1.982513598769926055e-01 2.403287196673856985e-01 2.104517998115810751e-01 1.937327704741731993e-01 1.405993283928362036e-01 1.579535574695258016e-01 3.532337423206755641e-03 2.710403492198474457e-02
1.000000000000000000e+00 5.623793536028911966e+00 2.288726516457726401e-01 2.706078374464303549e-01 1.939786582728890707e-01 2.255981238696155855e-01 2.234018535730110944e-01 1.794640115698146743e-01 1.346126428943436037e-01 1.571595067227563036e-01 3.377208789903116907e-03 2.558333437362160165e-02
1.000000000000000000e+00 3.907412664081074016e+00 2.400058562819730734e-01 2.650313690386066900e-01 2.008225985316993145e-01 2.337101651876420938e-01 2.182965852666660933e-01 1.854003036812348904e-01 1.448863079327298853e-01 1.570665184430741490e-01 3.683125209932410198e-03 2.452265797768089783e-02
1.000000000000000000e+00 7.276401078967339231e+00 2.368898000520739400e-01 2.600933776792838659e-01 2.020897972567369527e-01 2.312141718894188125e-01 2.282400676278358298e-01 1.926100667198321625e-01 1.712878084132746503e-01 1.559957417696777315e-01 3.118072872311092661e-03 2.465511970057888969e-02
1.000000000000000000e+00 7.800515125389703819e+00 2.505012054391922982e-01 2.551692190086062295e-01 2.032078475831370634e-01 2.269922830795060853e-01 2.231852143687145795e-01 2.014236764224996423e-01 1.968963855251552320e-01 1.553099382958926244e-01 3.662976252958661909e-03 2.471659457318845302e-02
1.000000000000000000e+00 6.802214304665290534e+00 2.554471144011713490e-01 2.547995330634706401e-01 1.989855560640995669e-01 2.296388504093808680e-01 2.104378363748455605e-01 1.933671147703700521e-01 2.073012751836985357e-01 1.556408742382971444e-01 3.604494002776591211e-03 2.545154363245692372e-02
1.000000000000000000e+00 8.587215193367230270e+00 2.511283132948178287e-01 2.525154184160819937e-01 1.988898418229860243e-01 2.337194804879814125e-01 2.087277159742445265e-01 1.926264052475915312e-01 2.010266843210394838e-01 1.556994106462559480e-01 3.692142881915870881e-03 2.485176651703403794e-02
1.000000000000000000e+00 7.857580061737170496e+00 2.545841770222632139e-01 2.565792839996466346e-01 2.056146042223904458e-01 2.312034622277349682e-01 2.050028416103059081e-01 1.957387725558559499e-01 1.828173810434212954e-01 1.563792005766308779e-01 3.331672411481029737e-03 2.616232271916341459e-02
1.000000000000000000e+00 6.340318148315494007e+00 2.476519650650231552e-01 2.500571055850402402e-01 2.005984044509108999e-01 2.322461913288183799e-01 2.068544803056912573e-01 1.942541703452947688e-01 2.181113229370232887e-01 1.549018594301091734e-01 3.610544382639586936e-03 2.701460256655064188e-02
1.000000000000000000e+00 5.213330042045104307e+00 2.510180015108661733e-01 2.398390020581513682e-01 2.086483077057120494e-01 2.376072983150026019e-01 1.952022063757951620e-01 1.919891092864670634e-01 2.263133394294958578e-01 1.541600384372134036e-01 3.136871215898527632e-03 2.497514482149933504e-02
1.000000000000000000e+00 3.520740806482012264e+00 2.498840921765941303e-01 2.311117011297197099e-01 2.109086877444695807e-01 2.254236232074113555e-01 2.124939620825337383e-01 1.924546324384623641e-01 2.182780282195295463e-01 1.534583984530973055e-01 3.037706609524644993e-03 2.266575580474904442e-02
1.000000000000000000e+00 4.863755747949364050e+00 2.448222368726848119e-01 2.358756245744464963e-01 2.189189455524413186e-01 2.192911979409279677e-01 2.230225296705362070e-01 1.867505605353925735e-01 2.086255168144031669e-01 1.536430721937540322e-01 3.163876508341872430e-03 2.169412857913800841e-02
1.000000000000000000e+00 5.229593589851178059e+00 2.527699137311594235e-01 2.292324420108427241e-01 2.214921823079645802e-01 2.291535827090896427e-01 2.172589291057986927e-01 1.748387186312110042e-01 2.025367213209649797e-01 1.544408989041223534e-01 4.180481361345399563e-03 2.407458889129423726e-02
1.000000000000000000e+00 7.180643010272027560e+00 2.454615149269459562e-01 2.389751681680673534e-01 2.239192812017661849e-01 2.279372933313838501e-01 2.316952586543563342e-01 1.690636396675496700e-01 1.888640806413097450e-01 1.545176906611012702e-01 3.742246366966751111e-03 2.404099717128820382e-02
1.000000000000000000e+00 6.413276405236267408e+00 2.517269594305348024e-01 2.275311810352984299e-01 2.241381290375446256e-01 2.194189719835118457e-01 2.178218868073566461e-01 1.464491708001500192e-01 2.060053564018735350e-01 1.545575213644700407e-01 3.434315326292246544e-03 2.307709480668143631e-02
1.000000000000000000e+00 3.767358525807869896e+00 2.511510121068153967e-01 2.275833919060289423e-01 2.205941499510295778e-01 2.164944767323665753e-01 2.236791948515500783e-01 1.694849221151771279e-01 2.048560840808650862e-01 1.536522281542906376e-01 3.046974307874510644e-03 2.485296996919909157e-02
1.000000000000000000e+00 3.498539914963043618e+00 2.496352432985592118e-01 2.240851623058377762e-01 2.207505831000224350e-01 2.337543190278491001e-01 2.110981190641227079e-01 1.709824255206718047e-01 2.149475432737747715e-01 1.542085624376572373e-01 3.613175427386547747e-03 2.548689590541568586e-02
1.000000000000000000e+00 4.855465866524760976e+00 2.543460187075403112e-01 2.213906637050954418e-01 2.138585922203513068e-01 2.342369206099406409e-01 2.137512969131335760e-01 1.783004193072861843e-01 2.120166257526845954e-01 1.540476146890427112e-01 3.253767370827959776e-03 2.219408349982446294e-02
1.000000000000000000e+00 7.011738672214328005e+00 2.547921003312815791e-01 2.249651266099785274e-01 2.141124327193954791e-01 2.297234023844093309e-01 2.297608884710889421e-01 1.660258344612491610e-01 2.105403075451194317e-01 1.540396634666262865e-01 3.520911501935835176e-03 2.197196952105824955e-02
1.000000000000000000e+00 8.752547449376713473e+00 2.554663672813530795e-01 2.258706713758514562e-01 2.220725361150829302e-01 2.247889574660457690e-01 2.195243284857681942e-01 1.903316775826081053e-01 2.276552487189919538e-01 1.531878231857656814e-01 4.182926914825765494e-03 2.391619080071256606e-02
1.000000000000000000e+00 8.062323341951499245e+00 2.531503302263598543e-01 2.215867622537848747e-01 2.246207070146028217e-01 1.940947371657918974e-01 2.381617117854558929e-01 1.863847086525547425e-01 2.254583071779337200e-01 1.520869565130606449e-01 3.593794625002980775e-03 2.446055510268790173e-02
1.000000000000000000e+00 4.038272564856351110e+00 2.497512461823212515e-01 2.260715885115810730e-01 2.325192019267085242e-01 2.056735431452505480e-01 2.234883031720785729e-01 1.706925460398340810e-01 2.050711675904526021e-01 1.536024771919679288e-01 3.195577577238380151e-03 2.386464331145604287e-02
1.000000000000000000e+00 2.532334406740236243e+00 2.392471232162881323e-01 2.338052238427740515e-01 2.368617328206701345e-01 2.055918625873123795e-01 2.308320983185551678e-01 1.897444290568684744e-01 2.006748574079306180e-01 1.534449617306996583e-01 3.646071051816988928e-03 2.486539664040883849e-02
1.000000000000000000e+00 3.029300812237798901e+00 2.505088318075857634e-01 2.270655399206520098e-01 2.285064207524581670e-01 2.239662663197262149e-01 2.103256737613766469e-01 1.703028002694506882e-01 1.897069605551993943e-01 1.550352410409219506e-01 3.811582331008049086e-03 2.371157120221706674e-02
1.000000000000000000e+00 6.340970861468917974e+00 2.471550288898744785e-01 2.358852450600738004e-01 2.320646223601440794e-01 2.146828501013856305e-01 2.071318588603671129e-01 1.736762145257179368e-01 2.004035617294039340e-01 1.548970414949653041e-01 2.641460599314812176e-03 2.405963763420270948e-02
1.000000000000000000e+00 3.738981337188858056e+00 2.461315598600091747e-01 2.331933403819138606e-01 2.330378910808875714e-01 2.168926499130392482e-01 2.079281829077820609e-01 1.653703353654545349e-01 1.827353243208563183e-01 1.550957850828611206e-01 3.780605829292302614e-03 2.516174696252037116e-02
1.000000000000000000e+00 6.271220564061062319e+00 2.471428978324027026e-01 2.300208926070284599e-01 2.300643821197101146e-01 2.239468496347176152e-01 2.127838305943566266e-01 1.498686200163711069e-01 1.696415759506998688e-01 1.559627119746193613e-01 3.096837298380121679e-03 2.750081060947314610e-02
1.000000000000000000e+00 7.890552149787632530e+00 2.559430250094854586e-01 2.220944716836265320e-01 2.284331163697306266e-01 1.974797632382858381e-01 2.296755693345079175e-01 1.597048512832582312e-01 1.721028596114464182e-01 1.543775630858447712e-01 2.814895170590103225e-03 2.788689145644776893e-02
1.000000000000000000e+00 8.537676473308668079e+00 2.422151815637742511e-01 2.276078359562637432e-01 2.341772038961242586e-01 1.949771893590925842e-01 2.314799921998217658e-01 1.707462286561048370e-01 1.978011927150502836e-01 1.531859789191069299e-01 2.348240079918892820e-03 2.736913416571062560e-02
1.000000000000000000e+00 9.911776087568407334e+00 2.459881825964468638e-01 2.312159919640209005e-01 2.299357792024344094e-01 2.057357562236556414e-01 2.100787747236343983e-01 1.610215342858067333e-01 1.823825141377333758e-01 1.547679956649821997e-01 3.089820107226135155e-03 2.898786986129841051e-02
1.000000000000000000e+00 9.714503935615185881e+00 2.493503521969742120e-01 2.373441506165207826e-01 2.337191177807114995e-01 1.942772833067476224e-01 2.147973232596768201e-01 1.749323874621801778e-01 2.168195491194732094e-01 1.531434869896483586e-01 3.287091631511269291e-03 2.980804773893218351e-02
1.000000000000000000e+00 1.145549798708059264e+01 2.460567207422178215e-01 2.256861952091436530e-01 2.307746996609548740e-01 1.981705218135855484e-01 2.223054314786954144e-01 1.751283011391333022e-01 1.977513026006860186e-01 1.525507712109303027e-01 4.279142279047464491e-03 3.130595100607853898e-02
1.000000000000000000e+00 5.692384795829536159e+00 2.430988703622169733e-01 2.186104102984025022e-01 2.402611700256001015e-01 2.043918496824215225e-01 2.206601983362589114e-01 1.782106617134482929e-01 1.983390018009850708e-01 1.521877057776648834e-01 3.982563235295676768e-03 3.141641083655992428e-02
1.000000000000000000e+00 5.147642330102554453e+00 2.464445403032260729e-01 2.279580343356340522e-01 2.350716943456163388e-01 2.031039352538998310e-01 2.319415923877092833e-01 1.651757654063402136e-01 1.986046011909399778e-01 1.530933473319789073e-01 3.989448640717457861e-03 2.981803359307002091e-02
1.000000000000000000e+00 9.671044997259865994e+00 2.503877042783456686e-01 2.190379075829701760e-01 2.395788512535747261e-01 1.927658015723806018e-01 2.319477202470894006e-01 1.634270111838154182e-01 2.089487807720009915e-01 1.524729571802281858e-01 3.152132807248148299e-03 2.748765216201058334e-02
1.000000000000000000e+00 8.625747305447889701e+00 2.525926232837388818e-01 2.203199558429339289e-01 2.324400673999759137e-01 2.109969061538932433e-01 2.180489464467948169e-01 1.591869043605888545e-01 2.351767327020868048e-01 1.530100409695267505e-01 2.853907870012737779e-03 2.590897890787181856e-02
1.000000000000000000e+00 5.143718840070219400e+00 2.478446021324937354e-01 2.279379812473288636e-01 2.352266993194307432e-01 2.150879550099807080e-01 2.235203570822867913e-01 1.559168406712335420e-01 2.275043887196435133e-01 1.537238624325251712e-01 3.356687168632594993e-03 2.387649830466925110e-02
1.000000000000000000e+00 5.500549879810744613e+00 2.468358933729092874e-01 2.239866415394272114e-01 2.246059831447757837e-01 2.013518572277555041e-01 2.363895285608432206e-01 1.656842301663270511e-01 2.220535105219019201e-01 1.529125899177231351e-01 2.966153890342595242e-03 2.212658296112882464e-02
1.000000000000000000e+00 6.360990232372258468e+00 2.361960545648653653e-01 2.322732666714747152e-01 2.315458175841152155e-01 2.134100373190361555e-01 2.271929353797524087e-01 1.677905357406203057e-01 2.518691957820221594e-01 1.529257693833800391e-01 3.732169879207544033e-03 2.400770317297615600e-02
1.000000000000000000e+00 4.989027668514592229e+00 2.482854477583302799e-01 2.383961468228334990e-01 2.293260974251757622e-01 2.013191480924083065e-01 2.219326523179432631e-01 1.471278020741762504e-01 2.615626955252050578e-01 1.541685428892856369e-01 3.305334004965077010e-03 2.411973744305931366e-02
1.000000000000000000e+00 5.312308402615340874e+00 2.465352532114148121e-01 2.467959597740980449e-01 2.235981028578067353e-01 2.047846008809748874e-01 2.326407630415749106e-01 1.636466441628095791e-01 2.852736999998032319e-01 1.535545739156014555e-01 3.914979104341638483e-03 2.412052694859299212e-02
1.000000000000000000e+00 2.848491513581431711e+00 2.322181191432171610e-01 2.480439354070276270e-01 2.245200563458296661e-01 2.044774500561921393e-01 2.173524262832992049e-01 1.837840074208012542e-01 2.957329174976693897e-01 1.529381645408596779e-01 3.618267441875990757e-03 2.439721946375393233e-02
1.000000000000000000e+00 2.409371867155833957e+00 2.372571170915477590e-01 2.367951933868212289e-01 2.246661347693904576e-01 2.254466429017543128e-01 2.043826997357810205e-01 1.972901524988394384e-01 3.163177100322104307e-01 1.525738884649219806e-01 3.558241058742062177e-03 2.401574192205630995e-02
1.000000000000000000e+00 2.550300212008216327e+00 2.358958655605227772e-01 2.378389716795792641e-01 2.243809908605080561e-01 2.231839727335217516e-01 2.042539026990108919e-01 1.875983279611231069e-01 3.315438634327452783e-01 1.523112051105383336e-01 3.145952997202254835e-03 2.229598267184759383e-02
1.000000000000000000e+00 2.613113716689949406e+00 2.339179998754679357e-01 2.474410258700258380e-01 2.310671314249269082e-01 2.188812296587449857e-01 2.076389650814995380e-01 1.909655878654281380e-01 3.243480658578093978e-01 1.526047377438878860e-01 3.295826278017088481e-03 2.271299797035561049e-02
1.000000000000000000e+00 2.109980546507206345e+00 2.408670841502719984e-01 2.421333225711178594e-01 2.230052215000224158e-01 2.125275777731968629e-01 2.100473243910401522e-01 1.944295850503645895e-01 3.379378387508552017e-01 1.520696903671920897e-01 3.651331466390014564e-03 2.267234144943509541e-02
1.000000000000000000e+00 2.564584114399376613e+00 2.428536501754670340e-01 2.408176197812003372e-01 2.231751660587245334e-01 2.272300395968896991e-01 2.061204906569563400e-01 1.777318403203856090e-01 3.236905984884070886e-01 1.535610166955233002e-01 3.325794925412701303e-03 2.060353134370239078e-02
1.000000000000000000e+00 4.378881586466135900e+00 2.396807085136464233e-01 2.426876424103689145e-01 2.232840123842327329e-01 2.155375875427207599e-01 2.118715904364685543e-01 1.844080001432137350e-01 3.426359302883320579e-01 1.527187147479899532e-01 2.702840680544610439e-03 2.080479462879782429e-02
1.000000000000000000e+00 3.938777182963693946e+00 2.439239189653508166e-01 2.403137134804884945e-01 2.266196525949697727e-01 2.158140326714554635e-01 2.125642376953347790e-01 1.714811561899221570e-01 3.320764409162415554e-01 1.532442640414810875e-01 3.669496021847147744e-03 2.128031899442126007e-02
1.000000000000000000e+00 2.201484493102958240e+00 2.435521090765088992e-01 2.370948884654372202e-01 2.300089847363938622e-01 2.147389916404352228e-01 1.980500431813053130e-01 1.902136282218764018e-01 3.401874031892387351e-01 1.526856448610814654e-01 3.349026679223720843e-03 2.109844196995742591e-02
1.000000000000000000e+00 5.295241870942846596e+00 2.379458250789216467e-01 2.288145158731746676e-01 2.341251558182740611e-01 2.179852572428037372e-01 1.911858094533359087e-01 2.022159912279826166e-01 3.549091313368107903e-01 1.519415073174867348e-01 3.048200491167928419e-03 2.093621014241279707e-02
1.000000000000000000e+00 4.272869634212451473e+00 2.439991815031127831e-01 2.307658428153349373e-01 2.227658801405207889e-01 2.134895528150595467e-01 1.956072301197336882e-01 2.057938229877115943e-01 3.602045573822937330e-01 1.517101318643523378e-01 2.841541181534568139e-03 2.095012856867235762e-02
1.000000000000000000e+00 3.101565622854893345e+00 2.403728796583248783e-01 2.398065785704018571e-01 2.219513019512147078e-01 2.141048630980386669e-01 2.062636776275107997e-01 2.047706514742924921e-01 3.582650005037889551e-01 1.523519016835809536e-01 3.833804011425845197e-03 1.969773661336703813e-02
1.000000000000000000e+00 2.944201044390778677e+00 2.354634510302045514e-01 2.512718259603515247e-01 2.265093579649224975e-01 2.164183579354236608e-01 2.038245120239424724e-01 2.088852452461085751e-01 3.589530228545194657e-01 1.529829835761156998e-01 3.705376577528543026e-03 2.028994469949126425e-02
1.000000000000000000e+00 3.033646129601801356e+00 2.402662263904026818e-01 2.372420886474682911e-01 2.283039221171623001e-01 2.188523762052594634e-01 1.982344045825575052e-01 2.076153965268011659e-01 3.553455266983828742e-01 1.524346469374930069e-01 3.142697090686854145e-03 1.997119801626249386e-02
1.000000000000000000e+00 3.822610152205297318e+00 2.449920223726461954e-01 2.354041497881703415e-01 2.315906266416437598e-01 2.163218445314703808e-01 1.987203173519095090e-01 2.133414537424722091e-01 3.359614880116815194e-01 1.528824760993005571e-01 3.924261516161376730e-03 1.990666929723628256e-02
1.000000000000000000e+00 3.866026172212377876e+00 2.454199081465442966e-01 2.267645441404231299e-01 2.313706815345949741e-01 2.151430826118367612e-01 1.894680330517957978e-01 2.189578165365886064e-01 3.629071476080538705e-01 1.518444232758034973e-01 3.700650797926040552e-03 1.940853636954724751e-02
1.000000000000000000e+00 5.997468912742375480e+00 2.367111212732192771e-01 2.342607999264909313e-01 2.426841501308493743e-01 2.143656476263995081e-01 1.877131308418066302e-01 2.170236485670019866e-01 3.797813984155344325e-01 1.512288413538080967e-01 3.832715974795319110e-03 1.856943027236662713e-02
1.000000000000000000e+00 7.096993119850715459e+00 2.438051064224797670e-01 2.279746621028846398e-01 2.335052560955692968e-01 2.105379643328937900e-01 1.875280080893460821e-01 2.160490754628054122e-01 3.938513725621530237e-01 1.509657839264797186e-01 3.232194655283072027e-03 1.867725825518216226e-02
1.000000000000000000e+00 4.580021482767614671e+00 2.401496074354042276e-01 2.230664050248898356e-01 2.325271540953615657e-01 2.088914482143927054e-01 1.965762081281937634e-01 1.963142460425975899e-01 3.940305765766148327e-01 1.512164108924226313e-01 2.890593538079897808e-03 1.996460270616364982e-02
1.000000000000000000e+00 4.744078300072507304e+00 2.390688847191028976e-01 2.217276020786841662e-01 2.310897376511089063e-01 2.135049440545368771e-01 2.050763482264935378e-01 1.997997964570283613e-01 4.153887639002110665e-01 1.502787557213044745e-01 2.872967256426838239e-03 1.909399650382182304e-02
1.000000000000000000e+00 6.736152258497702050e+00 2.335489735681876011e-01 2.166857764401491082e-01 2.364290585320371341e-01 2.039380722752771047e-01 2.099738662762128116e-01 1.865835283751617057e-01 4.163249187815798447e-01 1.498703194921996162e-01 3.037939058857137397e-03 1.976141025827847855e-02
1.000000000000000000e+00 6.510218754092255367e+00 2.392602347292721865e-01 2.196998584104903618e-01 2.368138916398631888e-01 2.024413295709604765e-01 2.291059685159933523e-01 1.889294655348817131e-01 4.355051779930818046e-01 1.492008404897385565e-01 3.883694667757358557e-03 2.088971016278009726e-02
1.000000000000000000e+00 5.119250426024473555e+00 2.430207211952646051e-01 2.153575087427964940e-01 2.348667421959526047e-01 2.048213160842736191e-01 2.128131434511007503e-01 1.821893156416551085e-01 4.106867930284230361e-01 1.506426179614099303e-01 3.824514129962543110e-03 1.955007936678217900e-02
1.000000000000000000e+00 5.423011892182277194e+00 2.388987634312141894e-01 2.135236567019320741e-01 2.376696497961779397e-01 2.120561415370265379e-01 2.215931528407251994e-01 1.794987091776270582e-01 4.367925275237029004e-01 1.499665711980888994e-01 3.535980240680742029e-03 2.126148963507809922e-02
1.000000000000000000e+00 7.524045108161510953e+00 2.383527535857864477e-01 2.078344587044103631e-01 2.356653287827304155e-01 2.237425581362322280e-01 2.099758783767008696e-01 1.813895108195602290e-01 4.469949599904415871e-01 1.501835135479574201e-01 3.780722205180706008e-03 1.955728141012320551e-02
1.000000000000000000e+00 8.174266073166924329e+00 2.418797887634985544e-01 2.094678133371740969e-01 2.358416597424190242e-01 2.174955562079591287e-01 2.091660557417420185e-01 2.004762987106150085e-01 4.531486350461234047e-01 1.497447683944482244e-01 3.294078904344606776e-03 2.081899100876289516e-02
1.000000000000000000e+00 9.554559714246284585e+00 2.501674320729219692e-01 2.075303949038252715e-01 2.317034327256740078e-01 2.029954922231602399e-01 2.103593867877548151e-01 2.078106294202188287e-01 4.464446807109145321e-01 1.489657046155545006e-01 3.862464544397190003e-03 2.112287950082587448e-02
