1.000000000000000000e+00 7.583878737652422330e+01 2.512308661521516773e-01 2.329368669236977218e-01 2.154017168799262083e-01 2.344541238276779405e-01 1.938167067822720580e-01 1.908737153730241942e-01 4.248906020399415562e-01 1.537557057980646624e-01 3.692792290584987359e-03 2.303260276270269885e-02
1.000000000000000000e+00 2.489664239442310301e+00 2.601687702347139641e-01 2.517060583043324029e-01 2.177640470434553110e-01 2.331830509072271018e-01 2.290591758743347750e-01 2.146326625043170344e-01 1.651361902460999898e-01 1.646724916832015273e-01 3.380677785075215675e-03 2.259033731863777095e-02
1.000000000000000000e+00 1.797161279875893358e+00 2.599952190732030544e-01 2.580019829509476170e-01 2.228829067724795165e-01 2.354335173566637351e-01 2.197272323911411418e-01 2.137473840222543775e-01 1.658387463472212886e-01 1.655350020310094872e-01 3.737753124609536574e-03 2.220732390966467795e-02
1.000000000000000000e+00 2.394171716348850065e+00 2.498844433824028988e-01 2.619671077807249615e-01 2.349526144400166106e-01 2.259958403122346859e-01 2.217234878221996108e-01 2.057572255648771886e-01 1.812045124480995695e-01 1.629667773308883238e-01 3.833185913742815157e-03 2.463225136915066227e-02
1.000000000000000000e+00 1.928216674537435171e+00 2.533087776940082803e-01 2.471397759560010621e-01 2.387661921959718658e-01 2.230936047579160919e-01 2.286973815876462979e-01 1.984336238887336734e-01 1.804558877669470707e-01 1.616701214766204098e-01 3.893228558265260722e-03 2.555677761004345946e-02
1.000000000000000000e+00 1.909592971663729877e+00 2.524241185787160502e-01 2.488396067158886171e-01 2.285221351435065551e-01 2.290566095346597553e-01 2.327659024671634436e-01 2.037703122881600604e-01 1.898539560938406756e-01 1.620234731471013878e-01 3.950867960366223446e-03 2.526667870987136383e-02
1.000000000000000000e+00 1.593851145308225359e+00 2.494866416188540881e-01 2.487797626756363956e-01 2.194006269295007416e-01 2.324512116889676516e-01 2.170623499778469301e-01 2.038540992300814647e-01 1.868906033612869888e-01 1.598316417492464947e-01 3.851745816623995591e-03 2.565965300278095704e-02
1.000000000000000000e+00 1.009465139560791869e+00 2.531923754329848952e-01 2.545126730663582193e-01 2.268217020302508713e-01 2.336865272900671697e-01 2.193141562361499985e-01 2.037023844384014126e-01 1.901608606758520004e-01 1.634342625197928445e-01 3.830371022143242484e-03 2.493447922777882950e-02
1.000000000000000000e+00 1.565414737660028477e+00 2.558397112535506501e-01 2.564375808509227750e-01 2.287097689214956375e-01 2.427276102486712051e-01 2.128487287846883846e-01 2.084450456738609625e-01 1.924282907608066140e-01 1.662505041696767938e-01 3.828397205520043135e-03 2.557013961232587271e-02
1.000000000000000000e+00 6.983721953555931394e-01 2.514225884343777584e-01 2.567645952824345046e-01 2.262108505579867590e-01 2.319731580304386920e-01 2.274379980127253786e-01 2.047430769536103534e-01 1.878031805444970725e-01 1.636086362640892244e-01 3.640831578779125076e-03 2.516115117607473084e-02
1.000000000000000000e+00 2.128717499744829933e+00 2.445716638496940598e-01 2.554372908283860655e-01 2.215345483526434955e-01 2.155915552588144601e-01 2.189803090192194712e-01 2.042910513485048651e-01 1.883554627191559583e-01 1.574855185337831476e-01 3.635959034261861383e-03 2.687901586979116533e-02
1.000000000000000000e+00 2.719674314036993668e+00 2.621827543353911771e-01 2.478490234763755240e-01 2.301775985532431290e-01 2.299122667321200908e-01 2.138503075633667316e-01 2.249227667588604151e-01 1.984784319889473514e-01 1.650358219260803505e-01 3.578644298288842594e-03 2.680110785438502563e-02
1.000000000000000000e+00 3.194679720237277198e+00 2.515836096623769724e-01 2.361911918225187423e-01 2.286687190056687358e-01 2.205024128366192826e-01 2.108289539716522998e-01 2.225511162572568480e-01 2.024290827664806391e-01 1.580057476522303828e-01 3.634187875583508569e-03 2.799593880748629804e-02
1.000000000000000000e+00 3.674712211176008214e+00 2.438441589615047700e-01 2.393406782627418850e-01 2.298657151971801593e-01 2.195559185205039621e-01 2.141931022051263844e-01 2.123037705744239834e-01 1.936728734353526105e-01 1.554142071022174276e-01 3.773707998828862778e-03 2.729153727229664816e-02
1.000000000000000000e+00 2.560821292218274259e+00 2.548601758638866510e-01 2.465054414015841466e-01 2.238192013262341185e-01 2.236916180792758169e-01 2.178432403034307185e-01 2.119827902539140052e-01 2.027799672195827185e-01 1.599959770761415767e-01 3.850407133154762958e-03 2.700928945778586013e-02
1.000000000000000000e+00 3.282447405118099404e+00 2.472417885579212271e-01 2.641601572349854821e-01 2.210757570892852575e-01 2.357552836038418198e-01 2.189877144406052467e-01 2.111972036651134366e-01 2.048056734757119079e-01 1.637608541457249156e-01 3.889642930461385036e-03 2.882049903467026261e-02
1.000000000000000000e+00 1.573524919126985111e+00 2.522296557010757501e-01 2.598150136725576043e-01 2.159497352770242962e-01 2.470747056506689687e-01 2.170665430692290676e-01 2.062398311278241525e-01 2.117620678845089088e-01 1.656813531403509565e-01 3.643435171490256013e-03 2.835312282733010170e-02
1.000000000000000000e+00 8.352239150316169258e+00 2.557200500899831641e-01 2.605758319607013318e-01 2.183011326152019815e-01 2.468926654090605188e-01 2.225584522580734692e-01 2.069067990002217139e-01 2.279912870384705470e-01 1.635208341925156461e-01 3.383283191287264624e-03 2.901110625950514138e-02
1.000000000000000000e+00 6.809937406370241142e+00 2.500650950634337732e-01 2.739856948540713710e-01 2.119554250723170163e-01 2.475668711312445369e-01 2.235575226390794090e-01 2.209158322209760772e-01 2.298242413123136874e-01 1.661388208314816539e-01 3.363064530397532129e-03 2.690388963101813039e-02
1.000000000000000000e+00 1.039882839616862675e+01 2.585923058037774558e-01 2.739138823951097201e-01 1.880873189155573555e-01 2.562390985376227226e-01 2.252719195609776126e-01 2.301871675547176588e-01 2.208929903572807441e-01 1.665496741350527277e-01 3.401059117231016674e-03 2.580828334908502261e-02
1.000000000000000000e+00 9.590658379527502220e+00 2.633793756916087414e-01 2.701611508097966352e-01 2.060735224258971043e-01 2.500675460051478560e-01 2.154962285718967918e-01 2.268877171609406940e-01 2.208426167018873731e-01 1.680128676268719534e-01 3.235869436247001355e-03 2.542800856457338651e-02
1.000000000000000000e+00 8.740968644257549158e+00 2.618008697457173684e-01 2.724733610296681263e-01 2.092479263052426652e-01 2.562676474885643985e-01 2.055186098709382569e-01 2.257643570199310834e-01 2.213525967874078737e-01 1.703184805908739552e-01 3.040271204644250536e-03 2.608027947630508353e-02
1.000000000000000000e+00 5.262222097834521328e+00 2.614315305378505649e-01 2.696003979434895004e-01 2.023785773332595905e-01 2.569680101834238561e-01 2.203823546383806009e-01 2.256330345262041182e-01 2.186206945417399350e-01 1.686733254068407961e-01 3.101973928586230968e-03 2.542449212938178993e-02
1.000000000000000000e+00 4.649324776655120672e+00 2.650321938007497158e-01 2.561576119487871672e-01 2.223812386086101711e-01 2.538034175962537997e-01 2.128683709782754896e-01 2.235888444894909843e-01 2.231322113221058945e-01 1.674048879195722539e-01 2.734503413071410517e-03 2.646516138829813417e-02
1.000000000000000000e+00 4.789431430339663898e+00 2.656132039810628620e-01 2.501137558330168154e-01 2.287236474646921758e-01 2.499460546271451977e-01 2.202687485914905929e-01 2.188132398053809768e-01 2.185581719329959538e-01 1.679502023727324211e-01 2.784356708835086097e-03 2.441073514765976574e-02
1.000000000000000000e+00 5.083878674562183342e+00 2.709048406698394973e-01 2.490714677159917567e-01 2.285122807232020936e-01 2.628113330851983287e-01 2.352449087791801119e-01 2.114906524606177673e-01 2.230738699636888589e-01 1.710560642776252360e-01 2.918653248294739589e-03 2.365032661059668362e-02
1.000000000000000000e+00 6.640354539615828777e+00 2.709392550346477746e-01 2.512586118735777307e-01 2.164695774959109753e-01 2.549085321532723603e-01 2.264506737662493607e-01 2.169244717856102789e-01 2.321784795843246652e-01 1.736311638877919561e-01 3.245542638410371140e-03 2.343931457100999552e-02
1.000000000000000000e+00 7.350492820393178306e+00 2.811897240385599628e-01 2.503659855462478934e-01 2.330091874990246337e-01 2.453109237118892005e-01 2.476092283492052348e-01 2.178157885086467460e-01 2.353051252752764722e-01 1.757218241668301872e-01 3.331443480062690459e-03 2.453638154899086266e-02
1.000000000000000000e+00 7.822194092085947403e+00 2.744851828026775853e-01 2.442368076255799492e-01 2.316391848448453583e-01 2.348685495596538053e-01 2.410903515566526212e-01 2.073107518463724319e-01 2.391580220966433024e-01 1.695664688407370613e-01 3.180371964380892397e-03 2.410791878584729944e-02
1.000000000000000000e+00 5.158868018809823042e+00 2.796137165180455630e-01 2.647065498633710545e-01 2.369351932623341428e-01 2.551494386453846963e-01 2.610147527234434883e-01 2.085334325326329286e-01 2.440227262953215404e-01 1.794385133276227007e-01 3.169273634552719193e-03 2.319146776025884579e-02
1.000000000000000000e+00 3.624982840194287625e+00 2.675593801179247389e-01 2.623846718119415278e-01 2.330439104878040957e-01 2.569816606476272858e-01 2.423750621727955024e-01 2.146357555464855349e-01 2.476822521561221901e-01 1.750186136072705290e-01 3.059380291187910154e-03 2.167973775750010185e-02
1.000000000000000000e+00 2.810572723718795629e+00 2.713088459188937041e-01 2.635224599355088793e-01 2.318758996011425766e-01 2.549891330349366991e-01 2.346354014069668981e-01 2.060599992069743758e-01 2.545925954497833543e-01 1.743369361498786352e-01 3.128035020552506675e-03 2.350373102105427631e-02
1.000000000000000000e+00 6.412423871169747436e+00 2.757523210643059164e-01 2.606009687056888846e-01 2.442247394193875765e-01 2.773372095652835712e-01 2.254962522383883727e-01 2.137508778741751825e-01 2.463328304790697310e-01 1.808217827357969931e-01 3.042617835682277349e-03 2.305146911888133338e-02
1.000000000000000000e+00 5.968759675752222549e+00 2.725354087500189149e-01 2.782183673011202063e-01 2.428101307874052095e-01 2.728490675335655813e-01 2.366076303294680216e-01 2.092229652090346892e-01 2.304383155088028656e-01 1.833800692771895557e-01 3.175532887889802487e-03 2.296054087423761089e-02
1.000000000000000000e+00 6.043176509737059554e+00 2.560900698416079257e-01 2.849886022183925616e-01 2.471913193944532405e-01 2.647592222147286400e-01 2.398879051794264861e-01 2.018997850885825840e-01 2.243171198446878845e-01 1.797601733073356522e-01 3.404769273296086047e-03 2.392924205709951249e-02
1.000000000000000000e+00 5.659752810521823996e+00 2.630691489585141318e-01 3.018005161038821993e-01 2.484743750818949048e-01 2.558729193198208685e-01 2.514230558707020169e-01 1.911665606307398346e-01 2.166525542155081363e-01 1.831761593668254084e-01 3.524492000408169755e-03 2.359217318449734549e-02
1.000000000000000000e+00 5.626365841342387597e+00 2.548502459816190946e-01 2.977940832692377859e-01 2.264859323250673628e-01 2.484565848990847037e-01 2.544101263353046316e-01 2.003669257678228899e-01 2.279732984992132727e-01 1.761487361688382491e-01 3.612000750672681327e-03 2.318036606903619776e-02
1.000000000000000000e+00 5.972180432527042448e+00 2.510046856058968934e-01 2.883188043936267264e-01 2.283067536749048831e-01 2.517591828954582334e-01 2.544749156373767307e-01 1.931729259649866415e-01 2.316639015562820259e-01 1.743689449426410465e-01 3.576860442758719727e-03 2.417041346273194127e-02
1.000000000000000000e+00 4.700733408304722083e+00 2.505899374643695832e-01 2.814450842322133717e-01 2.224309573637282544e-01 2.567726363714391002e-01 2.513815302975362376e-01 1.949865810092642204e-01 2.392498391942453617e-01 1.708847851957357444e-01 3.660366248927560823e-03 2.427242882038491492e-02
1.000000000000000000e+00 8.156172784426425793e+00 2.513313746636888779e-01 2.759101956810087186e-01 2.047848118624352454e-01 2.416059252556324588e-01 2.476596607028506980e-01 1.918974807028738239e-01 2.324795652061509010e-01 1.656224359134698676e-01 3.838776914276067955e-03 2.393011024016885452e-02
1.000000000000000000e+00 5.555284783729115716e+00 2.562541009074398857e-01 2.845008871038460785e-01 2.120163193461005735e-01 2.380699082953102452e-01 2.438565418746801439e-01 1.942178251205888551e-01 2.301700143119364828e-01 1.680499580866550713e-01 3.871353578083528649e-03 2.423793422878102802e-02
1.000000000000000000e+00 4.521840462347378242e+00 2.479569037731894077e-01 2.745932067676007393e-01 2.117070332242590447e-01 2.429965728996651697e-01 2.462927977062779883e-01 1.946883792986358053e-01 2.230913293272583087e-01 1.660463552408596721e-01 3.904762443708625387e-03 2.367769411443876662e-02
1.000000000000000000e+00 4.998215830992932318e+00 2.520004650668259960e-01 2.737954493701132419e-01 2.142810667522357937e-01 2.351554202865154541e-01 2.555317058206463265e-01 1.930521405966841852e-01 2.187035167821218817e-01 1.703940617756549702e-01 3.690545329365050361e-03 2.251660763144116770e-02
1.000000000000000000e+00 8.069944251084802289e+00 2.552494107231698117e-01 2.649938207070171026e-01 2.229294110217819869e-01 2.340584411741328530e-01 2.549732668104835454e-01 1.960568447534123959e-01 2.295401746266229337e-01 1.683415755981689244e-01 3.516768609655124538e-03 2.070317851868936493e-02
1.000000000000000000e+00 5.339525013888303029e+00 2.599133094657445353e-01 2.716954830287455769e-01 2.230424148913978388e-01 2.248062330863919711e-01 2.483832923323236463e-01 1.942789808953776787e-01 2.240200483773898965e-01 1.695181487171315005e-01 3.620366952574687828e-03 2.114458140957593824e-02
1.000000000000000000e+00 7.212392407063987321e+00 2.618172933321437634e-01 2.688821723583848522e-01 2.292264471892055955e-01 2.231217323468658587e-01 2.376710524460283469e-01 1.910141920382102954e-01 2.153917253217095817e-01 1.681315708702158240e-01 3.628644782317174029e-03 2.092477644146989793e-02
1.000000000000000000e+00 7.973386523286144723e+00 2.614645123669551707e-01 2.875521817867292551e-01 2.261698325028892176e-01 2.272342326083182651e-01 2.448096713095207211e-01 1.981101643543330959e-01 2.203861676780294598e-01 1.694763251940113180e-01 3.640986104179621229e-03 2.247511646850108152e-02
1.000000000000000000e+00 7.700290221839865445e+00 2.624537568936650689e-01 2.976636506528845816e-01 2.221361912461516652e-01 2.379456555070911528e-01 2.516274133647536382e-01 1.915134545914880526e-01 2.256943544399507007e-01 1.738650921441325103e-01 3.778861498465120421e-03 2.141562450250377239e-02
1.000000000000000000e+00 6.503593139659812117e+00 2.667061163483905872e-01 2.819769055940001268e-01 2.336139760689111555e-01 2.377961345877456500e-01 2.548626142645219472e-01 1.821061175874953975e-01 2.229577534639758662e-01 1.765170788161494475e-01 3.740688249792827741e-03 2.123445550683708202e-02
1.000000000000000000e+00 3.830167334810521851e+00 2.670143269840600242e-01 2.699292906878807408e-01 2.410402521065494741e-01 2.378664674972934268e-01 2.545872159774891785e-01 1.829611114450692688e-01 2.218919166670712262e-01 1.739300388299141742e-01 3.792625438949234588e-03 2.143899925471940207e-02
1.000000000000000000e+00 5.723360947710369295e+00 2.606244405439023804e-01 2.838848600695809687e-01 2.523261329461760072e-01 2.405973423212318940e-01 2.551287131121686147e-01 1.759128667391138268e-01 2.149460137871045950e-01 1.765438311065408994e-01 3.801931697322499804e-03 2.051685230992776610e-02
1.000000000000000000e+00 5.878023388595368992e+00 2.608120955912022754e-01 2.859405451375442442e-01 2.475749451565169290e-01 2.500046991408861330e-01 2.601556571613348745e-01 1.793164310613125090e-01 2.201592872643036713e-01 1.787741366742770233e-01 3.593012635009350253e-03 2.088268454075696556e-02
1.000000000000000000e+00 8.692567958870402123e+00 2.622313990263760997e-01 2.841201927776276226e-01 2.292049627653475197e-01 2.525660584110834272e-01 2.615374758346104000e-01 1.836349895563259005e-01 2.178674534513997674e-01 1.771381543145102433e-01 3.533892183152476975e-03 1.991099975433333405e-02
1.000000000000000000e+00 6.539038584450196367e+00 2.675992560042695922e-01 2.862490185769783202e-01 2.350142508847959111e-01 2.493409419345327949e-01 2.680750618784041306e-01 1.789120030269544803e-01 2.117423991192412258e-01 1.828251096111374319e-01 3.680280923466318355e-03 1.998618503413514616e-02
1.000000000000000000e+00 7.100488467559248562e+00 2.661964592972362320e-01 2.692521978903390512e-01 2.403210159480798358e-01 2.557197912334729373e-01 2.600434172858885895e-01 1.660824484190721595e-01 2.137720185073585522e-01 1.772207976304043253e-01 3.540389942567638646e-03 2.014102358912228316e-02
1.000000000000000000e+00 6.914915387060513119e+00 2.698501344908919575e-01 2.742595221377233661e-01 2.439393131454004882e-01 2.450614404612382335e-01 2.644967119403598965e-01 1.623982675207031878e-01 2.160434677739829223e-01 1.793555053387488607e-01 3.406244131613042625e-03 2.071212753581563176e-02
1.000000000000000000e+00 6.787810778557514801e+00 2.689533594223728064e-01 2.899342527555422988e-01 2.322901096105522700e-01 2.481063921159461783e-01 2.638383143406996534e-01 1.708547008916171117e-01 2.097903131515645447e-01 1.782612512723744935e-01 3.298917747177365720e-03 2.235337569625570411e-02
1.000000000000000000e+00 6.382359185641762522e+00 2.492369682774928930e-01 2.959345350526897400e-01 2.160912579845425674e-01 2.429645653287578755e-01 2.530189886215515327e-01 1.720544152114438230e-01 2.101360701311554835e-01 1.718264687067388718e-01 3.291762479614836721e-03 2.060524136618697988e-02
1.000000000000000000e+00 9.368599471103776111e+00 2.617782576104051850e-01 2.728071579261139301e-01 2.061743346863685600e-01 2.466037330229579605e-01 2.315924525513614607e-01 1.766509697082785380e-01 2.275617166856525597e-01 1.645439060556960487e-01 3.284081348305569175e-03 2.115888365986439909e-02
1.000000000000000000e+00 7.765672319420583669e+00 2.610715363720186311e-01 2.635252574768932599e-01 2.134089628822102014e-01 2.551243174106354594e-01 2.406031636410465580e-01 1.899173494057276590e-01 2.315840441109277559e-01 1.709478738953433274e-01 3.404663185913038050e-03 2.174338740388260735e-02
1.000000000000000000e+00 7.287995106876125284e+00 2.709874998721815698e-01 2.594534458684848999e-01 2.183283786179391617e-01 2.458945766035203484e-01 2.382728939176319838e-01 1.845545463640969608e-01 2.248814796671766425e-01 1.681194550609379501e-01 3.513714938843630255e-03 2.176196981940716965e-02
1.000000000000000000e+00 5.034587820565713301e+00 2.703249368941560427e-01 2.493960469998226792e-01 2.254989196519103234e-01 2.374986046053247091e-01 2.435017317167238737e-01 1.901685668018486264e-01 2.250777560894522966e-01 1.697354198520086010e-01 3.190934068049940987e-03 2.062669656809834259e-02
1.000000000000000000e+00 5.072518690627247473e+00 2.649193104059159309e-01 2.617311627495256254e-01 2.351884060192998005e-01 2.337006859023837979e-01 2.498150443648569641e-01 1.873763844148634561e-01 2.284469878950563526e-01 1.724142148435142685e-01 3.173196251103556874e-03 1.945772499723969623e-02
1.000000000000000000e+00 4.399029263358554154e+00 2.646356336924578501e-01 2.627382477655929027e-01 2.256209165730787558e-01 2.349519031813552816e-01 2.606910203973949458e-01 1.878991292281097514e-01 2.258727374167320556e-01 1.699859439729818067e-01 3.205240287352538291e-03 2.009382650514289839e-02
1.000000000000000000e+00 2.236269414542204181e+00 2.700033398567140419e-01 2.690970053982255639e-01 2.273547124287192966e-01 2.485374456920731168e-01 2.513469585973647225e-01 2.057573934345278133e-01 2.267232273187902991e-01 1.769430883351867656e-01 3.364728872435329265e-03 1.981486785661703415e-02
1.000000000000000000e+00 2.222032416133482347e+00 2.714892988858459977e-01 2.724691847405231737e-01 2.341048590156603604e-01 2.504978721695128030e-01 2.479358806639450352e-01 2.102983832227455496e-01 2.277076777422234188e-01 1.783955524243403257e-01 3.483164944605041287e-03 1.954264376453607871e-02
1.000000000000000000e+00 4.699402739198749401e+00 2.796244550041002697e-01 2.676962130294261999e-01 2.308006943370363440e-01 2.530514307144690611e-01 2.430239518039656044e-01 1.966979562052347807e-01 2.312558730550333397e-01 1.797762015907733990e-01 3.446558132194696335e-03 1.950841362049182334e-02
1.000000000000000000e+00 3.176334106613239339e+00 2.675338326062395300e-01 2.664228704695785210e-01 2.334351809385361576e-01 2.515570977687343057e-01 2.281977862088085673e-01 2.034697728322608368e-01 2.227200238198894788e-01 1.738924560199636704e-01 3.531226386860329518e-03 1.916758469012357774e-02
1.000000000000000000e+00 3.337217608367605504e+00 2.728018797209401658e-01 2.512487211087247596e-01 2.286112259136218738e-01 2.505102529398066658e-01 2.322466397982834163e-01 1.979621551457151907e-01 2.157470187914553583e-01 1.737606218102157041e-01 3.401292249280499658e-03 1.991512939135776580e-02
1.000000000000000000e+00 3.365725664913274073e+00 2.624791883696038775e-01 2.562067281286199982e-01 2.431977802895877727e-01 2.511898481008767448e-01 2.244474854099073047e-01 2.071103312427562404e-01 2.211796330107229369e-01 1.719317647704460272e-01 3.349602260449685391e-03 1.931194434634123797e-02
1.000000000000000000e+00 3.480215406527092270e+00 2.781271929298782530e-01 2.471441901881682723e-01 2.541094269487221280e-01 2.549950238580991346e-01 2.369470769875490768e-01 2.254493780556726112e-01 2.366267854420223971e-01 1.787873509002315120e-01 3.321895215637223845e-03 1.995315271520859551e-02
1.000000000000000000e+00 4.082127155682995223e+00 2.711907188617503350e-01 2.492631166218160499e-01 2.494799892142587905e-01 2.460268600364654557e-01 2.446592924615370590e-01 2.327410176121794683e-01 2.379788481268661215e-01 1.742672982176400320e-01 3.229637266530973553e-03 2.054773162023701069e-02
1.000000000000000000e+00 6.020396672914969827e+00 2.840395730295635079e-01 2.335655888683710879e-01 2.587444965431485722e-01 2.438426866775326718e-01 2.389913260450565735e-01 2.352321644100939246e-01 2.313549048900309102e-01 1.781915052254822163e-01 3.462792744979204321e-03 1.939070488018746277e-02
1.000000000000000000e+00 8.481727344380269429e+00 2.751631347642424230e-01 2.654288313167756375e-01 2.630623979807143464e-01 2.439143240359000209e-01 2.392535837824038003e-01 2.271402897382525932e-01 2.189608349131022536e-01 1.823052977460163648e-01 3.509640934050086043e-03 1.816573000277223876e-02
1.000000000000000000e+00 8.277841938255383170e+00 2.631309417098042780e-01 2.765582629360507361e-01 2.645018577255862646e-01 2.373670506170737216e-01 2.472087400758279374e-01 2.360650428975922255e-01 2.115402102250742988e-01 1.820851262107394952e-01 3.403078412139079727e-03 1.937297519972738455e-02
1.000000000000000000e+00 3.368260243310869040e+00 2.709065774706740370e-01 2.783259611130233790e-01 2.564844964636432967e-01 2.349456512190542523e-01 2.526658510897127896e-01 2.270313940119066121e-01 2.146085948955208933e-01 1.805501576224750049e-01 3.611180220038075293e-03 1.936338373836186608e-02
1.000000000000000000e+00 2.300863169375666928e+00 2.713346059731219229e-01 2.805262053633428843e-01 2.576550876894322384e-01 2.475787999882710366e-01 2.496405742628201030e-01 2.166747774120083847e-01 2.190620519197556404e-01 1.825048403842216838e-01 3.481196472508014689e-03 2.208799192969758407e-02
1.000000000000000000e+00 3.930114435921825411e+00 2.817213875067212103e-01 2.781894983497198437e-01 2.645898720355256972e-01 2.473585427076517018e-01 2.528417805466600665e-01 2.256910245382245661e-01 2.147603608883464632e-01 1.859868324683205398e-01 3.554345394217668479e-03 2.078825089063329398e-02
1.000000000000000000e+00 3.571183244993162198e+00 2.847963593367129898e-01 2.783742091951157405e-01 2.627529802864353448e-01 2.538639851873154551e-01 2.710675098569157448e-01 2.232692006428276810e-01 2.037080740247480259e-01 1.879905244020649568e-01 3.567891150170482504e-03 2.052197532125024995e-02
1.000000000000000000e+00 4.164800117508759669e+00 2.762209291719808779e-01 2.744175447717318583e-01 2.614741313512486398e-01 2.642842483290134270e-01 2.643874102604602538e-01 2.230276066077211128e-01 2.125883392895997759e-01 1.872070113962017168e-01 3.433083384845154410e-03 2.289705849458881920e-02
1.000000000000000000e+00 1.995175465102215995e+00 2.804804241839073953e-01 2.779770795231698566e-01 2.686700940634544899e-01 2.645789442612739850e-01 2.573534638245499329e-01 2.270431076646248214e-01 2.120201788670290077e-01 1.888991453381978214e-01 3.553193337573775853e-03 2.330998734411878631e-02
1.000000000000000000e+00 2.182473346180837215e+00 2.810405807440393700e-01 2.803390353304687221e-01 2.657629203244473715e-01 2.626400392726973565e-01 2.524302138625815206e-01 2.302207498403738561e-01 2.067993823889597016e-01 1.876153745533142014e-01 3.368637174894546608e-03 2.345975899516340377e-02
1.000000000000000000e+00 2.242188750915406370e+00 2.755364203025121861e-01 2.732543514353957814e-01 2.664905211680999586e-01 2.582220778187055976e-01 2.541576849361039114e-01 2.371060903605662074e-01 2.081921547873399891e-01 1.851614360349874977e-01 3.495565237485427114e-03 2.338198382187431715e-02
1.000000000000000000e+00 2.764461583747115370e+00 2.734748681812165239e-01 2.622659766352387067e-01 2.637150769506420023e-01 2.531142226673595563e-01 2.510486811454564759e-01 2.296266547214108888e-01 2.140063288209708148e-01 1.808190087271811242e-01 3.611580521475878190e-03 2.243206587360817988e-02
1.000000000000000000e+00 2.821044914857043562e+00 2.695436365223776720e-01 2.681448492824758389e-01 2.578255231019092042e-01 2.524349221138293964e-01 2.546665861755793570e-01 2.198473603345329763e-01 2.169905007473012792e-01 1.782068175441448854e-01 3.479317083817035344e-03 2.391742298078981810e-02
1.000000000000000000e+00 4.386029778170159155e+00 2.643702224643834642e-01 2.789072684567097116e-01 2.526553323755243996e-01 2.644187938459066078e-01 2.572059310846395164e-01 2.202269399480065171e-01 2.323476103509773127e-01 1.824687628040294329e-01 3.595227048498576567e-03 2.390089436717830057e-02
1.000000000000000000e+00 4.702019837171969918e+00 2.658009704220076763e-01 2.711750097912665747e-01 2.519243319438653206e-01 2.614869781501100721e-01 2.477032795083198013e-01 2.221547114536469858e-01 2.365735766564199538e-01 1.794438940607261390e-01 3.635347659538653436e-03 2.321369784926226656e-02
1.000000000000000000e+00 4.713373273206828529e+00 2.834691622549358470e-01 2.679768543768499267e-01 2.340208917637971175e-01 2.635304670073280175e-01 2.509057396420178998e-01 2.384864968526345663e-01 2.340154988637916933e-01 1.841698431293989913e-01 3.696212722876746244e-03 2.149533611392847460e-02
1.000000000000000000e+00 4.297956121435423604e+00 2.787576120762684240e-01 2.719694233577108489e-01 2.336490433171646564e-01 2.657841675194697606e-01 2.472161250578765179e-01 2.508878155552586309e-01 2.338225187339676159e-01 1.847328990237495916e-01 3.482074644109793213e-03 2.109688891409314954e-02
1.000000000000000000e+00 3.006493993310424440e+00 2.677929087764238658e-01 2.897476939290430931e-01 2.419833423428057184e-01 2.668564251843374424e-01 2.400997144090569191e-01 2.465722925186104586e-01 2.356296304780337858e-01 1.834427764460982990e-01 3.484021660385229913e-03 2.282683175542678591e-02
1.000000000000000000e+00 2.656976858449884737e+00 2.822726350867615364e-01 2.942729981593472655e-01 2.524455309161726668e-01 2.676627317913093385e-01 2.407177705778243415e-01 2.550536236927846701e-01 2.334325433790469251e-01 1.913560183028839845e-01 3.606602964932850621e-03 2.104143924573552080e-02
1.000000000000000000e+00 3.850107764612303196e+00 2.845668612589318802e-01 2.991949342779816057e-01 2.445784572459230866e-01 2.888010739793624437e-01 2.433902161720576107e-01 2.447412039756279856e-01 2.385994579117367842e-01 1.943755063690836005e-01 3.556619201264936154e-03 2.225054875961934159e-02
1.000000000000000000e+00 3.907219417223164015e+00 2.889777814283563395e-01 2.971592086391624532e-01 2.428856450250642673e-01 2.876894965149012773e-01 2.557517328151192038e-01 2.420285129419788850e-01 2.456682273536704431e-01 1.924145106029435393e-01 3.414086105882373386e-03 2.413861537754904626e-02
1.000000000000000000e+00 4.208474902288878106e+00 2.840561995088735081e-01 3.004228200196751852e-01 2.466845897127843690e-01 2.858514750254754766e-01 2.563299696239831893e-01 2.435339593441880890e-01 2.427087928519853499e-01 1.920944177583295831e-01 3.437017041068142487e-03 2.432893206100570846e-02
1.000000000000000000e+00 5.175574981786451367e+00 2.711657616993146114e-01 2.988846076814914987e-01 2.310878679087204346e-01 2.728076870118087416e-01 2.447767498068481318e-01 2.420496606362224357e-01 2.312384731375236591e-01 1.864540777919760084e-01 3.220328587870217082e-03 2.484750916546935376e-02
1.000000000000000000e+00 5.777139163172761549e+00 2.647728750439018452e-01 2.861395857769116202e-01 2.171435857176082507e-01 2.661734671743429814e-01 2.379518066823663458e-01 2.399451873541835756e-01 2.303719759287966018e-01 1.784928000610163379e-01 3.091964408564773156e-03 2.490526112375561832e-02
1.000000000000000000e+00 5.544283803012463707e+00 2.642233291124035377e-01 2.815684764202733281e-01 2.132659561647019808e-01 2.635185474969620745e-01 2.328093501274421939e-01 2.121425129066186743e-01 2.392108292032996963e-01 1.708893111554452560e-01 3.272945271788109574e-03 2.507719199060969018e-02
1.000000000000000000e+00 5.647216437670890876e+00 2.640618257005102887e-01 2.878803968593396378e-01 2.209650902505861103e-01 2.730309795316211985e-01 2.307453661476660256e-01 2.164273186424681417e-01 2.287435052332452146e-01 1.795319339822066262e-01 3.346088522775545610e-03 2.636615203633764157e-02
1.000000000000000000e+00 5.441947740247013776e+00 2.695330398188705567e-01 2.789787659290355326e-01 2.237421883051136096e-01 2.711896986960345424e-01 2.341522631240779417e-01 2.001554389270447931e-01 2.180238691878694235e-01 1.769365589777096848e-01 3.417187657766587207e-03 2.717622866891945821e-02
1.000000000000000000e+00 4.174969834530878110e+00 2.529115341111172754e-01 2.740637927838881494e-01 2.279618459075629655e-01 2.616919811722987488e-01 2.241072426024355579e-01 2.097686429982822953e-01 2.175068340008585455e-01 1.698177740911575029e-01 3.418565851009675201e-03 2.674149595532635329e-02
1.000000000000000000e+00 2.239485526656363579e+00 2.554189329000721154e-01 2.790261123794221532e-01 2.325790388228640981e-01 2.567273694068076817e-01 2.243151869526330278e-01 2.163442958203390110e-01 2.099499001786745145e-01 1.742340130401547893e-01 3.288616020224625642e-03 2.751011351862333795e-02
1.000000000000000000e+00 5.868911820964584969e+00 2.413561017221958482e-01 2.647996354935209240e-01 2.179192770736770313e-01 2.365528529401870195e-01 2.108463930468327807e-01 2.107536002721380197e-01 2.078889807779287224e-01 1.600196567156630112e-01 3.145917598515218100e-03 2.890720351969027282e-02
1.000000000000000000e+00 4.870385548302173184e+00 2.434003225185758512e-01 2.597899831512149871e-01 2.076634946161308726e-01 2.449128465251958209e-01 1.963805022482260909e-01 2.025964346163176555e-01 2.058070362160794864e-01 1.572356602928348113e-01 3.071967536363198747e-03 2.850191902997591467e-02
1.000000000000000000e+00 5.724175046111859011e+00 2.421284027022244378e-01 2.705711259319927287e-01 2.007351568454479596e-01 2.486866923935439622e-01 1.970268100229082553e-01 2.000449690586004747e-01 2.079038802316452716e-01 1.582507139836638321e-01 3.135243807067141213e-03 2.799774788034799927e-02
1.000000000000000000e+00 6.340635592802894571e+00 2.450867999426971366e-01 2.623047820711685851e-01 1.955322286715951430e-01 2.510739106500631812e-01 2.047680306662348071e-01 2.254074073031534786e-01 2.080459381086472992e-01 1.582525604447047318e-01 3.574697257683415782e-03 2.853691165220663406e-02
1.000000000000000000e+00 6.969978616851839170e+00 2.388060201274196381e-01 2.678718171888474497e-01 1.923691281467354575e-01 2.521242137701021346e-01 1.950084944868740178e-01 2.251358956065823425e-01 2.217811956603729928e-01 1.584942256926482052e-01 3.771004577131943907e-03 2.767185125382519428e-02
1.000000000000000000e+00 7.149769129143817459e+00 2.417753575354287532e-01 2.672084306559797673e-01 1.869059987871035944e-01 2.518440109960797257e-01 2.106334242545769286e-01 2.309870454123022776e-01 2.043516548431012214e-01 1.589489383028696023e-01 3.379979621067172053e-03 2.688988304408032604e-02
1.000000000000000000e+00 6.983802273370281810e+00 2.409310598471825215e-01 2.744671985997857444e-01 1.933456002834667009e-01 2.567815059508082864e-01 1.911823188087191927e-01 2.220919342236281624e-01 2.007390497356499326e-01 1.600019364578397219e-01 3.802972948475854664e-03 2.678826104876617584e-02
1.000000000000000000e+00 7.195065754569129446e+00 2.477154841734330315e-01 2.684792388847584421e-01 1.864148492600782581e-01 2.487412470197732650e-01 2.086064586026662726e-01 2.124434193177919261e-01 2.122745932245723166e-01 1.593020306772550687e-01 3.818466333931155258e-03 2.720305668214447956e-02
1.000000000000000000e+00 7.612685056813471185e+00 2.472932826037794740e-01 2.719267445862239563e-01 1.851558425770161720e-01 2.562462084263747442e-01 2.015375640802002377e-01 2.137329114305508704e-01 1.907508772754022142e-01 1.604837259763914337e-01 3.661651858567578285e-03 2.623411404653186105e-02
1.000000000000000000e+00 7.505023515134720213e+00 2.477804358722097422e-01 2.672107062662992805e-01 1.894709302600161016e-01 2.575453054085619087e-01 2.041521799119833669e-01 2.099261032273564698e-01 1.816408726694236087e-01 1.602379698157470334e-01 2.648958236989944464e-03 2.535100443114996632e-02
1.000000000000000000e+00 8.434936078628513911e+00 2.424761379244988468e-01 2.704543450936693350e-01 1.931635951334140233e-01 2.568272768313160648e-01 1.879670105526328738e-01 1.975146474740749891e-01 1.968545826894277651e-01 1.602998759262879436e-01 2.909599972849675076e-03 2.570713249479330068e-02
1.000000000000000000e+00 6.096778204764436992e+00 2.546336521399342745e-01 2.662716853666518557e-01 1.971761092840567109e-01 2.439895699719537847e-01 2.207386591112583396e-01 1.899428794693699685e-01 1.690512673379917785e-01 1.600937795817454490e-01 3.375241434451111116e-03 2.547500188123274015e-02
1.000000000000000000e+00 3.956413059257557041e+00 2.503148510335807542e-01 2.639875707192632093e-01 1.970803950429431683e-01 2.480702000505543292e-01 2.190285387106573056e-01 1.892021699465914475e-01 1.627766764753327267e-01 1.601523159897042525e-01 3.462890313590390786e-03 2.487522476580985437e-02
1.000000000000000000e+00 6.669652619934207216e+00 2.505479182458854037e-01 2.739366585084308525e-01 2.096893338015825559e-01 2.501892460762278336e-01 2.223346577027812965e-01 1.775604799445246185e-01 1.513847440929223520e-01 1.607981555347190450e-01 3.162861851730279939e-03 2.673133798563098046e-02
1.000000000000000000e+00 7.462592357949745292e+00 2.549418803480015816e-01 2.671673610744842442e-01 1.998774021875052431e-01 2.407603288261750407e-01 2.242732426189718853e-01 1.646360234144225165e-01 1.635753673965895938e-01 1.607468571857264827e-01 3.069775121134120811e-03 2.708786526292437241e-02
1.000000000000000000e+00 6.967318607888591586e+00 2.498800250440922632e-01 2.719312845192110029e-01 2.078876599954769810e-01 2.346279035596916529e-01 2.348018102069743540e-01 1.589319515113527259e-01 1.539228559914632144e-01 1.609315309263832094e-01 3.195945019951348248e-03 2.611623803731333640e-02
1.000000000000000000e+00 8.542568016604043635e+00 2.561752072545774861e-01 2.659246683057049365e-01 2.112780462166995443e-01 2.320797631086305435e-01 2.287657458286689316e-01 1.581592835234153505e-01 1.326669205827192555e-01 1.615316747127862607e-01 3.524126348382709221e-03 2.601007334869613954e-02
1.000000000000000000e+00 5.507092598961351726e+00 2.528556903459947547e-01 2.619630225486191955e-01 2.150791663107368690e-01 2.333719274618969164e-01 2.274026604281000896e-01 1.564106894573460693e-01 1.478025696647779774e-01 1.608070036934521330e-01 3.625067897526562666e-03 2.602010455843790926e-02
1.000000000000000000e+00 6.494103266027087429e+00 2.548105486185688329e-01 2.610012956324401778e-01 2.135137115604501812e-01 2.304250291742705459e-01 2.346939954537500261e-01 1.540215187599772162e-01 1.451552101541488948e-01 1.607614873950098944e-01 4.076643769254538127e-03 2.665585652048628115e-02
1.000000000000000000e+00 3.466260355572071017e+00 2.529095940501065454e-01 2.523902786801221487e-01 2.121154310198992698e-01 2.337351205770278606e-01 2.215533434307857541e-01 1.424288195300754678e-01 1.381035259997407394e-01 1.615379176656500659e-01 3.154692555059662468e-03 2.566134203652702811e-02
1.000000000000000000e+00 6.755756852746418240e+00 2.427420216003417786e-01 2.691105611643682116e-01 2.161847335273903714e-01 2.392101722414103626e-01 2.356291128937757218e-01 1.463995615292149055e-01 1.394893877127828807e-01 1.622710685282538479e-01 3.378378550284375816e-03 2.662642851977915781e-02
1.000000000000000000e+00 6.289790767579330755e+00 2.470942376469564550e-01 2.703537224296239105e-01 2.193000510430690164e-01 2.360317271414462958e-01 2.345281393727418895e-01 1.396838664519140238e-01 1.595993638570389339e-01 1.617013829932782976e-01 3.510469977960473456e-03 2.779671366238224001e-02
1.000000000000000000e+00 6.780869421202579517e+00 2.472298032910342225e-01 2.725832732291995075e-01 2.201594880984810709e-01 2.232446238516861137e-01 2.464326380053603882e-01 1.404328873563288338e-01 1.474683827950811210e-01 1.617648950850948120e-01 3.493089497018815430e-03 2.776773204886408969e-02
1.000000000000000000e+00 4.854768481421467996e+00 2.550380471556524253e-01 2.497273211445136532e-01 2.055740084766172482e-01 2.257561078960730050e-01 2.297387982396453254e-01 1.547914619906041733e-01 1.540653708714593839e-01 1.607571107299257396e-01 3.259191669371549766e-03 2.600985447650218732e-02
1.000000000000000000e+00 6.120771228929330121e+00 2.509630229113682387e-01 2.546349319905667485e-01 2.181502032028452276e-01 2.264194179913158467e-01 2.379244769555424743e-01 1.473593040475124072e-01 1.500797342553722713e-01 1.609305261606599202e-01 2.913826626296530265e-03 2.545291686211876431e-02
1.000000000000000000e+00 6.834749813895693471e+00 2.504443976154365203e-01 2.619333010607790557e-01 2.052240613901086530e-01 2.479468509560040501e-01 2.380059190766161403e-01 1.609942688567028157e-01 1.716200504802063154e-01 1.608174361493351079e-01 3.743359105085750788e-03 2.414183489815039177e-02
1.000000000000000000e+00 1.044782518257101778e+01 2.515261306268496977e-01 2.628921454193141050e-01 2.061452654068389179e-01 2.500084367025951493e-01 2.371083698446244392e-01 1.443444748734349914e-01 1.823528604195136793e-01 1.608151075960068954e-01 3.799979903262266836e-03 2.288879494248983668e-02
1.000000000000000000e+00 1.176565658928459435e+01 2.381396520426655727e-01 2.708338502618213850e-01 2.060222956762176039e-01 2.486290280979253919e-01 2.392380987288453553e-01 1.453607401015696021e-01 1.991345959751232852e-01 1.605118622416611684e-01 3.756905050147322546e-03 2.315023301879812895e-02
1.000000000000000000e+00 1.039706566325632942e+01 2.446493351906971203e-01 2.702780354813503205e-01 2.028045793282238218e-01 2.399697693162139156e-01 2.474595978271705021e-01 1.482489444248234201e-01 2.033400582236631060e-01 1.599367847780412966e-01 3.894602036727306139e-03 2.337396170229994255e-02
1.000000000000000000e+00 9.670930343779097882e+00 2.303322011224994692e-01 2.715260111142798749e-01 2.037265328162467526e-01 2.396626184914311675e-01 2.321712610688947964e-01 1.683863076828150951e-01 2.137992757215292638e-01 1.593203754032995190e-01 3.597890374261658412e-03 2.365065421746088276e-02
1.000000000000000000e+00 1.046529218134415018e+01 2.471223963380601296e-01 2.750887093043556941e-01 1.983963787201338813e-01 2.395842137718280362e-01 2.232044039927039702e-01 1.471368864507228147e-01 1.966643168413734211e-01 1.611097838056155529e-01 2.815560759483240125e-03 2.226884497682858621e-02
1.000000000000000000e+00 7.916655662877643884e+00 2.446004585585080660e-01 2.765063888681504878e-01 2.017529880981883406e-01 2.459826314796379476e-01 2.366821154461921095e-01 1.540758222264602406e-01 1.937427689161965727e-01 1.610212766901806258e-01 3.303545566983950854e-03 2.192247744845141066e-02
1.000000000000000000e+00 7.646164781192942961e+00 2.506442455249274226e-01 2.762226820877951572e-01 2.057180625491764059e-01 2.474599362886754916e-01 2.258972590102723832e-01 1.426421244193659954e-01 1.839555891114105779e-01 1.623037047126171251e-01 3.909199744523542130e-03 2.077749676474071466e-02
1.000000000000000000e+00 7.567940080964781657e+00 2.491685762568342510e-01 2.731655101838084687e-01 2.072454887394623857e-01 2.512514007525038506e-01 2.308767482024229045e-01 1.357607597711321112e-01 1.757606265431006787e-01 1.622513534245760281e-01 3.225850820153113550e-03 2.284269448768015687e-02
1.000000000000000000e+00 6.924334692852935902e+00 2.482490874525764557e-01 2.567690595317862479e-01 2.028391664837326525e-01 2.320688270255333863e-01 2.379902778820698339e-01 1.550035579695635268e-01 1.770240663099910128e-01 1.601385228365068414e-01 2.775172895510113341e-03 2.444760296389810947e-02
1.000000000000000000e+00 6.556267206312614171e+00 2.373366055590638013e-01 2.729783344035198733e-01 2.199410113815903900e-01 2.262584204056168891e-01 2.482285928136393205e-01 1.507765942884505828e-01 1.691899818677264355e-01 1.607286165219450058e-01 3.489128166689451499e-03 2.368469950244366309e-02
1.000000000000000000e+00 6.848674888341596656e+00 2.405382193206269670e-01 2.693145125265079542e-01 2.162650854882169904e-01 2.238316445352651063e-01 2.425192204455882961e-01 1.645762913305166275e-01 1.920636734952824720e-01 1.602587696035627784e-01 3.653589878097846660e-03 2.382192673696019447e-02
1.000000000000000000e+00 6.138512534007221078e+00 2.373652776588063562e-01 2.711845351556765316e-01 2.163739318137251899e-01 2.121391924810961671e-01 2.482703202251005103e-01 1.712524511533447535e-01 2.110090052952074691e-01 1.594164676560294314e-01 3.030635633229755797e-03 2.402319002205562798e-02
1.000000000000000000e+00 6.789683828971731394e+00 2.369934677699644388e-01 2.679657101406252573e-01 2.197632639551492795e-01 2.110641514500759264e-01 2.337561257110710444e-01 1.899849231852989984e-01 2.191199675682046211e-01 1.588578484756298093e-01 2.710166290606328895e-03 2.384131299759179382e-02
1.000000000000000000e+00 6.289693331559482736e+00 2.426307760526216495e-01 2.629673633084215756e-01 2.165277874243638767e-01 2.092987010662614999e-01 2.505459337956384980e-01 2.078743223552801389e-01 2.490357634422859234e-01 1.568726151966737536e-01 3.840955867823622489e-03 2.405262398063608836e-02
1.000000000000000000e+00 4.252503226410061288e+00 2.460097317741685996e-01 2.573711686454017156e-01 2.120004253032788111e-01 2.144210811769302616e-01 2.349452254951969743e-01 1.972734796851702277e-01 2.491400083570941004e-01 1.573202955608079268e-01 2.949750748268179738e-03 2.401824649165402309e-02
1.000000000000000000e+00 3.782419535610387129e+00 2.462318390970034965e-01 2.573025654698249398e-01 2.053471447931228822e-01 2.207261469343489435e-01 2.234391621609398415e-01 1.966843965336607380e-01 2.675321542949683495e-01 1.572942078670374333e-01 2.983142160153490121e-03 2.486363938014234110e-02
1.000000000000000000e+00 5.264266681367209877e+00 2.433292730031018647e-01 2.578468077712910977e-01 2.049651763192002485e-01 2.467024379166299353e-01 1.949854350869702491e-01 2.035012797908893334e-01 2.720397502373680942e-01 1.582526618858969836e-01 3.471648291046727872e-03 2.612454277653365048e-02
1.000000000000000000e+00 4.431430036043584764e+00 2.479661775311739202e-01 2.585170597336133302e-01 2.050499306644329167e-01 2.417230130732836157e-01 2.053039439648584874e-01 2.072150480258607985e-01 3.084768338175002400e-01 1.569054723986798017e-01 4.038855918866171568e-03 2.514398933791012897e-02
1.000000000000000000e+00 1.945977913423410310e+00 2.469241345085656514e-01 2.514070386947464542e-01 2.123112755888943437e-01 2.495266776824842936e-01 1.976805039532819053e-01 2.053240452504403180e-01 2.928866197289400897e-01 1.575534688820225959e-01 3.557396201465176135e-03 2.489400513601627493e-02
1.000000000000000000e+00 3.113985563381134192e+00 2.424937341372211674e-01 2.510812164947744951e-01 2.113797145617114515e-01 2.396313166651786730e-01 2.047896985663796021e-01 2.106841284334133035e-01 3.198536655619049762e-01 1.562742670524671917e-01 2.896496291399264233e-03 2.491861618017017846e-02
1.000000000000000000e+00 1.487631404802909785e+00 2.442790072927979728e-01 2.508486837866536479e-01 2.084717063350700894e-01 2.284437762137180028e-01 2.172441623000350153e-01 1.981397323174433067e-01 3.062069233211884844e-01 1.566785096814588274e-01 3.706024233906950703e-03 2.618831818979765538e-02
1.000000000000000000e+00 1.122269442174205878e+00 2.447068930666960740e-01 2.422090781389064362e-01 2.082517612280213037e-01 2.272650142940843832e-01 2.079918779999213041e-01 2.037560951115597041e-01 3.331525829175608355e-01 1.556404568579617675e-01 3.482413515671614525e-03 2.569018526210862033e-02
1.000000000000000000e+00 4.990388270487039257e+00 2.490046398231161584e-01 2.393909901919463457e-01 2.055111775009560993e-01 2.349488832113341696e-01 2.121033103584913648e-01 1.896701966936754913e-01 3.487056929677344597e-01 1.553740479398653396e-01 3.506733041072080358e-03 2.612119541175638576e-02
1.000000000000000000e+00 4.013999293377591648e+00 2.537514999533384552e-01 2.336383299790474877e-01 2.041632270853744047e-01 2.299415770764701439e-01 2.117149742113406952e-01 1.877542182551659444e-01 3.548836201822044290e-01 1.549856555617357967e-01 3.399041978317552185e-03 2.447432154095570064e-02
1.000000000000000000e+00 2.345111487383336524e+00 2.450427130800134357e-01 2.411345857651152891e-01 2.154766956816288048e-01 2.291641420910328908e-01 2.099600720013515276e-01 1.858200502855793246e-01 3.717578709896849909e-01 1.543700736397403961e-01 3.531107155186830743e-03 2.363521544377508027e-02
1.000000000000000000e+00 2.886755432141811628e+00 2.459084989733888171e-01 2.347281654783258398e-01 2.124110814509334866e-01 2.359013926447057485e-01 2.039205994222842155e-01 1.799999365443229193e-01 3.832787777426903131e-01 1.544467527568408327e-01 3.506693862518057807e-03 2.451945502552418249e-02
1.000000000000000000e+00 3.337616726713046766e+00 2.405398376154805062e-01 2.410110235161538328e-01 2.134174247082662457e-01 2.223488633521475411e-01 2.281528801920652549e-01 1.827942493767306387e-01 3.955062878179746444e-01 1.540441839153124659e-01 3.085860196857963256e-03 2.301373984227688893e-02
1.000000000000000000e+00 8.889136065631298322e+00 2.423853690608363531e-01 2.405264586569871021e-01 2.072197873803925394e-01 2.199505294115135234e-01 2.403979887330147391e-01 1.834895080728287942e-01 3.954697896577740179e-01 1.537933271934746882e-01 4.072406138306582969e-03 2.394614334870025577e-02
1.000000000000000000e+00 9.027189112218595213e+00 2.558363928397131004e-01 2.286362490351689647e-01 2.149891189945753178e-01 2.212144526660961841e-01 2.149326063101509032e-01 1.939164946809628087e-01 4.250030727664076968e-01 1.532048249970530684e-01 3.022834543123686935e-03 2.481107775845649288e-02
1.000000000000000000e+00 7.156834568259635709e+00 2.388761841512078710e-01 2.388633878798248622e-01 2.241614499956423312e-01 2.253214974233899437e-01 2.218862356308484163e-01 1.907143954463814961e-01 4.060640307362403112e-01 1.535959613758057507e-01 2.696846941013469542e-03 2.462695386702640904e-02
1.000000000000000000e+00 2.738451618686965627e+00 2.497494594011600844e-01 2.286346967160631516e-01 2.169244581044519060e-01 2.236501351437532037e-01 2.094308725499859913e-01 1.957127395039045537e-01 4.312631217480275558e-01 1.525704999533103456e-01 3.520710062685123397e-03 2.239042008995030184e-02
1.000000000000000000e+00 4.631385718944004637e+00 2.431942608677591378e-01 2.317081444842947757e-01 2.130073465469576599e-01 2.260665057735926076e-01 2.110229581926523768e-01 2.004795618518467326e-01 4.417398615200215373e-01 1.522222714397767074e-01 3.667212206438494326e-03 2.205699447511403136e-02
1.000000000000000000e+00 3.858656063218284693e+00 2.512308661521516773e-01 2.329368669236977218e-01 2.154017168799262083e-01 2.344541238276779405e-01 1.938167067822720580e-01 1.908737153730241942e-01 4.248906020399415562e-01 1.537557057980646624e-01 3.692792290584987359e-03 2.303260276270269885e-02
