1.000000000000000000e+00 5.788025935691604928e+01 2.072397630510158795e-01 2.072432040548123355e-01 1.760184365453489885e-01 1.995178710405989264e-01 1.642070426804440320e-01 1.742012741749460469e-01 4.489647586977654203e-01 1.254089348479276445e-01 3.445094716548961333e-03 1.626293458226106547e-02
1.000000000000000000e+00 5.360107058600140029e+00 2.616476816708414033e-01 2.590239799336899185e-01 2.513452062864692249e-01 2.291424010892289809e-01 2.308448164930564095e-01 2.171140872191951454e-01 1.600627798689605030e-01 1.716078551004015240e-01 3.498775805560514103e-03 2.417037847952638666e-02
1.000000000000000000e+00 4.748411487245746798e+00 2.607260874039487586e-01 2.464492117801879711e-01 2.446340704007346489e-01 2.322571677593349704e-01 2.245618844258363000e-01 2.275607929365170423e-01 1.588610976622429893e-01 1.691046906258080740e-01 3.416227243071362496e-03 2.388579433387918657e-02
1.000000000000000000e+00 4.217690036743526605e+00 2.583957319248362250e-01 2.445178369605697510e-01 2.301801135599877701e-01 2.200618746168576945e-01 2.339748746272440338e-01 2.194309686761505562e-01 1.566675351176277931e-01 1.631274809538862114e-01 3.456717642488415110e-03 2.341680887942926975e-02
1.000000000000000000e+00 4.791424815894735900e+00 2.550856545286246391e-01 2.486379024366779933e-01 2.293499496569913476e-01 2.218327264597060589e-01 2.268394294144468748e-01 2.010880205539523069e-01 1.565764338978462566e-01 1.594218413985463711e-01 3.243386830147520616e-03 2.268270972950502465e-02
1.000000000000000000e+00 3.859931419897888016e+00 2.527511610494871941e-01 2.601440340675584828e-01 2.323222858157319715e-01 2.175867856569518310e-01 2.235896299416729183e-01 1.979593714725559617e-01 1.444152336727934360e-01 1.636929783673529148e-01 3.190114348427677739e-03 2.239459343942405700e-02
1.000000000000000000e+00 4.147853582934387440e+00 2.535139256974155431e-01 2.647415000095137416e-01 2.243695343411078180e-01 2.204978922548091469e-01 2.237336988360969503e-01 1.963048593583739121e-01 1.489775052808453015e-01 1.629833870562525378e-01 3.442956616743313592e-03 2.298076911220401156e-02
1.000000000000000000e+00 4.210805392066049535e+00 2.421026132676792064e-01 2.745739785840196623e-01 2.363397962514208750e-01 2.098794144530798655e-01 2.217105852764001683e-01 1.948783220446078379e-01 1.619807561694717180e-01 1.607408615622317460e-01 3.674211718811464921e-03 2.292101804095280845e-02
1.000000000000000000e+00 4.613503639489921149e+00 2.475756333902612016e-01 2.675321024202835241e-01 2.397614622046472799e-01 2.132953546667386013e-01 2.239029392124958218e-01 1.847888343366737574e-01 1.588007230353083998e-01 1.620947485772092356e-01 3.589658482489027809e-03 2.274369438428044607e-02
1.000000000000000000e+00 4.374323518566343161e+00 2.446000389966791477e-01 2.656028960585943288e-01 2.406453892969729336e-01 2.088650245847895048e-01 2.300310933188366436e-01 1.808127692844082313e-01 1.595821758539622548e-01 1.607863608392717525e-01 3.609018723907260820e-03 2.245488466795719090e-02
1.000000000000000000e+00 2.982390313140669491e+00 2.485774757116612499e-01 2.630651577896073734e-01 2.344492124355557205e-01 2.218705971999302973e-01 2.216225825402860783e-01 1.831284100117380464e-01 1.554272836378384759e-01 1.630638211169992136e-01 3.734548437702525127e-03 2.263329980807956415e-02
1.000000000000000000e+00 3.222105066622810376e+00 2.495362502098212309e-01 2.475538510803421965e-01 2.359232797663906867e-01 2.277783848604423844e-01 2.310996011286071683e-01 1.930691983586480809e-01 1.501039639325152941e-01 1.627179791399970266e-01 3.891700310546051221e-03 2.388839790816984707e-02
1.000000000000000000e+00 3.083730500844979350e+00 2.390394436236607523e-01 2.626488179908145759e-01 2.322452491657058249e-01 2.235080532497082939e-01 2.328095037627537778e-01 1.896289156642814444e-01 1.532430576836767422e-01 1.591180339117775067e-01 3.831030397237986454e-03 2.591256132502222156e-02
1.000000000000000000e+00 3.182576129753309502e+00 2.408177980327081968e-01 2.647556962019358973e-01 2.211629429275172865e-01 2.276021313228039633e-01 2.275141547707975054e-01 1.908151478108975341e-01 1.520876868210690736e-01 1.602795005244504190e-01 3.973324661608402045e-03 2.617357402711555786e-02
1.000000000000000000e+00 3.307830475147236271e+00 2.491975141686709749e-01 2.615687731587788001e-01 2.218585160136356260e-01 2.322093279575584146e-01 2.275181876134975689e-01 1.981112640563182647e-01 1.481203534006449440e-01 1.605805516524814736e-01 4.229111746207907772e-03 2.570748635048809849e-02
1.000000000000000000e+00 3.631586510345243823e+00 2.516480320206111454e-01 2.544061584143340604e-01 2.325716343138245212e-01 2.348225459913695634e-01 2.294447545123238785e-01 2.006091362349398943e-01 1.506283840057255075e-01 1.635550959135718685e-01 4.229772137046663646e-03 2.747138970616372008e-02
1.000000000000000000e+00 3.541355958385853597e+00 2.493370696702950362e-01 2.588268008493688765e-01 2.229559017740766480e-01 2.475025480459144001e-01 2.227316448524593040e-01 1.999286707622619508e-01 1.399846140079439027e-01 1.663238145222249720e-01 3.896119963929022944e-03 2.477279093487987430e-02
1.000000000000000000e+00 3.399117641600833295e+00 2.561360257516848149e-01 2.630210941058478968e-01 2.178503872851141054e-01 2.399597585406100519e-01 2.251521620819431357e-01 1.969873515981234169e-01 1.451948290626151328e-01 1.622839431799158461e-01 4.070138548701048194e-03 2.315177257935963420e-02
1.000000000000000000e+00 4.356600143470934938e+00 2.555916799281977569e-01 2.824378590848151127e-01 2.269863375812996575e-01 2.504302114713903848e-01 2.241296807355968035e-01 2.118786775221789820e-01 1.464475475435846330e-01 1.704655445689625681e-01 4.044997328383085310e-03 2.221738041186199428e-02
1.000000000000000000e+00 4.304201186649869726e+00 2.568326332439260784e-01 2.788985488435128945e-01 2.255708793654007116e-01 2.675127198508761017e-01 2.194388259408705244e-01 2.184107910279414477e-01 1.515292431415622698e-01 1.697335580478191996e-01 3.953029834792932094e-03 2.262612260690637089e-02
1.000000000000000000e+00 4.562072696413270734e+00 2.530267634313415059e-01 2.771200439339021604e-01 2.075016644941385935e-01 2.678402318155042039e-01 2.087130402387452344e-01 2.201291924156687230e-01 1.546760044408166945e-01 1.680429854109017906e-01 3.724897588954455968e-03 2.299454874408189339e-02
1.000000000000000000e+00 7.026341502487822410e+00 2.548760009718750719e-01 2.809533902019276663e-01 1.936176389005669629e-01 2.752389849473055872e-01 2.160186385275695009e-01 2.250440167331705932e-01 1.500101831001038888e-01 1.679948879919961890e-01 3.717670511800449853e-03 2.333084899033702891e-02
1.000000000000000000e+00 7.710116697667629637e+00 2.642637587973615254e-01 2.874873130397643251e-01 2.080502511683458289e-01 2.829770818084350603e-01 2.217582360783995898e-01 2.306773780861264000e-01 1.539617086185517403e-01 1.769132471048243116e-01 3.858310389179214674e-03 2.405339948213517515e-02
1.000000000000000000e+00 7.174508962052687622e+00 2.619471635150865674e-01 2.822413728968855007e-01 2.170457744391671162e-01 2.673354833765791416e-01 2.152828029076686023e-01 2.293437979075896582e-01 1.554477049202859229e-01 1.736220926732923442e-01 3.939123065068031795e-03 2.615396451725031379e-02
1.000000000000000000e+00 1.186204651612748506e+01 2.620567722146066592e-01 2.686045455841038487e-01 2.285577477550262693e-01 2.673525858759890350e-01 2.116249619662628478e-01 2.328162225500320648e-01 1.590850779865782827e-01 1.781347676628305954e-01 3.766701428117222566e-03 2.684088761578027477e-02
1.000000000000000000e+00 6.543558771272968144e+00 2.492151999674067642e-01 2.707582332883435861e-01 2.299632885221580825e-01 2.569318349464326801e-01 2.130877008437284392e-01 2.333133049464633790e-01 1.551198797673272178e-01 1.712559349036036349e-01 3.676143981503744804e-03 2.526422673260186880e-02
1.000000000000000000e+00 5.578109178467550500e+00 2.502575499268507864e-01 2.634383695791133184e-01 2.149646156128326990e-01 2.430245578749355984e-01 2.162459303917957376e-01 2.285324394429458505e-01 1.546711843932505603e-01 1.675306131306071034e-01 3.715636928953753356e-03 2.639124797733539279e-02
1.000000000000000000e+00 7.295663474621266964e+00 2.374263011966769032e-01 2.617108859583385794e-01 2.249536072028925637e-01 2.392858153435066249e-01 2.140570097528423643e-01 2.219858090148012220e-01 1.447987784473008521e-01 1.628657832021525587e-01 3.718778196606697777e-03 2.579130920030358806e-02
1.000000000000000000e+00 4.961018931584975533e+00 2.488914805463731950e-01 2.610465706962776244e-01 2.296083066579059639e-01 2.381891132629379293e-01 2.142221632701047651e-01 2.313837734453467743e-01 1.581143633311039021e-01 1.637029920759512924e-01 3.771720061164166721e-03 2.560931525041919635e-02
1.000000000000000000e+00 5.016795620412636936e+00 2.504131649134400117e-01 2.613385107134985064e-01 2.247086205718725471e-01 2.458863537431046076e-01 2.110998062564400923e-01 2.325079238152405470e-01 1.593461315618883434e-01 1.642012467932944531e-01 3.519093333483388521e-03 2.406844093577787183e-02
1.000000000000000000e+00 3.852255693371140932e+00 2.576072385641297036e-01 2.528052594406436926e-01 2.276137730370426659e-01 2.417312716248114779e-01 2.079841636749685252e-01 2.479230909232173208e-01 1.583409275125390314e-01 1.675470731080953568e-01 3.553167109385353510e-03 2.540243241505612398e-02
1.000000000000000000e+00 4.178620553855361131e+00 2.611261894008090056e-01 2.650889648442871227e-01 2.294219913403685585e-01 2.391739114984190173e-01 2.119892875062409920e-01 2.495699525204530256e-01 1.634393376235304396e-01 1.693004208654444454e-01 3.470026642729055495e-03 2.402665009925363318e-02
1.000000000000000000e+00 9.486316225212895858e+00 2.561304537261681613e-01 2.659457057968778182e-01 2.275291044447084743e-01 2.290336783163064438e-01 2.095115207245908662e-01 2.543676442614798416e-01 1.758878757512210289e-01 1.653567391103079598e-01 3.235374203336028199e-03 2.478705176786225733e-02
1.000000000000000000e+00 5.617543876895934041e+00 2.526333560700853575e-01 2.586226593556206210e-01 2.290639933641231973e-01 2.334015213068858785e-01 1.987155913051212031e-01 2.415479633170742602e-01 1.737476347704833002e-01 1.636435954086927769e-01 3.235868574437929766e-03 2.527232231604231022e-02
1.000000000000000000e+00 6.377175074278258471e+00 2.516003853733087547e-01 2.572839370931456204e-01 2.461312585708101963e-01 2.294805758748725832e-01 2.095996353202561058e-01 2.454721866677627984e-01 1.748682697754850579e-01 1.678685720833885953e-01 3.135747928503078603e-03 2.452098823419516724e-02
1.000000000000000000e+00 5.331953837206355296e+00 2.593318487497154878e-01 2.427297192899189604e-01 2.501660473662428164e-01 2.311508563431781682e-01 2.197195465519436730e-01 2.383997171407564453e-01 1.682180078604511853e-01 1.667621653358151712e-01 3.301922176792887291e-03 2.438390206324262538e-02
1.000000000000000000e+00 5.218493129592612689e+00 2.631517965788587321e-01 2.287267182103810692e-01 2.357623460150090056e-01 2.281141125148375415e-01 2.162775564287034713e-01 2.340313581208036398e-01 1.719618925936199083e-01 1.646143664435667231e-01 3.342077132123841537e-03 2.543470390162416023e-02
1.000000000000000000e+00 6.705646962659947974e+00 2.711666596670497809e-01 2.250794646094755047e-01 2.435218825516874686e-01 2.502908311333817415e-01 2.177771724688889743e-01 2.371777560921637662e-01 1.795315634345275302e-01 1.695281696626776691e-01 3.099297304267620203e-03 2.614254649657384022e-02
1.000000000000000000e+00 8.325947718837857892e+00 2.808062708738385815e-01 2.412839905554690634e-01 2.581696705415626458e-01 2.435435815244585689e-01 2.209720952895698476e-01 2.312702790406547804e-01 1.813724471946038252e-01 1.779110394753277147e-01 3.097488714536246815e-03 2.755331748471824896e-02
1.000000000000000000e+00 3.722165053142131086e+00 2.735199402819362691e-01 2.564774561911475903e-01 2.496750659525206195e-01 2.634750028140459555e-01 2.367948107110443290e-01 2.367857946790767609e-01 1.809711253401018183e-01 1.794752372762375425e-01 3.092719155999636670e-03 2.773423474007061934e-02
1.000000000000000000e+00 2.708927362649768522e+00 2.736590914981055223e-01 2.578543738470283619e-01 2.504407218251976652e-01 2.541951140563056821e-01 2.440376436113034231e-01 2.284789195841959442e-01 1.841205728111423023e-01 1.792423193497744149e-01 3.153399925307292032e-03 2.805569974242198145e-02
1.000000000000000000e+00 4.972002158223844503e+00 2.766704170044003708e-01 2.504854789351798616e-01 2.455728905065481804e-01 2.672600534240860970e-01 2.358799914349130333e-01 2.207018005804502192e-01 1.834297481783204731e-01 1.791122127690936705e-01 3.023208576550306080e-03 2.676570289829795224e-02
1.000000000000000000e+00 5.427071729015341184e+00 2.734562249337131323e-01 2.502942905035313026e-01 2.492975202775163657e-01 2.765599346379109535e-01 2.390438269060213561e-01 2.205221012205976217e-01 1.814686874926984828e-01 1.787762076499481712e-01 3.070999664191910276e-03 2.762239508382033359e-02
1.000000000000000000e+00 4.764096972820353493e+00 2.625373604299708341e-01 2.615214304251195498e-01 2.471625005761143856e-01 2.622749702391123372e-01 2.329717072189102234e-01 2.234560043442273825e-01 1.832143272091792396e-01 1.763569380201502335e-01 3.038083218330777952e-03 2.894338074675096087e-02
1.000000000000000000e+00 3.654475409283487242e+00 2.747396058051512768e-01 2.746834181235387473e-01 2.590872794888223196e-01 2.606803670346487523e-01 2.461971630815922296e-01 2.258496999278392925e-01 1.851842873789467658e-01 1.837502264193717205e-01 3.254727364769824816e-03 2.805169109833141258e-02
1.000000000000000000e+00 2.789182225238347801e+00 2.681350636707184876e-01 2.817758784471446898e-01 2.589102418810827477e-01 2.584990713383817362e-01 2.415730513607641516e-01 2.054661328012221400e-01 1.879579173517205715e-01 1.816476874760336313e-01 3.152030309267100754e-03 2.773089572538176353e-02
1.000000000000000000e+00 3.854992115725548452e+00 2.878159145564349597e-01 2.809945608661620353e-01 2.629716984769286392e-01 2.629231528480636126e-01 2.434899897242485678e-01 2.110183758257223041e-01 1.737253414823408670e-01 1.886256990738043038e-01 3.208407953615567947e-03 2.851461259553362410e-02
1.000000000000000000e+00 3.993008567448057100e+00 2.820573789075776494e-01 2.757879371091951359e-01 2.658125656929918312e-01 2.584585373033153055e-01 2.384353597939822822e-01 2.177447837596795943e-01 1.744280612274951292e-01 1.875351900199594413e-01 3.188964190975864324e-03 2.901098231164312216e-02
1.000000000000000000e+00 5.249122219963885172e+00 2.680686159605640273e-01 2.835479804529733028e-01 2.594101334992863217e-01 2.463306967280536608e-01 2.379539074386040343e-01 2.303874167465400080e-01 1.745595116353996501e-01 1.841527368622558614e-01 3.358887786166670896e-03 2.867296346541706176e-02
1.000000000000000000e+00 7.266837740518077737e+00 2.555691350006240037e-01 2.814343293024809123e-01 2.466482743165978875e-01 2.353395860477951462e-01 2.337322526513452847e-01 2.110509570945668933e-01 1.737203320329201717e-01 1.735531915087279720e-01 3.259959695743767927e-03 3.002131341840981807e-02
1.000000000000000000e+00 4.260181043291606073e+00 2.616812841924187616e-01 2.751319473353812106e-01 2.427299342006867533e-01 2.296244837318868748e-01 2.439829434531647079e-01 1.991420627441340130e-01 1.892107962509191055e-01 1.732825595101851190e-01 3.270057078882733503e-03 3.033299646050419129e-02
1.000000000000000000e+00 3.588717912531844245e+00 2.602433837236879377e-01 2.795618694822842309e-01 2.439456867651555172e-01 2.401552094673364279e-01 2.470495079700410768e-01 1.991052210397143696e-01 1.902723383831437520e-01 1.750524426610874651e-01 3.428370389476386500e-03 2.992227389307765967e-02
1.000000000000000000e+00 6.190258869386902951e+00 2.523238408899642349e-01 2.827867179638953732e-01 2.371214050090265646e-01 2.297786499732204502e-01 2.444929392479304742e-01 1.978346912069288976e-01 1.910429998569615484e-01 1.697830607856383178e-01 3.545254398125329432e-03 3.120427614935122190e-02
1.000000000000000000e+00 6.480900604493821326e+00 2.620820849499544414e-01 2.747449541423004349e-01 2.413512707283644032e-01 2.296978533779706344e-01 2.332333571198048627e-01 2.126716524152203192e-01 1.955587863490932665e-01 1.745322542705367574e-01 3.698928141366316421e-03 3.190723481677436302e-02
1.000000000000000000e+00 4.262263734942568938e+00 2.530291915125899016e-01 2.893016334176082838e-01 2.392001234439749546e-01 2.399017584326199604e-01 2.445648332688464544e-01 2.238249368297190456e-01 1.970861019301738959e-01 1.743075193711194903e-01 3.727482690803290716e-03 3.214110398454129991e-02
1.000000000000000000e+00 3.946115147778193943e+00 2.514355858327043114e-01 2.780055150037546441e-01 2.297498531189902660e-01 2.533705811221624860e-01 2.269090523928255776e-01 2.260852927157475656e-01 1.820584106389586121e-01 1.712600903345010972e-01 3.734906296751812869e-03 3.163239009031350996e-02
1.000000000000000000e+00 4.640363134537132339e+00 2.544839494448979944e-01 2.574086324174586493e-01 2.212906417919053847e-01 2.534886170564601970e-01 2.163938051424747488e-01 2.145496063252516072e-01 1.744725547594213888e-01 1.638349461510563987e-01 3.888630648179165848e-03 3.308344547465483926e-02
1.000000000000000000e+00 4.110168021304595243e+00 2.514958063350073436e-01 2.623030698863027532e-01 2.125981948289806800e-01 2.499294516531095911e-01 2.265986541620799710e-01 2.170991702654074262e-01 1.748613621254673511e-01 1.637238342760647947e-01 3.706132995328334078e-03 3.253921369603576808e-02
1.000000000000000000e+00 5.335739501091349979e+00 2.441856418540623019e-01 2.714646070929241928e-01 2.243770808106505810e-01 2.461733631376332720e-01 2.234301013333611641e-01 2.161226758734413056e-01 1.668487808177513687e-01 1.665859552345039518e-01 3.818556509283609936e-03 3.387936121932838551e-02
1.000000000000000000e+00 4.715879929882648369e+00 2.516819082506655536e-01 2.817708151205717271e-01 2.287971843132658445e-01 2.497803390819119951e-01 2.292134370198714577e-01 2.119266538005559475e-01 1.570358118611463183e-01 1.722569369759973379e-01 3.861142850547699245e-03 3.345548950916651942e-02
1.000000000000000000e+00 5.235205443407540571e+00 2.564431211341779981e-01 2.912905032713604681e-01 2.257644653992295081e-01 2.473550508225760003e-01 2.248463551676295191e-01 2.318438943585368617e-01 1.495627637584461544e-01 1.737165273616036731e-01 3.749946880771765079e-03 3.284605017458527842e-02
1.000000000000000000e+00 6.492461637877214642e+00 2.530361606694118692e-01 2.899840819964861760e-01 2.240917669202812657e-01 2.335506109395698582e-01 2.317360639527455413e-01 2.254030179601690109e-01 1.547259161329202493e-01 1.713731880702099031e-01 3.742616382418102652e-03 3.146979156053746757e-02
1.000000000000000000e+00 8.509828033748556564e+00 2.505313679784681447e-01 2.812077516365341645e-01 2.125755215405185083e-01 2.254907446111187319e-01 2.485038365195942900e-01 2.187031143566595948e-01 1.637628429475810887e-01 1.701563283683557026e-01 3.936409791688594111e-03 3.112437274511489424e-02
1.000000000000000000e+00 7.688622636967416213e+00 2.534647415193277409e-01 2.765659019604467805e-01 2.313814479040819938e-01 2.453866299275204166e-01 2.449912136314422173e-01 2.253826731439597109e-01 1.747402739641268632e-01 1.729903181569147352e-01 3.933359254020388912e-03 3.137843732013643333e-02
1.000000000000000000e+00 8.753432178868434832e+00 2.639617729778522270e-01 2.575522996482474403e-01 2.217184835116251806e-01 2.315201368594286824e-01 2.494242033876031828e-01 2.287135638452529873e-01 1.750157552149393947e-01 1.669028818526928359e-01 3.857439129162572831e-03 2.953727031323965038e-02
1.000000000000000000e+00 7.808717493026391843e+00 2.665516111962319412e-01 2.632597555289759028e-01 2.228608834372844127e-01 2.303964231699426879e-01 2.484692063213136959e-01 2.093854067127967900e-01 1.890990891924608786e-01 1.691957821685321217e-01 3.833568580549773491e-03 3.078968682059315606e-02
1.000000000000000000e+00 9.424187863625295591e+00 2.586108362840268127e-01 2.627718708777026513e-01 2.139881422339951489e-01 2.343224211183960737e-01 2.368045233202066280e-01 2.022423872491810604e-01 1.940768435834694106e-01 1.648749183318666267e-01 3.920133590798915123e-03 3.155402945428093658e-02
1.000000000000000000e+00 7.834834054888297317e+00 2.550926204700973421e-01 2.555998793666517388e-01 2.053740443926226344e-01 2.297940153628170445e-01 2.210954674995124214e-01 1.921583971629216292e-01 1.801578473036613004e-01 1.588649591669692163e-01 3.952708845090639050e-03 2.999417242243483661e-02
1.000000000000000000e+00 9.139017049384031921e+00 2.494222044848259379e-01 2.597752710221629124e-01 1.967450577965340897e-01 2.336081337775304245e-01 2.247015312990768565e-01 2.088488843096499015e-01 1.818494032365473578e-01 1.573397528142900237e-01 3.872933505965799918e-03 2.891617297989801730e-02
1.000000000000000000e+00 6.305153858959221758e+00 2.364713602184141950e-01 2.661596711149047945e-01 2.018784657495892865e-01 2.148049301259226662e-01 2.160881834815011893e-01 2.073824372090577739e-01 1.876695475792798939e-01 1.550609875918383951e-01 3.870029103057528314e-03 2.765927357247967983e-02
1.000000000000000000e+00 4.798063261799110357e+00 2.308311650163966111e-01 2.593659573133680341e-01 2.022028899168199778e-01 2.165323078784706090e-01 2.132063945401967975e-01 2.039994430268739778e-01 1.889107472894762108e-01 1.531494503890912517e-01 3.990344588833589362e-03 2.682232474028889424e-02
1.000000000000000000e+00 4.035046301819829040e+00 2.281434619096188443e-01 2.495043280681916165e-01 2.046798623063289801e-01 2.211110845361076715e-01 1.938392975273881824e-01 2.199476885119377167e-01 1.881082667520596330e-01 1.484781501424034811e-01 3.792691205879593699e-03 2.739588254432747880e-02
1.000000000000000000e+00 7.611510703281299861e+00 2.320816858494796631e-01 2.383122409346914439e-01 2.078639173327967715e-01 2.075421451769922376e-01 1.771755384219610152e-01 2.234059937561167775e-01 1.873754610477905425e-01 1.442823235896185663e-01 3.790034455723921124e-03 2.568514958257306011e-02
1.000000000000000000e+00 6.915652012765808543e+00 2.340480806705642902e-01 2.367962020362904263e-01 1.940405247991360826e-01 2.059652680903632238e-01 1.719890466518716743e-01 2.115580168499571201e-01 1.834432678508774728e-01 1.421897661799205459e-01 3.537371283336766467e-03 2.524566958874805908e-02
1.000000000000000000e+00 7.179377394248691147e+00 2.325666933751717458e-01 2.241144449341172518e-01 1.950108529922496003e-01 1.987625116758785226e-01 1.646153218925522632e-01 2.049134767735904805e-01 1.787303121220241431e-01 1.374263700633479857e-01 3.582139193194055181e-03 2.425704529702602669e-02
1.000000000000000000e+00 6.690292034046387393e+00 2.220963548161564161e-01 2.242661690565858623e-01 1.793791120893919178e-01 2.087175719639398630e-01 1.517426016755792362e-01 2.023434302982861366e-01 1.806248702948065055e-01 1.329374050638393312e-01 3.550846832292974421e-03 2.416987194905461517e-02
1.000000000000000000e+00 7.185989384285659476e+00 2.163562372107107057e-01 2.241158610974403886e-01 1.837897342461683181e-01 2.127116795760313206e-01 1.568241990521948570e-01 2.095709908787437015e-01 1.680709021563387973e-01 1.340508074881874845e-01 3.668578371058662125e-03 2.471290055263961755e-02
1.000000000000000000e+00 7.704502612906376058e+00 2.159586341467820692e-01 2.177701013278473263e-01 1.881749323509647465e-01 2.060455504076122157e-01 1.493219500179797932e-01 2.127800743876969436e-01 1.669338778852900440e-01 1.323062820457779898e-01 3.504762028824692441e-03 2.497326438491948367e-02
1.000000000000000000e+00 8.693012118953337364e+00 2.235019745612878417e-01 2.086805530286830190e-01 1.841718725785840560e-01 1.926932279161759076e-01 1.495970474546797768e-01 1.984165900294493912e-01 1.779282192137635055e-01 1.289663875611611610e-01 3.402212192174735271e-03 2.517341827630847906e-02
1.000000000000000000e+00 7.275773742359696428e+00 2.144644344710797956e-01 2.203157658968624422e-01 1.804118255214922639e-01 1.934781787130042119e-01 1.507307302262720639e-01 1.917354644226135774e-01 1.798339393325573687e-01 1.296586137878970868e-01 3.397006462359584370e-03 2.635018671527544071e-02
1.000000000000000000e+00 3.845851933103983100e+00 2.126503851045329352e-01 2.236937066980225486e-01 1.891294339846519568e-01 2.009984942810611186e-01 1.790729378681612527e-01 1.793852405976793518e-01 1.823835877537718086e-01 1.323709859991880067e-01 3.258757751442553727e-03 2.658016155640452460e-02
1.000000000000000000e+00 5.297391013025096740e+00 2.139049165917499273e-01 2.309611184464071820e-01 1.846648201178086313e-01 2.097218936726592542e-01 1.670267212978673310e-01 1.855373196220590770e-01 1.817009161046848065e-01 1.325033028708123561e-01 3.217658256704507887e-03 2.628768081086170147e-02
1.000000000000000000e+00 6.533853761931484705e+00 2.055165365965918867e-01 2.341880963629159318e-01 1.772614920454300691e-01 2.038835557117188724e-01 1.596425537109237569e-01 1.909127081372634649e-01 1.759248383042979480e-01 1.291437606074112565e-01 2.953176531445637562e-03 2.519817908383581787e-02
1.000000000000000000e+00 4.812850394308187063e+00 2.131459361867922564e-01 2.234263306707424124e-01 1.809866676236769056e-01 2.070316044620165441e-01 1.584326544342570531e-01 1.874128770768458963e-01 1.809705919046354916e-01 1.300575665112555790e-01 3.226302029053839966e-03 2.519439776875454645e-02
1.000000000000000000e+00 3.591738159335899905e+00 2.184277616954583279e-01 2.285708105947903968e-01 1.937040224355095208e-01 2.028840500430077187e-01 1.659639691616029977e-01 1.754214616180676256e-01 1.806783818018366516e-01 1.346403924151223785e-01 3.409534780114252799e-03 2.418299155338153247e-02
1.000000000000000000e+00 4.065827494599288272e+00 2.291224641293622688e-01 2.214020592684121103e-01 2.049489238397305679e-01 2.007144909981268821e-01 1.842784312958725412e-01 1.768762597026695971e-01 1.810058069689458315e-01 1.383840086365417110e-01 3.442766951083166965e-03 2.287185807984567013e-02
1.000000000000000000e+00 5.401300183858599446e+00 2.092812026020273719e-01 2.145150773687008738e-01 2.081148734547157986e-01 1.931103646244954342e-01 1.888367190086269742e-01 1.756202267415840901e-01 1.855576953225586967e-01 1.325576178165633889e-01 3.300974412120650462e-03 2.465322174439661326e-02
1.000000000000000000e+00 5.517939869869542768e+00 2.126764886025871992e-01 2.113696587182894715e-01 2.008887671168180511e-01 1.950216661151557840e-01 1.881102238869776233e-01 1.790575659215410953e-01 1.948245360259511783e-01 1.310310025774868437e-01 3.397365725098101634e-03 2.375818052163016642e-02
1.000000000000000000e+00 6.948415482356345763e+00 2.190709599067398039e-01 2.033172384626493190e-01 2.206327993335833459e-01 1.822811046102458810e-01 1.723376324015100103e-01 1.867901529216008660e-01 2.009411277694272135e-01 1.323389637008356157e-01 3.423068092328237534e-03 2.345500335796531569e-02
1.000000000000000000e+00 6.043553895698682510e+00 2.253872289450742916e-01 2.043845608285405901e-01 2.123847723896205297e-01 1.855438752251122869e-01 1.677586759982660214e-01 1.808926460259570324e-01 2.016843995234432474e-01 1.330304971460561092e-01 3.335067857148266146e-03 2.341131292473557987e-02
1.000000000000000000e+00 6.984914089403015502e+00 2.214268013318330952e-01 1.987453501180960203e-01 2.148233813379440693e-01 1.814749776993978270e-01 1.705405366251877830e-01 1.930601382988064441e-01 2.048806025725632696e-01 1.311116173015802744e-01 3.372084620615805727e-03 2.415270024527172224e-02
1.000000000000000000e+00 8.950507193024265007e+00 2.219516937978300852e-01 1.984810810329441511e-01 2.070322637135588173e-01 1.780835027883272692e-01 1.651891504168729596e-01 1.840824203593081354e-01 2.087051290745064458e-01 1.287193867408249759e-01 3.566370547914466966e-03 2.559862639934332856e-02
1.000000000000000000e+00 9.658100955128002596e+00 2.241741266811997646e-01 1.939753674160738794e-01 2.165885942345320281e-01 1.763860807499744165e-01 1.670194695936728368e-01 1.844390744124017600e-01 2.093794223824821943e-01 1.300592264632857709e-01 3.526968827860669890e-03 2.752980048036645852e-02
1.000000000000000000e+00 7.776379395796470639e+00 2.206734881744075449e-01 1.938708341271213609e-01 1.990186032693939400e-01 1.752629388126246690e-01 1.716201294271089417e-01 1.685763257736257181e-01 2.027850207272835215e-01 1.251503488784847240e-01 3.605867462524297955e-03 2.680323844731620497e-02
1.000000000000000000e+00 7.985508380934088990e+00 2.132617488397711425e-01 1.907884755028400325e-01 2.062889998995795504e-01 1.665323166149443312e-01 1.636452747520741047e-01 1.809086307252643078e-01 2.007697814632093958e-01 1.238256982091145431e-01 3.259059070002014950e-03 2.629593117365265284e-02
1.000000000000000000e+00 8.321611349167012506e+00 1.985911305633824286e-01 2.013297573470488877e-01 2.093132430831174118e-01 1.770771845911577880e-01 1.541990708366172136e-01 1.651629388130551046e-01 2.012696877767549686e-01 1.201208494706211966e-01 3.106795098588108033e-03 2.701364445202917783e-02
1.000000000000000000e+00 9.201979082180475444e+00 1.960346329512190899e-01 2.074865279613200275e-01 2.020230538981836466e-01 1.684806708058927682e-01 1.563589270270556719e-01 1.779054034563237463e-01 2.078338084432666544e-01 1.184337848601457327e-01 3.305751196382458474e-03 2.605893654451022293e-02
1.000000000000000000e+00 7.952546433205380794e+00 1.977942374896795585e-01 2.022139153644970655e-01 2.078650364794947802e-01 1.759328662189843517e-01 1.628721989497448619e-01 1.772143305650743517e-01 2.079883115291383255e-01 1.221861886860138580e-01 3.269148932013827159e-03 2.585268543254198859e-02
1.000000000000000000e+00 7.730774082627871024e+00 2.073865287869126883e-01 2.163335069285442502e-01 2.078081729807661204e-01 1.866117776827541097e-01 1.566717453662306303e-01 1.767471759274515108e-01 2.105088939315210295e-01 1.277890181290842198e-01 3.389323056370596200e-03 2.622987620517738122e-02
1.000000000000000000e+00 7.477178725866627573e+00 2.059559951151484491e-01 2.131857099940382416e-01 1.905923120869795762e-01 1.987544960488413504e-01 1.480916739269871885e-01 1.738242059562447317e-01 2.109571156132872272e-01 1.265586895163905989e-01 3.506960254135890222e-03 2.625619152663739853e-02
1.000000000000000000e+00 6.823786378439513634e+00 2.112071462401120259e-01 2.147404952006481682e-01 1.796204806466767390e-01 2.002272692541677002e-01 1.555883982575170243e-01 1.718494586436361271e-01 2.165405298282680191e-01 1.280346360965368413e-01 3.504579775147974308e-03 2.685260398868307211e-02
1.000000000000000000e+00 7.058352149512666429e+00 2.104278411581236574e-01 2.287480767893634581e-01 1.778938840261925225e-01 2.040392480086910543e-01 1.598763746429648913e-01 1.776343430548486257e-01 2.004514756284295762e-01 1.311389024344616072e-01 3.705831756512190708e-03 2.632059459698008960e-02
1.000000000000000000e+00 7.292891603043367255e+00 2.087768276138890766e-01 2.264094607061976350e-01 1.860991061313804484e-01 2.056971553206489445e-01 1.532607218909914637e-01 1.832161525096157040e-01 2.042608490529786713e-01 1.286144517088533279e-01 3.582106844096035522e-03 2.683544173566770191e-02
1.000000000000000000e+00 5.768911138728690879e+00 2.169876811136225991e-01 2.142405363569954979e-01 1.938034267787582532e-01 2.062299314497012814e-01 1.518103670640473524e-01 1.790901974504168492e-01 2.012559469432035064e-01 1.302658127546873768e-01 3.519312041204049855e-03 2.519642530011044490e-02
1.000000000000000000e+00 6.785498316011785214e+00 2.128181663924239020e-01 2.272152171407460231e-01 1.689872749450665457e-01 2.062399218984413973e-01 1.569441327720524360e-01 1.804427609507365249e-01 2.042150823437540730e-01 1.262987645523861169e-01 3.299239274403520990e-03 2.561384044941340810e-02
1.000000000000000000e+00 6.879596678510010221e+00 2.098865640690986412e-01 2.301714866982767227e-01 1.781143752709525852e-01 2.057657660428976465e-01 1.616926344599892706e-01 1.802931830964240867e-01 1.992655149012186599e-01 1.274086044899332693e-01 3.388264851656100883e-03 2.554834854812508549e-02
1.000000000000000000e+00 5.444516602075770706e+00 2.163918585863510990e-01 2.280601488041453240e-01 1.863498378285369794e-01 1.870991666994968605e-01 1.659591030478536622e-01 1.759435200649039632e-01 2.030039388705882908e-01 1.305638740385119956e-01 3.216060077643461291e-03 2.537671121531915111e-02
1.000000000000000000e+00 4.837698746148006990e+00 2.146321215371283786e-01 2.065652844716253378e-01 1.914800949573043365e-01 1.901864674427020119e-01 1.713692976450408856e-01 1.685593945862246812e-01 1.992408135979712447e-01 1.275862271310741480e-01 3.135367272887852087e-03 2.575832083817835780e-02
1.000000000000000000e+00 5.699574960077851138e+00 2.181297462183952318e-01 2.115194320479252266e-01 1.844807490336826672e-01 1.876135429768035490e-01 1.672919259255842839e-01 1.792787920542742441e-01 2.124893686840531870e-01 1.270804841562895027e-01 3.207838632454946669e-03 2.692696893201962718e-02
1.000000000000000000e+00 7.259649594697133779e+00 2.186958460036474428e-01 2.085327709796806206e-01 1.868773810934482027e-01 1.897188283962492061e-01 1.666296210163778213e-01 1.853377846830239484e-01 2.415356477980084016e-01 1.265420696345119500e-01 3.867910493735897664e-03 2.655240342029913103e-02
1.000000000000000000e+00 7.022928068357363607e+00 2.203903427514748714e-01 2.007733427517093827e-01 1.855681448934491107e-01 1.832723222113449846e-01 1.671672657096138215e-01 1.815393888418597723e-01 2.496266748902334631e-01 1.258893561314654852e-01 3.134413024842915441e-03 2.555104754800255340e-02
1.000000000000000000e+00 8.434282824126203337e+00 2.160398196824901418e-01 2.015014492511561506e-01 1.819151733557207440e-01 1.869339807800391995e-01 1.747643238614889349e-01 1.732726391963977930e-01 2.554523389707947789e-01 1.259870364465160986e-01 3.177648448491167312e-03 2.615798628433725972e-02
1.000000000000000000e+00 1.186472871858648404e+01 2.151955219942439101e-01 2.087602171949621555e-01 1.883547748520838505e-01 1.918714757347677879e-01 1.553132184156311990e-01 1.643775280077236778e-01 2.518397338633435179e-01 1.270400346014862181e-01 3.600641775899849923e-03 2.605636428902310953e-02
1.000000000000000000e+00 1.310506035586696072e+01 2.166756038916149707e-01 2.136852322263145809e-01 1.934155323165505092e-01 2.080043488698057330e-01 1.569197618832972596e-01 1.620390754721577897e-01 2.504175085293448566e-01 1.276710219746655384e-01 3.856089278225660437e-03 2.771768088175021252e-02
1.000000000000000000e+00 1.268916290372043321e+01 2.087886890685132224e-01 2.114129317025175980e-01 1.878327975243400672e-01 2.016575679076685335e-01 1.781120399093567841e-01 1.787142783131056289e-01 2.510185876319751541e-01 1.266095185694486591e-01 2.897901048205895041e-03 2.744761345450829823e-02
1.000000000000000000e+00 1.088785407361196711e+01 2.039787206180084800e-01 2.188062278701236318e-01 1.896394332374919112e-01 2.008700318146594277e-01 1.772180609790300621e-01 1.511568347613779228e-01 2.380346556212757092e-01 1.278952897565129032e-01 4.343752489707144830e-03 2.728839135400734986e-02
1.000000000000000000e+00 5.402690406375742604e+00 2.192059988878168608e-01 2.117367610208730488e-01 1.798756332763567223e-01 1.870836042408291211e-01 1.843567988833641758e-01 1.347096640327883899e-01 2.448102689629712836e-01 1.277343536813836111e-01 3.581649006298354317e-03 2.723118141065531198e-02
1.000000000000000000e+00 5.912571916891056212e+00 2.187837973181633033e-01 2.151842667223385908e-01 1.786166265932946362e-01 1.945885656474306002e-01 1.772879043608981409e-01 1.359991561455473341e-01 2.232865530138011811e-01 1.289160489805199761e-01 3.424834530934777344e-03 2.626223877504269347e-02
1.000000000000000000e+00 7.451994687317003319e+00 2.249026000372466028e-01 2.097599268049904486e-01 1.846956911656839895e-01 1.899450307853620956e-01 1.869737004057437091e-01 1.602069763613754305e-01 2.312300724821164666e-01 1.281745533498540313e-01 3.867003414569657616e-03 2.595862020796886604e-02
1.000000000000000000e+00 6.366667757498583491e+00 2.219994092443686173e-01 2.030567612246882425e-01 1.875511426131287185e-01 1.886010312781233322e-01 1.856831196548944241e-01 1.589721835483334789e-01 2.345535241687744243e-01 1.278034832266130294e-01 3.941775295442748184e-03 2.694958271428149130e-02
1.000000000000000000e+00 6.682402895189356151e+00 2.201253482230749459e-01 2.048639639569455884e-01 1.929618555485412834e-01 1.888591606088650676e-01 1.845455603206425932e-01 1.523919028938514608e-01 2.294030328138426666e-01 1.279816344521371441e-01 4.226179962498931297e-03 2.732633756785024168e-02
1.000000000000000000e+00 4.827113896067504406e+00 2.134380925050188282e-01 2.157364707412939564e-01 1.965206680883870571e-01 1.823301684130309575e-01 1.898835536999995410e-01 1.502476476358138857e-01 2.343780292316233194e-01 1.276896320568741694e-01 3.403005080353694364e-03 2.748546453299156520e-02
1.000000000000000000e+00 6.650978450322175384e+00 2.121544804620954794e-01 2.104170710565523850e-01 1.904429893666671481e-01 1.900160549900274110e-01 1.928314541820318195e-01 1.454109747411512499e-01 2.138818456768372123e-01 1.281835425420607411e-01 2.669142527617535381e-03 2.694896993061134116e-02
1.000000000000000000e+00 5.528996038823789760e+00 2.173282238706102931e-01 2.093790745030154055e-01 1.970302601463692072e-01 1.805837308880218206e-01 1.907596057827487535e-01 1.296215445379906295e-01 1.931853771162727884e-01 1.283380892087582492e-01 3.472729757435660987e-03 2.676797912871208690e-02
1.000000000000000000e+00 7.226168308540664498e+00 2.096932579000079233e-01 2.208166085122544031e-01 1.951967078586319682e-01 1.776938924289506450e-01 1.900088858175858486e-01 1.316443240977253903e-01 2.144664382629333788e-01 1.277658188244786275e-01 3.952395881394565880e-03 2.635395156516955745e-02
1.000000000000000000e+00 7.264312184679103446e+00 2.088363257055331768e-01 2.154357900997547759e-01 1.901790748508051798e-01 1.825404407100826853e-01 1.993478262849530946e-01 1.091899459054257726e-01 2.068071998719367144e-01 1.281144207909122312e-01 3.200353943183598462e-03 2.718154398274627917e-02
1.000000000000000000e+00 8.797475165305158384e+00 2.105137389118335589e-01 2.234651809644868092e-01 1.912213627364434398e-01 1.829577366640773584e-01 1.942634876447717762e-01 1.144353971412920695e-01 2.134458931859430364e-01 1.282575280814318430e-01 3.374325550078677988e-03 2.493150739277242081e-02
1.000000000000000000e+00 7.865054437694831257e+00 2.144346424016621844e-01 2.201368041556455990e-01 1.840358292651820549e-01 1.993288404446430240e-01 1.732211177504509592e-01 1.280003997845889641e-01 2.207690775462214372e-01 1.288485924175497566e-01 3.385869657917501413e-03 2.475457806321339216e-02
1.000000000000000000e+00 6.436614066092540831e+00 2.168109184488380969e-01 2.063352751836366183e-01 1.841457110289260457e-01 2.003107480479354441e-01 1.774839526825841840e-01 1.314524938529570697e-01 2.228345957069555461e-01 1.282733483776757333e-01 3.457363796759924286e-03 2.453465252343581954e-02
1.000000000000000000e+00 7.370553537587468895e+00 2.116730442908510978e-01 1.991217972328533647e-01 1.871921313167650425e-01 1.938065804003479276e-01 1.895774600455920056e-01 1.547987791847410532e-01 2.265838363515687570e-01 1.264807331594973439e-01 3.281210112122898322e-03 2.657975760985822541e-02
1.000000000000000000e+00 8.692124150380085013e+00 2.093204399568047991e-01 2.066313239507751309e-01 1.801323167528301461e-01 2.003966850491568363e-01 1.826204354178112277e-01 1.378426879520917026e-01 2.243933805231203560e-01 1.278468903361165421e-01 3.789881677578100117e-03 2.608333740334154577e-02
1.000000000000000000e+00 9.250600998652288354e+00 2.157951621125453467e-01 2.119054234018871163e-01 1.814381877460636283e-01 1.872177888701943016e-01 1.999521656819326920e-01 1.209715074624786585e-01 1.777538859750059652e-01 1.289158781298167522e-01 2.895692087738424222e-03 2.435330157331481310e-02
1.000000000000000000e+00 8.620763996321931799e+00 2.181102102762455253e-01 2.174315593701902083e-01 1.861341479917960895e-01 1.759389477206572405e-01 2.152186298850619628e-01 1.316549988171852870e-01 1.671499395827238110e-01 1.287526242241089913e-01 2.958308081467431096e-03 2.406639908407766024e-02
1.000000000000000000e+00 7.812651531746929834e+00 2.222455405287733499e-01 2.159175374504185008e-01 1.840033919819426267e-01 1.900156474395846284e-01 1.944274919537781754e-01 1.326308609375898284e-01 1.620543253939211170e-01 1.298175978322393120e-01 2.784771309766955697e-03 2.583056835604697482e-02
1.000000000000000000e+00 7.461145779740728123e+00 2.142439536393948296e-01 2.136917885561338548e-01 1.767784754334952024e-01 1.865334977514658543e-01 1.967940762363086515e-01 1.443631735920676007e-01 1.781941655960472826e-01 1.288528090253755753e-01 3.641724944129667504e-03 2.775481903850175389e-02
1.000000000000000000e+00 5.765283406736362082e+00 2.059935195034013622e-01 2.185742948525346285e-01 1.873814769158680671e-01 1.797707521749818127e-01 2.031022451262390893e-01 1.510420936269080416e-01 1.807975276370500373e-01 1.281655029872871554e-01 3.116082322251071367e-03 2.739825161694636052e-02
1.000000000000000000e+00 7.274291795003045458e+00 2.162921653253743193e-01 2.272883323839849368e-01 1.882428031978651828e-01 1.944006536062226620e-01 1.968968890664581917e-01 1.441622578794230780e-01 1.750507140192463784e-01 1.299377164329282297e-01 4.060499157646653076e-03 2.714200133091821537e-02
1.000000000000000000e+00 4.644708240924870779e+00 2.190274508840558965e-01 2.294248493987379733e-01 1.849570739634202321e-01 1.950568095062119034e-01 1.866527002327942053e-01 1.400936243204802811e-01 1.773559675850172324e-01 1.304847697146278573e-01 3.421450917284932832e-03 2.788460259880435818e-02
1.000000000000000000e+00 3.861305125076996081e+00 2.119665429025077430e-01 2.107735718982673423e-01 1.887875615627682413e-01 1.925094086303479890e-01 1.763665048157171400e-01 1.636785932927840859e-01 2.130528294211400109e-01 1.282566245605823163e-01 3.700484461088203621e-03 2.747351581263553222e-02
1.000000000000000000e+00 5.099239923580722866e+00 2.174414158239189876e-01 1.985945869278690212e-01 1.911515291680892792e-01 1.964408383416039738e-01 1.693417913847472811e-01 1.647901702190373019e-01 2.036196942856664249e-01 1.279833682985381527e-01 3.842162134448476318e-03 2.625675990345295932e-02
1.000000000000000000e+00 7.183214651694349584e+00 2.165764565614842763e-01 1.985262014119046070e-01 1.878313104751494211e-01 1.884924331852560198e-01 1.904935945147420706e-01 1.740072538924301859e-01 2.152347911770877142e-01 1.269815262387853083e-01 3.168335912664488677e-03 2.483656599527022182e-02
1.000000000000000000e+00 6.165780702475660568e+00 2.146894893982781161e-01 1.976497110721848471e-01 1.957212487409538682e-01 1.879117954840537341e-01 1.718190606604028947e-01 1.706245248599036202e-01 2.145866317463192008e-01 1.271333704588162861e-01 3.167858582879356719e-03 2.449056601127623523e-02
1.000000000000000000e+00 8.052855219045207846e+00 2.186677154579582671e-01 2.092669245349614016e-01 1.947234107199491693e-01 2.032072492378951545e-01 1.726162524307522650e-01 1.727660059385306146e-01 2.043060298524649598e-01 1.288313703355554729e-01 4.372029625674245419e-03 2.456566036165546557e-02
1.000000000000000000e+00 7.119672414143145112e+00 2.217928605876453296e-01 2.033536325289641289e-01 1.764302469494528347e-01 1.901427797305979828e-01 1.889633216306936814e-01 1.648763409814338332e-01 2.167655760809072962e-01 1.280956098031334478e-01 3.458114624771566926e-03 2.470830817333004997e-02
1.000000000000000000e+00 5.606176062557193696e+00 2.138220302013416341e-01 2.165353166511386762e-01 1.856468252186049828e-01 1.813391381855846973e-01 2.009709486838861525e-01 1.551853132188653894e-01 2.202228803818102598e-01 1.284989476897389349e-01 2.900188204579708367e-03 2.373927900981591746e-02
1.000000000000000000e+00 5.702647001937311444e+00 2.115367481104218073e-01 2.309347715452041983e-01 1.900556292580413975e-01 1.919099778645994292e-01 1.856558831346337979e-01 1.424943223787909496e-01 2.137199506262184578e-01 1.302211816626173968e-01 3.888161636640373019e-03 2.388083233111236436e-02
1.000000000000000000e+00 6.954131101413034699e+00 2.180464312584533548e-01 2.303789567647331338e-01 1.868379129100476155e-01 1.832507190828879529e-01 1.938773822329589447e-01 1.453825267020447676e-01 2.179254128747582786e-01 1.296461041989975249e-01 4.025858623220356612e-03 2.410456101461417797e-02
1.000000000000000000e+00 7.003790228510091254e+00 2.149566797725945555e-01 2.259867340355975474e-01 1.886990644454865085e-01 1.757906159449839079e-01 2.040251464997591413e-01 1.430136055278443674e-01 1.992683082744118039e-01 1.295939694285536126e-01 3.161314462938273357e-03 2.256219111912801181e-02
1.000000000000000000e+00 5.585038299045661070e+00 2.113554425943704462e-01 2.236569819548006599e-01 1.894971958659641686e-01 1.818878393911750324e-01 1.895527742053782494e-01 1.298041822318238003e-01 1.914285109929253492e-01 1.306653261466821925e-01 3.149150312620709567e-03 2.231879720847079404e-02
1.000000000000000000e+00 5.771401957646412839e+00 2.163944405427010442e-01 2.124082399345942618e-01 1.896432742895249601e-01 2.028570322367372059e-01 1.765830476578600650e-01 1.433103273098619845e-01 2.120133035274663902e-01 1.303010500707444952e-01 3.089123929486780988e-03 2.193731966677317166e-02
1.000000000000000000e+00 7.444449277784994656e+00 2.167675557483936810e-01 2.027194909575547876e-01 1.903283870595015026e-01 2.031642916678796096e-01 1.821896576105744014e-01 1.225496584667207789e-01 2.018659927417636446e-01 1.303861005790816485e-01 2.762502827726834136e-03 2.177827370998951240e-02
1.000000000000000000e+00 1.128033828169601982e+01 2.162325220493538924e-01 2.144409091815634993e-01 1.952247580050560372e-01 1.976916305410935937e-01 1.868147699320105992e-01 1.210007009355114904e-01 2.061007499511688101e-01 1.302090216964614244e-01 2.632395513082883085e-03 1.916604150487358910e-02
1.000000000000000000e+00 1.187136311041289716e+01 2.127188550433554426e-01 2.214166212418609281e-01 1.951601050923397751e-01 1.885214352262868098e-01 2.064638156058654084e-01 1.208752896742448096e-01 2.082866143616930177e-01 1.303141319916467367e-01 4.415895064506427520e-03 1.872654460560384954e-02
1.000000000000000000e+00 1.174197320477550832e+01 2.160120343586103275e-01 2.230052738909046040e-01 1.942684554664367569e-01 1.932573884187673008e-01 1.961503237013353940e-01 1.176887041749408169e-01 2.024697102105398605e-01 1.307176700132474390e-01 4.506973462228077050e-03 1.849153730618777886e-02
1.000000000000000000e+00 1.456083522751767134e+01 2.140341686735554860e-01 2.326073280813511779e-01 2.009545960308556090e-01 1.889546453439905349e-01 1.995353860838240401e-01 1.210559640792458480e-01 1.952739126356039800e-01 1.310112026465969914e-01 4.656846743042911130e-03 1.890855260469579552e-02
1.000000000000000000e+00 1.593890525953132453e+01 2.181481867932136831e-01 2.317309720981589605e-01 1.998130518326403926e-01 1.766839534322776073e-01 1.905296478166107754e-01 1.150451747202686781e-01 1.830532422493942601e-01 1.311509277829601694e-01 3.643648024256180163e-03 1.902876761891674623e-02
1.000000000000000000e+00 1.564874814092453015e+01 2.147242501376092350e-01 2.156510783465339365e-01 1.968071289755360387e-01 1.801631613493800965e-01 1.804068714990766098e-01 1.230634149065067268e-01 1.860405227769219849e-01 1.306935057623248575e-01 2.537221944252683083e-03 1.906657837807948855e-02
1.000000000000000000e+00 1.406983284832717196e+01 2.120610144610289294e-01 2.214352240027829821e-01 2.028001276490197513e-01 1.841090315507714903e-01 1.794329540712426285e-01 1.316981880829602714e-01 1.855095080555476672e-01 1.307206193691426155e-01 3.099904069904207537e-03 1.983898885938113060e-02
1.000000000000000000e+00 1.435978295810165939e+01 2.021969845644127073e-01 2.182736930774079320e-01 1.954449069592608945e-01 1.717887648482047391e-01 2.058622605805177364e-01 1.233573920034494453e-01 1.969401365471410426e-01 1.295314470910367277e-01 2.734705291403381495e-03 2.132557774852302315e-02
1.000000000000000000e+00 1.257000507851456916e+01 2.179740563110674767e-01 2.260059477625598334e-01 1.984403526656950134e-01 1.883923942911847615e-01 2.021101899376446243e-01 1.187817677843290010e-01 2.218547812637105265e-01 1.302465243686940222e-01 4.541918317530372479e-03 1.981622073618895252e-02
1.000000000000000000e+00 1.378923413774017881e+01 2.067197900893148754e-01 2.256271529592026870e-01 1.996147870622876075e-01 1.853093963840435343e-01 1.945949635909467734e-01 1.262754646546314918e-01 2.398112523019615694e-01 1.295486698323309593e-01 4.320335100378372081e-03 1.881120192875244956e-02
1.000000000000000000e+00 1.301574581300930333e+01 2.076691263319280223e-01 2.278623433918349483e-01 2.014681361584294284e-01 1.983708510194748253e-01 1.719552855037774219e-01 1.255900888954880057e-01 2.658216770149138264e-01 1.297643697712845823e-01 4.030030421903377236e-03 1.853953380102522225e-02
1.000000000000000000e+00 1.021598231661066514e+01 1.977465901719618890e-01 2.235189471624548785e-01 2.039210440518501033e-01 1.808312455821552978e-01 1.823759441485041377e-01 1.473545078923144958e-01 2.713706218302678885e-01 1.280490815074865341e-01 3.219318748419091551e-03 1.989772654523010165e-02
1.000000000000000000e+00 1.085553110418161360e+01 2.099828280781636525e-01 2.234753906371904353e-01 1.951219958579649139e-01 1.756754419610063178e-01 1.765772469378451281e-01 1.514833612027769727e-01 3.120556136331709696e-01 1.271908938166731451e-01 2.934255043368426668e-03 2.158494236210834263e-02
1.000000000000000000e+00 1.120578290630692919e+01 2.077043426072927024e-01 2.214097580319909220e-01 1.982221250384512412e-01 1.621695396439045145e-01 2.043218739664932615e-01 1.570525374161417242e-01 3.299767778670870122e-01 1.256270923382797333e-01 3.559600828541018350e-03 1.804769922384854078e-02
1.000000000000000000e+00 1.164919377417759350e+01 2.058384182457334011e-01 2.354052853519127964e-01 2.128436019903701959e-01 1.821414355621309711e-01 1.909949329186879097e-01 1.475276977408997436e-01 2.962458074200620683e-01 1.283011599979396455e-01 3.635060230133663282e-03 1.830237041237457382e-02
1.000000000000000000e+00 1.178251283798433136e+01 2.022564588119456774e-01 2.210159350947650536e-01 1.958306604233534531e-01 1.612721330729175173e-01 2.039613503736571465e-01 1.446844841204203702e-01 2.982687704849687482e-01 1.270238835630974894e-01 2.475648162780151769e-03 1.822545130564938096e-02
1.000000000000000000e+00 9.568556559175579679e+00 2.084446590943205557e-01 2.192165351761043712e-01 1.957839656734191303e-01 1.521527210729423374e-01 2.026344940832811303e-01 1.414641551402937847e-01 2.954134715978570802e-01 1.267928695367240843e-01 3.377772517810650067e-03 1.910450527552094713e-02
1.000000000000000000e+00 9.809172202360818105e+00 2.116797317550739577e-01 2.262232692204663720e-01 2.003555299805262757e-01 1.686136964914491110e-01 1.964918893699366120e-01 1.322655987441807290e-01 2.892587222697033389e-01 1.281360639865066764e-01 3.655155262538890143e-03 2.095260752730164835e-02
1.000000000000000000e+00 9.785077581128682311e+00 2.103461120772218418e-01 2.255769555205520416e-01 2.017112648864850255e-01 1.726756967218379402e-01 1.919617035216423240e-01 1.382069266881755798e-01 2.912891931539672297e-01 1.279414400217719350e-01 3.764875948785704942e-03 2.348451692345706124e-02
1.000000000000000000e+00 1.146037538057798777e+01 2.082281338640394053e-01 2.224855728806122146e-01 2.044968075231831384e-01 1.892776139801010948e-01 1.911498302040964548e-01 1.507262496484407799e-01 2.835736438511920476e-01 1.282808073427191553e-01 3.905229226122450270e-03 2.497570178223076920e-02
1.000000000000000000e+00 9.405569612696901061e+00 2.159022554439183617e-01 2.126050899493574509e-01 1.855413329111398613e-01 1.688006068224337519e-01 2.032175785423061265e-01 1.413187648016948350e-01 2.805038772924721147e-01 1.277938546697190703e-01 2.821926197037805117e-03 2.697429453455458398e-02
1.000000000000000000e+00 1.009573577028221969e+01 2.036506283032015197e-01 2.188764390760652156e-01 1.970681314827669450e-01 1.785944590508287411e-01 1.862041393166108116e-01 1.658063018159897095e-01 3.007012050775733636e-01 1.274290148276173984e-01 2.323141277152740349e-03 2.865772541322598663e-02
1.000000000000000000e+00 8.909920454720330341e+00 2.066409113905073036e-01 2.170063972635991045e-01 1.998696472966173532e-01 1.920153029474415129e-01 1.749879824483525081e-01 1.688824776587578569e-01 3.001656093088556077e-01 1.275231103784227604e-01 4.362387607213750323e-03 2.908256422457935336e-02
1.000000000000000000e+00 7.550187091345224033e+00 2.191963401295407565e-01 2.051751222531538466e-01 1.893545621188794381e-01 1.806166120531556007e-01 1.825464079095422409e-01 1.755611369885810014e-01 3.240799616969070596e-01 1.262114192623479403e-01 3.939956401054066359e-03 2.939104224608279567e-02
1.000000000000000000e+00 5.704710180463025360e+00 2.106073788355307674e-01 2.053222193097241910e-01 1.889915954435763823e-01 1.835746669482387905e-01 1.848509733827973789e-01 1.662327427491310239e-01 3.391744633038921708e-01 1.260819860947189619e-01 3.798190507665179325e-03 2.996393359134070372e-02
1.000000000000000000e+00 5.397649647332533718e+00 2.154567039083744029e-01 2.005743067547641756e-01 1.903494656872244117e-01 1.969822869843959323e-01 1.679378426596895013e-01 1.553848397103747281e-01 3.604451701636308680e-01 1.266035948901115815e-01 3.183507447469776427e-03 3.161035535620577291e-02
1.000000000000000000e+00 1.182895520157137881e+01 2.199125883839342377e-01 1.830470967909469115e-01 1.869481876003526721e-01 1.873492781878629554e-01 1.725588681186235873e-01 1.457973331651739313e-01 3.831226041878381672e-01 1.252953003569727275e-01 3.567059215115669663e-03 2.991227456562801576e-02
1.000000000000000000e+00 1.124425503799585790e+01 2.174194225186252549e-01 1.930391668929024029e-01 1.915784074955489691e-01 1.906575868496488690e-01 1.823025813304422205e-01 1.594852455342366526e-01 3.824600262882745239e-01 1.251972424118845961e-01 3.399668543695479050e-03 2.929918889197290210e-02
1.000000000000000000e+00 1.013540421823807236e+01 2.136937813370879402e-01 1.870117643922727946e-01 1.884927099757025826e-01 1.927147291350030378e-01 1.803910307997128870e-01 1.611583019879298806e-01 3.698607666041464626e-01 1.250587437616935693e-01 3.244470216181956183e-03 2.855649852120595994e-02
1.000000000000000000e+00 9.772826911857830368e+00 2.252648729839921704e-01 1.898333733005212187e-01 1.795170629861099210e-01 1.892976637676680729e-01 1.984325010536194533e-01 1.409610342153157503e-01 3.610323242575799729e-01 1.256551100941248889e-01 3.566853742627532423e-03 2.624286188111649154e-02
1.000000000000000000e+00 9.366611780111567143e+00 2.248353824274178236e-01 1.927051587145180156e-01 1.786899053653304703e-01 1.983419795549657694e-01 1.862308415240638282e-01 1.309134579494431461e-01 3.710001116871025073e-01 1.261371816648244326e-01 3.609782770741711954e-03 2.537206161046128700e-02
1.000000000000000000e+00 8.545827338757151281e+00 2.160883554789049255e-01 2.029048055818939433e-01 1.809132726174705053e-01 1.871746788664041261e-01 1.939932701456509867e-01 1.238828396500969153e-01 3.956785420963543909e-01 1.258486985155849724e-01 3.828974508917826463e-03 2.494182156321170934e-02
1.000000000000000000e+00 7.330588136697580914e+00 2.055893475325947795e-01 2.228547149455773757e-01 1.727527920686999230e-01 2.048653111197827614e-01 1.862719116500975158e-01 1.381564861961222523e-01 4.302362696050835433e-01 1.261402466788120458e-01 3.263632659116758820e-03 2.374107787458442156e-02
1.000000000000000000e+00 9.647165754052153375e+00 2.052026765783787343e-01 2.251838012915799436e-01 1.695307527612726906e-01 2.059149512331325260e-01 1.835393268486035512e-01 1.376924168001223137e-01 4.002760951430774372e-01 1.275022588676192337e-01 3.649476051388439533e-03 2.478570566114793317e-02
1.000000000000000000e+00 8.653431881135132286e+00 2.144730245637881116e-01 2.204000985528585532e-01 1.691938208101187169e-01 1.872882448562105950e-01 1.932181204994360690e-01 1.325872374849265400e-01 4.106537220059662818e-01 1.263921432038700998e-01 4.122906728710745358e-03 2.407919453552581981e-02
1.000000000000000000e+00 8.688689124736766800e+00 2.119138341961664951e-01 2.211223520565778200e-01 1.625908382363714932e-01 2.180978003064809601e-01 1.797685669978749123e-01 1.511139658485787518e-01 4.078871647648652510e-01 1.271606930909131294e-01 3.379587791831855162e-03 2.195249942360605680e-02
1.000000000000000000e+00 7.594732652063482803e+00 2.166606943263887919e-01 2.153696918436789620e-01 1.612428878207897986e-01 2.130904941716169343e-01 1.793802308507242427e-01 1.491979874100692049e-01 4.140650919793352203e-01 1.267723007127835866e-01 3.271896729077326989e-03 2.030562555280537168e-02
1.000000000000000000e+00 7.684948671278941212e+00 2.122800905427247309e-01 2.172979036240680895e-01 1.696300496126032231e-01 2.137516584622839722e-01 1.600695382169426417e-01 1.400599277261966868e-01 4.085549458650195032e-01 1.273966762871032998e-01 3.116373205655981367e-03 1.948190339641378555e-02
1.000000000000000000e+00 1.065547013062182558e+01 2.085622766881753687e-01 2.111603116676826208e-01 1.681403392158484500e-01 2.059188151629791630e-01 1.640032642485691750e-01 1.561504539856427287e-01 4.233214767823792468e-01 1.261131825107301707e-01 2.612395504217468988e-03 1.800103461776954641e-02
1.000000000000000000e+00 1.100963334503184043e+01 2.097389067947618702e-01 2.082405436845448654e-01 1.666052985238060946e-01 2.119323934159688116e-01 1.643351672016141185e-01 1.433368363836766690e-01 4.344453694536946631e-01 1.260819352407507310e-01 2.925132035436173519e-03 1.758215530770184526e-02
1.000000000000000000e+00 1.076209490411336489e+01 2.182679746958850198e-01 2.024363876189508027e-01 1.588129848591894322e-01 2.241077515892933858e-01 1.526358908822260108e-01 1.626056727282552128e-01 4.526464717515853997e-01 1.254857687242154352e-01 2.825199098504640668e-03 1.933255772475260190e-02
1.000000000000000000e+00 1.047281305837835141e+01 2.201135061412408667e-01 2.019518227597840720e-01 1.526153475313157259e-01 2.217094176486593682e-01 1.648809994231754950e-01 1.633009314243533683e-01 4.526099735913847733e-01 1.252349120023776574e-01 3.811745039953260382e-03 2.026496123117596873e-02
1.000000000000000000e+00 1.317805754377249983e+01 2.226733213400653444e-01 2.077066552048729975e-01 1.574631462940656867e-01 2.170991720244929424e-01 1.666975281902700334e-01 1.586055721132108576e-01 4.589471547617142155e-01 1.253909835103340920e-01 2.992471976446840938e-03 1.904081127391337239e-02
1.000000000000000000e+00 1.267122683750407930e+01 2.169853017618622038e-01 2.138658419612770867e-01 1.674002315801166318e-01 2.203849034039929433e-01 1.609936819401910912e-01 1.545856449512000574e-01 4.628616357128608749e-01 1.257151422904100313e-01 4.006301326960624680e-03 1.859955182755440931e-02
1.000000000000000000e+00 1.292232566682333150e+01 2.257026522176950323e-01 2.094557318075730978e-01 1.628054966531266301e-01 2.168090240657957191e-01 1.591791257642669322e-01 1.652604305769056481e-01 4.513334769990194895e-01 1.264805772858834387e-01 3.419958967438374488e-03 1.788774002426347237e-02
1.000000000000000000e+00 1.135265211836400923e+01 2.181224058646481778e-01 2.037277118702325862e-01 1.625279764096555779e-01 1.942343031767421457e-01 1.738295449660388903e-01 1.719329803375908017e-01 4.564375707288244044e-01 1.249856980191110800e-01 2.630957077014975734e-03 1.802639343973729338e-02
1.000000000000000000e+00 7.835160692975454921e+00 2.135649445616389086e-01 2.104497756053097801e-01 1.704939047282601206e-01 2.109337343363492656e-01 1.668861689346584076e-01 1.668335382385248145e-01 4.481961627478958099e-01 1.261288476582408113e-01 3.007457060765737766e-03 1.723214645223976327e-02
1.000000000000000000e+00 7.865321622562301940e+00 2.072397630510158795e-01 2.072432040548123355e-01 1.760184365453489885e-01 1.995178710405989264e-01 1.642070426804440320e-01 1.742012741749460469e-01 4.489647586977654203e-01 1.254089348479276445e-01 3.445094716548961333e-03 1.626293458226106547e-02
