1.000000000000000000e+00 1.419874291975980363e+01 2.916687175409449218e-01 2.608664552900765154e-01 2.655385041881458408e-01 2.707616880547372706e-01 2.403769694657184597e-01 2.687423817357215694e-01 3.539849903452906288e-01 1.888562934872851373e-01 3.887647140933905756e-03 2.501392731066180708e-02
1.000000000000000000e+00 6.016105548667087355e+00 2.592409330323414141e-01 2.609088310004794575e-01 2.471256806032049724e-01 2.267218012988112541e-01 2.164305520182516207e-01 2.048344825029027039e-01 1.680308200415712161e-01 1.685813233549388890e-01 3.194390478149260280e-03 2.457222171154513704e-02
1.000000000000000000e+00 3.834158392734055010e+00 2.500495577564746386e-01 2.541026765793612530e-01 2.533313306579168533e-01 2.205763890021390505e-01 2.467437612276780490e-01 1.988699929680359246e-01 1.746619047255654200e-01 1.673265951234836069e-01 3.123337881713700217e-03 2.429532602944429673e-02
1.000000000000000000e+00 5.611165333329278582e+00 2.480260025875843100e-01 2.480521178828184736e-01 2.361579440973806121e-01 2.230858626957971103e-01 2.461633878549046306e-01 2.072788668443270033e-01 1.782456096459404116e-01 1.634705104598475067e-01 3.072070832844741185e-03 2.564861167673199854e-02
1.000000000000000000e+00 6.492540611570770892e+00 2.577778254546770342e-01 2.347942786864030407e-01 2.438323436273344968e-01 2.322180962377165259e-01 2.363885291298609970e-01 2.278363774906710937e-01 1.816087256076589218e-01 1.664100456192059152e-01 3.147899698931392373e-03 2.665166727528500354e-02
1.000000000000000000e+00 7.510553781287248931e+00 2.683401792046850032e-01 2.422515922668217192e-01 2.443647684834089895e-01 2.325553067368245630e-01 2.422209351432056956e-01 2.273795735474757607e-01 1.871545565756745910e-01 1.719681016424396136e-01 3.132796996167888388e-03 2.746649785736548707e-02
1.000000000000000000e+00 5.224101267116963321e+00 2.634814480572138518e-01 2.475074424749440227e-01 2.534363774428875504e-01 2.359856590349743155e-01 2.436873131700599548e-01 2.329918792874391964e-01 1.892183203916878720e-01 1.722562081332556783e-01 3.031361355913770889e-03 2.817032886302413969e-02
1.000000000000000000e+00 5.277736898671633980e+00 2.727123371985528122e-01 2.640134113872318333e-01 2.448471749042407108e-01 2.268333735970339549e-01 2.526473842732001041e-01 2.165137030372078775e-01 1.913375636495160959e-01 1.739121544497126692e-01 2.969586163234957856e-03 2.886608302401518986e-02
1.000000000000000000e+00 4.626942993816284933e+00 2.671066618801668513e-01 2.517222694034702002e-01 2.581421706909255986e-01 2.252087672699691068e-01 2.509415658418802098e-01 2.078962132216602143e-01 1.798692639103006419e-01 1.750978130278797451e-01 3.039128568310412934e-03 2.910708849870226322e-02
1.000000000000000000e+00 4.823340055714510299e+00 2.727536976662822132e-01 2.367556005642310057e-01 2.531323498280866890e-01 2.267153942271963041e-01 2.464439562566409780e-01 2.094459801735211457e-01 1.653259994112547537e-01 1.706750656644484276e-01 3.042227845115553272e-03 2.856371548951623651e-02
1.000000000000000000e+00 5.408344152866989774e+00 2.727347931665435876e-01 2.441395775840536353e-01 2.495898988999705470e-01 2.185312469724386697e-01 2.468194210104415476e-01 2.027138650001103770e-01 1.693346104305189226e-01 1.711200025834712368e-01 3.373438035646247543e-03 2.852170659006496994e-02
1.000000000000000000e+00 5.161918439947164927e+00 2.633019533322975003e-01 2.488371240563733988e-01 2.559934615111204015e-01 2.228674295324279686e-01 2.515237535458029750e-01 1.979359851492477895e-01 1.656684056620283396e-01 1.718857796519010217e-01 3.424422429366360057e-03 2.783350153941835381e-02
1.000000000000000000e+00 2.837735018822063804e+00 2.556121147172601971e-01 2.383106663585082552e-01 2.492836560290460635e-01 2.217000551432235511e-01 2.454170579080206804e-01 1.984723413380006241e-01 1.625099481371689025e-01 1.634529928227072826e-01 3.464557099067048455e-03 2.758787338553077631e-02
1.000000000000000000e+00 7.189121108690808448e+00 2.620619256714808443e-01 2.527368664212913951e-01 2.397954389974971401e-01 2.161353734845080643e-01 2.560573252099811459e-01 1.921238339661487660e-01 1.625609281202835821e-01 1.683864621834289255e-01 3.608137878556022179e-03 2.865444743299432398e-02
1.000000000000000000e+00 7.750357857145656837e+00 2.630217150860029163e-01 2.540960465719040440e-01 2.309656560753647059e-01 2.256218082460582641e-01 2.530773479298609185e-01 2.069961109855292247e-01 1.557709643200866634e-01 1.697087345654926527e-01 3.617801392212740066e-03 2.959860495479690184e-02
1.000000000000000000e+00 9.659990489430127170e+00 2.632053402735541892e-01 2.630414466178712662e-01 2.434271158506146060e-01 2.334062719793368046e-01 2.619908198979271075e-01 2.175546227489618956e-01 1.592209134584562369e-01 1.715488519867167383e-01 3.824912802206262546e-03 2.800572519078058098e-02
1.000000000000000000e+00 8.284273398715297887e+00 2.673222798347710816e-01 2.622284508706276829e-01 2.298278631577155562e-01 2.331807728811485236e-01 2.588884848060329369e-01 2.004475376817269616e-01 1.684793727337630109e-01 1.701248620930896627e-01 3.897579696187883792e-03 2.845303688286163549e-02
1.000000000000000000e+00 5.365634132643891441e+00 2.637874434732213058e-01 2.799458422372077537e-01 2.239060438304413536e-01 2.525520797692250019e-01 2.488714866540745752e-01 1.910823180895045159e-01 1.656146663456496693e-01 1.756637218766480268e-01 3.949068319219476396e-03 2.941910376257465820e-02
1.000000000000000000e+00 4.426311612906168591e+00 2.579090857115218238e-01 2.793411490040166312e-01 2.213723281801823206e-01 2.554667019891505575e-01 2.542167745621641273e-01 2.009907411384667664e-01 1.615001015703089737e-01 1.738522232332380957e-01 3.798553697795271304e-03 2.755582879194017065e-02
1.000000000000000000e+00 4.132689993084407654e+00 2.646904389587759199e-01 2.794085635391326816e-01 2.214240577427048218e-01 2.552474217913162091e-01 2.424914402813806158e-01 1.898839927645112891e-01 1.571170707590164306e-01 1.752391447746494135e-01 3.643802030030623626e-03 2.803590126242584343e-02
1.000000000000000000e+00 4.973294551908648664e+00 2.534323358705984908e-01 2.785618432272407574e-01 2.379720466113714739e-01 2.435575693266395503e-01 2.442774677076328116e-01 1.859346037842629362e-01 1.477164352886646548e-01 1.705459502378953440e-01 3.537983589367662933e-03 2.767252633100963227e-02
1.000000000000000000e+00 2.952031792144626188e+00 2.520455948723600015e-01 2.655254399243927588e-01 2.254649673090753925e-01 2.470240202310957367e-01 2.360682528731056218e-01 1.850967399910033728e-01 1.380504248025086200e-01 1.684621711280444578e-01 3.659690141078934290e-03 2.581482768899779831e-02
1.000000000000000000e+00 2.592433510703837651e+00 2.630104773484452374e-01 2.639997628704175980e-01 2.262440491839097789e-01 2.502230420781670905e-01 2.397018207122300903e-01 1.840532941394200928e-01 1.491233986706599068e-01 1.727672895946111842e-01 3.477590691020716364e-03 2.599789153421568424e-02
1.000000000000000000e+00 3.516590095156735263e+00 2.707728869754055245e-01 2.709527012680011393e-01 2.228630827776517664e-01 2.493882694088257745e-01 2.302321150482279921e-01 2.004247814083440771e-01 1.422364358454311639e-01 1.737166858879952702e-01 3.310403525251534064e-03 2.492911549571428381e-02
1.000000000000000000e+00 2.487444698722698799e+00 2.708350333854159242e-01 2.722694150881546649e-01 2.269759912534149715e-01 2.617657983665401811e-01 2.317933178834449548e-01 2.136039423661805492e-01 1.408405563261953819e-01 1.765641949791844634e-01 3.421277720082727299e-03 2.334216456273905185e-02
1.000000000000000000e+00 4.868935367747665666e+00 2.788796755649447512e-01 2.886077569687585109e-01 2.254067537286313927e-01 2.714955847362987562e-01 2.377748829826359100e-01 2.200846320613105978e-01 1.432326251104962811e-01 1.830753806630903147e-01 3.534978310099424689e-03 2.394712367343120041e-02
1.000000000000000000e+00 4.127446682736874095e+00 2.749153810322554903e-01 2.771217623730187207e-01 2.259579017452014449e-01 2.761125787777992668e-01 2.315526386786682100e-01 2.189264439843450483e-01 1.466335673882023516e-01 1.799807184048848874e-01 3.437992739396033073e-03 2.286192240202604073e-02
1.000000000000000000e+00 4.557380639056445304e+00 2.767797245012435514e-01 2.711968510639423124e-01 2.264327322573571888e-01 2.644309756231607578e-01 2.325861366243418826e-01 2.238790588076708943e-01 1.392005476149821008e-01 1.771670874277219421e-01 3.372444586780372171e-03 2.278430046079267871e-02
1.000000000000000000e+00 2.763015361394182356e+00 2.755056255123750630e-01 2.623531023856965350e-01 2.444064415592073491e-01 2.655222954248263600e-01 2.370200566888765181e-01 2.220643885636799097e-01 1.371970281560062621e-01 1.798326556016466293e-01 3.199052449928150698e-03 2.279819109038387290e-02
1.000000000000000000e+00 3.520237272594315847e+00 2.730879055135618794e-01 2.576939012211631463e-01 2.565123511739590967e-01 2.638447441605206722e-01 2.287685115537464453e-01 2.189641761562801381e-01 1.473685335481804415e-01 1.783934816831445336e-01 3.382551749161379767e-03 2.280971139230754396e-02
1.000000000000000000e+00 2.872896479462067720e+00 2.686977785737036939e-01 2.416235775798354080e-01 2.584445741228175719e-01 2.491334437765830856e-01 2.304500040453758003e-01 2.258969881019013137e-01 1.525570841862705085e-01 1.745181013668604952e-01 3.492421274029898492e-03 2.154128941910470052e-02
1.000000000000000000e+00 2.210420308543079582e+00 2.700174214476910306e-01 2.424528306408125777e-01 2.664914347852427312e-01 2.460327932182711508e-01 2.320459661519936323e-01 2.242760754532346357e-01 1.401906640531518089e-01 1.751085639412505446e-01 3.398982262703410719e-03 2.270772402828062642e-02
1.000000000000000000e+00 3.063649298252709485e+00 2.778677028479235034e-01 2.444153866587676360e-01 2.785259729687522556e-01 2.537687663024903451e-01 2.412936999542739935e-01 2.245841643646965535e-01 1.396157303417036866e-01 1.811111297266879416e-01 3.382744874593384288e-03 2.259304078923086642e-02
1.000000000000000000e+00 3.230439518003083155e+00 2.665239565831418744e-01 2.473179596788488699e-01 2.594383029722747702e-01 2.443999120880026577e-01 2.269391733360485996e-01 2.246841260451482025e-01 1.360415249599232768e-01 1.754040649300513122e-01 3.268319846592143176e-03 2.375350689129302612e-02
1.000000000000000000e+00 1.630406982460419485e+00 2.649801516196494955e-01 2.581851058517416475e-01 2.495777978974584588e-01 2.459317840880679562e-01 2.175265831454343546e-01 2.213899673121418887e-01 1.409088501969689156e-01 1.726318252496334416e-01 3.422697344764107606e-03 2.209051214344134526e-02
1.000000000000000000e+00 3.052845534473441536e+00 2.569592144283878721e-01 2.551657264403770498e-01 2.489858968051539001e-01 2.453763640463763884e-01 2.083767796137810380e-01 2.187681020553189359e-01 1.416771827723180555e-01 1.689397188001490746e-01 3.459765576422786301e-03 2.232800919877506174e-02
1.000000000000000000e+00 2.060390648433154226e+00 2.533274092492680540e-01 2.660324325415588942e-01 2.399797655738081792e-01 2.456594676040235736e-01 2.148931699344072410e-01 2.124969474836419792e-01 1.367542447003320116e-01 1.676694498830016422e-01 3.647629628158993026e-03 2.336666497442583396e-02
1.000000000000000000e+00 3.033561178643870093e+00 2.537487447419727316e-01 2.582697992804405263e-01 2.430226800526425202e-01 2.457517940741618390e-01 2.167013263784305643e-01 2.165048179417455310e-01 1.417532665644786194e-01 1.682504297313007491e-01 3.429369507470864629e-03 2.386901573723630710e-02
1.000000000000000000e+00 3.312283660818417630e+00 2.472393352259133481e-01 2.642700307028522655e-01 2.459929801165880170e-01 2.324741919234919185e-01 2.310836893151211047e-01 2.109167960499904459e-01 1.494350467220177114e-01 1.672618432303935865e-01 3.637638909813049447e-03 2.421226623250760310e-02
1.000000000000000000e+00 3.567813726262443197e+00 2.594757012330947687e-01 2.488175763180493216e-01 2.385701494835399394e-01 2.260848781769730087e-01 2.352326351951381234e-01 2.247622605220154224e-01 1.491452254001990330e-01 1.654881036426191498e-01 3.542317135793318118e-03 2.334470783234748534e-02
1.000000000000000000e+00 2.481860064774457530e+00 2.685040888466367903e-01 2.621399845691551600e-01 2.449041553302702123e-01 2.336752528305578169e-01 2.396502697770910295e-01 2.164077610365413018e-01 1.584820469080663319e-01 1.727162047796870770e-01 3.629195473831943290e-03 2.344215423451208660e-02
1.000000000000000000e+00 3.792611632870015015e+00 2.717694720725586377e-01 2.546321854740208335e-01 2.372451333554783659e-01 2.358156058677014777e-01 2.429727344475596795e-01 2.164089598257697145e-01 1.595336819207677226e-01 1.721970836562383977e-01 3.662770462967384569e-03 2.388458597230406696e-02
1.000000000000000000e+00 4.989348425094128459e+00 2.646678425863473461e-01 2.653319753198202791e-01 2.208717847802784962e-01 2.319152883265039877e-01 2.350066030742468670e-01 2.176442072688504759e-01 1.504971375271652867e-01 1.688000912225474659e-01 3.585405363794649629e-03 2.473914339713043087e-02
1.000000000000000000e+00 5.661048429799531156e+00 2.512623481195508934e-01 2.768347901934097854e-01 2.167875049893981387e-01 2.379213354613289866e-01 2.384160195094132684e-01 2.221884309586499018e-01 1.624160594912030242e-01 1.688931637033774524e-01 3.569808380477548608e-03 2.592983433754637856e-02
1.000000000000000000e+00 1.002763584203779779e+01 2.414610096696584440e-01 2.881282804793759977e-01 2.211089668089049609e-01 2.435005653967266814e-01 2.269971352806096632e-01 2.276379956573079955e-01 1.573528683471375478e-01 1.707614206053713612e-01 3.545499506220255517e-03 2.703887560686821234e-02
1.000000000000000000e+00 3.480132816293258102e+00 2.675104398228477232e-01 2.764814384173086559e-01 2.363263315597908254e-01 2.377840412728442765e-01 2.246619090905988825e-01 2.250683358088953478e-01 1.559111159266834967e-01 1.743417120979540436e-01 3.410134600326559726e-03 2.676779636294205483e-02
1.000000000000000000e+00 4.309878060939156263e+00 2.594966527098622189e-01 2.787005434966378092e-01 2.426308982211907439e-01 2.403125561156193579e-01 2.235087845565993936e-01 2.340260094651638034e-01 1.534521283190553032e-01 1.762040053507728243e-01 3.463394535682280066e-03 2.484682206265916016e-02
1.000000000000000000e+00 1.716890825792016129e+00 2.642887770171016837e-01 2.744552896540597975e-01 2.370072461664420316e-01 2.466829089784333406e-01 2.284191762614273813e-01 2.414105801726466327e-01 1.572268863570102926e-01 1.759903572347111533e-01 3.407190035074020122e-03 2.617625939532934945e-02
1.000000000000000000e+00 2.493353551755395969e+00 2.639753033119077164e-01 2.775369852282719707e-01 2.341225988538248592e-01 2.503383165867836269e-01 2.278063215108618034e-01 2.306417222447309512e-01 1.622715806223898327e-01 1.739420250599941209e-01 3.360141251582224754e-03 2.567749703614201351e-02
1.000000000000000000e+00 4.612994295364205577e+00 2.586188107723332297e-01 2.664571237110130997e-01 2.310170510302985702e-01 2.505972068505966655e-01 2.246255660171069257e-01 2.398638884962031592e-01 1.684900600271868887e-01 1.714416305382298333e-01 3.501544325621446137e-03 2.493172668333805408e-02
1.000000000000000000e+00 3.491866263089900002e+00 2.690679599934270860e-01 2.561187079666831790e-01 2.366853506891629655e-01 2.541784733893024395e-01 2.300824252079102517e-01 2.367289188065205552e-01 1.803926053549120834e-01 1.752880995098939632e-01 3.617103612076282438e-03 2.493539889293630227e-02
1.000000000000000000e+00 3.645594488801736865e+00 2.655686413350302200e-01 2.746798924118976082e-01 2.419317057560425865e-01 2.546855067349448887e-01 2.260805821719947262e-01 2.507500587955297511e-01 1.756505128296277918e-01 1.796613473317595355e-01 3.639952365100299937e-03 2.410305252696396533e-02
1.000000000000000000e+00 1.934667835340318165e+00 2.697849438492313512e-01 2.640581037518915930e-01 2.459546317028960816e-01 2.534630011390055504e-01 2.310433907946312648e-01 2.382887679845305251e-01 1.628278195606421008e-01 1.767941225162679986e-01 3.758124709970504969e-03 2.483390626574621951e-02
1.000000000000000000e+00 3.056185628323718539e+00 2.640721178127727331e-01 2.837508864373242123e-01 2.314460127154948366e-01 2.526855144242445284e-01 2.331505380520274284e-01 2.327080156823539969e-01 1.541229568328256194e-01 1.745534660371631241e-01 3.861468343728695959e-03 2.546433050474714022e-02
1.000000000000000000e+00 3.374334025853476859e+00 2.686386027186707937e-01 2.959446567890715585e-01 2.393176186889783008e-01 2.510679157520182003e-01 2.419513146564562234e-01 2.259712240470443667e-01 1.522485003293593542e-01 1.807580194405769836e-01 3.753762770483665915e-03 2.451741928562168812e-02
1.000000000000000000e+00 3.760007062150763524e+00 2.689019398264022032e-01 2.844539377060179008e-01 2.351358047494090941e-01 2.619227432181630566e-01 2.461081768638734013e-01 2.303220493694177473e-01 1.652370711606831188e-01 1.810839557340183092e-01 3.781333170859912593e-03 2.412044524866674075e-02
1.000000000000000000e+00 3.892620049597367959e+00 2.702310367359167520e-01 2.904140593808379189e-01 2.375700796413515725e-01 2.630378835816162830e-01 2.587349758603628702e-01 2.281554167661711263e-01 1.734039786145278872e-01 1.822101577658294114e-01 3.546123510663102066e-03 2.406203393115119091e-02
1.000000000000000000e+00 5.544517475370263071e+00 2.680001479394887864e-01 3.032295192153134367e-01 2.567408735247389551e-01 2.586767480906210226e-01 2.635003938252634681e-01 2.228109379149089131e-01 1.599165614603986763e-01 1.878601374304108840e-01 3.360841660972805831e-03 2.358524460796253969e-02
1.000000000000000000e+00 4.397330365945036235e+00 2.770742980773883146e-01 3.081399596384769568e-01 2.488072674303862808e-01 2.676407975762728486e-01 2.700142337274283877e-01 2.132564078369327543e-01 1.609663882279814828e-01 1.913680112625832375e-01 3.493036754987721357e-03 2.344140213243704057e-02
1.000000000000000000e+00 1.132795211692910442e+01 2.871359264832412661e-01 3.178755355473427691e-01 2.519110085369959395e-01 2.698956727239911757e-01 2.819666764877417631e-01 2.061726172083012121e-01 1.644697060614547790e-01 1.969271692138091501e-01 3.435970560352218615e-03 2.361659307974520172e-02
1.000000000000000000e+00 1.114415788026649068e+01 2.807790696270964226e-01 3.064669160866630437e-01 2.660010200754406307e-01 2.733576023957327572e-01 2.493003769649488888e-01 1.893278890850830509e-01 1.562316990068902955e-01 1.957347600205956439e-01 3.385470281236101046e-03 2.189331831870179601e-02
1.000000000000000000e+00 1.034334297267403713e+01 2.914113914414094841e-01 2.950474793539732965e-01 2.715557363352911757e-01 2.693374666165905817e-01 2.561506985269187964e-01 1.843923163159474909e-01 1.348337478791621080e-01 1.969094161599031223e-01 3.158285571690429196e-03 2.259198799476894517e-02
1.000000000000000000e+00 1.166718781552082618e+01 2.845782263595969530e-01 3.021814160774582980e-01 2.946283026769369040e-01 2.732791463632694984e-01 2.748661790909152636e-01 1.880379088760030792e-01 1.373531787826711148e-01 2.017362451612209617e-01 3.251583296220067736e-03 2.362961303175711153e-02
1.000000000000000000e+00 1.158370385344002429e+01 2.882263825876090202e-01 3.135008504929280293e-01 2.883816881505841812e-01 2.741395639324977762e-01 2.743367973620878808e-01 1.994462502523430547e-01 1.307337795580157669e-01 2.052387723217516113e-01 3.234058421260627234e-03 2.244540955204603339e-02
1.000000000000000000e+00 1.164427559748757268e+01 2.942595764718239915e-01 3.116589448922554850e-01 2.972169242760811514e-01 2.697128431130426107e-01 2.888259271300742115e-01 1.968082915676363509e-01 1.301840437030490349e-01 2.101200664225520154e-01 3.187447306312172178e-03 2.093618083738044491e-02
1.000000000000000000e+00 1.052339461956871247e+01 3.034091003924558327e-01 3.099062999721951539e-01 3.012493164913631616e-01 2.843588205808085245e-01 2.964466340110495923e-01 2.023196495152403129e-01 1.432597853946567246e-01 2.130401166429082560e-01 3.415239654765257239e-03 2.094844667757995646e-02
1.000000000000000000e+00 7.254829895320678901e+00 3.002169188455494075e-01 3.038644652938758961e-01 2.898995109590951635e-01 2.813241088031979142e-01 2.905814178300545336e-01 2.060694166548596440e-01 1.485357086980197694e-01 2.091957962157043327e-01 3.416728867392476807e-03 2.116785453463737587e-02
1.000000000000000000e+00 1.143726075794736019e+01 2.885725106277199914e-01 3.119715731477112342e-01 2.755060202030134020e-01 2.832767500093191781e-01 2.945844177651595897e-01 1.964037614280059740e-01 1.443665426140959829e-01 2.046438530441442860e-01 3.620437405067163626e-03 2.083938014244692341e-02
1.000000000000000000e+00 1.128939022146976789e+01 2.992257132276097131e-01 3.086709700980555526e-01 2.716196444627689832e-01 2.631223859070139781e-01 2.854227005567402942e-01 1.894445864728926676e-01 1.470739196385491276e-01 2.013123625162490660e-01 3.600131454031638579e-03 2.129550546779742856e-02
1.000000000000000000e+00 1.040523734712028592e+01 2.962418128581805754e-01 2.862708958810978310e-01 2.919600192152412288e-01 2.630017133172846688e-01 2.751839546907734468e-01 2.136517335746935808e-01 1.333172124625485733e-01 1.996964593811797473e-01 3.784124581343279326e-03 2.092936484899194857e-02
1.000000000000000000e+00 5.692336601411527752e+00 2.842582053122050811e-01 2.850566345521594602e-01 2.900991107685490511e-01 2.511741238827821521e-01 2.684584521252861289e-01 2.245039012604456152e-01 1.267416930255155783e-01 1.921861347608904980e-01 3.723216371914421247e-03 2.072151317963896386e-02
1.000000000000000000e+00 6.017974588856690232e+00 2.855036010737394547e-01 2.855486237956659790e-01 2.919478386760153144e-01 2.476215878451852870e-01 2.738297092010846256e-01 2.280649199187449738e-01 1.241103615878374616e-01 1.933034599667163567e-01 3.785661425336659617e-03 2.182174164693508056e-02
1.000000000000000000e+00 6.794254558764525775e+00 2.833935644362457484e-01 2.821462407311046139e-01 2.902152329699261846e-01 2.622660258529235233e-01 2.819693077702260520e-01 2.319706410985437062e-01 1.225486177314826092e-01 1.936376487159250648e-01 3.803828135381495928e-03 2.146766069483437359e-02
1.000000000000000000e+00 9.311865130096018461e+00 2.711763329957121438e-01 2.859134505247832858e-01 2.813436315273664667e-01 2.566639641985472564e-01 2.855452001830802722e-01 2.193291355200016890e-01 1.217538423930499963e-01 1.896510942227294105e-01 3.773776761723228717e-03 2.237056655315176890e-02
1.000000000000000000e+00 9.064915817739782611e+00 2.834597518058218912e-01 2.687817404466775195e-01 2.858456643555353782e-01 2.455240979698259662e-01 2.783919304695616770e-01 2.207823411815566517e-01 1.233545739069365627e-01 1.898483588922370291e-01 3.821705638946956002e-03 2.011736247324532115e-02
1.000000000000000000e+00 5.844441158724860585e+00 2.848366675829317463e-01 2.791943477217509462e-01 2.872324196583422307e-01 2.507436022034629786e-01 2.768636959148015886e-01 2.239545258742633160e-01 1.230888163990089684e-01 1.917299335961070439e-01 4.008152172849285301e-03 2.110001105742190242e-02
1.000000000000000000e+00 6.904944215696609433e+00 2.931032221403730431e-01 2.567037111063716903e-01 2.843648558488927613e-01 2.585918472347656372e-01 2.724914039987371694e-01 2.336317364657899687e-01 1.213202335631497486e-01 1.921671628894516259e-01 4.128600946251410192e-03 2.049953588956480999e-02
1.000000000000000000e+00 8.859679040312327558e+00 2.988940760886196757e-01 2.547234252145949007e-01 2.805080156888957732e-01 2.686597390741010116e-01 2.768824434336186191e-01 2.335198299253057608e-01 1.243373475826893282e-01 1.959837798664356145e-01 3.947405446604363918e-03 1.925162024805601377e-02
1.000000000000000000e+00 6.924646347615369457e+00 3.024868776250838609e-01 2.662809142189024314e-01 2.700684422220487879e-01 2.699121242833154577e-01 2.686429609364592852e-01 2.473029485064292265e-01 1.289453635862277958e-01 1.949619388981981005e-01 3.778035262984527284e-03 1.991103236779271854e-02
1.000000000000000000e+00 7.023290685984913573e+00 2.986151596093490901e-01 2.807949704983677131e-01 2.558692132136480835e-01 2.667654605248531152e-01 2.568861455271648220e-01 2.536633359571147106e-01 1.329921389668600185e-01 1.932310915174267063e-01 3.604490759529961619e-03 2.051956109639540768e-02
1.000000000000000000e+00 7.171717027499670216e+00 2.987280331697363955e-01 2.727149587172340017e-01 2.556111255434975194e-01 2.660541293113158345e-01 2.581654303356799574e-01 2.555958262275854209e-01 1.376828077897122027e-01 1.922361566876343575e-01 3.345611207009263101e-03 2.170301017197424909e-02
1.000000000000000000e+00 4.747449550505372429e+00 2.817596747075806762e-01 2.859791216573447925e-01 2.484556376083867368e-01 2.542067898693430861e-01 2.481110715613522311e-01 2.676395081922404162e-01 1.488392435773866762e-01 1.872766746637286872e-01 3.580168084775568835e-03 2.368616163610012121e-02
1.000000000000000000e+00 6.243563764366427016e+00 2.742622265573241847e-01 2.848067640740014617e-01 2.605568701681960087e-01 2.628290146561398366e-01 2.424687694785740977e-01 2.612138004621234466e-01 1.563797395498375264e-01 1.874726681904793357e-01 3.367676077267788524e-03 2.306514414537000346e-02
1.000000000000000000e+00 4.921440166800443272e+00 2.928177319767353848e-01 2.735495118014640847e-01 2.501106655503122500e-01 2.744700555562293864e-01 2.424643312463159450e-01 2.562946622230028448e-01 1.477729913866102085e-01 1.935437384342987288e-01 3.357223870416697377e-03 2.202774923413000630e-02
1.000000000000000000e+00 8.289641998670143508e+00 2.911691211434700999e-01 2.745151040765276274e-01 2.603008377599211332e-01 2.679062185002206720e-01 2.432915633422363666e-01 2.596764668018263222e-01 1.490332443718345723e-01 1.922198621079741765e-01 3.113946691621912333e-03 2.170646414502149651e-02
1.000000000000000000e+00 7.512419922188732890e+00 2.907712349660090956e-01 2.664841086148052596e-01 2.488845413021327502e-01 2.686702133568152906e-01 2.497892286631505643e-01 2.465509935534290764e-01 1.478783217477049328e-01 1.871865607614044413e-01 2.679046775612014750e-03 2.036283250834551237e-02
1.000000000000000000e+00 7.643192055854593825e+00 2.851345518017743830e-01 2.890108787500482723e-01 2.464668228162950336e-01 2.636784238146749337e-01 2.433949910766971536e-01 2.521642221435157483e-01 1.398694955459956757e-01 1.885263147903844250e-01 2.810521597573656209e-03 2.100880503288410361e-02
1.000000000000000000e+00 9.710955320154232240e+00 2.713701797380226877e-01 2.911514910897575747e-01 2.582001023860168720e-01 2.701440999346255700e-01 2.415003914773583560e-01 2.357680648139874879e-01 1.496607094734713483e-01 1.844705508643156022e-01 2.760219348449038240e-03 1.974096867773840469e-02
1.000000000000000000e+00 5.917737617830735708e+00 2.730240674211488749e-01 2.867952561339399131e-01 2.540062533945360301e-01 2.720946734890150598e-01 2.428472532332521250e-01 2.285220095755441383e-01 1.428307209937282052e-01 1.861295869880959242e-01 2.759249805314848304e-03 1.966973299742782316e-02
1.000000000000000000e+00 5.620766386659991731e+00 2.659960860333839272e-01 2.980250866926389963e-01 2.566426964026418123e-01 2.560607589684306129e-01 2.305985909360917796e-01 2.330069298696290647e-01 1.477817378091500766e-01 1.861377720316434448e-01 2.686132129421383262e-03 2.040954815726106833e-02
1.000000000000000000e+00 7.137220886268757170e+00 2.625939708768861847e-01 2.945721523714249779e-01 2.264829553818860919e-01 2.645434227429659946e-01 2.426310752554409200e-01 2.295849214555456541e-01 1.487583340366848139e-01 1.775656295088992587e-01 2.857199501060251386e-03 2.064992653349546903e-02
1.000000000000000000e+00 6.825675214242914457e+00 2.658647680042705019e-01 2.985727840250667620e-01 2.317117438754028591e-01 2.642444917203257138e-01 2.418500027969468780e-01 2.201152011637372563e-01 1.557673132927807902e-01 1.810317420946364331e-01 2.936086760049346888e-03 2.013298423678311355e-02
1.000000000000000000e+00 7.564157417845814635e+00 2.680452105370754734e-01 2.894194994145327104e-01 2.374266948440587888e-01 2.639997315803821465e-01 2.318798852804141164e-01 2.181612899319443910e-01 1.555085834010362933e-01 1.800814173921586325e-01 2.961591051408461652e-03 1.976019420943923161e-02
1.000000000000000000e+00 3.271340639928233429e+00 2.705066618011777169e-01 2.815059820579752237e-01 2.407244350942677469e-01 2.566650622696619033e-01 2.465025837729415137e-01 2.200352964737839756e-01 1.555044067362483240e-01 1.821445533250850568e-01 2.991943232961692418e-03 1.967683123101615292e-02
1.000000000000000000e+00 4.199389670641537897e+00 2.784342581503224112e-01 2.829082168693499710e-01 2.331576393146318760e-01 2.668708929808216723e-01 2.371055029917573109e-01 2.280488400988263387e-01 1.562390096514290061e-01 1.826546141629846742e-01 3.059966718514042869e-03 2.091423773050963067e-02
1.000000000000000000e+00 5.029712175086677561e+00 2.763337774616734799e-01 2.818844176503603194e-01 2.454219054523048560e-01 2.636819592005053003e-01 2.427830603978816393e-01 2.371030794273851494e-01 1.423971222176078910e-01 1.852978826767416320e-01 2.835194355116919460e-03 2.169766753708444323e-02
1.000000000000000000e+00 4.354402597405433895e+00 2.814840101510239223e-01 2.757421319153702255e-01 2.529440823084696532e-01 2.568874111009822880e-01 2.470600057353477541e-01 2.298852210486061198e-01 1.495067596112117925e-01 1.836592425955680119e-01 2.758790143434907294e-03 2.279432914000615110e-02
1.000000000000000000e+00 5.656873779089607979e+00 2.857957353017902546e-01 2.596826634381327881e-01 2.467820169592807311e-01 2.700377288046523772e-01 2.454301609635017867e-01 2.244981405019218224e-01 1.485738166851021946e-01 1.833205117383171212e-01 2.749657075631283757e-03 2.367554170259107693e-02
1.000000000000000000e+00 5.046293093666288421e+00 2.800440331312248898e-01 2.756400812132790978e-01 2.547223383650077944e-01 2.607755489891244727e-01 2.437419815570846804e-01 2.310759431628441052e-01 1.401780614629911381e-01 1.863560594525280334e-01 2.810429886498125914e-03 2.516005935255268000e-02
1.000000000000000000e+00 4.033645515900854406e+00 2.732918010225415806e-01 2.783067936568501266e-01 2.529574149909450398e-01 2.393204119858069467e-01 2.532657491177170983e-01 2.274162205741381282e-01 1.348801661024015830e-01 1.811190733524659646e-01 2.745091390511552199e-03 2.567814235458204183e-02
1.000000000000000000e+00 4.094384104025621696e+00 2.727593796066518639e-01 2.656339172468050736e-01 2.559637771274073104e-01 2.418915694724277365e-01 2.487711721949074917e-01 2.399378221455746030e-01 1.259491338753737921e-01 1.803432962442307885e-01 2.851785630684803771e-03 2.567347441472799668e-02
1.000000000000000000e+00 3.955361002958668326e+00 2.821440659971288234e-01 2.641056451751372380e-01 2.648082569084644344e-01 2.415058072551805324e-01 2.472958574662430242e-01 2.302483778103295020e-01 1.302474546456300064e-01 1.839898490133002884e-01 3.033895980472879964e-03 2.592416766425841013e-02
1.000000000000000000e+00 1.977411407930732334e+00 2.673985599321451745e-01 2.804435842610623619e-01 2.546122641849418722e-01 2.473562015490847477e-01 2.410696490714879514e-01 2.261070797313936565e-01 1.301122342838829105e-01 1.804477559164614775e-01 2.968945238966346021e-03 2.658028485215229927e-02
1.000000000000000000e+00 2.944424269971966268e+00 2.676362348503577016e-01 2.820882539477554962e-01 2.414220574977745948e-01 2.573418921227887401e-01 2.465829054837438972e-01 2.306005652232350767e-01 1.307274739358543492e-01 1.824563133144702087e-01 2.979732695559569270e-03 2.775948184619737164e-02
1.000000000000000000e+00 2.365836975530068997e+00 2.764659077164072776e-01 2.739471926856184569e-01 2.453974780681238144e-01 2.490360128893117364e-01 2.495560605241934626e-01 2.239117577145061933e-01 1.337953724531688038e-01 1.807674604525829898e-01 2.954967180210248383e-03 2.753639987026703512e-02
1.000000000000000000e+00 4.615361431942441861e+00 2.631618121626321249e-01 2.855441702097735179e-01 2.480155801026928952e-01 2.495570315710402276e-01 2.481752794152675412e-01 2.284880432529492467e-01 1.274447203546006380e-01 1.821129887905481859e-01 2.885523047648890123e-03 2.696533129719132921e-02
1.000000000000000000e+00 4.513269958603596699e+00 2.697345172798218949e-01 2.923693792842431138e-01 2.571896975258827767e-01 2.490502553801582641e-01 2.518747663618163268e-01 2.267779028320536794e-01 1.264610626521246173e-01 1.863639496456808153e-01 2.919433685079374230e-03 2.737536622649276719e-02
1.000000000000000000e+00 5.859456219086911055e+00 2.762803348266245074e-01 3.071763171887578192e-01 2.619676851518324967e-01 2.548969470076029586e-01 2.524688796310635142e-01 2.231517912817516658e-01 1.225836836309156658e-01 1.904808616348883377e-01 2.907782328034670422e-03 2.739612393694036349e-02
1.000000000000000000e+00 6.910145234919611745e+00 2.699384774137674747e-01 3.052337147401180673e-01 2.660599181863018137e-01 2.518140309780578789e-01 2.583879812235484463e-01 2.311299680997584705e-01 1.237011535658973510e-01 1.916948506998689961e-01 2.933822434291151211e-03 2.780144975718098349e-02
1.000000000000000000e+00 5.120079014078446455e+00 2.743851762816381656e-01 3.028222642420171917e-01 2.748817991791784876e-01 2.551369992716146506e-01 2.631345172163873647e-01 2.340328802258370422e-01 1.249304774536161011e-01 1.918352218960851507e-01 3.117603553535892510e-03 2.689869722508896402e-02
1.000000000000000000e+00 3.304357964975532802e+00 2.882120201011435512e-01 2.877652115519561682e-01 2.675976448012907238e-01 2.565785268300265209e-01 2.741461208051918508e-01 2.322968776438565364e-01 1.326172895434708232e-01 1.934135160314330026e-01 3.061560223765787212e-03 2.794027228002920679e-02
1.000000000000000000e+00 3.486985159605070717e+00 2.875477764669083780e-01 2.846217459731801291e-01 2.631672640279233422e-01 2.762939925462696289e-01 2.607006567367499694e-01 2.338245148729161671e-01 1.196732155631343858e-01 1.925700879863259662e-01 3.368570043377359415e-03 2.740272730168418977e-02
1.000000000000000000e+00 2.526963367055341081e+00 2.872380466682046829e-01 2.876809120992750435e-01 2.540775513359354587e-01 2.805694758002591493e-01 2.531122694081409108e-01 2.474835407803300524e-01 1.204928717535878324e-01 1.940261064425426452e-01 3.355920185777234825e-03 2.728470978042155798e-02
1.000000000000000000e+00 3.346049778627724791e+00 2.860528053878982901e-01 2.923308276849398424e-01 2.705278323963987708e-01 2.780322048723784523e-01 2.464089751741747880e-01 2.520085362952166341e-01 1.203801261428753405e-01 1.944677856504329616e-01 3.628490167043051974e-03 2.672618194787380885e-02
1.000000000000000000e+00 3.785303799892605792e+00 2.870499144223401244e-01 2.832518582151540287e-01 2.730634529438823455e-01 2.777412787753532619e-01 2.346981373145707039e-01 2.487503910018732667e-01 1.344689341705051222e-01 1.944309166943374856e-01 3.334138713563307779e-03 2.659600381223683682e-02
1.000000000000000000e+00 3.790156426074400287e+00 2.912459673914596370e-01 2.908399489074035560e-01 2.687970234696667182e-01 2.651479679862477901e-01 2.577342804698243284e-01 2.446210750265184752e-01 1.420447169202651572e-01 1.938332150466180459e-01 3.347708984977958591e-03 2.861821610630072704e-02
1.000000000000000000e+00 5.393744587399116774e+00 2.890007551608057002e-01 2.909401240051867066e-01 2.704034661631895542e-01 2.721712382690480436e-01 2.567618718032680936e-01 2.091112711293554582e-01 1.103877504609898641e-01 1.958989292510441849e-01 3.947970591952116096e-03 3.025280922240236939e-02
1.000000000000000000e+00 5.862054501180874233e+00 2.872309279339004817e-01 2.940862186802404299e-01 2.563334107279885421e-01 2.578641385283150234e-01 2.895378750611036778e-01 2.210025315923054290e-01 1.261716886514363256e-01 1.945395745849209657e-01 3.374690088300479410e-03 3.000852268215756583e-02
1.000000000000000000e+00 6.111918834383287980e+00 2.877970277191526649e-01 2.910995576119957962e-01 2.587300427877540776e-01 2.599694239477606805e-01 2.888755701518971875e-01 2.270615242210551332e-01 1.552179677653915402e-01 1.940011600631434130e-01 3.701059037890364924e-03 2.963395717043706967e-02
1.000000000000000000e+00 6.883006350745644930e+00 2.834465046501679630e-01 2.918276641114425640e-01 2.550770712500257109e-01 2.636310825164548954e-01 2.964726283037723009e-01 2.187947745755931539e-01 1.610436318459528560e-01 1.940988403781940264e-01 3.744294461538616794e-03 3.024089590677177600e-02
1.000000000000000000e+00 7.978087280411927829e+00 2.826022069619217314e-01 2.990864320552485411e-01 2.615166727463888452e-01 2.685685774711834561e-01 2.770215228579145927e-01 2.098996633869190387e-01 1.574310267385015671e-01 1.951518385331641459e-01 4.167287788947299405e-03 3.013927391145762580e-02
1.000000000000000000e+00 6.535325223611371470e+00 2.817834838641959383e-01 3.032024687005531183e-01 2.549704921157101012e-01 2.601476426086447025e-01 2.859709325315183404e-01 2.303439554837330150e-01 1.836758405837673747e-01 1.939740266025780924e-01 2.800846534793730198e-03 3.069545821883716552e-02
1.000000000000000000e+00 6.694591110497951192e+00 2.892113479465086567e-01 3.023418299232505380e-01 2.596365397480512871e-01 2.625703959723809655e-01 2.730794679547917658e-01 2.111041209230917759e-01 1.986693165556825680e-01 1.944356069427492228e-01 3.988103614010123782e-03 3.230761630654049865e-02
1.000000000000000000e+00 5.417408427148655115e+00 2.887891463768550993e-01 3.057893356247160521e-01 2.583775330649891733e-01 2.700753573789824724e-01 2.660105734323257587e-01 2.123936130358507202e-01 1.771456006065124655e-01 1.956173022418855878e-01 3.831289138646546810e-03 3.133867367092788014e-02
1.000000000000000000e+00 6.987853578797052378e+00 2.858859555839771138e-01 2.990861700444138460e-01 2.612329845124339300e-01 2.687313578717437368e-01 2.647199926814764459e-01 2.111588202228087685e-01 1.804690522931704233e-01 1.952462321186445859e-01 3.977489571365859858e-03 3.232963617724050193e-02
1.000000000000000000e+00 6.170589508355147856e+00 2.863731088524074098e-01 2.943701317244891702e-01 2.655480721954338597e-01 2.700304548539309013e-01 2.673346085132595751e-01 2.073520120196143679e-01 1.713590476871918178e-01 1.950004759580001856e-01 2.964795949788226036e-03 3.144652656185861067e-02
1.000000000000000000e+00 6.354755106013445953e+00 2.819185398416218513e-01 3.031579289266971844e-01 2.630794912861724733e-01 2.742208364371743201e-01 2.752614751866714338e-01 2.063814603214237653e-01 1.624032046396092777e-01 1.954242905034859756e-01 3.742376314166196479e-03 3.231256561854144171e-02
1.000000000000000000e+00 7.991916298905448635e+00 2.775997387352683310e-01 3.008738142793085379e-01 2.629837770450589307e-01 2.783014665157748646e-01 2.735513547860703998e-01 2.056407507986452443e-01 1.561286137769502258e-01 1.954828269114447792e-01 3.830025193305476149e-03 3.171278850311855246e-02
1.000000000000000000e+00 5.586782459491084651e+00 2.873156226826593107e-01 2.903642155018112403e-01 2.582491410934376619e-01 2.561545301978052636e-01 2.731751640645030399e-01 2.098327803391014379e-01 1.686744620951851625e-01 1.943113700570941460e-01 3.149036092213025866e-03 3.252721653247460376e-02
1.000000000000000000e+00 5.345148216754316728e+00 2.852158094625102946e-01 2.916052871293914328e-01 2.654434492120977263e-01 2.527687328571853742e-01 2.818760284930011406e-01 2.198788260235683134e-01 1.575051647925301279e-01 1.938314484100169821e-01 3.111516539030201485e-03 3.192645364672008768e-02
1.000000000000000000e+00 5.158195843099257161e+00 2.881935768876817683e-01 2.980975712062881033e-01 2.698735016728396885e-01 2.616104223918601646e-01 2.745279979061048814e-01 2.121015324582314898e-01 1.259091102737301959e-01 1.957083355050331097e-01 2.917055223242849549e-03 3.187643265069717985e-02
1.000000000000000000e+00 6.594839629923951563e+00 2.876200328989821364e-01 2.899239264412494244e-01 2.671568606355335107e-01 2.477501348523321600e-01 2.813891531944188173e-01 2.253358632831233554e-01 1.270871121934157577e-01 1.946232321778584018e-01 3.252071831872671483e-03 2.948432315117036420e-02
1.000000000000000000e+00 7.988786325893681095e+00 2.978117462723019471e-01 2.883584425385471994e-01 2.625321589912531506e-01 2.618066529469310622e-01 2.650701328147547775e-01 2.320523902536830163e-01 1.398420697758043507e-01 1.952726826334327537e-01 3.595136726034230210e-03 2.827818080346834392e-02
1.000000000000000000e+00 7.551577485736130413e+00 2.836486364491309087e-01 2.917499688397230395e-01 2.687238836696793642e-01 2.721000869668243616e-01 2.626623906507534745e-01 2.413798200573539776e-01 1.462816388655592825e-01 1.956396665081652497e-01 2.513668356014375251e-03 2.692652710894893539e-02
1.000000000000000000e+00 6.888814990462245547e+00 2.960665075061685858e-01 2.910406129031334332e-01 2.630263664732030437e-01 2.763819588136656735e-01 2.479060437520539673e-01 2.367661908043189323e-01 1.818492289011887919e-01 1.956477931370831091e-01 4.105899555257416962e-03 2.605060950900156894e-02
1.000000000000000000e+00 5.654964662700129097e+00 2.929191552453528358e-01 2.826121915390414907e-01 2.560027785845604420e-01 2.810919954635419105e-01 2.527441110284566750e-01 2.423543752077256808e-01 1.911499611498664875e-01 1.945397167232260360e-01 4.134287263353983964e-03 2.476543238123199778e-02
1.000000000000000000e+00 7.319201382119500110e+00 2.972616848491720365e-01 2.869636549716647056e-01 2.602971490242119712e-01 2.809374418922600536e-01 2.655939235527384756e-01 2.263117101419725719e-01 1.827940564754474695e-01 1.950822075519635934e-01 2.647382109971166061e-03 2.514281172972131218e-02
1.000000000000000000e+00 7.426265539647409319e+00 2.940561342125651012e-01 2.827752751100230943e-01 2.572321872896664030e-01 2.797523651556977353e-01 2.626889032238262089e-01 2.197865279460194388e-01 1.684765073856177853e-01 1.950181339878637454e-01 2.761841685596730551e-03 2.546958139348144690e-02
1.000000000000000000e+00 7.950491849732442162e+00 2.957923671067081428e-01 2.715073761964769683e-01 2.573747746748929477e-01 2.681407909446713589e-01 2.630895481484036846e-01 2.275263706236984595e-01 1.549984668678748012e-01 1.943023792439102226e-01 3.511944688353250618e-03 2.646698108095624571e-02
1.000000000000000000e+00 9.188583580983388899e+00 2.969581375562669878e-01 2.789218031064523151e-01 2.540323958908176638e-01 2.627065514944211810e-01 2.965485152801195512e-01 2.140479610969696356e-01 1.355949916463381200e-01 1.944485965546037531e-01 3.632100001514470492e-03 2.623137731766617131e-02
1.000000000000000000e+00 8.482227746343458108e+00 2.967501202279852479e-01 2.789105192744514850e-01 2.520379131924446736e-01 2.620307730207425134e-01 2.852081082482342822e-01 2.028156354410739493e-01 1.281934847683719181e-01 1.952058463308211089e-01 2.923168040667032536e-03 2.692043544833474730e-02
1.000000000000000000e+00 6.624326550573205630e+00 2.953566594475217633e-01 2.799110476356594934e-01 2.507517320959721241e-01 2.689056843144509434e-01 2.678756937994853926e-01 2.200481262387330161e-01 1.795030973872310254e-01 1.941605360663596902e-01 3.754123479631039581e-03 2.703601267677329875e-02
1.000000000000000000e+00 5.435393049999387216e+00 2.925153967744076877e-01 2.870347588148050577e-01 2.608459703741542457e-01 2.766161542440940257e-01 2.541397333908350653e-01 2.006517956793975599e-01 1.544007330448729509e-01 1.963031081084425922e-01 3.535581687488359090e-03 2.703916430891689301e-02
1.000000000000000000e+00 5.545914240837286791e+00 2.917183238080094387e-01 2.825374381946840763e-01 2.718167870506154604e-01 2.754569681999652353e-01 2.518409938639650236e-01 2.087554566431147063e-01 1.881738735454517308e-01 1.948005662874608412e-01 2.883627177183331093e-03 2.753620017714673504e-02
1.000000000000000000e+00 5.618869933803393835e+00 2.954801373023360767e-01 2.755309924650024000e-01 2.692625519898126929e-01 2.709222421814663218e-01 2.525015094910895708e-01 2.140546191653326380e-01 1.825494143581317119e-01 1.943722305708993903e-01 3.374986589445520130e-03 2.871096874954822201e-02
1.000000000000000000e+00 5.646684569690594735e+00 2.943538387584700988e-01 2.792413631706589516e-01 2.603332326514662398e-01 2.734307088423862386e-01 2.682646710474277385e-01 2.310770341109381065e-01 1.762392445938876506e-01 1.943674499744200979e-01 2.767773254380023838e-03 2.806741941865207798e-02
1.000000000000000000e+00 8.126902320031698324e+00 2.911083463561384699e-01 2.809122312151369205e-01 2.676096544153799828e-01 2.785987131045219445e-01 2.573260417244486176e-01 2.416435753233772687e-01 1.998030452506458776e-01 1.937191946707935708e-01 4.531412041555923920e-03 2.869742268249283676e-02
1.000000000000000000e+00 9.936865665451669827e+00 2.893457932610936645e-01 2.840452054947634197e-01 2.701393909784804981e-01 2.636067900467424230e-01 2.677605254288249470e-01 2.399457937150517861e-01 1.936630290502053264e-01 1.935171641015479560e-01 2.149264573450401436e-03 2.911147530405625017e-02
1.000000000000000000e+00 7.266008952162612999e+00 2.845977721098485458e-01 2.916632308991583544e-01 2.729260228979353275e-01 2.676978389028298877e-01 2.732319360643168937e-01 2.366757300256964736e-01 1.859906850677620349e-01 1.942309855645463768e-01 2.652043872070258650e-03 2.707899470085368271e-02
1.000000000000000000e+00 7.963851008061626935e+00 2.937915061528705851e-01 2.870638212105323661e-01 2.724214566622485401e-01 2.748268430945199348e-01 2.566646078524009722e-01 2.086324905890865611e-01 1.749165735147303058e-01 1.956167997313997819e-01 3.766378537782312519e-03 2.713081698937932357e-02
1.000000000000000000e+00 7.999508281179175562e+00 3.006776596580264527e-01 2.835880294017125713e-01 2.557222372589698645e-01 2.641825367331454011e-01 2.693954190538055404e-01 2.137451467176060549e-01 1.648457236795514147e-01 1.956072374234076316e-01 3.157620174370811498e-03 2.638578298017097909e-02
1.000000000000000000e+00 5.071483473512399698e+00 2.898295306950879335e-01 2.903078974252708555e-01 2.663593160161448758e-01 2.646509210628136266e-01 2.775233061326206618e-01 1.991596655449523745e-01 1.776534385523813320e-01 1.957410015969663908e-01 3.331119127309065640e-03 2.714772486571979601e-02
1.000000000000000000e+00 1.114345842010521004e+01 2.916300735819902790e-01 2.936669510678177608e-01 2.796793568090152893e-01 2.662240969541737612e-01 2.795370647543717890e-01 2.016263561035440410e-01 1.723930401173585369e-01 1.957644964332666548e-01 4.339055650020783375e-03 2.580893054799963601e-02
1.000000000000000000e+00 1.341459034644363690e+01 3.028921977930044696e-01 2.806497517143197173e-01 2.709406910513700306e-01 2.438125315121124070e-01 2.898580462031111749e-01 1.954111802998783620e-01 1.755447910011956880e-01 1.948394142899017301e-01 3.898790178558517866e-03 2.453554745409950583e-02
1.000000000000000000e+00 1.260295992081102057e+01 2.980638898321231189e-01 2.786910621011565170e-01 2.753463910235074419e-01 2.483690765343477547e-01 2.764990454901560257e-01 2.057725849213136726e-01 1.885283853686978706e-01 1.944485436136552114e-01 4.650099771421540781e-03 2.354454557695888003e-02
1.000000000000000000e+00 1.313017334901168809e+01 2.966889828561705134e-01 2.799284633615308771e-01 2.836239068516952511e-01 2.477706130109195437e-01 2.779189832580069575e-01 1.820906381753718273e-01 1.779281628120798764e-01 1.951939142648144165e-01 3.963423528761424175e-03 2.332859962810426499e-02
1.000000000000000000e+00 1.269212321512400976e+01 2.958865987379918350e-01 2.737566143155928389e-01 2.892847733102202334e-01 2.499063716479881792e-01 2.822665036164875296e-01 1.921828599583775832e-01 1.841464333933531816e-01 1.942673233963748136e-01 3.917329839986869768e-03 2.282358962919041334e-02
1.000000000000000000e+00 1.174931765092745550e+01 2.913694665452040145e-01 2.682219674909849805e-01 2.794696404722959993e-01 2.391214745611730530e-01 3.020386028323628347e-01 1.990974803497743140e-01 2.007478483711949147e-01 1.930512952617674804e-01 2.710005532688118581e-03 2.249293894105876962e-02
1.000000000000000000e+00 1.362198336689766087e+01 2.989952747822430812e-01 2.752419518285439959e-01 2.817463127203647666e-01 2.533011941366230535e-01 2.859377355018843936e-01 1.975520610848101599e-01 1.854388332107806958e-01 1.944408941540693991e-01 3.889631248489771025e-03 2.382202068482561913e-02
1.000000000000000000e+00 1.040366121803836563e+01 2.991754388747885351e-01 2.666310153252396398e-01 2.734569933692637678e-01 2.527583732367950642e-01 2.909817354960105851e-01 2.207280637523771349e-01 2.020086482684018692e-01 1.927666392627764291e-01 4.091900150461183321e-03 2.325628210101940777e-02
1.000000000000000000e+00 1.020501871631606328e+01 2.952247998817569830e-01 2.515573237275660623e-01 2.705712987485588972e-01 2.458926837488947248e-01 2.757665404219106220e-01 2.301600251310373935e-01 1.919901121772495944e-01 1.920044788323005680e-01 3.396433567779089720e-03 2.324673374393500594e-02
1.000000000000000000e+00 9.837453453170036610e+00 3.014606734683896727e-01 2.530681931724058087e-01 2.723683636152128273e-01 2.455979644494772074e-01 2.759984632617274447e-01 2.331750835487907125e-01 2.193556037060864772e-01 1.912690997695107864e-01 3.755338110971423882e-03 2.200510330993279973e-02
1.000000000000000000e+00 1.099404614700232230e+01 3.007358184745999585e-01 2.486162518775318075e-01 2.711455831089877866e-01 2.413924407458233612e-01 2.728014534290756354e-01 2.052161525800215158e-01 2.123542676925089800e-01 1.916731674660593632e-01 3.022221621059755989e-03 1.993483186677686911e-02
1.000000000000000000e+00 1.321023866784225120e+01 3.002171931786682402e-01 2.559146209477441425e-01 2.582194412962512398e-01 2.629198737105115646e-01 2.728828955501493292e-01 2.188511173892119244e-01 2.338945839173430241e-01 1.915600774547345508e-01 3.851754099848976511e-03 1.862374990280849657e-02
1.000000000000000000e+00 1.424155830535412548e+01 3.012989261900814175e-01 2.568734653062791917e-01 2.591406453129814769e-01 2.649814594571026638e-01 2.719853463181576281e-01 2.022013234059441000e-01 2.446273938566503880e-01 1.915577489014063384e-01 3.908374898025492560e-03 1.737070994714794148e-02
1.000000000000000000e+00 1.145708635366755068e+01 2.884962210653479464e-01 2.579630760454962313e-01 2.732041909774883814e-01 2.729463963223239253e-01 2.731470959141088506e-01 2.078078111283108709e-01 2.296162401131352504e-01 1.913331042692285877e-01 4.180742336756857955e-03 1.898408841076862016e-02
1.000000000000000000e+00 1.021746562583743057e+01 2.871794920576836718e-01 2.618352676555756875e-01 2.655621413490296123e-01 2.612685862798739267e-01 2.761229014288225092e-01 2.031459268693774911e-01 2.466645666432774608e-01 1.912721336793828386e-01 2.996313782787196622e-03 2.088203095707041185e-02
1.000000000000000000e+00 7.571228893474963861e+00 2.929861905802896849e-01 2.589685719368338135e-01 2.593851947062426611e-01 2.706063791928753348e-01 2.740255317960532677e-01 2.165944982668746299e-01 2.692076620844516266e-01 1.910311938702380086e-01 3.511072319225002833e-03 1.961214737931010407e-02
1.000000000000000000e+00 6.140094515726220337e+00 2.881965641978029846e-01 2.655745196616670079e-01 2.629199658052738253e-01 2.732500841419430171e-01 2.641362831535190026e-01 2.082044511176253665e-01 2.848999281833852204e-01 1.909240960006658161e-01 3.169262753899390345e-03 1.781223021980139765e-02
1.000000000000000000e+00 6.725124711352139073e+00 2.868353126667779751e-01 2.666182979544250431e-01 2.626348218963914238e-01 2.709874139737104559e-01 2.640074861167488462e-01 1.985126265799090350e-01 3.001260815839200680e-01 1.906614126462821690e-01 3.534931302044926667e-03 1.609247096959268153e-02
1.000000000000000000e+00 5.646795658458765743e+00 2.829402272504669691e-01 2.684634853749408578e-01 2.688544614708755498e-01 2.844937499091045874e-01 2.545660936316124223e-01 2.164208349047219704e-01 3.253605906287210248e-01 1.900998373390289653e-01 3.426251467572393947e-03 1.801832479254719677e-02
1.000000000000000000e+00 5.986616978059949190e+00 2.898893115252710317e-01 2.631557820760328514e-01 2.607925515459710297e-01 2.781400980235564369e-01 2.569744529411530642e-01 2.198848320896584219e-01 3.389503635217668287e-01 1.895647899623331689e-01 3.781756655945320029e-03 1.797766827162668168e-02
1.000000000000000000e+00 7.419857589369641460e+00 2.927396328159181382e-01 2.629770746471264964e-01 2.497516293942484977e-01 2.650763904282885663e-01 2.704702295299090675e-01 2.325439703031945693e-01 3.532036280251902860e-01 1.881635852820634502e-01 3.279225030440987166e-03 1.791383759362154271e-02
1.000000000000000000e+00 7.104303587027332334e+00 2.852964026515107943e-01 2.632666151239613228e-01 2.588299447741983506e-01 2.733500230062680392e-01 2.605133153674795699e-01 2.390953606641244011e-01 3.384345600980546709e-01 1.889807124763711044e-01 3.010121183577229957e-03 1.969706614614642401e-02
1.000000000000000000e+00 9.897500639164208636e+00 2.961320335269758686e-01 2.572575956982026124e-01 2.570336156790146709e-01 2.636140984752012306e-01 2.571581338151934237e-01 2.210743289393295452e-01 3.466327703077667910e-01 1.887213642213405873e-01 2.708618464276576696e-03 1.986189350465123946e-02
1.000000000000000000e+00 7.805330456558242425e+00 2.936143518323753865e-01 2.550760269520296886e-01 2.676554835518767939e-01 2.762896864735764901e-01 2.438897804098442423e-01 2.343371433454934094e-01 3.402967254100289218e-01 1.890523942530945023e-01 4.185137692112984344e-03 2.139498569251465157e-02
1.000000000000000000e+00 7.651169114515069758e+00 2.946315567418498205e-01 2.494838427105229295e-01 2.693805604885992633e-01 2.578575751628363610e-01 2.479763527202760998e-01 2.549732424545671505e-01 3.540213176932721639e-01 1.873298755488758127e-01 3.751548860556110695e-03 2.256605136392800942e-02
1.000000000000000000e+00 7.223982893094652802e+00 2.966181227670448561e-01 2.481681399206054073e-01 2.695505050473013808e-01 2.725600369865291972e-01 2.440495189861922876e-01 2.382754977245881700e-01 3.397740774308240508e-01 1.888212018772070233e-01 3.426012319578797434e-03 2.049724125819530479e-02
1.000000000000000000e+00 7.355575217076756545e+00 2.967738004655386952e-01 2.413014071034287333e-01 2.736486416617799344e-01 2.481909335807260808e-01 2.654727632579416130e-01 2.309555290872869482e-01 3.161531721469310607e-01 1.881130912566162938e-01 3.300340472722782924e-03 2.103280592114039477e-02
1.000000000000000000e+00 7.547349268064252215e+00 2.954401807876865793e-01 2.406550934035144029e-01 2.750043765677386842e-01 2.522529338111149100e-01 2.609425774096473249e-01 2.368968570312817989e-01 3.181836430311949515e-01 1.879184672918815524e-01 3.410061158969597724e-03 2.356471531729580765e-02
1.000000000000000000e+00 5.552618438028692260e+00 2.904873299124630659e-01 2.519302952185918376e-01 2.744650446894398299e-01 2.616135432743144085e-01 2.392143151682037394e-01 2.442487895599968761e-01 3.228705779125686792e-01 1.891030933652619039e-01 3.253128590416611964e-03 2.282125476194347621e-02
1.000000000000000000e+00 4.192412722014055682e+00 2.871321600251845463e-01 2.549402479615623940e-01 2.785825586859388969e-01 2.647294030506429641e-01 2.353724761696734391e-01 2.571388722659358472e-01 3.313327650364494836e-01 1.888613725825732670e-01 3.362991712530230201e-03 2.214844834833885889e-02
1.000000000000000000e+00 3.558349297066516481e+00 2.887057845764026132e-01 2.546987057216719696e-01 2.790309602943779055e-01 2.653487077051276954e-01 2.425827114174585741e-01 2.502462634651755335e-01 3.279017592215712762e-01 1.890715380204259777e-01 3.409084927105113759e-03 2.359353968032078600e-02
1.000000000000000000e+00 6.457229202420629477e+00 2.821505860430016388e-01 2.577721534899036215e-01 2.751138487368836594e-01 2.677650783349670993e-01 2.441747970601249595e-01 2.550130858131177125e-01 3.383784989935652576e-01 1.887233095068923394e-01 3.555587070858484688e-03 2.326011406548451552e-02
1.000000000000000000e+00 8.216955836163686300e+00 2.901871913273941783e-01 2.590008759293065399e-01 2.775082190698521800e-01 2.761526963890524322e-01 2.269685456497446407e-01 2.454072393342951741e-01 3.215292395134853320e-01 1.902567438651802945e-01 3.581167155004977721e-03 2.423572235307318301e-02
1.000000000000000000e+00 6.033117620401189818e+00 2.916687175409449218e-01 2.608664552900765154e-01 2.655385041881458408e-01 2.707616880547372706e-01 2.403769694657184597e-01 2.687423817357215694e-01 3.539849903452906288e-01 1.888562934872851373e-01 3.887647140933905756e-03 2.501392731066180708e-02
