1.000000000000000000e+00 1.852854776180143048e+00 2.732538585139671072e-01 2.275224221001500013e-01 2.540675163050979957e-01 2.526895210815985893e-01 2.435241606304121564e-01 2.134313939499125623e-01 7.856470466538014730e-01 1.732448438843938732e-01 3.554225331527514041e-03 3.146664232443498882e-02
1.000000000000000000e+00 1.584979753884189213e+00 2.657723091440617469e-01 2.567018322940698427e-01 2.413462661399457809e-01 2.402595301760324653e-01 2.301062908419292397e-01 2.242627899657159418e-01 1.627078583705107717e-01 1.722477593148139807e-01 3.558126271932149538e-03 2.621902311053348616e-02
1.000000000000000000e+00 2.409585506315481407e+00 2.745253718998055259e-01 2.678869181403434330e-01 2.574358966592212306e-01 2.583583584620953721e-01 2.431603727327993902e-01 2.207911937674201519e-01 1.627614221174067677e-01 1.818201225888774197e-01 3.516102086083758727e-03 2.669934060930683958e-02
1.000000000000000000e+00 1.496204161011381650e+00 2.817602787820751575e-01 2.711596974732199405e-01 2.611401860537828634e-01 2.575763698876073482e-01 2.572847738573347254e-01 2.314142647371686123e-01 1.654326002328728173e-01 1.871254983516002224e-01 3.500918587769425144e-03 2.653383049736022375e-02
1.000000000000000000e+00 6.056016885824981877e+00 2.693988706314883741e-01 2.758900689051464461e-01 2.701286842604895821e-01 2.487221710677670061e-01 2.633796785941636132e-01 2.353257184165930549e-01 1.522163140420111638e-01 1.843277458796801493e-01 3.339589535318102358e-03 2.658503196229892312e-02
1.000000000000000000e+00 3.730667111546261516e+00 2.725944128321463045e-01 2.759036627582927559e-01 2.684401161531679847e-01 2.386859945429135044e-01 2.640535177235208697e-01 2.377173058927851135e-01 1.620281089214146986e-01 1.838742894160852737e-01 3.308924111193607687e-03 2.688540209630838410e-02
1.000000000000000000e+00 2.912275582708270250e+00 2.717047228832960570e-01 2.915480591597209292e-01 2.577151774884922641e-01 2.552656311430085423e-01 2.503254545480084192e-01 2.413831893187836641e-01 1.690523830779273318e-01 1.880540088899354534e-01 3.212011349725175328e-03 2.680239207444959706e-02
1.000000000000000000e+00 2.733444241678406605e+00 2.802188751459670502e-01 2.966247807878914511e-01 2.593483939856548459e-01 2.640115785857021224e-01 2.461376183672177032e-01 2.407046755264330429e-01 1.666211593653895706e-01 1.920261780518137396e-01 3.284172553875604802e-03 2.744612105925009135e-02
1.000000000000000000e+00 3.271695705724591008e+00 2.774762837010174010e-01 3.001107144840819974e-01 2.566147031351000418e-01 2.597337499819497020e-01 2.446526631134779972e-01 2.399448436889765335e-01 1.722021916217440218e-01 1.903226055709469344e-01 3.272310449736112129e-03 2.721828200558026184e-02
1.000000000000000000e+00 3.759877382241406440e+00 2.875300844256770127e-01 3.023433989153140322e-01 2.633161207875249765e-01 2.783789525386511921e-01 2.532766475853920896e-01 2.310079241034151409e-01 1.779067612573354829e-01 1.975769284599029063e-01 3.476549056154761615e-03 2.908985900899585877e-02
1.000000000000000000e+00 4.067899339945213910e+00 2.934078374593632743e-01 2.871150099549658608e-01 2.619701267479264684e-01 2.790036023107281826e-01 2.491816684749275090e-01 2.381402925494364442e-01 1.777432698728654559e-01 1.958915341925244469e-01 3.576151966250464692e-03 3.008886346331028638e-02
1.000000000000000000e+00 5.782912451376197360e+00 2.931211900421948902e-01 2.650839971160924846e-01 2.635305659949465085e-01 2.861342115588760837e-01 2.550467852748568576e-01 2.380621426504663796e-01 1.749045324559866943e-01 1.940056897049516615e-01 3.643981896851889758e-03 2.817644166828404614e-02
1.000000000000000000e+00 8.061799545851240367e+00 2.960492965925791697e-01 2.753060886478945757e-01 2.574518108228414648e-01 2.808004954841658019e-01 2.422617530351084125e-01 2.518254167861322390e-01 1.708296900954291153e-01 1.935955069288447516e-01 3.481922525822741393e-03 2.828433773975867413e-02
1.000000000000000000e+00 8.821815335191873331e+00 2.808677490407441857e-01 2.703761802408735648e-01 2.539646963531730361e-01 2.899601628043018686e-01 2.365863983018493544e-01 2.579459842435826711e-01 1.669481600160259982e-01 1.891864554292972955e-01 3.423997703489947957e-03 2.752962588855301790e-02
1.000000000000000000e+00 7.713131170138884940e+00 2.922213059738462126e-01 2.682891651112618292e-01 2.439347811996223359e-01 2.854968771418973650e-01 2.387079231146942981e-01 2.642173398209981539e-01 1.690762329217638804e-01 1.887237421053212516e-01 3.414646535945223878e-03 2.590201659123963704e-02
1.000000000000000000e+00 5.157237029215131052e+00 2.961576665961719312e-01 2.836496422055961308e-01 2.513683891249016700e-01 2.909536533454510354e-01 2.429575139923284000e-01 2.653656732094301640e-01 1.667039997405890817e-01 1.986995737403922935e-01 3.431676183613320986e-03 2.459716785950983794e-02
1.000000000000000000e+00 4.925890334982543806e+00 2.975138619297222897e-01 2.793471177417710671e-01 2.646772369656488766e-01 2.832255879289871658e-01 2.469798626070869862e-01 2.377654753506183716e-01 1.679712039721111549e-01 1.975305852778745652e-01 3.559595528806868553e-03 2.258732968416324316e-02
1.000000000000000000e+00 5.612698339835183070e+00 3.018093495878508836e-01 2.935128879992213724e-01 2.619408895151634775e-01 2.944112632683422159e-01 2.536610408025840591e-01 2.478955458510613552e-01 1.631972075834817459e-01 2.032436340610734304e-01 3.554483639739520681e-03 2.274267881783096842e-02
1.000000000000000000e+00 6.954949586534168837e+00 3.029120108097254627e-01 3.031290374448635250e-01 2.580639812665050936e-01 2.951386521484510861e-01 2.681419075324684154e-01 2.415372886661625862e-01 1.733241489045990735e-01 2.011810400427808121e-01 3.521928571440781971e-03 2.165422007748362548e-02
1.000000000000000000e+00 7.763514015587749562e+00 2.985207612619145690e-01 3.041069215882066801e-01 2.506027573107668105e-01 2.880570676107107597e-01 2.829191569169937082e-01 2.278860994867261958e-01 1.741987032229727062e-01 2.015634274257050995e-01 3.443497737423690478e-03 2.379835442348922706e-02
1.000000000000000000e+00 8.052884633558626604e+00 3.007463671191856203e-01 3.064268207504303732e-01 2.561299421645134577e-01 2.778629025523337015e-01 2.847518015120886758e-01 2.314162079755882062e-01 1.653615481488769912e-01 2.019969742150745651e-01 3.376931355380331616e-03 2.209735889236492598e-02
1.000000000000000000e+00 9.681000319383720409e+00 2.933768180990120600e-01 3.040449880094089896e-01 2.470764300064655916e-01 2.818987103400952821e-01 2.849355461022584635e-01 2.287301230053182532e-01 1.596739080051805537e-01 1.990536772405447907e-01 3.391123163169346318e-03 2.345321198124299122e-02
1.000000000000000000e+00 7.413667804460663646e+00 2.964790426991243399e-01 2.939347333984621002e-01 2.433679365511723092e-01 2.793907820611028492e-01 2.919266865299573466e-01 2.248114819979118717e-01 1.563739594504695019e-01 1.998190340811050181e-01 3.163600677672988824e-03 2.137312786057754196e-02
1.000000000000000000e+00 9.679893170279944670e+00 2.880348288777752619e-01 3.028734128069525688e-01 2.615312024607593377e-01 2.664829646175963518e-01 2.893522857036336937e-01 2.257561090135805637e-01 1.493242358951291926e-01 1.968951443221860775e-01 3.069177738682400160e-03 2.271908808302651114e-02
1.000000000000000000e+00 8.338890978718765723e+00 2.942253077084782120e-01 2.967337149679445951e-01 2.652436838087762760e-01 2.856459912985467309e-01 2.841652642809302520e-01 2.179576607897850959e-01 1.585351512774856031e-01 2.011972351948337623e-01 2.810948220718605898e-03 2.250777083118861779e-02
1.000000000000000000e+00 8.916074455079247230e+00 2.881111287577503566e-01 2.934886207029688832e-01 2.599336744824487511e-01 2.810931676191830153e-01 2.849742014734293893e-01 2.159008957925854510e-01 1.617598996117387555e-01 1.967792687749341796e-01 2.795935435863548639e-03 2.359614085918032220e-02
1.000000000000000000e+00 1.076268167529310560e+01 2.980027103365321395e-01 2.995748911764876676e-01 2.560844379613907984e-01 2.745978105999510865e-01 2.709701837026265436e-01 2.094297095638084916e-01 1.692335289869041914e-01 1.985680320637106533e-01 2.801639588122388762e-03 2.287388128683993244e-02
1.000000000000000000e+00 8.035013000938143080e+00 3.000639238978761725e-01 2.957877730839774122e-01 2.505466223215134236e-01 2.896709806071480209e-01 2.626062768137443215e-01 2.155661587596988671e-01 1.658975825096594137e-01 2.004989122334038532e-01 2.847285173653691000e-03 2.328895260185914404e-02
1.000000000000000000e+00 7.416968380059153709e+00 2.991294068002595119e-01 2.899690577709784223e-01 2.527698943434847356e-01 2.910007245385294872e-01 2.709604009172257300e-01 2.110515176871300691e-01 1.541425189477195201e-01 1.961594309502359967e-01 3.130180458635601921e-03 2.283161919700869499e-02
1.000000000000000000e+00 7.640237636235523766e+00 2.828661892315522675e-01 3.080783696679437189e-01 2.492705626362863025e-01 2.737501301939979093e-01 2.806898599736228905e-01 2.018478482321169054e-01 1.585066099463454115e-01 1.970893094670872203e-01 3.029227572537855455e-03 2.349895237865198480e-02
1.000000000000000000e+00 1.371404113856428175e+01 3.085128580997330561e-01 2.961589952001237314e-01 2.549233314771333636e-01 2.765257314020039825e-01 2.826851945320266180e-01 2.054039146646287894e-01 1.590496979098011965e-01 2.031040697783383087e-01 3.216813591283059198e-03 2.291891318855319992e-02
1.000000000000000000e+00 1.425947104985288227e+01 3.065341894541324663e-01 2.872426157258196056e-01 2.486820024299060405e-01 2.845392681297508886e-01 2.752950498266425461e-01 1.972418058269373164e-01 1.556647722802582678e-01 1.964786268939462122e-01 3.275792251518331796e-03 2.344170833442750859e-02
1.000000000000000000e+00 1.235696555020345677e+01 2.945464331991136664e-01 2.871898216757432509e-01 2.481614027769700193e-01 2.876797501223892772e-01 2.694800803685701296e-01 1.950365258195325135e-01 1.584521939180011663e-01 1.958125075197849063e-01 3.163116556395661420e-03 2.341210084310732867e-02
1.000000000000000000e+00 1.067290004721424346e+01 3.002416588462417102e-01 2.990549471698883410e-01 2.541544120042351085e-01 2.848485418673966096e-01 2.688254689984487245e-01 1.967347900125334947e-01 1.660020749345080815e-01 1.977408168560752799e-01 3.157711884536092053e-03 2.265168905453643702e-02
1.000000000000000000e+00 1.011900173456474938e+01 2.999782703870313427e-01 2.884007653592481901e-01 2.677081192485823435e-01 2.833770410991218736e-01 2.683853106227537810e-01 1.974924605572971337e-01 1.634817494811601490e-01 1.976508218002568928e-01 3.195766392424323563e-03 2.336344824893115193e-02
1.000000000000000000e+00 4.955441558597041940e+00 2.954342678863195459e-01 3.023927721668117075e-01 2.704795834114979702e-01 2.819160206112379385e-01 2.732544226667496523e-01 2.120881019795164690e-01 1.763154092187176891e-01 2.023618018604217139e-01 3.222498106637381940e-03 2.241401205167229543e-02
1.000000000000000000e+00 4.806990858416334333e+00 2.984268831785185094e-01 2.993712336382216566e-01 2.808414192937177534e-01 2.869226876242252922e-01 2.730858314162018519e-01 2.157597201801711440e-01 1.673346892946923348e-01 2.047462768975234215e-01 3.253814189879418450e-03 2.446036789572620523e-02
1.000000000000000000e+00 5.969271621863927457e+00 2.968349565039412052e-01 2.959191532457443596e-01 2.781890989466749287e-01 2.869555108694880063e-01 2.731739556838707617e-01 2.249703481961710105e-01 1.692589063045772946e-01 2.024771023096701428e-01 3.328406112995366001e-03 2.328151920197520791e-02
1.000000000000000000e+00 5.799864062164720835e+00 3.063690247825651691e-01 2.939431892070176744e-01 2.770888578885454256e-01 2.929832409592101894e-01 2.722167327940978043e-01 2.363767348316892503e-01 1.772566992240491301e-01 2.076334074304627131e-01 3.447309908455529516e-03 2.416331297710336626e-02
1.000000000000000000e+00 8.008596690811664587e+00 3.080809826943264884e-01 2.995312811818165444e-01 2.915482997975368806e-01 2.831766592589511911e-01 2.733180410665299043e-01 2.273692681763371803e-01 1.759685132221018300e-01 2.085712486336745719e-01 3.301409406264139458e-03 2.402625787380907596e-02
1.000000000000000000e+00 7.196020205536405534e+00 3.035616660405862088e-01 2.800749806595499436e-01 2.909285938107131764e-01 2.934783226504198983e-01 2.657994548104417598e-01 2.234805876757258725e-01 1.821337789668910634e-01 2.064782000833783882e-01 3.475675594105624190e-03 2.347333304785874722e-02
1.000000000000000000e+00 6.528566759217570237e+00 3.062992116402503129e-01 2.921120396484090942e-01 2.801801239774743824e-01 2.882448666459750952e-01 2.887873443885803360e-01 2.229672048127606943e-01 1.779745242574237996e-01 2.064544602973560072e-01 3.350370841141342426e-03 2.315056275648963435e-02
1.000000000000000000e+00 5.450956526523659029e+00 2.973138352195748291e-01 2.953525640198202962e-01 2.695951041117148339e-01 2.802536377784471955e-01 2.779262163991359502e-01 2.425334440490413135e-01 1.797573420257997934e-01 2.021191479894559606e-01 3.333456119439948215e-03 2.226460570356826943e-02
1.000000000000000000e+00 6.528020179786924615e+00 2.979124979515897498e-01 3.025838806029719774e-01 2.725038289587749518e-01 2.642544987545963897e-01 2.811560481405386835e-01 2.327427490976731461e-01 1.766441264326632510e-01 2.013561677723239296e-01 3.428761357572436726e-03 2.165772920673741594e-02
1.000000000000000000e+00 5.800532427651616807e+00 2.783696333559870228e-01 3.098103374302597635e-01 2.693636950736015279e-01 2.601051867973566689e-01 2.882585604861243045e-01 2.474435227671528403e-01 1.742467319519366009e-01 1.982192345481094686e-01 3.483995557108766818e-03 2.198492697609238933e-02
1.000000000000000000e+00 5.508380797030445919e+00 2.871765126942610324e-01 3.040377715745364307e-01 2.709416988554226857e-01 2.604781459900669116e-01 2.826208807072493889e-01 2.566994174175997734e-01 1.781501678697141322e-01 1.992467150303003642e-01 3.435491305053038538e-03 2.125661493976999800e-02
1.000000000000000000e+00 4.086623908711205289e+00 2.845466855377516424e-01 3.013593433422264711e-01 2.719035075251068356e-01 2.574246654266362788e-01 2.746885038794258938e-01 2.495973732825177704e-01 1.852563923726980866e-01 1.970470958361791869e-01 3.399969092963449520e-03 2.128875271524381663e-02
1.000000000000000000e+00 3.884410758186879420e+00 2.844083600179916349e-01 3.005675165704688179e-01 2.721278808124799609e-01 2.621890697363168932e-01 2.685733246222696269e-01 2.534035135459287713e-01 1.804259647637500574e-01 1.981088580882655881e-01 3.316318875141571580e-03 2.002329476660160215e-02
1.000000000000000000e+00 8.327119994893335431e+00 2.817733793613187432e-01 3.086567631227634112e-01 2.660435359168818459e-01 2.499176616352720981e-01 2.720437144195896884e-01 2.630652266242825554e-01 1.814205249352759952e-01 1.957277264241657488e-01 3.405806639647981655e-03 1.962811010324367125e-02
1.000000000000000000e+00 5.454180962636198338e+00 2.902262336572821733e-01 2.998801001820330381e-01 2.665462786735148248e-01 2.586816776350199798e-01 2.760822794449737105e-01 2.578773981147425842e-01 1.811020124438800782e-01 1.996748199327911533e-01 3.221226271102432814e-03 1.908785882129695674e-02
1.000000000000000000e+00 4.590801046746719294e+00 2.924427050707497644e-01 2.927653884577876009e-01 2.804529664597571470e-01 2.627846322613392460e-01 2.661114891314637632e-01 2.481075906030741074e-01 1.881525662991864745e-01 1.983783166995390645e-01 3.333029418895552733e-03 1.936681532403721623e-02
1.000000000000000000e+00 4.275478554810803189e+00 2.951547571970655204e-01 2.911083228231404196e-01 2.788671007361190335e-01 2.615758591003934375e-01 2.684303169170487169e-01 2.524987737095271134e-01 1.890372449255479370e-01 1.973882744149652313e-01 3.365599168588432645e-03 2.021450214099284465e-02
1.000000000000000000e+00 7.351287480327907353e+00 2.986993548479962013e-01 2.903606357801837290e-01 2.839789896035238570e-01 2.612985986316895270e-01 2.647412886657398157e-01 2.519603635793422614e-01 1.815354580497965664e-01 1.997796709212927846e-01 3.481883681482739017e-03 1.811702277437044969e-02
1.000000000000000000e+00 5.090212995581415711e+00 2.890366634215018604e-01 2.934439126202760817e-01 2.926804917414046470e-01 2.613297483649646979e-01 2.722966284925540936e-01 2.562427236237873607e-01 1.808347921818748705e-01 2.013473894458236713e-01 3.307652469265725138e-03 1.997421470831103191e-02
1.000000000000000000e+00 4.983558974607825043e+00 2.900951682721590319e-01 3.030519286775043009e-01 2.830230077542640887e-01 2.716941344642255785e-01 2.685403219484292503e-01 2.686186787897818506e-01 1.949615571039881590e-01 2.016449083242510543e-01 3.125870455584216397e-03 2.032714703828501779e-02
1.000000000000000000e+00 7.082214319282599035e+00 2.860508401608956031e-01 3.135754576207839261e-01 2.638220381099624645e-01 2.691612490169221217e-01 2.796293345088560756e-01 2.653022476865682378e-01 2.035381829413183408e-01 1.999735411461527335e-01 3.264152471627581372e-03 1.901382437783844664e-02
1.000000000000000000e+00 9.809643698562220848e+00 2.898314716977530292e-01 3.058531707683481149e-01 2.771717519567003518e-01 2.663644058531915437e-01 2.996673698955692466e-01 2.650264262675376958e-01 1.961482501125432765e-01 2.038415024193415137e-01 3.553203377742826172e-03 1.827668999973085240e-02
1.000000000000000000e+00 9.254967989547818519e+00 2.994356204840566971e-01 3.066179453754137030e-01 2.742306290082688891e-01 2.891599216855673671e-01 2.937880250354199529e-01 2.523282833648216039e-01 1.875007026442032654e-01 2.098758204499190372e-01 3.632801310639670409e-03 1.811823105082996030e-02
1.000000000000000000e+00 8.707905823618194319e+00 3.042310868377750555e-01 3.187106224598718063e-01 2.791822481363865904e-01 2.811136656024727509e-01 2.879137958933608576e-01 2.402449064957943581e-01 1.906603584760767078e-01 2.080768104009728114e-01 3.871758203935322940e-03 1.692908404503931999e-02
1.000000000000000000e+00 7.915852764664061958e+00 3.042323888396596954e-01 3.228171105413260578e-01 2.757150633980794963e-01 2.782372386547656284e-01 2.910000407449198634e-01 2.529235643603673922e-01 1.784950663757405853e-01 2.086450191149591127e-01 3.774246661473861560e-03 1.723373348096691321e-02
1.000000000000000000e+00 6.534077644450956512e+00 3.074954875607928129e-01 3.168805491246781125e-01 2.745067405699102014e-01 2.922211059937455113e-01 2.860791663275142338e-01 2.580457302807964703e-01 1.827284547000797288e-01 2.126307757330915815e-01 3.402971354572090299e-03 1.787150424281541694e-02
1.000000000000000000e+00 4.726855642068961139e+00 3.021391416258536466e-01 3.112211395449537288e-01 2.707789689925758636e-01 2.855600044901291934e-01 2.752114653447458315e-01 2.487356743655483593e-01 1.872374815537823367e-01 2.077976984371940894e-01 3.538761485481330127e-03 1.818344376171196486e-02
1.000000000000000000e+00 6.210918962719330416e+00 2.913821723077572035e-01 3.165677866581121380e-01 2.698261196725903477e-01 2.941140103137326878e-01 2.703892273228841736e-01 2.555541737222389309e-01 1.963894340498812952e-01 2.067765897640779504e-01 3.288986658904454255e-03 1.717667563692838045e-02
1.000000000000000000e+00 6.717018062208882867e+00 2.964727487383728710e-01 3.247073164187515015e-01 2.835896916582061333e-01 2.811329324003616348e-01 2.808062883380171293e-01 2.703343736372676442e-01 2.069484231226026150e-01 2.095566367226167348e-01 3.384848366164168627e-03 1.526932054578397993e-02
1.000000000000000000e+00 7.097169552236425538e+00 2.992831099914137205e-01 3.240207612631199607e-01 2.872091372876445781e-01 2.813828482550501109e-01 2.775397953023005515e-01 2.806400730161644486e-01 2.097161477689126752e-01 2.113143475052345899e-01 3.334283255066300931e-03 1.716665575547611511e-02
1.000000000000000000e+00 6.548268069803471647e+00 3.052068184890948666e-01 3.191545865388254466e-01 2.897804718739123708e-01 2.863188978662878914e-01 2.960116235953442754e-01 2.801766573234136248e-01 2.104194947346714195e-01 2.160490005212470921e-01 3.316191394310307513e-03 2.035277485897779223e-02
1.000000000000000000e+00 1.043417471798978013e+01 3.038700759841931887e-01 3.091390340422999761e-01 2.810222001778965306e-01 2.959673046599173851e-01 2.972211099358857411e-01 2.816200930577820727e-01 2.217311544576398008e-01 2.134217260235464209e-01 3.263887701988855972e-03 2.024991957007270596e-02
1.000000000000000000e+00 1.110742002077200752e+01 2.995720325449168220e-01 3.157683135327023494e-01 2.851185801547338472e-01 2.924801636008990124e-01 2.986631822191735397e-01 2.717587429165584378e-01 2.085305600278496707e-01 2.116786643503863752e-01 3.215169208400369370e-03 2.139627087150403409e-02
1.000000000000000000e+00 8.714887635910379515e+00 3.093287912768550307e-01 3.063066359415135831e-01 2.645793488649381131e-01 2.872482733001838207e-01 2.828286276648321329e-01 2.735031983967206037e-01 1.992553890220402635e-01 2.115075332651753237e-01 3.449174286122560704e-03 2.155463715379704603e-02
1.000000000000000000e+00 8.900931371983944018e+00 3.082464948343332511e-01 2.964981323029790006e-01 2.686445068227264477e-01 2.729074030452205424e-01 2.749892519036877814e-01 2.731418490482980244e-01 2.044003443837493217e-01 2.034072018817466576e-01 3.413008106020808379e-03 2.252777222491099060e-02
1.000000000000000000e+00 8.299331195181281373e+00 3.045296119918776689e-01 2.994222382198548638e-01 2.618888609411718082e-01 2.715081688017945694e-01 2.589780590828187901e-01 2.764965019074021035e-01 2.013551757701050604e-01 2.018014504199422132e-01 3.356295885402365165e-03 2.366149697007564889e-02
1.000000000000000000e+00 6.973986957157288558e+00 2.993324332573360502e-01 3.041620017486147409e-01 2.633344442969969279e-01 2.693185040630614591e-01 2.703973054411119015e-01 2.811348367509711177e-01 1.963575948796693615e-01 2.015175756514013539e-01 3.479003430652165881e-03 2.340713607818843689e-02
1.000000000000000000e+00 5.476390813325863860e+00 3.043213270470441212e-01 3.115131758904626791e-01 2.653233003225077824e-01 2.860641201030511560e-01 2.697065317765376946e-01 2.872256983382470708e-01 1.900428637261059872e-01 2.072396249647942557e-01 3.500252048223370747e-03 2.299558349095369783e-02
1.000000000000000000e+00 5.591148986911345098e+00 3.030631032446805539e-01 3.168659653519649289e-01 2.653153941556929407e-01 2.964913753922220341e-01 2.653027450923379216e-01 2.761438536048703707e-01 1.839876184367141565e-01 2.078579168684746847e-01 3.248104974798153577e-03 2.386716946186842950e-02
1.000000000000000000e+00 6.172565961451271122e+00 3.003643242410932723e-01 3.236388904383342147e-01 2.617538373080136593e-01 3.008867723732575050e-01 2.701133257673931087e-01 2.666733328124707425e-01 1.841311350732243446e-01 2.096632236608155231e-01 3.207234029285606705e-03 2.336621160384656434e-02
1.000000000000000000e+00 4.370871784470050869e+00 2.952110510109796082e-01 3.111101738916735582e-01 2.663402823340315639e-01 2.883131554030557431e-01 2.692002646396428611e-01 2.611610696485771044e-01 1.799524278762607843e-01 2.052614564265078934e-01 3.098837849619557553e-03 2.488292122116978616e-02
1.000000000000000000e+00 4.284568999804259981e+00 3.033394268815285955e-01 3.034182251301846822e-01 2.659923201915481150e-01 2.933867816252695437e-01 2.742199358739080828e-01 2.545555180343057611e-01 1.781882265575751578e-01 2.087850569257775069e-01 3.432610457581701264e-03 2.455604616917262881e-02
1.000000000000000000e+00 4.565152175845927474e+00 2.944737207082910868e-01 3.269140821717574363e-01 2.732979087989274580e-01 2.926150408161038996e-01 2.764906011517267448e-01 2.498608070668358327e-01 1.847553492803240272e-01 2.084149760302535792e-01 3.486549633577166237e-03 2.404238518352353263e-02
1.000000000000000000e+00 4.298909124243912139e+00 3.025593837817069920e-01 3.066823011377454167e-01 2.803515750533013828e-01 2.909155539637284793e-01 2.776327367666929224e-01 2.565933892552303974e-01 1.833923014009961883e-01 2.098275120228533241e-01 3.332361557814563467e-03 2.431181259075846160e-02
1.000000000000000000e+00 6.070111818398948422e+00 2.890853693628103183e-01 3.143191034187956534e-01 2.684260687799010503e-01 2.793134039904567878e-01 2.647915968756860416e-01 2.683658596571733557e-01 1.787438528208373234e-01 2.043669959735714969e-01 3.424541173033275338e-03 2.432856751923905686e-02
1.000000000000000000e+00 6.629871168962285566e+00 2.958767823481611159e-01 3.125462126227740445e-01 2.740466506598168150e-01 2.868876860367362558e-01 2.674169226779250508e-01 2.630732878413711284e-01 1.722527888493743109e-01 2.053152964883599996e-01 3.725501867565639974e-03 2.423121104334869519e-02
1.000000000000000000e+00 4.492684951322410747e+00 2.971694814779347604e-01 3.098616280225215958e-01 2.739607246852149847e-01 2.840155570916914063e-01 2.720757166433649954e-01 2.563231985043518124e-01 1.716643959052564505e-01 2.069311473351907738e-01 3.731457023460709160e-03 2.617683491118391950e-02
1.000000000000000000e+00 5.006876010447313341e+00 2.921136699507260182e-01 3.000276632137776067e-01 2.804804887859131957e-01 2.807570155854378080e-01 2.682059215361895510e-01 2.582276975378989814e-01 1.782425637142200092e-01 2.028990958001295752e-01 3.509851164668652442e-03 2.763046674775620354e-02
1.000000000000000000e+00 5.273750487181390056e+00 2.898206702576384686e-01 3.024042016216094142e-01 2.822437644123796940e-01 2.737942298032194910e-01 2.571188672468383563e-01 2.600297552605570495e-01 1.715156708906663274e-01 2.022321100342553135e-01 3.645184576403643229e-03 2.831877496587154736e-02
1.000000000000000000e+00 5.800580682454947734e+00 2.920827407250122798e-01 3.039779570330262692e-01 2.674989728642453435e-01 2.807623249051650061e-01 2.511772580200813954e-01 2.533458599650270648e-01 1.705327714743672396e-01 2.020782422462940597e-01 3.677559297630209490e-03 2.826408272513935074e-02
1.000000000000000000e+00 6.664267932563676666e+00 3.049974707956042974e-01 2.988922848733500115e-01 2.695220839287739145e-01 2.792059667880912865e-01 2.543661644853633108e-01 2.544824510836651288e-01 1.652473398713794339e-01 2.028017423920088214e-01 3.615080937777688519e-03 2.740408445878806179e-02
1.000000000000000000e+00 6.251355535540984221e+00 2.931651308888148511e-01 2.952801231169482898e-01 2.620577095865329054e-01 2.884123789917458769e-01 2.474728869509513762e-01 2.693327538608721317e-01 1.631750072523301398e-01 2.016083673986576452e-01 3.507360953128538066e-03 2.768355124298761682e-02
1.000000000000000000e+00 7.359087508431888303e+00 2.919149556839507054e-01 3.033713415294932991e-01 2.584136105498383573e-01 2.835402584276599525e-01 2.541502984129694886e-01 2.824810736346414219e-01 1.747555773553709224e-01 2.009764455119430471e-01 3.336526518617751857e-03 2.705153751486063726e-02
1.000000000000000000e+00 6.738262266260758082e+00 2.951472553032523094e-01 3.056364825970238064e-01 2.509326328016109331e-01 2.948901622277548262e-01 2.425625012868941333e-01 2.805251984229559237e-01 1.784762017623909014e-01 1.997890446176715240e-01 3.290584525809974164e-03 2.592664662811509577e-02
1.000000000000000000e+00 6.944413862458094222e+00 2.951793363400965764e-01 2.922678183216855241e-01 2.563761327627472331e-01 2.950729687945621293e-01 2.450272192814680616e-01 2.855104232801028985e-01 1.812451134257289376e-01 2.016357236381697005e-01 3.063144057000282382e-03 2.731034326256477282e-02
1.000000000000000000e+00 7.369838160577084629e+00 2.903912935101489179e-01 2.838998741927039604e-01 2.605377707071152016e-01 2.880990607475548693e-01 2.399051751470854810e-01 2.748916045335279557e-01 1.870745523643816965e-01 1.968102096984301053e-01 3.024048250721061201e-03 2.756069284753260087e-02
1.000000000000000000e+00 8.485023406837898463e+00 2.836749338809879672e-01 2.779018456438326345e-01 2.496554631789913437e-01 2.878935924938846869e-01 2.377583595647106418e-01 2.785179073054446786e-01 1.785089616296832715e-01 1.912113071728005209e-01 3.256763565667887290e-03 2.812333332461736460e-02
1.000000000000000000e+00 8.542470649344332756e+00 2.806126478437427907e-01 2.840844491879344069e-01 2.401613300725240485e-01 2.888826919574161711e-01 2.337830601726187951e-01 2.796606629307152869e-01 1.613135165401154147e-01 1.892431101793084491e-01 3.194194472011529281e-03 2.768094317663816195e-02
1.000000000000000000e+00 8.019180830433356277e+00 2.775976771880510618e-01 2.995794469111344727e-01 2.542843563118440398e-01 2.823790447052589858e-01 2.300665123452385885e-01 2.829567283760924812e-01 1.643022180889017470e-01 1.948334888983395685e-01 3.220515069404553468e-03 2.708167393680301072e-02
1.000000000000000000e+00 9.012726442301485008e+00 2.623523400192046551e-01 3.052041675070684690e-01 2.431282182161593752e-01 2.699754342901658499e-01 2.200183928996365668e-01 2.797674094752863327e-01 1.640372640580261554e-01 1.867884894814177688e-01 3.086075188289265879e-03 2.800139787716757547e-02
1.000000000000000000e+00 7.875659279097634524e+00 2.841717878346974313e-01 2.922360221398653257e-01 2.475833814689871459e-01 2.878486220033992793e-01 2.213303469594098405e-01 2.814502816325688550e-01 1.626575933508483951e-01 1.930401554012652621e-01 3.180660751632266494e-03 2.664719160625309002e-02
1.000000000000000000e+00 6.382983625213728196e+00 2.727060869211105909e-01 2.885679387855509259e-01 2.500640128539682316e-01 2.768457216982052049e-01 2.136794917608683952e-01 2.776669565658143601e-01 1.611024010022659436e-01 1.866786806604855686e-01 3.104134670604166528e-03 2.535836756987590312e-02
1.000000000000000000e+00 6.699557885462597895e+00 2.714655144494313999e-01 3.075662834631090470e-01 2.471128416176411879e-01 2.686496466839091157e-01 2.321518376843020870e-01 2.637702962297454046e-01 1.468881211544840470e-01 1.874028929801683230e-01 3.350875839132652374e-03 2.636290688280874470e-02
1.000000000000000000e+00 6.533475969000669181e+00 2.751133963078036815e-01 3.021239354626322204e-01 2.482400620113475176e-01 2.752330591744723831e-01 2.320617852193667674e-01 2.488432515087621588e-01 1.461570297373522009e-01 1.906908090364951014e-01 3.303821660813686511e-03 2.794858060787341891e-02
1.000000000000000000e+00 4.911308769441569133e+00 2.841446335224010467e-01 2.959829108795045682e-01 2.480814734105835917e-01 2.797997817302576573e-01 2.367437948168931161e-01 2.385231623863320882e-01 1.477821167794323709e-01 1.916087640850141216e-01 3.087559816407698093e-03 2.874959388834403759e-02
1.000000000000000000e+00 5.205444474253196674e+00 2.734427459663688054e-01 2.987707753773333197e-01 2.601848103514569077e-01 2.782936658539491570e-01 2.399828502096996441e-01 2.458421697272523687e-01 1.535764851896150585e-01 1.896396834820759103e-01 3.060697757445810744e-03 3.034046956059154032e-02
1.000000000000000000e+00 5.985087649352822226e+00 2.723291848868853449e-01 2.870887672233055077e-01 2.659657127578934355e-01 2.650355894615829544e-01 2.419347463276170229e-01 2.456773512422288641e-01 1.541564906472545904e-01 1.863943720798759418e-01 3.087864931227102868e-03 3.090039315767751857e-02
1.000000000000000000e+00 3.536638775098424503e+00 2.721317844668095232e-01 2.883253102510332511e-01 2.645374088474046759e-01 2.693788730038471635e-01 2.485009386142595644e-01 2.352364773586848312e-01 1.602942370889330059e-01 1.884490216459483447e-01 2.948800634754521633e-03 3.045203521632986604e-02
1.000000000000000000e+00 4.522888257774595466e+00 2.731662570120636513e-01 2.955186513620334243e-01 2.616894949353193445e-01 2.625589026243060342e-01 2.493211726067745548e-01 2.379098686176512878e-01 1.542724041243187239e-01 1.886237028636332802e-01 3.844827785415810828e-03 2.813567552808268063e-02
1.000000000000000000e+00 5.911591283225646976e+00 2.819773484509605077e-01 2.925724219276683025e-01 2.505643968794485366e-01 2.588020831859449422e-01 2.432734866730165424e-01 2.277357903882033519e-01 1.686727923241345684e-01 1.889295807660335558e-01 3.008568674172523889e-03 2.829507081501273641e-02
1.000000000000000000e+00 5.892794021245946645e+00 2.799211841990754124e-01 2.901896449293941416e-01 2.584119024363036310e-01 2.570016018499126642e-01 2.456756678507021618e-01 2.419187841707733377e-01 1.832995510975873321e-01 1.878290062820055506e-01 4.262116330398909442e-03 2.801289289910244978e-02
1.000000000000000000e+00 4.978810751382561683e+00 2.867056085253258946e-01 2.842016852143668393e-01 2.514811514129152159e-01 2.489613429188776428e-01 2.630998076446492417e-01 2.322702692649371015e-01 1.948350945865097161e-01 1.871291005014208975e-01 3.359322952008100480e-03 2.842768853248075350e-02
1.000000000000000000e+00 3.653369681681680525e+00 2.680925987350066264e-01 2.849908559756424431e-01 2.553298556637155214e-01 2.481143945896591707e-01 2.645823551639633342e-01 2.399674242237047894e-01 2.338616036526758590e-01 1.854760880882509455e-01 3.485211697260204647e-03 2.866796543091604255e-02
1.000000000000000000e+00 7.036373567717641109e+00 2.807336212047862878e-01 2.963702592439135808e-01 2.476138848630545508e-01 2.454123980774102209e-01 2.588623921761863400e-01 2.371734119684047182e-01 2.398809432588397961e-01 1.862935382851916288e-01 4.091957313492542055e-03 2.951156034377253046e-02
1.000000000000000000e+00 6.388703857161288191e+00 2.703172855368524141e-01 3.038624147121187224e-01 2.497477019131322806e-01 2.578005370473813729e-01 2.762651725905934108e-01 2.115266320251813770e-01 2.239192991396821153e-01 1.872680351025166057e-01 3.299534864126944279e-03 2.827277265591902206e-02
1.000000000000000000e+00 5.879412085665398635e+00 2.707586109639772975e-01 3.011761099714512779e-01 2.486786398437237089e-01 2.537589970932025984e-01 2.702011917628542315e-01 2.303373883045346793e-01 2.210460000883438803e-01 1.869191127637254701e-01 3.930396357073838443e-03 2.943633886154231605e-02
1.000000000000000000e+00 5.443396399408189978e+00 2.695375723662824519e-01 3.072372262971076462e-01 2.519471932554601112e-01 2.701059165503844617e-01 2.448408326852155315e-01 2.196898984363967466e-01 2.252301363229334830e-01 1.883650351403040046e-01 2.853242766367951929e-03 2.891657801531745745e-02
1.000000000000000000e+00 5.666885080892217985e+00 2.800632715250551685e-01 3.034426333306919910e-01 2.402267223495405390e-01 2.604742982359695702e-01 2.716970089131479082e-01 1.985105143203075573e-01 2.073600947305035136e-01 1.887594017989998874e-01 3.821086717806528640e-03 2.953337248701346646e-02
1.000000000000000000e+00 6.150032561513508966e+00 2.767437546164724371e-01 2.994809875736062499e-01 2.440278424435778637e-01 2.617664625892359709e-01 2.703339235125790663e-01 1.967619202542382761e-01 2.224957438125622355e-01 1.880347307796657597e-01 3.922028266950382085e-03 2.954340369675523617e-02
1.000000000000000000e+00 6.435602417571974598e+00 2.783188495152410513e-01 2.900126417497432829e-01 2.430785774207376571e-01 2.635038903679167155e-01 2.663936402114946422e-01 1.880639329603213672e-01 2.327555341156355151e-01 1.876222865542457874e-01 3.457777589594506883e-03 2.825531020206491564e-02
1.000000000000000000e+00 6.286654178907065571e+00 2.777429021915216456e-01 2.900648526204738231e-01 2.395345983342226093e-01 2.605793951167714173e-01 2.722509482556880744e-01 2.110996842753484759e-01 2.316062617946270663e-01 1.867169933440663843e-01 3.070436571176770983e-03 3.003118536458257090e-02
1.000000000000000000e+00 1.049258542797443816e+01 2.821776309516130232e-01 2.934764962599450966e-01 2.408875885763865632e-01 2.663587814653052277e-01 2.306105882350203140e-01 2.165490039256090515e-01 2.237155646300288958e-01 1.877296116427051853e-01 3.904036250995536472e-03 3.056770274997416825e-02
1.000000000000000000e+00 9.798088041220454514e+00 2.760477266108008476e-01 2.964093021693936514e-01 2.499399392971092537e-01 2.848091637906241536e-01 2.259616356061130427e-01 2.178973207643232768e-01 2.415607580773265206e-01 1.884140414619646098e-01 3.285248503575078066e-03 2.975213500571529529e-02
1.000000000000000000e+00 5.883218784530817480e+00 2.826848004551230642e-01 2.843330599831715433e-01 2.323334372151906191e-01 2.932652242721451863e-01 2.364556359395863505e-01 2.306971456483545568e-01 2.677456398112068037e-01 1.876544099253679154e-01 3.226055504050395848e-03 3.018694495149055676e-02
1.000000000000000000e+00 5.463837520408231008e+00 2.831308820788643321e-01 2.879075228880546011e-01 2.325872777142347914e-01 2.887517060466138763e-01 2.524652274975416888e-01 2.184225608023175336e-01 2.662693216036416399e-01 1.876464587029514908e-01 3.493199635158271248e-03 2.996483097272434337e-02
1.000000000000000000e+00 4.807698190007045014e+00 2.832664477229420719e-01 2.901370736876301981e-01 2.334467147696468459e-01 2.759646027568536941e-01 2.643697261301601875e-01 2.191715817067323435e-01 2.541383405416838270e-01 1.877099707947680052e-01 3.475819154216613222e-03 2.993584935920619305e-02
1.000000000000000000e+00 4.716533950900103633e+00 2.793944614476926436e-01 2.983090677940133939e-01 2.366937324270882714e-01 2.752293557662982004e-01 2.566078347794445991e-01 2.176829739909157957e-01 2.703142939872663630e-01 1.882454353014767212e-01 3.221304304935452244e-03 3.006568722418857809e-02
1.000000000000000000e+00 7.918111245670052867e+00 2.713323851269337506e-01 2.975617048359489036e-01 2.323666723601760797e-01 2.665796331821109200e-01 2.795207383535562307e-01 2.233146395929342110e-01 2.761215698621596881e-01 1.876717122168233276e-01 3.051414922123423749e-03 3.018448469739032705e-02
1.000000000000000000e+00 8.428893207988235048e+00 2.808727096143251445e-01 3.014794455552236019e-01 2.386098792582692918e-01 2.863717665951394653e-01 2.583070509799154091e-01 2.173275499848884018e-01 2.703082911009820344e-01 1.890314351462077380e-01 4.302325264416285815e-03 3.073291092145429698e-02
1.000000000000000000e+00 1.186072777914695031e+01 2.924102974022335655e-01 2.884950148367029787e-01 2.299397493245888269e-01 2.860849017720154541e-01 2.615851384169231575e-01 2.034334426750567248e-01 2.677649386742899651e-01 1.889696662311121100e-01 3.209994113726665540e-03 3.096768563900711979e-02
1.000000000000000000e+00 1.098204474442252732e+01 2.815310406426483336e-01 2.792385653842630044e-01 2.325418942654951526e-01 2.809936026958795852e-01 2.703039024489333753e-01 2.041102875928348936e-01 2.805012410526928068e-01 1.877671302381046792e-01 3.573676230454929034e-03 3.195820780620430707e-02
1.000000000000000000e+00 7.772469944720192814e+00 2.867700315214463114e-01 2.718558198476295207e-01 2.415625641215909392e-01 2.749662470688645222e-01 2.467154141601502204e-01 1.860532616613105872e-01 2.701528193998272154e-01 1.882029438320975134e-01 3.462262460023535996e-03 3.095791560608932014e-02
1.000000000000000000e+00 5.997817234059084512e+00 2.859050722590115723e-01 2.717874343316650787e-01 2.382423454286510811e-01 2.670178419125165958e-01 2.678672172901450099e-01 1.952703453347034712e-01 2.817679162912485324e-01 1.872011017723446691e-01 3.548235587089428999e-03 2.953772169790658264e-02
1.000000000000000000e+00 4.234681725280330156e+00 2.828945694115624909e-01 2.799151412973950315e-01 2.547884035415194370e-01 2.627290616669838985e-01 2.497012629121121152e-01 1.878425033867742178e-01 2.969537681096205972e-01 1.872619410703034448e-01 3.764506053549779990e-03 2.977934074844073437e-02
1.000000000000000000e+00 9.807705704409077185e+00 2.926184603032231935e-01 2.794121143867417389e-01 2.457701326537884146e-01 2.688614742674079738e-01 2.654263163830498651e-01 2.081543877551083888e-01 3.152892141208746279e-01 1.866258123519710932e-01 3.896000539336720407e-03 3.047282504862131383e-02
1.000000000000000000e+00 9.841604840874186522e+00 2.871779686191728853e-01 2.680616931098103173e-01 2.409698031512805538e-01 2.424121199318969300e-01 2.761013463254726741e-01 2.078503244413692774e-01 3.281694603168063828e-01 1.849902667567755177e-01 2.857365257498237741e-03 3.004383402386023513e-02
1.000000000000000000e+00 8.280842044770389876e+00 2.856563931323322092e-01 2.655319880473335781e-01 2.522959497325736322e-01 2.499067193233554252e-01 2.827366326879016123e-01 2.085227522760931540e-01 3.062485956602229997e-01 1.851703657238320810e-01 3.954092931556289769e-03 3.145204107042320896e-02
1.000000000000000000e+00 9.280860756765884290e+00 2.876429591575272449e-01 2.642162852574160281e-01 2.524658942912757498e-01 2.646091811470482891e-01 2.788097989538178001e-01 1.918250075461141735e-01 2.920013553977748866e-01 1.866616920521632916e-01 3.628556390578976509e-03 2.938323096469050433e-02
1.000000000000000000e+00 8.694457820901918765e+00 2.872419797816436193e-01 2.596853819435347988e-01 2.521466805331787353e-01 2.539357394377416144e-01 2.690640060768491604e-01 1.824925490096346858e-01 3.196950947075440363e-01 1.857085650863999349e-01 3.183117735325239565e-03 2.860441087335796259e-02
1.000000000000000000e+00 6.542438878938541258e+00 2.856941792252682966e-01 2.691664847438710595e-01 2.593523096655008242e-01 2.493888801067316308e-01 2.693785327560846987e-01 1.762808857046149202e-01 3.120483831795999308e-01 1.862654255825894889e-01 3.132512980220836848e-03 2.900158135001380116e-02
1.000000000000000000e+00 8.285807028073651992e+00 2.797390273443008391e-01 2.670305452303622928e-01 2.635277490228216668e-01 2.476514671185615080e-01 2.655803930372393484e-01 1.723467746842512471e-01 3.221434745644645714e-01 1.860714538252701833e-01 3.430094768788356178e-03 3.140863561133919873e-02
1.000000000000000000e+00 9.151793733197521874e+00 2.784054076664487232e-01 2.663842315304479902e-01 2.648834839287804166e-01 2.517134673489503371e-01 2.610502071889450604e-01 1.782881026282460979e-01 3.241739454487284622e-01 1.858768298605354419e-01 3.539815455035170977e-03 3.394054500749461162e-02
1.000000000000000000e+00 9.464432218949509590e+00 2.762874294532662867e-01 2.632928488905081355e-01 2.676690265654785295e-01 2.683153846072134918e-01 2.602383338713992189e-01 1.908074255885112980e-01 3.164583961459532802e-01 1.862161971814826622e-01 3.680168732371916305e-03 3.543172986626831611e-02
1.000000000000000000e+00 1.096780846926136554e+01 2.684188782469350554e-01 2.728243495911350514e-01 2.666174771394295706e-01 2.469967388560475596e-01 2.752725067367478018e-01 2.177148853933542627e-01 3.442156007536233409e-01 1.848598230957131938e-01 3.487104526258795641e-03 3.607811684794539481e-02
1.000000000000000000e+00 9.860150904363806035e+00 2.840936756262731344e-01 2.637941815514337485e-01 2.639733827686875922e-01 2.536925337781451573e-01 2.611410639364439290e-01 2.231238397170076382e-01 3.677494419873237330e-01 1.843627712940230645e-01 2.390530469794423067e-03 3.649770258395099859e-02
1.000000000000000000e+00 9.168488880853477241e+00 2.770290175990487991e-01 2.595864898732708759e-01 2.583859433846718567e-01 2.551177641763088810e-01 2.569256109509034935e-01 2.189371946894985432e-01 3.867772348794706327e-01 1.838759862248801613e-01 3.818554345786846251e-03 3.810329133018437037e-02
1.000000000000000000e+00 9.129812642615821261e+00 2.833380600800873839e-01 2.560043745733709408e-01 2.644405279135746412e-01 2.634205391589486411e-01 2.428485417131392987e-01 2.170145379719628786e-01 3.960921521064030837e-01 1.841302634664188087e-01 4.125957642435076900e-03 3.801664133082813257e-02
1.000000000000000000e+00 9.669146137801231333e+00 2.802270566017990849e-01 2.614921106362524950e-01 2.694282422573091584e-01 2.393074391441711302e-01 2.622848893758242816e-01 2.107625953191708812e-01 3.954288007833638985e-01 1.829933097191608626e-01 3.671111602786650361e-03 3.946052835319480839e-02
1.000000000000000000e+00 8.586396462101458127e+00 2.720158166941331612e-01 2.673293490815455975e-01 2.743173824015980311e-01 2.407039639495590910e-01 2.599642216718647814e-01 2.323288460916538567e-01 3.929140245075714577e-01 1.830556829727923995e-01 3.037030307229998411e-03 3.783309179790179250e-02
1.000000000000000000e+00 6.958932866793612781e+00 2.722379240169680581e-01 2.672607459059688217e-01 2.676641018914420744e-01 2.470090297069777729e-01 2.484581583376076486e-01 2.317397629401443671e-01 4.113061704454457068e-01 1.830295952790219061e-01 3.070421719115308794e-03 3.867848468639011050e-02
1.000000000000000000e+00 5.986377234811401493e+00 2.826957473115529473e-01 2.593360737583316200e-01 2.621500616845154896e-01 2.539036415927450885e-01 2.456277330843331663e-01 2.264444900181606102e-01 4.377176709351654482e-01 1.823204190884596398e-01 3.888219063836180749e-03 3.642188183135824237e-02
1.000000000000000000e+00 5.609164591260209498e+00 2.741067860175429582e-01 2.594831708149019645e-01 2.617870950092124338e-01 2.568616964878282505e-01 2.479322985575883043e-01 2.171160957787106327e-01 4.528121725421505595e-01 1.821909859208306615e-01 3.746453170447293715e-03 3.699477317661615389e-02
1.000000000000000000e+00 7.477457318301397926e+00 2.691973573894226313e-01 2.709484182048516043e-01 2.663451510229202235e-01 2.591751913252132167e-01 2.454931329540199769e-01 2.212306895505267157e-01 4.535001948928810700e-01 1.828220678133654076e-01 3.618025736549991545e-03 3.758698126274038348e-02
1.000000000000000000e+00 8.458110313314115558e+00 2.687678668328483123e-01 2.738202036188484012e-01 2.655179934021407728e-01 2.682195071125109131e-01 2.332914734244643518e-01 2.111831132846541115e-01 4.634679823224036044e-01 1.833041393840649513e-01 3.660954764664171076e-03 3.671618099208517894e-02
1.000000000000000000e+00 8.397674432207651307e+00 2.788795522266696025e-01 2.627586038202744945e-01 2.590437104029735260e-01 2.684419750935208016e-01 2.289603178816547457e-01 2.153118993680091242e-01 4.787212316513554944e-01 1.831313358501728827e-01 4.009339039192695749e-03 3.470551382140424357e-02
1.000000000000000000e+00 8.550107059465602788e+00 2.755310104912627733e-01 2.616718389433056458e-01 2.548452118682380529e-01 2.591763297898842522e-01 2.343357170104355958e-01 2.308936782437105151e-01 5.145088550839630459e-01 1.817720999394577541e-01 4.300984146657149849e-03 3.631768375659768372e-02
1.000000000000000000e+00 5.808539918103644339e+00 2.783774784474046249e-01 2.609550350866330359e-01 2.449269412584798578e-01 2.486462846446351183e-01 2.522261315309103913e-01 2.376070578974237568e-01 5.539609167130937761e-01 1.803940891772211341e-01 3.537398303990830530e-03 3.697623694344959883e-02
1.000000000000000000e+00 7.868344302085347408e+00 2.857367812603508472e-01 2.562295357784438732e-01 2.471131035827746347e-01 2.460271018458596304e-01 2.549200966427220827e-01 2.199339808968382992e-01 5.279603824114301736e-01 1.809246143493871695e-01 3.487427747320573455e-03 3.648216694176134589e-02
1.000000000000000000e+00 9.061260866306740880e+00 2.845610620315561223e-01 2.554934441962107283e-01 2.384733249521659160e-01 2.524626403748324588e-01 2.639118634038404854e-01 2.297286470515829959e-01 5.707635015373258014e-01 1.795250235349556411e-01 3.547026400706739056e-03 3.602438889252937426e-02
1.000000000000000000e+00 6.687773265477678919e+00 2.822202516300589825e-01 2.598699265781900802e-01 2.490000457953641388e-01 2.524886246945063917e-01 2.459480109171273132e-01 2.288074435087192604e-01 5.758675847096226263e-01 1.798874191338474537e-01 4.137782336841044212e-03 3.439068921176647448e-02
1.000000000000000000e+00 7.069083494370585363e+00 2.826481374039571115e-01 2.512303209304428964e-01 2.487801006883153532e-01 2.513098627748727720e-01 2.366957266170136021e-01 2.344238063028356578e-01 6.028132443059949219e-01 1.788493663103503939e-01 3.914171618605707600e-03 3.389255628407743942e-02
1.000000000000000000e+00 8.510283238454684707e+00 2.833564948791050808e-01 2.480295783697186451e-01 2.544966804115736947e-01 2.417820269501602115e-01 2.431380003842420479e-01 2.278736968453358158e-01 6.113623724179771957e-01 1.780190328492376461e-01 3.367359703628890286e-03 3.523489057835574312e-02
1.000000000000000000e+00 8.599244067062150165e+00 2.710287897654130029e-01 2.509193642466249763e-01 2.540247434715753871e-01 2.542313388410443187e-01 2.573836684422559640e-01 2.192293678524913081e-01 6.150093684501407587e-01 1.785705100679136625e-01 3.582704019756838883e-03 3.608609913596994706e-02
1.000000000000000000e+00 8.098068348590603094e+00 2.699005004893535453e-01 2.415989490677336038e-01 2.580357284629703485e-01 2.543142236139979140e-01 2.420522154341386289e-01 2.185311687336189135e-01 6.491942373493090335e-01 1.771393900511396280e-01 3.690733060074872455e-03 3.567651107705883257e-02
1.000000000000000000e+00 6.454903456119371441e+00 2.801609781151734313e-01 2.386495087998039555e-01 2.564559301129151758e-01 2.408501858761242509e-01 2.461686439519936431e-01 2.218267923930691832e-01 6.627376303263291524e-01 1.759282574946025579e-01 3.791063746428576398e-03 3.485643160805827756e-02
1.000000000000000000e+00 6.776557698343228076e+00 2.756611402236761599e-01 2.406954908695749518e-01 2.542039862026514996e-01 2.460962478096994921e-01 2.511987748315175906e-01 2.189798495803642331e-01 6.456715273110630315e-01 1.761340794643004581e-01 2.808348876837507557e-03 3.341300248208436963e-02
1.000000000000000000e+00 7.149815533433041992e+00 2.801304573083312488e-01 2.417492531201155814e-01 2.451084560739893448e-01 2.396001336165339557e-01 2.532892432659050175e-01 2.081169068217277041e-01 6.524492850089317342e-01 1.762996362014248863e-01 3.537712888745312735e-03 3.237906157778534105e-02
1.000000000000000000e+00 7.153303367766372212e+00 2.778045857303940713e-01 2.445237296983509556e-01 2.549808576385481640e-01 2.443472045734814968e-01 2.618610926392694327e-01 2.038717720077444506e-01 6.569670945950001339e-01 1.766580365473001402e-01 2.809454172158792722e-03 3.224249468004024288e-02
1.000000000000000000e+00 8.493960461257836769e+00 2.772771886210267933e-01 2.449135593645575815e-01 2.532200993239943076e-01 2.355073844209048251e-01 2.537350926823560560e-01 2.185085462852546789e-01 6.612012712453216867e-01 1.760434549738584820e-01 4.088872711246246267e-03 3.189241787765099284e-02
1.000000000000000000e+00 8.947796880815683807e+00 2.852392953257993913e-01 2.386919762551974744e-01 2.475117637927655712e-01 2.342993092688678836e-01 2.450128754572504508e-01 2.269071633575129865e-01 6.741222711318182181e-01 1.753168871305170184e-01 3.637508484741217452e-03 3.115244887254410566e-02
1.000000000000000000e+00 7.092140029443131155e+00 2.765305084524743440e-01 2.461882320412652758e-01 2.588252323890199436e-01 2.335218742834306305e-01 2.432579732472612832e-01 2.249729953879263666e-01 6.909965219392988356e-01 1.747013052085216178e-01 3.769573661610496011e-03 3.031334277536348529e-02
1.000000000000000000e+00 6.368350718986452108e+00 2.761870028534782473e-01 2.459585159086948025e-01 2.550141422371611233e-01 2.415711629201088839e-01 2.381291344564650247e-01 2.312394989511951382e-01 7.130241242562057602e-01 1.743908142980490350e-01 3.734617427868227799e-03 2.965126506034087076e-02
1.000000000000000000e+00 3.994314118772006594e+00 2.725315038664026801e-01 2.410502588306999983e-01 2.540360402369533643e-01 2.399246468016077993e-01 2.471773344953127061e-01 2.115046695309873159e-01 7.132033282706675692e-01 1.746414412639919478e-01 3.393016310665054013e-03 3.093860951132235831e-02
1.000000000000000000e+00 5.145033364295692913e+00 2.733972897597780616e-01 2.346438385439105490e-01 2.509704260062580183e-01 2.466618973552806571e-01 2.411378619162453940e-01 2.056845557897309107e-01 7.247242350236728914e-01 1.747181203810923844e-01 3.368603017996281077e-03 3.182284909307146054e-02
1.000000000000000000e+00 7.076149525936595630e+00 2.781562422503997545e-01 2.342888758133797877e-01 2.484248207953525800e-01 2.368879780661479750e-01 2.465889058155459057e-01 1.948176463606203224e-01 7.347808405328530856e-01 1.744553718236504514e-01 3.349781643071838427e-03 3.436166907150937921e-02
1.000000000000000000e+00 7.876550390786842826e+00 2.758898670724394542e-01 2.330297930985810728e-01 2.549311527297188351e-01 2.262015681302919079e-01 2.499790232230017506e-01 2.027608409528458000e-01 7.549955514428162706e-01 1.729519613643488996e-01 3.980069561747473332e-03 3.293701375953021759e-02
1.000000000000000000e+00 1.101506602343603802e+01 2.737998683593948490e-01 2.332116200976717124e-01 2.560718373185454921e-01 2.410031044823928714e-01 2.551414350944364862e-01 2.115405923079793915e-01 7.754446141870627862e-01 1.730279015345253524e-01 3.309483367027550062e-03 3.317085054938988253e-02
1.000000000000000000e+00 7.980428868327331671e+00 2.732538585139671072e-01 2.275224221001500013e-01 2.540675163050979957e-01 2.526895210815985893e-01 2.435241606304121564e-01 2.134313939499125623e-01 7.856470466538014730e-01 1.732448438843938732e-01 3.554225331527514041e-03 3.146664232443498882e-02
