1.000000000000000000e+00 2.243020133743778288e+00 2.689790930321906415e-01 2.746984101284170032e-01 2.360437652774780293e-01 2.605291976172428026e-01 2.458898767156874610e-01 2.383163996441770016e-01 2.759641208544781898e-01 1.804769824230822439e-01 3.455639488490994116e-03 2.173046031884023552e-02
1.000000000000000000e+00 2.594029024349056023e+00 2.466223158082943845e-01 2.500288290932926039e-01 2.384511183713308446e-01 2.190006952989110578e-01 2.247603073270905416e-01 2.136130510028211305e-01 1.592376510164040526e-01 1.623211795060909013e-01 3.084879676830881712e-03 2.448314004518533510e-02
1.000000000000000000e+00 4.115055657498819741e+00 2.478729998592468786e-01 2.574996607310667818e-01 2.538650304355730691e-01 2.226184324302485640e-01 2.190409083589651973e-01 2.163281907003770654e-01 1.676688745763775801e-01 1.657089384188545345e-01 3.086607609694864800e-03 2.557604456334557075e-02
1.000000000000000000e+00 4.313231311040010674e+00 2.550375574862333017e-01 2.594455246286343497e-01 2.527798568300653748e-01 2.295985577312598391e-01 2.215944589708486179e-01 2.059630392192802473e-01 1.644814886170514190e-01 1.693552853353562648e-01 2.986413852188121981e-03 2.642268227247022289e-02
1.000000000000000000e+00 4.242036241631305771e+00 2.462025173812398549e-01 2.645416375303614176e-01 2.530826918310971063e-01 2.258871177654478424e-01 2.262533057983616702e-01 2.073914331074755146e-01 1.593415411190025055e-01 1.691744368374211716e-01 2.925502332263302339e-03 2.587917975407868706e-02
1.000000000000000000e+00 4.283059126247561466e+00 2.552613923381713557e-01 2.666024430458259209e-01 2.355328330143839910e-01 2.297880053233751219e-01 2.352197163479666231e-01 1.995214451084074969e-01 1.699572475740332433e-01 1.690826812005820634e-01 2.996024654660995462e-03 2.546962860586100830e-02
1.000000000000000000e+00 2.235316909834132115e+00 2.621780681020045023e-01 2.612998246816882197e-01 2.296561669223740054e-01 2.548151210630744679e-01 2.249009056471755197e-01 2.014105938685645802e-01 1.642538715633358182e-01 1.729143697977775784e-01 3.063216470032493945e-03 2.563856185908633400e-02
1.000000000000000000e+00 2.064076905418616104e+00 2.677421570837948961e-01 2.655445520935999504e-01 2.330724819864439523e-01 2.545468400813245546e-01 2.289079403927472001e-01 2.123353825347488177e-01 1.632052045277623820e-01 1.731871973505242635e-01 3.081513661228471850e-03 2.553931948455465464e-02
1.000000000000000000e+00 2.365782326570888383e+00 2.705656497322301290e-01 2.553502701793567420e-01 2.399041598268352449e-01 2.488913170786926365e-01 2.361120795151280261e-01 2.108042387446842636e-01 1.626330050072271605e-01 1.732948727297352332e-01 3.044763496057283168e-03 2.662827492691098238e-02
1.000000000000000000e+00 2.516479742651437590e+00 2.619534542050094839e-01 2.637747584857909611e-01 2.401281700887656079e-01 2.473438764727401706e-01 2.237614334297969021e-01 2.104181422825919523e-01 1.619694809949947523e-01 1.718002192025172015e-01 2.872826986140113777e-03 2.512166220796667113e-02
1.000000000000000000e+00 3.269610493672083340e+00 2.595423749860951701e-01 2.655467876865261756e-01 2.324324529089049352e-01 2.434591408721615835e-01 2.285784421810304889e-01 2.068744656726809461e-01 1.721676157130749008e-01 1.703306287231029503e-01 2.646727065925877798e-03 2.563336743850108679e-02
1.000000000000000000e+00 3.386191038110484719e+00 2.486955953986817180e-01 2.567015329116278388e-01 2.313845207094767653e-01 2.275908636671144514e-01 2.288612240132516795e-01 2.033183006801419224e-01 1.818138393375233475e-01 1.617521820041929459e-01 2.624323232424719682e-03 2.549260076469314629e-02
1.000000000000000000e+00 3.782071450494444154e+00 2.621443883616227932e-01 2.598351153729788754e-01 2.359289600957084065e-01 2.386550774849279521e-01 2.352378648062009026e-01 2.161712826105635643e-01 1.797432542751498663e-01 1.701939384643809117e-01 2.619862836576474039e-03 2.652640853684989572e-02
1.000000000000000000e+00 3.821347984156755917e+00 2.529268769384111493e-01 2.712207116713757915e-01 2.376238706953151536e-01 2.404704943243165804e-01 2.304751712764993576e-01 2.065219606359703364e-01 1.777106407939393062e-01 1.693517749010537699e-01 2.545767215547414981e-03 2.613480299069938229e-02
1.000000000000000000e+00 3.803863929363205276e+00 2.554078048328946582e-01 2.745820982571891000e-01 2.357826040296921721e-01 2.450902857872769014e-01 2.382818991289558652e-01 2.029701711465309311e-01 1.759271679381513853e-01 1.727521719833130520e-01 2.714310329896452330e-03 2.540870804146920514e-02
1.000000000000000000e+00 3.848553635389336591e+00 2.533259991969069036e-01 2.700195665163743763e-01 2.417621442759654571e-01 2.456752630395201975e-01 2.441240162024350957e-01 2.040541902549370956e-01 1.792166224655406259e-01 1.705148712776043407e-01 2.756906045371809548e-03 2.516818955810933706e-02
1.000000000000000000e+00 3.156799521777264861e+00 2.622010563505578484e-01 2.774121060100936953e-01 2.440282203462226518e-01 2.376713004585184197e-01 2.449678875061072347e-01 2.094674161162087822e-01 1.737307617746301491e-01 1.739698583412709332e-01 2.708171558983089085e-03 2.539208916572859367e-02
1.000000000000000000e+00 3.683879205034769733e+00 2.581122481355280773e-01 2.805457512089155614e-01 2.441023710500885846e-01 2.410255160011026410e-01 2.474207532323378644e-01 2.221409032359386582e-01 1.706317063882541729e-01 1.758136377190192001e-01 2.885966986323310144e-03 2.712486195831960434e-02
1.000000000000000000e+00 4.405142616803524369e+00 2.672583983026557419e-01 2.806347075146482517e-01 2.309626799367141825e-01 2.532793656523416037e-01 2.502020792122866544e-01 2.223052541195053300e-01 1.667530422001772261e-01 1.793022140255179364e-01 2.921768158064686708e-03 2.762816710654930619e-02
1.000000000000000000e+00 4.144959621629809021e+00 2.622425909609710781e-01 2.986507574893845773e-01 2.339488908655000254e-01 2.506135108855221949e-01 2.532830055012919024e-01 2.158231593372526569e-01 1.693842251025261814e-01 1.808663784808896002e-01 2.964253319037648757e-03 2.624944834158216694e-02
1.000000000000000000e+00 3.939249611306091303e+00 2.656273563731957332e-01 2.979685287059227750e-01 2.375853095109237700e-01 2.482897854586198216e-01 2.544174949251473694e-01 2.130224088431201257e-01 1.798260058952100837e-01 1.816050742636339810e-01 3.082768706947845803e-03 2.545274282349639303e-02
1.000000000000000000e+00 4.750426141162725990e+00 2.539283006129459119e-01 2.944461395150346772e-01 2.324346890285773903e-01 2.682180053619580007e-01 2.470317388566430905e-01 2.124373143758990501e-01 1.812754377933115391e-01 1.786171891606820883e-01 3.081430043501711801e-03 2.629189109210411032e-02
1.000000000000000000e+00 4.965710615828276886e+00 2.709144366695018236e-01 2.853765576541656412e-01 2.463561020872294116e-01 2.811714189386034790e-01 2.362731903706535297e-01 2.185645711883794085e-01 1.952237211884309265e-01 1.821022812589765949e-01 2.795014510911800025e-03 2.553593572519618007e-02
1.000000000000000000e+00 3.727049825475451605e+00 2.721494578222696803e-01 2.697330471813894071e-01 2.476083839839280376e-01 2.729578949353567707e-01 2.293934090222615185e-01 2.163999277734491855e-01 1.996098012455542747e-01 1.804341627882122823e-01 3.092848030315380019e-03 2.418352916010518480e-02
1.000000000000000000e+00 5.143618151748642120e+00 2.703319875420935881e-01 2.594598751919299229e-01 2.479141976026536243e-01 2.747091986668725450e-01 2.346041631385693826e-01 2.150382410957277501e-01 2.005066419639520425e-01 1.789567392314833361e-01 3.216915593553775453e-03 2.557559909595394018e-02
1.000000000000000000e+00 6.621137128636521041e+00 2.686786870396694615e-01 2.758920673397782242e-01 2.313549773400197518e-01 2.622579594658606683e-01 2.331652603458664319e-01 2.082868278413535224e-01 1.974301080017566989e-01 1.759673313054052335e-01 3.215737895619020983e-03 2.556611913264047325e-02
1.000000000000000000e+00 6.731331413063761815e+00 2.692874138715039001e-01 2.778286994171294544e-01 2.366516836368060817e-01 2.593961592478165046e-01 2.238978101826299694e-01 1.990321382379114934e-01 1.947233844264528724e-01 1.770834817958402418e-01 3.326394458906036748e-03 2.320599357642000315e-02
1.000000000000000000e+00 7.685136474122085559e+00 2.764272623575685373e-01 2.599562595114647823e-01 2.225009096633368544e-01 2.600629462879623377e-01 2.261362166293931220e-01 2.033478010095827182e-01 1.893998807756706315e-01 1.730530728504675597e-01 3.270372346347170684e-03 2.406161730009824876e-02
1.000000000000000000e+00 3.961608083043173245e+00 2.757854064937648175e-01 2.673169559985144050e-01 2.342270797153621631e-01 2.702349129758797597e-01 2.326821755261102576e-01 2.112137724209280365e-01 1.916322114774943741e-01 1.789578078613541512e-01 3.201173185605408079e-03 2.334817193916650935e-02
1.000000000000000000e+00 5.917583361478121695e+00 2.691846991650180820e-01 2.457750073325248863e-01 2.310125516405670820e-01 2.774695176893676729e-01 2.175199121913303224e-01 1.951507423228237004e-01 1.940842985238362128e-01 1.708863920349378840e-01 2.956852218356792981e-03 2.307320454294524772e-02
1.000000000000000000e+00 6.185869577808746911e+00 2.715280626594567814e-01 2.448151390362247048e-01 2.286836988317633712e-01 2.759628234178561623e-01 2.266949094393445607e-01 2.029982345921872156e-01 1.934008577892483427e-01 1.705568620316280370e-01 3.004707312813488778e-03 2.284193046600583449e-02
1.000000000000000000e+00 8.546827417472623978e+00 2.725329312368158230e-01 2.554552734152624738e-01 2.119510533197171143e-01 2.793921499099083494e-01 2.346027483014211379e-01 2.018365990763359707e-01 1.901650812847702487e-01 1.722614717985443689e-01 3.034705985419268708e-03 2.334266144601819179e-02
1.000000000000000000e+00 4.868217392305068891e+00 2.631333341699901851e-01 2.543888475532812832e-01 2.200134478531431681e-01 2.704843305655071362e-01 2.213831596632895582e-01 1.983759693331168528e-01 1.876430338525843233e-01 1.676922235034070952e-01 3.130141871171163766e-03 2.260554515628809824e-02
1.000000000000000000e+00 4.224611194838796990e+00 2.596029020969035650e-01 2.491822919116230828e-01 2.172251604212317166e-01 2.626568758796763436e-01 2.184059246065728765e-01 2.000882968210253021e-01 1.764403307019716816e-01 1.642160424566638244e-01 3.141785266236642778e-03 2.149269311085329204e-02
1.000000000000000000e+00 5.030054362263434165e+00 2.467157871721160911e-01 2.470640788277154720e-01 2.084768897089080142e-01 2.637907626135320704e-01 2.188159948218870998e-01 1.995786988340961798e-01 1.854730595946205984e-01 1.601467150686782803e-01 3.019695042972412712e-03 2.233822402260676049e-02
1.000000000000000000e+00 4.299690570075558327e+00 2.557525697452330826e-01 2.471356177096235007e-01 2.124310724652487548e-01 2.540401765834929826e-01 2.198835229360438237e-01 1.998139928993287462e-01 1.826667988492583217e-01 1.620256763633362573e-01 3.221841532512892316e-03 2.194360707140373748e-02
1.000000000000000000e+00 3.762873109809325101e+00 2.614843790037268412e-01 2.568011132969855170e-01 2.258264706714100400e-01 2.575347839682659568e-01 2.203063313892364983e-01 2.033169749476853305e-01 1.895220669965148319e-01 1.691669872436274702e-01 3.290721774936278699e-03 2.233362863880091961e-02
1.000000000000000000e+00 4.699236609958065358e+00 2.629362085503883506e-01 2.561612536114745708e-01 2.322744462613326455e-01 2.570587659149348170e-01 2.268813811561103955e-01 2.082985868527415796e-01 1.818093737470563853e-01 1.703647951709124642e-01 3.338570312416455459e-03 2.105127243995801728e-02
1.000000000000000000e+00 4.627508643006707167e+00 2.773665918072950598e-01 2.417505925381157050e-01 2.472603740740525746e-01 2.497556915023751989e-01 2.303027973585940469e-01 2.079082502600884952e-01 1.783509467978866836e-01 1.747190261042129988e-01 3.319404474384449882e-03 2.037504907053822728e-02
1.000000000000000000e+00 4.449801848053176023e+00 2.711877901811966529e-01 2.479511090596213940e-01 2.478941191122298326e-01 2.501951821395715925e-01 2.273822140070616282e-01 2.267543358766070660e-01 1.845087461347826863e-01 1.738045620173667705e-01 3.259030254486930660e-03 2.072286190930678479e-02
1.000000000000000000e+00 4.456208859757408547e+00 2.683645685118288826e-01 2.521460491484845412e-01 2.392294781006523152e-01 2.440248474717792715e-01 2.293846302348501454e-01 2.192468617287169907e-01 1.807113100398397010e-01 1.703243793022589936e-01 3.056691589720147983e-03 2.217074623581515719e-02
1.000000000000000000e+00 3.232974625464211549e+00 2.463425137348812521e-01 2.626834766048448677e-01 2.221666681517742714e-01 2.410524478700650231e-01 2.287247478594296168e-01 2.105913930570895432e-01 1.823900283315582904e-01 1.651409369052738996e-01 3.002212282842770669e-03 2.280851522181095298e-02
1.000000000000000000e+00 3.194732165680235880e+00 2.581356639103930539e-01 2.837765674439823860e-01 2.285427828103439862e-01 2.339617994310493887e-01 2.453956821929985932e-01 2.160757252397679240e-01 1.833263084563809264e-01 1.724376748515961399e-01 3.136653563329534159e-03 2.298485195200366746e-02
1.000000000000000000e+00 4.258320271317957761e+00 2.512388774007657255e-01 2.731391911375189441e-01 2.252706197714963443e-01 2.375271622529745996e-01 2.400539785021842121e-01 2.117969131569278352e-01 1.766352290629614741e-01 1.680703982751853842e-01 3.028465287928916970e-03 2.353783062385672240e-02
1.000000000000000000e+00 4.306153215744057405e+00 2.542175292146988674e-01 2.781506128300814673e-01 2.239140098367311815e-01 2.360593892054322074e-01 2.381420575744708223e-01 2.252188830579981704e-01 1.878810980396447283e-01 1.698589707287669892e-01 3.187379033511730450e-03 2.318795613704522154e-02
1.000000000000000000e+00 5.964926386333590180e+00 2.430072942586553042e-01 2.869533614711198277e-01 2.248856952116974339e-01 2.275087870297002046e-01 2.266662045275310566e-01 2.212715943355878234e-01 1.811388603519971385e-01 1.666650716366319396e-01 3.060257583361635295e-03 2.345047528425905567e-02
1.000000000000000000e+00 4.586753207688152756e+00 2.556628877618599138e-01 2.584204427281304728e-01 2.260350360387353985e-01 2.247790786958109577e-01 2.312395601803022560e-01 2.157656549224604980e-01 1.903274196556065667e-01 1.642507685343820023e-01 2.884527599125946782e-03 2.303042994364893140e-02
1.000000000000000000e+00 3.303571309126564159e+00 2.468987603631302985e-01 2.613218870981788844e-01 2.384012227207011336e-01 2.255414779777673018e-01 2.256720953526618889e-01 2.151185926054763331e-01 1.956847339825910637e-01 1.653314612237922476e-01 2.762186089895683153e-03 2.370766295797673007e-02
1.000000000000000000e+00 3.134757631875251249e+00 2.527581124323738937e-01 2.699853036116729998e-01 2.212778925123996543e-01 2.465884601272998189e-01 2.214301882686000034e-01 2.121450711754856722e-01 1.936680549940125728e-01 1.677808892497909266e-01 2.809906870940335512e-03 2.265720877873638947e-02
1.000000000000000000e+00 5.140047868599728176e+00 2.580108031841651939e-01 2.591702092069728680e-01 2.250753980833058998e-01 2.393352855417160141e-01 2.180482814118265833e-01 2.086159096412260605e-01 1.842356074031735180e-01 1.688139578765078530e-01 2.721528145485227999e-03 2.185553902734593823e-02
1.000000000000000000e+00 3.895507103201794941e+00 2.612006120616037208e-01 2.516792985063741606e-01 2.171776502907303008e-01 2.403334583197680174e-01 2.186824001345346880e-01 2.146640010086378059e-01 1.808360497461012906e-01 1.635435188331202383e-01 2.884954370425976689e-03 1.962110987164219708e-02
1.000000000000000000e+00 5.456208441476840143e+00 2.480168775382003421e-01 2.526059277430285910e-01 2.227131633371195463e-01 2.488828572012448115e-01 2.058485397479357104e-01 2.285463388426762499e-01 1.835731396997228870e-01 1.616248007143757659e-01 2.798582159960119782e-03 2.197251130235192140e-02
1.000000000000000000e+00 4.802741790271109146e+00 2.462860992501258728e-01 2.572126683955863191e-01 2.173563295138801199e-01 2.593318247722691816e-01 1.897708249110708345e-01 2.195078366857139973e-01 1.813725548798167109e-01 1.634072867827731090e-01 3.008374115525341754e-03 2.165796570302289809e-02
1.000000000000000000e+00 4.613875125351245110e+00 2.479586014715150777e-01 2.624141438223189793e-01 2.144448079452165867e-01 2.523077748287624322e-01 2.038593809309342531e-01 2.155349695914654806e-01 1.778576703831170613e-01 1.648170351987226501e-01 3.026091360204792059e-03 2.028408984200561621e-02
1.000000000000000000e+00 4.797562673173437986e+00 2.422419268350508581e-01 2.602165550287985352e-01 2.004411961975179901e-01 2.470829603936916252e-01 1.952925410250770932e-01 2.182376879075939302e-01 1.938746849101538605e-01 1.580138335366116364e-01 2.924592732131385629e-03 2.130488581016203031e-02
1.000000000000000000e+00 4.995213753093297626e+00 2.504718000131234690e-01 2.569679084687835902e-01 2.037734457721074033e-01 2.455678286578293901e-01 1.973350784000906799e-01 2.220721640983726597e-01 1.856024474043513894e-01 1.601003671105124815e-01 3.125960617969713706e-03 2.283458284248047684e-02
1.000000000000000000e+00 5.241513158430901598e+00 2.481032315108849529e-01 2.749046978901696914e-01 2.078104437181147734e-01 2.571312293985794639e-01 1.999423110740525811e-01 2.097640702029585358e-01 1.849863733500353435e-01 1.641576448579557534e-01 3.152961349677472873e-03 2.232402283663388956e-02
1.000000000000000000e+00 4.814167888194438305e+00 2.464468339577365052e-01 2.602774474306709385e-01 2.111774688331579386e-01 2.433849104519308637e-01 2.225791835188620227e-01 1.973764550789867123e-01 1.885000559364192751e-01 1.631517939359214131e-01 3.188959500243769042e-03 2.049142617475093603e-02
1.000000000000000000e+00 3.328473678234499911e+00 2.531457663243400491e-01 2.426959330151911842e-01 2.194855937297046367e-01 2.354493563283016622e-01 2.275570633215317495e-01 1.816092886333008638e-01 1.973390330872988319e-01 1.601881102107446941e-01 3.292178735065239784e-03 1.921666486256840695e-02
1.000000000000000000e+00 4.286016951648053741e+00 2.455582633185061925e-01 2.425502691030962943e-01 2.251083036448593144e-01 2.195029735030309681e-01 2.227568255638244510e-01 1.800494728353712326e-01 1.966607485909713793e-01 1.571082885378100591e-01 3.246041010116160804e-03 1.805987797634222083e-02
1.000000000000000000e+00 4.062738863568083225e+00 2.527471694173171191e-01 2.223328100475903957e-01 2.333261410540207470e-01 2.187762237024694079e-01 2.228445659406481649e-01 1.881333031947058088e-01 2.013364108735872793e-01 1.567806822419298141e-01 3.220088940659841543e-03 1.728715751289098407e-02
1.000000000000000000e+00 4.087019515998008501e+00 2.544616767974245963e-01 2.196253334601042384e-01 2.287424932552083179e-01 2.204171726297549372e-01 2.087150185306444472e-01 1.959708779683327351e-01 1.935489391562495998e-01 1.550487566549505480e-01 3.390854918535781293e-03 1.870518082451095784e-02
1.000000000000000000e+00 4.831008223923816125e+00 2.569904911784691159e-01 2.299275346006457721e-01 2.421813591418007228e-01 2.289797993623674255e-01 2.106469182838952847e-01 2.043695928363571668e-01 1.861183140184952400e-01 1.601399017413480397e-01 3.452343697935183683e-03 1.878396592431112039e-02
1.000000000000000000e+00 5.358168544089051188e+00 2.384915835523845340e-01 2.326814807951289310e-01 2.500909835471817333e-01 2.177193332505397982e-01 2.072924953949895344e-01 1.866728810355710311e-01 1.850715440339905093e-01 1.551281836200484876e-01 3.416923168399021386e-03 2.075232614374182549e-02
1.000000000000000000e+00 5.645562088787820620e+00 2.466347404550543743e-01 2.235597378699270554e-01 2.424401634229760849e-01 2.182051161186094324e-01 2.117249849118767180e-01 1.816946036213613336e-01 1.813552598492867707e-01 1.566637336350305831e-01 3.437071203183869779e-03 2.022872042638564766e-02
1.000000000000000000e+00 6.293854685186298425e+00 2.485535141501685474e-01 2.204501668164930150e-01 2.321654703470798498e-01 2.111955975929320772e-01 2.025734025119696191e-01 1.710678349293738298e-01 1.891928479367371574e-01 1.517355419104313430e-01 3.361153787474464080e-03 2.092513345330607871e-02
1.000000000000000000e+00 6.668010554403737800e+00 2.588452971134316272e-01 2.248027826682722496e-01 2.297313711199407971e-01 2.186091658368971291e-01 2.065367741075848640e-01 1.959970440034590755e-01 1.792585478952251621e-01 1.558605917882558700e-01 3.380829209685384199e-03 2.124986280236918976e-02
1.000000000000000000e+00 6.424235520868876392e+00 2.570279950803719959e-01 2.344296664565820865e-01 2.417172561306978884e-01 2.193283393371193157e-01 2.068963423555227610e-01 1.893757303752290899e-01 1.801620181208444804e-01 1.589572432921287637e-01 3.362202221597577426e-03 2.141498175847537239e-02
1.000000000000000000e+00 6.203038425601192785e+00 2.622418083187803006e-01 2.356458318349560488e-01 2.293294694817217261e-01 2.264096925088377732e-01 2.157787225410754128e-01 1.988406677539076017e-01 1.801619728326709080e-01 1.599428374246869011e-01 3.465427635348561179e-03 2.075186377400276699e-02
1.000000000000000000e+00 3.508730768628153474e+00 2.593499675877254940e-01 2.307169678594203077e-01 2.262815468643984140e-01 2.235403038682303167e-01 2.245940173024805475e-01 1.978075390850299042e-01 1.810373714812518464e-01 1.604653099260073545e-01 3.412589382900133202e-03 2.145413174052037547e-02
1.000000000000000000e+00 3.261678280739520375e+00 2.565682349549068264e-01 2.370415741555668143e-01 2.350900847345170075e-01 2.284080747770549369e-01 2.264129545034083701e-01 1.993318366741970715e-01 1.887761547094650438e-01 1.625470547164113433e-01 3.418944056000421030e-03 2.275449298884197821e-02
1.000000000000000000e+00 2.803363084539616690e+00 2.627109744081750353e-01 2.375053014787691374e-01 2.374964745116445175e-01 2.236564575002422117e-01 2.264242262895976576e-01 2.089497542938247299e-01 1.884475063193942479e-01 1.635127537935940623e-01 3.497321392596044499e-03 2.324837101235832648e-02
1.000000000000000000e+00 2.488442499646979833e+00 2.612588559177395631e-01 2.357312290014060840e-01 2.274309138077623971e-01 2.422239098117975331e-01 2.160636405099011226e-01 2.014222189137173658e-01 2.022610095275438613e-01 1.626763993509505735e-01 3.447199756933223749e-03 2.349232507995991509e-02
1.000000000000000000e+00 2.865063764372108412e+00 2.509909208689107274e-01 2.404414503260499936e-01 2.413525016474646345e-01 2.317057716397745160e-01 2.183027812169023585e-01 1.988397628206434731e-01 1.962318861345702103e-01 1.613483660537540221e-01 3.288094529766745315e-03 2.335242329731627639e-02
1.000000000000000000e+00 1.950758538783674112e+00 2.509587722607592997e-01 2.534654944717013025e-01 2.380969045604326151e-01 2.278161261059553078e-01 2.231848998187363486e-01 2.094383098986312419e-01 1.937582037297779503e-01 1.628035045350656740e-01 3.255851705429793717e-03 2.458869562996579897e-02
1.000000000000000000e+00 1.372054310886603679e+00 2.514479940444614425e-01 2.566836553083273187e-01 2.317783425827369403e-01 2.262630240135078685e-01 2.170673068086553248e-01 2.121042040446236843e-01 2.021494602052703315e-01 1.620326039999364087e-01 3.102136389017315886e-03 2.423340822353058782e-02
1.000000000000000000e+00 2.688955145728366247e+00 2.532936293129801619e-01 2.377572767059221992e-01 2.210620882537340515e-01 2.326206060368820605e-01 2.218218984845467256e-01 2.129148009848715606e-01 2.077996484235273555e-01 1.599901127845458071e-01 3.376615635345039945e-03 2.251254539194123827e-02
1.000000000000000000e+00 4.222914318034272974e+00 2.517100489954079978e-01 2.482678864664676910e-01 2.286516133025374709e-01 2.326206458348566708e-01 2.104907705246782113e-01 2.344471955688808007e-01 2.148809239828015083e-01 1.615277445656935484e-01 3.609180504126084221e-03 2.241625867230141386e-02
1.000000000000000000e+00 3.258797948060180527e+00 2.457404502667140944e-01 2.558095451145310784e-01 2.270251067649468601e-01 2.314199597662368324e-01 2.075112963301385949e-01 2.347227244591675033e-01 2.112034687559966317e-01 1.593149471835687558e-01 3.593224445573373234e-03 2.292178765396699763e-02
1.000000000000000000e+00 3.403033623019536158e+00 2.507906943559701785e-01 2.473907892278946197e-01 2.255872452019751506e-01 2.246198445678672384e-01 2.158943254371401554e-01 2.398637901346281631e-01 2.219933240530512775e-01 1.593267339245770242e-01 3.395938502461541379e-03 2.526783712328069947e-02
1.000000000000000000e+00 3.428952703272078129e+00 2.472795556604091560e-01 2.601474948479510774e-01 2.239788461994504376e-01 2.309989259678006390e-01 2.193611700625087702e-01 2.322498411147199959e-01 2.262868555774111279e-01 1.629496254557058765e-01 3.351988092163127580e-03 2.491457637987208942e-02
1.000000000000000000e+00 5.093887837771180926e+00 2.415261752807847939e-01 2.528194708545001834e-01 2.166219246687415279e-01 2.285691670709031065e-01 2.124730657307326021e-01 2.284362471318455712e-01 2.381405617676911890e-01 1.586695447825726413e-01 3.341487364796043823e-03 2.425283260857936593e-02
1.000000000000000000e+00 5.126409316274474826e+00 2.397535382759222178e-01 2.581389659496653999e-01 2.087762027153587940e-01 2.301176287765537010e-01 2.034468172067248337e-01 2.253125592764878005e-01 2.363063744336898475e-01 1.578828022961175359e-01 3.213052249088133461e-03 2.574634823807667866e-02
1.000000000000000000e+00 3.725741119388670697e+00 2.384429423408755133e-01 2.542403631024585664e-01 2.126533310479031547e-01 2.426759006761593507e-01 2.019857187680160759e-01 2.123798030260942160e-01 2.391689369536451337e-01 1.580642243132896196e-01 3.102996148076295375e-03 2.589255459805663365e-02
1.000000000000000000e+00 2.561907354721980834e+00 2.415777212225614923e-01 2.569603091000908224e-01 2.185412473251212573e-01 2.392748529353446729e-01 2.114120701930604362e-01 2.174769944061004656e-01 2.421752089164170840e-01 1.598919979088387344e-01 3.245739627098183366e-03 2.686363005429147355e-02
1.000000000000000000e+00 2.130884705492919196e+00 2.478392966414264820e-01 2.640818741003198022e-01 2.289050281316603042e-01 2.376714141259106405e-01 2.048877553216705283e-01 2.126421874981255788e-01 2.329061466131185920e-01 1.656278619522545403e-01 3.343637108794151203e-03 2.689995191015773571e-02
1.000000000000000000e+00 3.924415796134586465e+00 2.509458694544007828e-01 2.487542611949242477e-01 2.353471599351478205e-01 2.387895916280459718e-01 2.107197333637926273e-01 2.231593558853013359e-01 2.361309236453775218e-01 1.648583307572356604e-01 3.407805682016075855e-03 2.624690453328325582e-02
1.000000000000000000e+00 2.091210714710478147e+00 2.467988491308239773e-01 2.624308012926689915e-01 2.224949423056452324e-01 2.310602871542000170e-01 2.093434979438048293e-01 2.204357956160034049e-01 2.300402736410064319e-01 1.625413228257961973e-01 3.459756041629974670e-03 2.609197055513138783e-02
1.000000000000000000e+00 3.734148305385918576e+00 2.621539703389051956e-01 2.735570961384385380e-01 2.306573869177877267e-01 2.372105532470273614e-01 2.162003873849241420e-01 2.242633202026916295e-01 2.234658008105998295e-01 1.694185780982666034e-01 3.534822334238403412e-03 2.574039331378904713e-02
1.000000000000000000e+00 2.432317768477245234e+00 2.711369957574040757e-01 2.681992453911154484e-01 2.340732103626972094e-01 2.465197491089303194e-01 2.212100176933300688e-01 2.272706301842433441e-01 2.148258751520606413e-01 1.751194235472485483e-01 3.495784487807867061e-03 2.523527831703490168e-02
1.000000000000000000e+00 1.318854785437835409e+00 2.603212339602040126e-01 2.757781971981464464e-01 2.336365573309864829e-01 2.542350230615182394e-01 2.240017922452693100e-01 2.248467893803508255e-01 2.013364510120743134e-01 1.732368185237351810e-01 3.452332142978667764e-03 2.561422847546354978e-02
1.000000000000000000e+00 1.331779898695519160e+00 2.704144013344500497e-01 2.592148933063925242e-01 2.334199643395774570e-01 2.545451316448206214e-01 2.280924129925300525e-01 2.134968033878941740e-01 1.980520871745631573e-01 1.751887851337769197e-01 3.416071101425604585e-03 2.474832432837288307e-02
1.000000000000000000e+00 1.477054124726503659e+00 2.692964871443644381e-01 2.701588329443352365e-01 2.522842700897036661e-01 2.611595965191949031e-01 2.412505876813496875e-01 2.247676091815656585e-01 1.998553250617136623e-01 1.802109222646535169e-01 3.374946338761440536e-03 2.410054078960683840e-02
1.000000000000000000e+00 3.981324271609849141e+00 2.535426719775436544e-01 2.844389699062606081e-01 2.375583517548626455e-01 2.543835918955693054e-01 2.436721283453932574e-01 2.060832728482093756e-01 1.996537685407297480e-01 1.767903682836937385e-01 3.463510837024331730e-03 2.333515528700774722e-02
1.000000000000000000e+00 1.293704876957695538e+00 2.696368046859229373e-01 2.728041823967413682e-01 2.330596003313461784e-01 2.502340756791825438e-01 2.360058108492123496e-01 2.138987576664121704e-01 2.087631633205790926e-01 1.764001203777723348e-01 3.659026556254894695e-03 2.396646698301745093e-02
1.000000000000000000e+00 1.858346563540275387e+00 2.656206754694489525e-01 2.703861399531884979e-01 2.368513895576990491e-01 2.545460299927900238e-01 2.398276677998186501e-01 2.280239735258282607e-01 2.046729575862066830e-01 1.774059440021667766e-01 3.680485775446630352e-03 2.634278798701829988e-02
1.000000000000000000e+00 1.637129873179726358e+00 2.689256974992669247e-01 2.757586235083401283e-01 2.397885385417910797e-01 2.505103406087252904e-01 2.423513006664559100e-01 2.270585303250829134e-01 2.006113590660944801e-01 1.792158590539591201e-01 3.589163320184752658e-03 2.544394877524989648e-02
1.000000000000000000e+00 4.367430244939727757e+00 2.665542354714391382e-01 2.661204228330484312e-01 2.405246430592195561e-01 2.580600013806754744e-01 2.359009127633528435e-01 2.267710855020882155e-01 2.008878418939762101e-01 1.770240097415264335e-01 3.424314987195290275e-03 2.558107837917719327e-02
1.000000000000000000e+00 3.193541563258121663e+00 2.748524524228749266e-01 2.697245723667006656e-01 2.405781585129192213e-01 2.462410242042499531e-01 2.278319774298529776e-01 2.212890693373316953e-01 2.089246010102601137e-01 1.783650867284805042e-01 3.411526620687558870e-03 2.591313025831578146e-02
1.000000000000000000e+00 2.431432457088607002e+00 2.620035079044046311e-01 2.833598748813589974e-01 2.359772639594167332e-01 2.536367236013176707e-01 2.306850248342273701e-01 2.169887915998165162e-01 2.253307731267794045e-01 1.767391521293214529e-01 3.431142696894727128e-03 2.488835483069040677e-02
1.000000000000000000e+00 2.238298707261322296e+00 2.648437542033205139e-01 2.749660428221755160e-01 2.446476575714954527e-01 2.390499175763461659e-01 2.252108850471989943e-01 2.321909833105650078e-01 2.495660854437006249e-01 1.748568154703230848e-01 3.758121842581778338e-03 2.417971446156500989e-02
1.000000000000000000e+00 2.478470953310238922e+00 2.620242510752011089e-01 2.688705975649823277e-01 2.439527755050028557e-01 2.575682211244835762e-01 2.229630068786583874e-01 2.120693909981974379e-01 2.297418395979528016e-01 1.761675991136252006e-01 3.198990445686669074e-03 2.385498419572660428e-02
1.000000000000000000e+00 2.724985626687516316e+00 2.642577703195205241e-01 2.744994154582399148e-01 2.417395073937058658e-01 2.575365675315103298e-01 2.155151766362587429e-01 2.122379351156788996e-01 2.282175005655029398e-01 1.769849510917060054e-01 3.302530327598121943e-03 2.496194003365161465e-02
1.000000000000000000e+00 3.300610973096562262e+00 2.672271077275296669e-01 2.738360289253722324e-01 2.362763780340740027e-01 2.572563647574879209e-01 2.311401064039616537e-01 2.180890849213988347e-01 2.107879597482311684e-01 1.774396637019274026e-01 2.911505371533350088e-03 2.417997182390674640e-02
1.000000000000000000e+00 4.380354808374556264e+00 2.601326508281203154e-01 2.676918780644728102e-01 2.417288140167719868e-01 2.531851403631188990e-01 2.177431627419303128e-01 2.328975674513978078e-01 2.141729602641048724e-01 1.767629302139103464e-01 3.290154603010051176e-03 2.337751253874395876e-02
1.000000000000000000e+00 2.624342723286990697e+00 2.636297889035925657e-01 2.710408215118788045e-01 2.487627258012544973e-01 2.549414149489268588e-01 2.330414795292787555e-01 2.325875764469476359e-01 2.107658652297598467e-01 1.769639018003476560e-01 3.145091785069381932e-03 2.097685546819811481e-02
1.000000000000000000e+00 3.045068826177440791e+00 2.713061705190217276e-01 2.640464786411317877e-01 2.356883195647383744e-01 2.525855130928171821e-01 2.318144592310369123e-01 2.435687575377899206e-01 1.962285089101265534e-01 1.768880163812777684e-01 3.398857767239064735e-03 2.079822269027209805e-02
1.000000000000000000e+00 4.417125385474836463e+00 2.737939124014150405e-01 2.651086702057232070e-01 2.313995590980686412e-01 2.472048400031264248e-01 2.283829196101299641e-01 2.421958432883094259e-01 1.785432083691610161e-01 1.775304277145129117e-01 3.407124974863602693e-03 2.039727940025948955e-02
1.000000000000000000e+00 5.423460326137626630e+00 2.768701966837689987e-01 2.617302226778235874e-01 2.414670705119554284e-01 2.527919295257672339e-01 2.157041041165429218e-01 2.389382381021100121e-01 2.009212183669472074e-01 1.771566966105716789e-01 2.889588099729617585e-03 2.135240548270084943e-02
1.000000000000000000e+00 5.318592149097718824e+00 2.693838278725662616e-01 2.694380268893335484e-01 2.465609023282245016e-01 2.494153276017095633e-01 2.408223394182144039e-01 2.410727268214119534e-01 1.750081266376116718e-01 1.773543417454064852e-01 2.864303826689824136e-03 2.148858965657134829e-02
1.000000000000000000e+00 5.137172253572337866e+00 2.677211176122520908e-01 2.791425682432774891e-01 2.451887128652475156e-01 2.354549998042048398e-01 2.593335984582080256e-01 2.212462146683214226e-01 1.515126715151811909e-01 1.786880137591980444e-01 2.736993224418468682e-03 2.261956015196325137e-02
1.000000000000000000e+00 5.651805520664910709e+00 2.596879405455916334e-01 2.769798248445251576e-01 2.590007951186262813e-01 2.332123849340327904e-01 2.546249354169732304e-01 2.257358021941316406e-01 1.611393916079209010e-01 1.779440499915180274e-01 2.981589952436886071e-03 2.193309046529460724e-02
1.000000000000000000e+00 5.534749485763548194e+00 2.639808346567869002e-01 2.760487800580959661e-01 2.585610418881059691e-01 2.342211163656931494e-01 2.557097166403295430e-01 2.173917954847877088e-01 1.617830321620477574e-01 1.781412056738276017e-01 3.997274845192408561e-03 2.182939339751770180e-02
1.000000000000000000e+00 6.961040279084990345e+00 2.771702894224298275e-01 2.700360056575273893e-01 2.575280712647199932e-01 2.347031186241866074e-01 2.505760224273047010e-01 2.030335373802712728e-01 1.854319588836322308e-01 1.780580501469469779e-01 2.872559371935036812e-03 2.065361405067099240e-02
1.000000000000000000e+00 5.893582350740325104e+00 2.806027090005718261e-01 2.566286319082839995e-01 2.557069770619232463e-01 2.312517253225231939e-01 2.579762312577822958e-01 2.100833282906285904e-01 1.894880966322219640e-01 1.773436241795040280e-01 3.904209101431129619e-03 2.068967043596494498e-02
1.000000000000000000e+00 6.202452079663076212e+00 2.678960677669656731e-01 2.593735812044943856e-01 2.636587120533011031e-01 2.267546784604603793e-01 2.489727263709726746e-01 2.054813831314331041e-01 2.090933246506266885e-01 1.771335176360311903e-01 3.323068530772441825e-03 2.106107083773654451e-02
1.000000000000000000e+00 6.960831969093284499e+00 2.758437446254403125e-01 2.527303986408906411e-01 2.662319488088243369e-01 2.366170632286220821e-01 2.432091258062351602e-01 1.935695412272515348e-01 2.030045291571885013e-01 1.779313443463995115e-01 4.339673383775968958e-03 2.344153114989277337e-02
1.000000000000000000e+00 5.982996632644451473e+00 2.685353458212268452e-01 2.624731247981152427e-01 2.686590477026259416e-01 2.354007738509162895e-01 2.576454553547928294e-01 1.877944622635902006e-01 1.893318884775332667e-01 1.780081361033784282e-01 3.901438389397320506e-03 2.340793942988673992e-02
1.000000000000000000e+00 7.700180975136446726e+00 2.748305280317120403e-01 2.564665085846091763e-01 2.720494339238485049e-01 2.328526333998551801e-01 2.516093909764874348e-01 1.870217942756528251e-01 1.680759530687893077e-01 1.786082798897814794e-01 4.229619717828681479e-03 2.330177474126954307e-02
1.000000000000000000e+00 3.833248021348804269e+00 2.752922972860638029e-01 2.572679002384057889e-01 2.718946137936484320e-01 2.387761565201367564e-01 2.503897001124914534e-01 1.875019121231706887e-01 1.641752850853739898e-01 1.788206476950225110e-01 3.684402396891469159e-03 2.087449883835218803e-02
1.000000000000000000e+00 3.930015926103783030e+00 2.719727803774810715e-01 2.533062544813200478e-01 2.756957338876857566e-01 2.400683208734031293e-01 2.490266147119226114e-01 1.857533180571014075e-01 1.793109341674327117e-01 1.780959766756883833e-01 3.785343946035322604e-03 2.088453004809395774e-02
1.000000000000000000e+00 5.153751371408139548e+00 2.697375017678380615e-01 2.438073197038045647e-01 2.799544936431803688e-01 2.374200742791183483e-01 2.503306970668260356e-01 1.978048008174711492e-01 1.651528588175415757e-01 1.774981531881093533e-01 3.482641192642680749e-03 2.284304333481282021e-02
1.000000000000000000e+00 5.138231464981890539e+00 2.717007178674459289e-01 2.529244756672311412e-01 2.798016156159627843e-01 2.409087714536319313e-01 2.650708463186288166e-01 1.952276956207426584e-01 1.536032001651759238e-01 1.789090696457042162e-01 3.936543401581364329e-03 2.245705303711503439e-02
1.000000000000000000e+00 5.112149300457845769e+00 2.691916451022994816e-01 2.534063186751998598e-01 2.735308069653015206e-01 2.358395377961774730e-01 2.568745078673789761e-01 1.935142612771316162e-01 1.360341031913380738e-01 1.792152813934833888e-01 3.467301409794626074e-03 2.137607358470719476e-02
1.000000000000000000e+00 6.111445480804112762e+00 2.742799464723274516e-01 2.499209362032656090e-01 2.771194622983884082e-01 2.458472051160034422e-01 2.625397340242908717e-01 1.922037651053800089e-01 1.442017674522763637e-01 1.790850006449158649e-01 3.570095428322868619e-03 2.182106539976355966e-02
1.000000000000000000e+00 6.525112300310978775e+00 2.785890777248949957e-01 2.430598891026071184e-01 2.687906171416929446e-01 2.413822015865282333e-01 2.491925395552747058e-01 1.870710759120610966e-01 1.655576261479330125e-01 1.787278259679956904e-01 3.667845201033908143e-03 2.158165246206550716e-02
1.000000000000000000e+00 9.690119652033811093e+00 2.876391820373192520e-01 2.442229993722569714e-01 2.667023815148794608e-01 2.536707129673543282e-01 2.471069252163451413e-01 2.071552206449422395e-01 1.638956795131576716e-01 1.793417286945324651e-01 4.088060711264928163e-03 1.874645207207242120e-02
1.000000000000000000e+00 8.742602748407692914e+00 2.734437117503946690e-01 2.517727586394388761e-01 2.729799261714924152e-01 2.435959022906744875e-01 2.488839205000987487e-01 2.030766651601480510e-01 1.722374241367456704e-01 1.788774120744356100e-01 4.356834539958425595e-03 1.765788488472587459e-02
1.000000000000000000e+00 8.702178466937823487e+00 2.803298652555505366e-01 2.482969668306190814e-01 2.562807067682137396e-01 2.329515959292999538e-01 2.616147317015033447e-01 2.081893212886675448e-01 1.621665743015667793e-01 1.788678497664434597e-01 3.748076176546924574e-03 1.691285087551753011e-02
1.000000000000000000e+00 6.792440303443303407e+00 2.784920409951961995e-01 2.502566808830985479e-01 2.723350810920350806e-01 2.344008132084023366e-01 2.573688196130785033e-01 2.251632581091528584e-01 1.649295554164998678e-01 1.782952293142371913e-01 3.961119288047819896e-03 1.861649906085550976e-02
1.000000000000000000e+00 6.585029572962435296e+00 2.751909068595049801e-01 2.504305945888288809e-01 2.709297922498298816e-01 2.491649791107971856e-01 2.448618807670717434e-01 2.201533965832565276e-01 1.671265599630519794e-01 1.791720537332516239e-01 2.642787109609804480e-03 1.814185837723350861e-02
1.000000000000000000e+00 6.497783487422114312e+00 2.850639916804690865e-01 2.457770732632768296e-01 2.567843460212342332e-01 2.412296672139618847e-01 2.524990863660186990e-01 2.261117322324615597e-01 1.568284406071873138e-01 1.791429213028586931e-01 3.914362377243988875e-03 1.902509524384453019e-02
1.000000000000000000e+00 6.103697837971780338e+00 2.769441128274893749e-01 2.515823130798624518e-01 2.610257844142476191e-01 2.394514330072847752e-01 2.510867656545532345e-01 2.318289008576393528e-01 1.748054186026333778e-01 1.784498698037954023e-01 2.801759476212070232e-03 2.022587865008511343e-02
1.000000000000000000e+00 5.511206356652012417e+00 2.748245973769392614e-01 2.503265941987630749e-01 2.660349188108531715e-01 2.436482795049273731e-01 2.455176052939767317e-01 2.246654332414530497e-01 1.675685117050269290e-01 1.788726260802843970e-01 4.143616253704390101e-03 1.788347547893411743e-02
1.000000000000000000e+00 5.598882948774704715e+00 2.668537669906355658e-01 2.635082783209375945e-01 2.752514970800053473e-01 2.348446379599140876e-01 2.575252323471691751e-01 2.149744054788846059e-01 1.710258160059298926e-01 1.792759639668898841e-01 3.585689833512531541e-03 1.691444631541998492e-02
1.000000000000000000e+00 5.447665291924842279e+00 2.679355000020487432e-01 2.644671226794726437e-01 2.761727010967355844e-01 2.369062237065052146e-01 2.566276831151774740e-01 1.983246114956167816e-01 1.817586259452372566e-01 1.792736354135616716e-01 3.642310631689047590e-03 1.566140635975942982e-02
1.000000000000000000e+00 7.114659306231082780e+00 2.743941240906431767e-01 2.547570714162531447e-01 2.758735542310823408e-01 2.311559156349291821e-01 2.678609281553623878e-01 1.859907591197016430e-01 1.819451640061560127e-01 1.787781641889621409e-01 3.254200121477873828e-03 1.551274287237707286e-02
1.000000000000000000e+00 7.868749611672835265e+00 2.707928869124190951e-01 2.524273193354562572e-01 2.766716856515600287e-01 2.372531390811202789e-01 2.533885558609815236e-01 1.727813358236810759e-01 1.741053667246695580e-01 1.798495209070907208e-01 3.242035971160310039e-03 1.526934896171985509e-02
1.000000000000000000e+00 9.523856205511496142e+00 2.682700097516542703e-01 2.458520151925865094e-01 2.700846677346033231e-01 2.349149683369674835e-01 2.656269452402720832e-01 1.853797029174737709e-01 1.748954310171236259e-01 1.789401454594163610e-01 2.993169337204345994e-03 1.441114096457814936e-02
1.000000000000000000e+00 8.469223326608208424e+00 2.719386012101047134e-01 2.629596945309443656e-01 2.649473353810741227e-01 2.482432499297960171e-01 2.540430744388735285e-01 2.054378259225426717e-01 1.813651900347209855e-01 1.798862495962221530e-01 3.787182804195361394e-03 1.324747110414488567e-02
1.000000000000000000e+00 6.186461429131899337e+00 2.762378962932082738e-01 2.515346589783660769e-01 2.556848325644535680e-01 2.440718400286739087e-01 2.567754459740922979e-01 1.987684443908323273e-01 2.030921166502617781e-01 1.787394374681904874e-01 3.505475078217538433e-03 1.256548746703579390e-02
1.000000000000000000e+00 6.148566310915268396e+00 2.795310756084631310e-01 2.531233116274097528e-01 2.547931829385505220e-01 2.488077932211543997e-01 2.464619540695622835e-01 1.955818588915283485e-01 1.972752124991086209e-01 1.791429754897911897e-01 3.596553475939188397e-03 1.233048016761972322e-02
1.000000000000000000e+00 6.206900934099587985e+00 2.725836622090447858e-01 2.582494748844638699e-01 2.616675893267447761e-01 2.489844692563749073e-01 2.427871008617373816e-01 2.170175960947006710e-01 2.232825784424065374e-01 1.780203029378742419e-01 3.460855915735938561e-03 1.176092122067740227e-02
1.000000000000000000e+00 4.845692337464056365e+00 2.766923966150639513e-01 2.561454718257243912e-01 2.535145103828416180e-01 2.469990691516525394e-01 2.263426248501524130e-01 2.250462582018599444e-01 2.197321201836103799e-01 1.786153674153742321e-01 3.163397891232101224e-03 1.324888790814921641e-02
1.000000000000000000e+00 6.728097345107988403e+00 2.716850751197847913e-01 2.634326183015300860e-01 2.586863363931470317e-01 2.467084375562404452e-01 2.298031564493333012e-01 2.286413046566960205e-01 2.051874599407575994e-01 1.789611697757082232e-01 4.042472954100672679e-03 1.408838703355731747e-02
1.000000000000000000e+00 4.225447402780644346e+00 2.720200074222416387e-01 2.632356480309072655e-01 2.614764517488784579e-01 2.480145985861035851e-01 2.440846688610450732e-01 2.303748527560197101e-01 1.839459851443984995e-01 1.791740820292044012e-01 3.207269049788699210e-03 1.533502293747260325e-02
1.000000000000000000e+00 5.263012697383635974e+00 2.706863877443895228e-01 2.625893343309929628e-01 2.628321866548372077e-01 2.520765988164924143e-01 2.395544830127507852e-01 2.363161807000145609e-01 1.859764560286624180e-01 1.789794580644696598e-01 3.316989736035514010e-03 1.786693233362801614e-02
1.000000000000000000e+00 4.158120002899727830e+00 2.723376052278872472e-01 2.571112881561499197e-01 2.573312114408825013e-01 2.577370718423156459e-01 2.310755379371173257e-01 2.363858060566313424e-01 2.129563709943863015e-01 1.786820380908447914e-01 3.923948186866302833e-03 1.838379929326415529e-02
1.000000000000000000e+00 3.905420309661016720e+00 2.696325418718999445e-01 2.550677317227317831e-01 2.532829174947228146e-01 2.493889393629219187e-01 2.395920459204541886e-01 2.314678419892672867e-01 2.291572196626565638e-01 1.781929577127209230e-01 3.232778619452810181e-03 1.976647172941322500e-02
1.000000000000000000e+00 4.176234720017149904e+00 2.756858982960910809e-01 2.570190586648920528e-01 2.419236418169695424e-01 2.448932349351777282e-01 2.440134665868519681e-01 2.350456737489962644e-01 2.344526457081395066e-01 1.779615822595865260e-01 3.026119309819449901e-03 1.978039015567278555e-02
1.000000000000000000e+00 3.460953269382110786e+00 2.707764696679707539e-01 2.684843060548416926e-01 2.464816978306773321e-01 2.472067297725627222e-01 2.415743009832836408e-01 2.391602675208123474e-01 2.351406680588699893e-01 1.785926641521212721e-01 2.897691875922147730e-03 2.037259824179701168e-02
1.000000000000000000e+00 4.192207289290419858e+00 2.688183757059035561e-01 2.746569733636404775e-01 2.471241491875222629e-01 2.428236288463126724e-01 2.410022204980322713e-01 2.437444051933561617e-01 2.406900384089735168e-01 1.789979408871399391e-01 3.055434128440271107e-03 2.221540653903733911e-02
1.000000000000000000e+00 2.866631984802666455e+00 2.683888851493292371e-01 2.775287587776372744e-01 2.462969915667428122e-01 2.518679446336103411e-01 2.288005609684766462e-01 2.336968289274835575e-01 2.506578258384960511e-01 1.794800124578394829e-01 3.098363156554450638e-03 2.134460626838213457e-02
1.000000000000000000e+00 3.349461146846797632e+00 2.785005705431505274e-01 2.664671589790633677e-01 2.398227085675755654e-01 2.520904126146202295e-01 2.244694054256670401e-01 2.378256150108385703e-01 2.659110751674479411e-01 1.793072089239474143e-01 3.446747431082974877e-03 1.933393909770119920e-02
1.000000000000000000e+00 3.513241124693127659e+00 2.800741950943685943e-01 2.662256167391729433e-01 2.402711101760145740e-01 2.527097172691049609e-01 2.316796406734521752e-01 2.309330062100782566e-01 2.624800693525697337e-01 1.795173743618001250e-01 3.492840645657858435e-03 2.077903042968312630e-02
1.000000000000000000e+00 4.411592925085787265e+00 2.631632887709581814e-01 2.737054224596469632e-01 2.434204336600377105e-01 2.637359422066635206e-01 2.379395573667863750e-01 2.349387507579542289e-01 2.600796882748210304e-01 1.800140597901535300e-01 3.332392708707577859e-03 2.152704066569244984e-02
1.000000000000000000e+00 3.281610760775024893e+00 2.695582427167009798e-01 2.772359663359372783e-01 2.449111118075451010e-01 2.623995038900344134e-01 2.403770556707770512e-01 2.296835934796414569e-01 2.568861941513368996e-01 1.804148816663679322e-01 3.061315074194240378e-03 1.973217994539502515e-02
1.000000000000000000e+00 3.186969709949259322e+00 2.745444128979871445e-01 2.847282933214526079e-01 2.388230126150202859e-01 2.554766500439237253e-01 2.379260664732996411e-01 2.367274546723646955e-01 2.483832851908372441e-01 1.809709761633145619e-01 3.718630771533182507e-03 1.937640524962972247e-02
1.000000000000000000e+00 4.933625030028821357e+00 2.817646815389865944e-01 2.724274418690535438e-01 2.413467818042031587e-01 2.509124875205768213e-01 2.420050041415748310e-01 2.282946414147028757e-01 2.689645409558520384e-01 1.800490038839018259e-01 2.883357670727202532e-03 2.076437834475430497e-02
1.000000000000000000e+00 5.248432526025306188e+00 2.780459132403866329e-01 2.775887961874097254e-01 2.420108955698863917e-01 2.662261031235904629e-01 2.305347160077533819e-01 2.330201716449471772e-01 2.510935367314105493e-01 1.814840686334354414e-01 3.790228631325292478e-03 2.073086091389425220e-02
1.000000000000000000e+00 4.585014067912989155e+00 2.689790930321906415e-01 2.746984101284170032e-01 2.360437652774780293e-01 2.605291976172428026e-01 2.458898767156874610e-01 2.383163996441770016e-01 2.759641208544781898e-01 1.804769824230822439e-01 3.455639488490994116e-03 2.173046031884023552e-02
