1.000000000000000000e+00 3.202679260502080183e+01 2.538612545243820739e-01 2.271665334883647969e-01 2.385631408363680095e-01 2.159147958606987827e-01 2.334556025101133248e-01 1.935152297947414501e-01 5.583623497762848498e-01 1.597044462369311968e-01 3.741177585609697931e-03 2.407967763928857766e-02
1.000000000000000000e+00 1.029742419011349774e+01 2.450404664447360381e-01 2.447159392564917935e-01 2.358620553156182409e-01 2.304749943421795511e-01 2.277763758336189270e-01 2.013741532985827420e-01 1.644963705707736812e-01 1.618463224458859262e-01 3.876137108466350904e-03 2.607977675412923024e-02
1.000000000000000000e+00 5.701134952244474974e+00 2.456215137845882690e-01 2.463173069368765900e-01 2.443782125188539989e-01 2.243647870572698377e-01 2.322455301110079862e-01 1.942530716958966175e-01 1.808869319491552274e-01 1.599596120242252340e-01 4.191307160805847823e-03 2.670658605922233281e-02
1.000000000000000000e+00 5.511559700333311440e+00 2.442878088021452621e-01 2.551297236331498408e-01 2.408823960222015170e-01 2.250959562357871813e-01 2.216739050425433344e-01 2.009156333830671437e-01 1.724058382313244653e-01 1.604206101793451689e-01 4.284138765536817800e-03 2.888571525991287178e-02
1.000000000000000000e+00 4.080176486547968828e+00 2.492390745348238845e-01 2.543545950783474008e-01 2.344056303858751411e-01 2.238613565076799927e-01 2.263553094582247405e-01 2.051278295993881617e-01 1.683624139898198258e-01 1.626247165581055920e-01 4.175703212700696693e-03 2.755438569216699801e-02
1.000000000000000000e+00 2.433769802001110261e+00 2.518649627127807489e-01 2.454608460480199594e-01 2.313389435512060999e-01 2.311758550858515893e-01 2.237973783240209125e-01 2.063355178780932608e-01 1.587251105740478396e-01 1.610501058786911743e-01 4.058427652693387920e-03 2.709485306750154809e-02
1.000000000000000000e+00 3.824777641435636699e+00 2.494412602323223260e-01 2.527762644615018650e-01 2.302931263733115630e-01 2.351195748152211107e-01 2.302424152827082515e-01 1.961440147436299408e-01 1.602595529696167753e-01 1.612640073993127643e-01 4.138742419296185387e-03 2.696685121992987294e-02
1.000000000000000000e+00 1.849783001477717015e+00 2.580401816790074410e-01 2.479127084252006064e-01 2.304722254164476292e-01 2.323860598878204897e-01 2.315716635459934558e-01 2.010866309179806521e-01 1.618483248116675544e-01 1.632976841925142530e-01 3.856146075100111426e-03 2.534655397147838121e-02
1.000000000000000000e+00 2.591432575951778006e+00 2.584841688492736100e-01 2.374317690503347789e-01 2.390214482054950629e-01 2.298625064410562413e-01 2.252773211763413885e-01 2.093628881019796995e-01 1.721513242364387519e-01 1.624768369994235573e-01 3.792721498373553997e-03 2.527854929685536059e-02
1.000000000000000000e+00 2.501722903262267206e+00 2.501306766381477531e-01 2.444410939915881154e-01 2.463481443123945180e-01 2.214260261755376380e-01 2.331886703678917039e-01 2.072181858895409123e-01 1.735838463511134855e-01 1.628190164133331286e-01 3.748224813274759690e-03 2.524892742845809626e-02
1.000000000000000000e+00 2.578012291542699508e+00 2.627426123129851798e-01 2.430589072856685073e-01 2.410903014621311458e-01 2.233487868217697292e-01 2.336337091639154040e-01 2.095961084517395101e-01 1.629815149445514311e-01 1.655598783976896249e-01 3.705367814091032642e-03 2.429493289170383402e-02
1.000000000000000000e+00 2.479413987895016547e+00 2.569871839157207849e-01 2.399771532062407731e-01 2.365604614254580573e-01 2.232676881902510846e-01 2.285423524408425056e-01 2.142235388119270723e-01 1.680811576745492308e-01 1.630264983848898064e-01 3.556212483624033617e-03 2.551137302020798844e-02
1.000000000000000000e+00 2.554230108721412318e+00 2.642035682297858012e-01 2.386305807090060571e-01 2.350576161460962432e-01 2.286264740190530886e-01 2.262711139483035705e-01 2.103167487389609458e-01 1.768723125465018475e-01 1.650827546111082178e-01 3.590915905359129325e-03 2.668831427425673655e-02
1.000000000000000000e+00 4.529585928172573439e+00 2.582446224518803457e-01 2.527529500247404082e-01 2.217793240177915459e-01 2.192833745025807024e-01 2.389527538508385840e-01 2.106898665347681776e-01 1.711066191671081760e-01 1.623444310112308331e-01 3.625379728075168485e-03 2.644462909556694399e-02
1.000000000000000000e+00 5.454387672521130881e+00 2.605787835191459290e-01 2.489523374432603686e-01 2.211864949460633778e-01 2.235547685084251224e-01 2.331284023955949580e-01 2.139119077602757713e-01 1.827647144518425859e-01 1.615492572403859628e-01 3.749385726615153507e-03 2.818412718144072682e-02
1.000000000000000000e+00 4.903729604610250981e+00 2.486041855989052918e-01 2.584597608190680740e-01 2.221239326460371644e-01 2.239173706760456128e-01 2.383347704172691928e-01 2.124784733664792646e-01 1.803990678382761115e-01 1.637628552963620032e-01 3.708496398684506777e-03 2.879373030426311125e-02
1.000000000000000000e+00 6.226680842139983518e+00 2.546064298488576738e-01 2.513287190360437573e-01 2.334820350956178237e-01 2.171417224293104853e-01 2.374719682507861751e-01 2.132923968597786879e-01 1.781757389382097601e-01 1.613600041368854210e-01 3.794947857855293649e-03 2.884472874878031209e-02
1.000000000000000000e+00 5.217753043952083836e+00 2.599493994966464161e-01 2.570915109733200032e-01 2.331291281651014791e-01 2.229123420767901986e-01 2.340460339969862025e-01 2.082808524499069336e-01 1.910713096443991121e-01 1.678378002897690235e-01 3.714694030588646355e-03 2.825176900604375527e-02
1.000000000000000000e+00 2.364211577051411606e+00 2.671454932752658218e-01 2.457239714935730568e-01 2.474630263065864533e-01 2.387518315303537864e-01 2.239615371297943025e-01 2.159717742026337761e-01 2.021933996470814954e-01 1.706013033039640581e-01 3.726897530999781320e-03 2.855307847147222494e-02
1.000000000000000000e+00 3.413454905188084254e+00 2.674171185550778262e-01 2.615717182537621310e-01 2.483312756672999000e-01 2.519520485300891788e-01 2.216887067928326738e-01 2.233022743425144563e-01 2.066562169157314388e-01 1.740260603952593910e-01 3.673185390235199441e-03 2.897913546297379780e-02
1.000000000000000000e+00 3.302847646404820203e+00 2.576388998687115794e-01 2.719280242626306299e-01 2.404339411921979086e-01 2.445499938879069080e-01 2.174459280871905431e-01 2.160057600639483100e-01 2.013725749407390964e-01 1.735983920460205943e-01 3.640346081292525262e-03 2.943032689024345852e-02
1.000000000000000000e+00 2.952680580986684067e+00 2.496464395125104485e-01 2.659854316642449312e-01 2.316784162109530310e-01 2.496452322695147941e-01 2.205877904372349207e-01 2.059725101723220708e-01 2.108199615070883715e-01 1.687455628365510663e-01 3.572917491706004145e-03 2.840701306897833178e-02
1.000000000000000000e+00 1.497555370477043235e+00 2.574804166785091275e-01 2.586575720572478754e-01 2.359388303418303023e-01 2.487449216913350247e-01 2.326375283379853165e-01 1.970308594324336748e-01 2.064385386832906510e-01 1.683839673475384102e-01 3.544324910611725086e-03 2.906319025118346902e-02
1.000000000000000000e+00 1.640183356380789048e+00 2.606245240735903801e-01 2.745233133122974012e-01 2.357327591697517266e-01 2.489545044291368303e-01 2.436467494637375442e-01 2.018344894295256153e-01 2.067998262306259272e-01 1.741794334619425344e-01 3.466255151354949091e-03 2.959345109123022108e-02
1.000000000000000000e+00 3.122941438505246303e+00 2.523988764387182782e-01 2.770861647408168205e-01 2.356987999721605886e-01 2.542835022304035797e-01 2.223437093710828594e-01 2.186415348717222484e-01 1.958272464421198789e-01 1.729932423153243137e-01 3.632215103903221366e-03 3.005021151911713151e-02
1.000000000000000000e+00 2.539706331419729235e+00 2.732529470890642798e-01 2.776149277823045103e-01 2.355817531435426548e-01 2.556407971252423472e-01 2.342930921005856038e-01 2.229155442379862073e-01 1.827955855545167207e-01 1.787643497364667100e-01 3.515160186534967840e-03 2.947785162653918795e-02
1.000000000000000000e+00 4.822421678492216479e+00 2.796438516827192133e-01 2.768530820468657061e-01 2.327696008294065921e-01 2.590393056896306834e-01 2.532117661803207631e-01 2.353814301041353974e-01 1.923190150679859600e-01 1.827554804171301339e-01 3.624562650965819019e-03 2.900247503581484393e-02
1.000000000000000000e+00 3.746258560046719310e+00 2.744679254451727890e-01 2.896584681349516077e-01 2.376444762870244254e-01 2.607072661028536076e-01 2.594656765312038371e-01 2.300518960160325976e-01 1.928964451821473802e-01 1.856383363020305266e-01 3.643705588784020358e-03 2.824545493610964089e-02
1.000000000000000000e+00 3.678791839390948226e+00 2.798043797539016553e-01 2.950642092808401507e-01 2.465459928755490138e-01 2.615857733024875009e-01 2.600943188908143577e-01 2.318140960014518637e-01 1.977012826041905924e-01 1.899921319958657873e-01 3.617275969438248084e-03 2.818728143572972814e-02
1.000000000000000000e+00 5.631245232047389138e+00 2.858709663611340157e-01 2.956179200259384521e-01 2.513023930117811999e-01 2.561817652258240874e-01 2.608692549357435886e-01 2.261149897310903989e-01 2.007304005675371594e-01 1.892656748114713017e-01 3.758742110869840464e-03 2.795393829480173620e-02
1.000000000000000000e+00 5.926537168850752657e+00 2.723162014418169519e-01 2.884243604564891150e-01 2.417783684663718791e-01 2.623289908398890313e-01 2.823267139330987718e-01 2.084679587810551182e-01 1.996313954905077348e-01 1.878166779100410855e-01 3.737730379853164853e-03 2.615570133301852937e-02
1.000000000000000000e+00 5.913578397992800717e+00 2.743762994054276816e-01 2.983856162606397522e-01 2.417024455879495937e-01 2.661437486295031296e-01 2.716655453803026310e-01 2.019679016933515203e-01 1.992655740987825108e-01 1.857145947695790500e-01 3.401746152045958052e-03 2.574954420188779389e-02
1.000000000000000000e+00 3.637534222876874779e+00 2.732373343582962799e-01 2.940601865825006045e-01 2.384037966034226741e-01 2.591872447517092337e-01 2.674180332397742554e-01 2.104271742726748495e-01 1.930521904955618817e-01 1.825877527341936701e-01 3.402579456958205843e-03 2.534094348222792198e-02
1.000000000000000000e+00 4.392846022858842403e+00 2.639678403072085455e-01 2.912428449509314454e-01 2.427113976707405418e-01 2.561612462988727690e-01 2.631085900117975940e-01 2.119054344964018954e-01 1.922462150271302128e-01 1.837129002418501911e-01 3.341905187636758610e-03 2.551059716926454279e-02
1.000000000000000000e+00 2.593588712614269820e+00 2.695605846804819405e-01 2.819730572054008899e-01 2.462299056495794447e-01 2.504510445895763993e-01 2.568517284915432519e-01 1.967604190113233509e-01 2.017336304861318819e-01 1.814902261869397460e-01 3.293874041244850004e-03 2.672193472775255194e-02
1.000000000000000000e+00 4.086486853034200450e+00 2.721644982517187894e-01 2.979250149374906287e-01 2.471610429046366408e-01 2.641315949098669846e-01 2.657880832700145191e-01 1.979610801375429607e-01 1.940400223151638182e-01 1.882712213259747636e-01 3.383839069496558279e-03 2.730028123993439443e-02
1.000000000000000000e+00 3.908881094515440857e+00 2.733493192675746086e-01 2.995786917121888160e-01 2.345324672020690782e-01 2.703519048070298081e-01 2.486656718080406392e-01 2.110499482153146700e-01 2.058969599498254033e-01 1.860944335336781885e-01 3.391565857901723217e-03 2.790917493801694724e-02
1.000000000000000000e+00 2.619113392232098381e+00 2.691798374783331282e-01 2.853026968237254990e-01 2.393687590438324242e-01 2.625993303120566780e-01 2.474325975877026684e-01 2.113988724805002939e-01 2.084172819996169546e-01 1.818395355782153333e-01 3.442387170156262655e-03 3.064021332121324645e-02
1.000000000000000000e+00 5.140698607393984432e+00 2.727448004821537708e-01 2.858386284402260613e-01 2.467081706620146697e-01 2.454908763976021702e-01 2.520351813095448312e-01 2.179118069349363085e-01 2.096917160150781057e-01 1.809981448917199753e-01 3.399245442217334323e-03 3.000720589944261274e-02
1.000000000000000000e+00 6.053810910547079871e+00 2.794803326359422968e-01 2.918572772864371223e-01 2.380288338694624695e-01 2.461375956646992547e-01 2.540233146799694697e-01 2.217270710072877793e-01 2.051204182734806813e-01 1.840397508322911824e-01 3.195773424283790236e-03 2.774294942202630565e-02
1.000000000000000000e+00 6.384751677208591936e+00 2.806471142662362306e-01 2.980677470646783678e-01 2.562152743696823332e-01 2.508635029713348619e-01 2.630823615710074503e-01 2.261587679390025252e-01 1.969232851023869357e-01 1.911475227038686164e-01 2.870898648135811280e-03 2.714358050489764154e-02
1.000000000000000000e+00 5.806318211171822341e+00 2.704186508826391111e-01 2.929046253162887470e-01 2.626436150091768784e-01 2.442050604373117717e-01 2.730532911816058173e-01 2.246904702521930197e-01 1.980001952981799707e-01 1.879356358852369291e-01 2.780687660596979464e-03 2.716661231426606773e-02
1.000000000000000000e+00 6.212414184408860507e+00 2.688400976573474543e-01 2.838193752292830774e-01 2.630899684148889639e-01 2.578406721359789433e-01 2.732441269040563614e-01 2.130685449171838830e-01 1.997190714598361116e-01 1.873604729881026831e-01 2.925630879938711116e-03 2.692325472531212349e-02
1.000000000000000000e+00 6.375494239735634672e+00 2.833883199387740581e-01 2.763860225998271969e-01 2.854486117967721670e-01 2.499647112607683019e-01 2.644899968322718675e-01 2.137098504362476281e-01 1.874682337023113321e-01 1.910480579347503816e-01 2.902736824854707052e-03 2.720955231292866358e-02
1.000000000000000000e+00 7.726279974380026339e+00 2.811045344849537053e-01 2.619824460231334196e-01 2.799183804616463545e-01 2.403855903297212049e-01 2.607887665485423834e-01 2.231111064597831872e-01 1.906680692791604959e-01 1.863355745166388466e-01 2.906858674697579935e-03 2.881734804460520799e-02
1.000000000000000000e+00 9.335319938459376132e+00 2.631773044766751446e-01 2.713896282941467009e-01 2.749865656313636997e-01 2.349855765325520596e-01 2.639027004613120897e-01 2.104299778986080394e-01 1.981394382270772747e-01 1.851270917196350119e-01 2.843908560807884532e-03 2.838720046065810326e-02
1.000000000000000000e+00 7.840975981529504146e+00 2.793786531027156461e-01 2.701055833593085653e-01 2.702012690514217219e-01 2.316130688884952271e-01 2.590689477632700521e-01 2.068422522309160405e-01 1.992840507537893824e-01 1.812967587742680964e-01 2.712525906816886257e-03 2.739576817071406878e-02
1.000000000000000000e+00 6.334913872022813308e+00 2.762542179083297689e-01 2.696563048346716784e-01 2.624451138049598842e-01 2.405918370558333963e-01 2.716952645072381323e-01 2.105630685143455305e-01 1.912711005545312537e-01 1.828534480148249208e-01 2.617299189111893694e-03 2.848295432207444827e-02
1.000000000000000000e+00 5.260510018077261485e+00 2.722586828877727183e-01 2.720543035451635228e-01 2.460474958434667736e-01 2.324575238222799933e-01 2.592363348312322069e-01 2.123053938634982263e-01 2.019012967774342637e-01 1.774828252594569944e-01 2.792456904929952171e-03 3.013038913847101638e-02
1.000000000000000000e+00 4.327215210666203404e+00 2.727522811019666427e-01 2.596872394233559200e-01 2.485133449647643211e-01 2.400839454551993990e-01 2.506082476235703682e-01 2.153613168488815455e-01 1.926473634743934293e-01 1.770552882618293133e-01 2.701231402632990868e-03 2.968288160152925820e-02
1.000000000000000000e+00 7.200521570423573436e+00 2.816655497996398694e-01 2.582332364964277649e-01 2.525746677463259204e-01 2.414127301644214962e-01 2.657279280157754942e-01 2.268576500955800379e-01 1.942805225627104448e-01 1.818906314178878325e-01 2.695044693981433256e-03 3.137248253175602131e-02
1.000000000000000000e+00 6.743971397402064305e+00 2.813755360436943631e-01 2.594191759557163968e-01 2.492067068104167615e-01 2.409994526139353221e-01 2.511173973535612558e-01 2.220053083175785313e-01 1.932641517121053976e-01 1.808609146200407247e-01 2.776475094271110486e-03 3.198349303765811447e-02
1.000000000000000000e+00 6.039065879558069838e+00 2.737859881031246556e-01 2.638100968256589240e-01 2.559695740151772814e-01 2.458443722552160482e-01 2.524394561537021131e-01 2.019172547866929235e-01 1.919127927164804570e-01 1.800716465126431798e-01 2.757625483012711085e-03 3.327328971766847082e-02
1.000000000000000000e+00 6.458448658607107262e+00 2.771464399917448196e-01 2.737007930672092915e-01 2.558305931490544305e-01 2.432376889085803295e-01 2.529512999634795922e-01 2.049964551183468264e-01 1.933645312017140405e-01 1.816007696207597166e-01 2.859263813131821333e-03 3.335153314764791044e-02
1.000000000000000000e+00 3.949861724985976874e+00 2.711859391480471171e-01 2.545866935261381081e-01 2.561614410122978192e-01 2.375001180390541589e-01 2.559199276242182242e-01 2.018405780255290161e-01 1.933225483719712978e-01 1.770398462011401608e-01 3.115827206114928777e-03 3.377939096959946957e-02
1.000000000000000000e+00 4.768620211529055908e+00 2.631468448139003824e-01 2.475684765310198765e-01 2.368221975533283397e-01 2.263479212797965268e-01 2.383432795434281271e-01 1.913624328507764205e-01 2.030006617837195604e-01 1.684923101174530258e-01 3.024661243347404830e-03 3.337851487453042526e-02
1.000000000000000000e+00 4.879353291221101507e+00 2.564623521486161795e-01 2.451111845424791824e-01 2.434146978817377516e-01 2.288760903272298863e-01 2.262494040340594093e-01 1.886153457524712973e-01 2.096192659681661852e-01 1.637264860023916746e-01 2.837734005298272414e-03 3.354026468652220733e-02
1.000000000000000000e+00 4.373214024393313970e+00 2.527814392314623460e-01 2.455325331536951372e-01 2.521956033841852851e-01 2.306147560902208349e-01 2.225978359668867868e-01 1.925105974166189116e-01 1.955833526050142768e-01 1.651231971581524627e-01 2.882001554089486453e-03 3.111006089166623925e-02
1.000000000000000000e+00 2.676150465197968398e+00 2.490545614694482379e-01 2.524396944362369277e-01 2.353196122358615638e-01 2.304176710796638494e-01 2.235483784039550559e-01 1.872674110115802870e-01 1.943263126070754465e-01 1.625197782222022047e-01 3.004956771416370919e-03 3.110905691452152746e-02
1.000000000000000000e+00 3.897349915368905293e+00 2.563246143750812500e-01 2.557610511626671190e-01 2.209499019520323460e-01 2.277638646655359700e-01 2.163375930231224986e-01 1.938396384811985063e-01 1.749181444175618716e-01 1.637658653610041815e-01 3.176467485709729040e-03 3.092162207026774925e-02
1.000000000000000000e+00 2.068646245596811095e+00 2.538464451545091038e-01 2.503119176177896477e-01 2.289748455217639478e-01 2.314644604507224424e-01 2.183499131641249980e-01 1.961595913776921218e-01 1.631851654449468225e-01 1.627812106601551900e-01 3.379898264074768666e-03 3.141515344831111167e-02
1.000000000000000000e+00 2.304599686685431248e+00 2.533877999715861695e-01 2.514869611092979129e-01 2.358751477783901929e-01 2.241314439620403220e-01 2.234584381655177476e-01 1.874823449173631529e-01 1.650620403971910788e-01 1.627732822108347854e-01 3.061105575641116967e-03 2.986958092783489199e-02
1.000000000000000000e+00 2.061066853533024990e+00 2.550847067775753874e-01 2.512480248863190879e-01 2.343449470185415828e-01 2.238370904994193833e-01 2.319192293307382746e-01 1.864325763486603671e-01 1.664255005121744457e-01 1.626603859997038104e-01 3.196773210835548214e-03 2.977896147281453368e-02
1.000000000000000000e+00 3.500320564762731568e+00 2.447341602591781851e-01 2.423517976354767900e-01 2.324733750239504348e-01 2.140674611082614143e-01 2.347469138041531067e-01 1.718673150310099929e-01 1.632338090694808452e-01 1.571070036924412383e-01 3.195423900860755104e-03 2.997934708666217044e-02
1.000000000000000000e+00 4.714353001502351148e+00 2.398281911274356415e-01 2.400162336380235739e-01 2.360079629796115464e-01 2.096442306319900861e-01 2.334143769314204475e-01 1.833261271611136556e-01 1.537563913180793607e-01 1.570973533442895365e-01 3.182731039688344466e-03 3.043660319488294269e-02
1.000000000000000000e+00 5.683600804390919414e+00 2.436313134990997498e-01 2.320957772321238233e-01 2.360689796989176026e-01 2.121878158756462240e-01 2.284270524531215041e-01 1.966918785833615402e-01 1.666043860409580357e-01 1.572471005223402551e-01 3.337057496781252897e-03 3.045654427018080340e-02
1.000000000000000000e+00 2.829901237658083435e+00 2.472554827200424687e-01 2.492945444585327186e-01 2.374875179740717213e-01 2.129545665222966344e-01 2.237339039388129280e-01 2.055665885295886453e-01 1.665320695256347350e-01 1.590493133003203774e-01 3.442927310482160087e-03 3.008477872444664455e-02
1.000000000000000000e+00 2.445115106499255120e+00 2.514057918052139406e-01 2.594066355744683583e-01 2.412186693959896822e-01 2.173050162639757477e-01 2.330580208241145868e-01 2.093126876179256801e-01 1.675056715144954966e-01 1.632180639352430185e-01 3.439951375974806529e-03 3.004866759282629612e-02
1.000000000000000000e+00 5.496287081496568305e+00 2.443067889095547340e-01 2.657187215334965713e-01 2.391597379722233407e-01 2.176975025542506326e-01 2.449811456786953889e-01 2.131848620986986353e-01 1.561211521734122143e-01 1.655611173720941132e-01 3.393161073750524358e-03 2.964075024260816316e-02
1.000000000000000000e+00 5.340882813302060050e+00 2.556028976364981276e-01 2.638923503578620711e-01 2.332352250283000472e-01 2.218403451953363525e-01 2.226359800636184549e-01 2.007065491429214643e-01 1.555393828242631338e-01 1.648767907048834802e-01 3.337007720488955297e-03 2.773996518640502174e-02
1.000000000000000000e+00 4.591330445610185329e+00 2.501020061436499686e-01 2.558927365173519486e-01 2.346775242680791129e-01 2.142860491252176480e-01 2.393139416712880274e-01 2.079979044890511442e-01 1.541870859426545115e-01 1.610842134229072409e-01 3.352775416975824641e-03 2.870822218583075208e-02
1.000000000000000000e+00 3.695293467383169439e+00 2.619881358500743551e-01 2.513369759849249929e-01 2.480891006705132351e-01 2.154029908170446150e-01 2.481962324353805538e-01 2.103626342051041487e-01 1.516260209400525083e-01 1.688551915433310624e-01 3.232452047287247710e-03 3.053589429597444727e-02
1.000000000000000000e+00 4.221202399419205165e+00 2.591474993185968745e-01 2.596876911297219537e-01 2.423362295991966231e-01 2.222346899524375308e-01 2.488301311592652776e-01 2.019407999672161169e-01 1.516319418617019521e-01 1.683900956143666583e-01 3.190834956323687806e-03 3.305995485456190985e-02
1.000000000000000000e+00 4.048780535032372008e+00 2.567563319026212598e-01 2.589479674673322296e-01 2.426014094552543798e-01 2.227483239131490544e-01 2.310784011521546666e-01 2.000565273362178986e-01 1.503493998352452010e-01 1.672718888384046587e-01 3.235319072453022703e-03 3.471099499363754920e-02
1.000000000000000000e+00 3.705761388464444472e+00 2.539654202003824857e-01 2.576146695602377634e-01 2.387972561799966420e-01 2.290805309001124890e-01 2.178311063741487918e-01 2.129503072574643885e-01 1.409304210989010264e-01 1.648077539722709872e-01 3.444709862848247071e-03 3.548957960560444186e-02
1.000000000000000000e+00 3.997095472710890718e+00 2.525922300747351912e-01 2.581193709332684771e-01 2.285897986286582750e-01 2.275754130737473457e-01 2.263598170305604063e-01 2.156796223082983188e-01 1.433698855155186580e-01 1.644738191098949198e-01 3.346811100504423243e-03 3.512645374235224410e-02
1.000000000000000000e+00 3.620390384651249516e+00 2.547895209602488165e-01 2.605929895661068807e-01 2.351744777792276753e-01 2.363668620924231911e-01 2.247751393097985884e-01 2.163179563712478992e-01 1.395202669866203726e-01 1.674515555530586008e-01 3.314514420187966194e-03 3.652830926788445953e-02
1.000000000000000000e+00 4.175819285612639931e+00 2.569837446622754151e-01 2.479604535500317675e-01 2.390091447154479853e-01 2.308606715027738954e-01 2.260415755629659185e-01 2.193904853978712599e-01 1.388203895198902027e-01 1.647740389700415309e-01 3.445430803936823556e-03 3.580623081399258306e-02
1.000000000000000000e+00 6.730901117338593309e+00 2.641872194919626660e-01 2.460832850853015563e-01 2.404877745046049842e-01 2.322400665457042546e-01 2.298875971119977157e-01 2.149462610317425248e-01 1.415190127917384522e-01 1.691156119627086896e-01 3.411273960759392439e-03 3.690023325245318786e-02
1.000000000000000000e+00 4.153560959970967303e+00 2.527376057246055741e-01 2.485756416605009456e-01 2.394381894990250947e-01 2.183242979144884577e-01 2.330604595206214324e-01 2.062916336839298870e-01 1.488261952580423042e-01 1.620091622203716220e-01 3.230992860085423694e-03 3.733419567780504184e-02
1.000000000000000000e+00 5.325151076721363452e+00 2.535831605912602371e-01 2.577867859023376118e-01 2.370741077545712450e-01 2.213059484172431035e-01 2.202783300187081128e-01 2.125744161527109710e-01 1.494063414801145850e-01 1.640976591971246568e-01 3.344164003008920100e-03 3.907748859375931305e-02
1.000000000000000000e+00 7.743700019786469824e+00 2.460655727254870695e-01 2.710323000064949750e-01 2.460091657722965341e-01 2.262353423584558265e-01 2.164462148762847649e-01 2.142934419089793929e-01 1.585162987692486647e-01 1.654610419486388373e-01 3.313613388141298591e-03 3.901591357750895661e-02
1.000000000000000000e+00 6.786265771934544944e+00 2.463641095212998067e-01 2.674993814391866676e-01 2.453329022839411677e-01 2.285835730512844888e-01 2.188047521605679113e-01 2.150167826882311839e-01 1.578530787630897381e-01 1.660920738785058859e-01 3.327384853298865665e-03 3.883993747733636287e-02
1.000000000000000000e+00 8.273827917528537412e+00 2.514852052378639957e-01 2.629208225620338069e-01 2.407149904095491066e-01 2.323467169187120596e-01 2.284084466369041555e-01 2.145006780226295373e-01 1.640409958558556591e-01 1.675937816430183858e-01 3.409738237525564587e-03 4.019046557288347837e-02
1.000000000000000000e+00 7.308487627072158155e+00 2.595185675819905446e-01 2.590747549390101101e-01 2.393918543064154636e-01 2.403874009687755886e-01 2.275470449619977076e-01 2.272713531532951359e-01 1.636334374905788758e-01 1.688721906824852681e-01 3.140350629990658685e-03 4.145054210750703794e-02
1.000000000000000000e+00 6.859657935664788653e+00 2.650232043099980950e-01 2.593874537002752168e-01 2.409645639215644009e-01 2.393229388284549564e-01 2.403593107641656401e-01 2.145644812635798537e-01 1.687985590181511064e-01 1.720454782554043938e-01 3.282932364286976577e-03 4.147963426410883336e-02
1.000000000000000000e+00 7.459929684436336750e+00 2.546761685003363085e-01 2.619858374371699661e-01 2.278786502914814938e-01 2.352859095010236545e-01 2.429165456470544771e-01 2.126429432325991076e-01 1.690311745636218499e-01 1.685779381052363579e-01 3.365269805442405206e-03 4.075233573537358905e-02
1.000000000000000000e+00 8.975408521253491756e+00 2.631603510066624074e-01 2.701573883377212937e-01 2.226934886264808067e-01 2.391978647880874942e-01 2.488309031434039476e-01 2.130045952240617602e-01 1.686787089407922324e-01 1.720655539254835331e-01 3.285834418297906359e-03 3.955320116836349986e-02
1.000000000000000000e+00 1.067783105162784452e+01 2.653749228391781845e-01 2.717116229984714582e-01 2.248036065969008790e-01 2.444329456549311219e-01 2.679005460394119909e-01 2.059473216084304337e-01 1.668507886972177001e-01 1.756165874604342647e-01 3.331137569439625735e-03 3.952362627280344570e-02
1.000000000000000000e+00 1.109408738125914695e+01 2.744212673031350969e-01 2.663011888849931563e-01 2.349900282819331609e-01 2.375444775557047361e-01 2.442256037437182115e-01 2.062235296546719165e-01 1.663284169066016616e-01 1.737975234759119303e-01 3.265200357007249071e-03 3.872093793671333578e-02
1.000000000000000000e+00 1.086894001223157069e+01 2.788037039165494613e-01 2.877604683184000200e-01 2.410656196021338515e-01 2.406347233741327474e-01 2.576436161811633818e-01 2.013351378184535245e-01 1.783107499652591965e-01 1.832282046983895185e-01 3.199621726657418414e-03 3.901462593925714151e-02
1.000000000000000000e+00 1.109719282888615055e+01 2.703107272006513573e-01 2.786966802113159392e-01 2.458968113634283914e-01 2.352765969929813961e-01 2.772526749260964540e-01 1.939380573314917200e-01 1.796655461928760578e-01 1.820225556939015499e-01 3.177289014947774597e-03 3.997298854884938357e-02
1.000000000000000000e+00 1.085569402309852194e+01 2.642858328080038843e-01 2.706739703630975935e-01 2.443298349874618025e-01 2.328665415270299299e-01 2.708082033696783686e-01 2.076703187590747401e-01 1.843189040729031336e-01 1.770667802768174370e-01 3.090517298028555484e-03 4.035883841668633926e-02
1.000000000000000000e+00 1.060235272533245166e+01 2.636865381441959033e-01 2.799531149259512075e-01 2.428299591689407344e-01 2.443699787547102265e-01 2.694599226573226036e-01 2.091088516557741694e-01 1.963643641664762352e-01 1.804185587313060501e-01 3.146152819035706594e-03 3.917458303152115962e-02
1.000000000000000000e+00 1.452510191496386582e+01 2.562407634426335235e-01 2.722326459621889905e-01 2.468391506471369068e-01 2.328258531326822811e-01 2.748162945589839312e-01 1.952618919870098835e-01 1.969095430672984925e-01 1.729012933445314149e-01 3.091527863596052906e-03 3.943621399674541311e-02
1.000000000000000000e+00 1.373637780515010576e+01 2.541084444389385966e-01 2.711995754636789546e-01 2.529738414074968467e-01 2.295285673284025718e-01 2.706403137623985544e-01 1.895881710407413545e-01 2.095313939914667245e-01 1.762566130250768914e-01 3.033320430011336808e-03 3.914901998691290574e-02
1.000000000000000000e+00 1.140922666116507855e+01 2.576916740829878205e-01 2.848622906508392894e-01 2.539568775530817724e-01 2.074046305712116955e-01 2.713758560791919572e-01 1.857504379684313256e-01 2.146347484497319602e-01 1.742917247741120612e-01 3.124508535956648653e-03 3.776878988120567493e-02
1.000000000000000000e+00 1.249702548853226958e+01 2.585765170583176342e-01 2.759373105379860913e-01 2.590702410739215145e-01 2.048039787922780464e-01 2.553329642605923211e-01 1.862920034473692921e-01 2.134731506170370885e-01 1.711067309761973854e-01 3.235994978168896859e-03 3.865489427904475472e-02
1.000000000000000000e+00 9.264528065884574559e+00 2.600129379977857424e-01 2.671592206914102374e-01 2.610982402247000178e-01 2.079983425641445671e-01 2.629470545645526958e-01 1.866887079513230296e-01 2.198753319108295579e-01 1.759563434323456188e-01 3.123888237634572188e-03 3.734902283167487735e-02
1.000000000000000000e+00 7.468001314031075921e+00 2.603460586279495725e-01 2.541838160609427022e-01 2.668915017346906726e-01 2.215008332671947466e-01 2.542601563820403587e-01 1.933040970732352593e-01 2.265416884141437104e-01 1.722558286146083917e-01 3.030641378168680549e-03 3.615836409829165099e-02
1.000000000000000000e+00 6.620838200988202971e+00 2.516586576951378440e-01 2.619103025605442059e-01 2.518832124565381636e-01 2.110570877241826071e-01 2.447818147554523260e-01 1.913577384327636577e-01 2.210956748354186430e-01 1.667149321554514951e-01 3.120409477167532253e-03 3.556459975282212638e-02
1.000000000000000000e+00 6.777892457848141206e+00 2.545001799290334543e-01 2.513409505476019157e-01 2.591540001359148859e-01 2.177750002805273477e-01 2.445699553009686167e-01 1.877840881407262241e-01 2.209928670480671153e-01 1.659482336562115856e-01 2.979364784443090317e-03 3.474077638555834319e-02
1.000000000000000000e+00 5.640781954966881173e+00 2.482194001137559558e-01 2.569079856652807803e-01 2.559908996110552004e-01 2.188253034005663011e-01 2.348104191216078274e-01 1.875125764441550880e-01 2.347281245997928090e-01 1.661898989041550589e-01 3.175672103891618442e-03 3.387571598717690341e-02
1.000000000000000000e+00 7.868161632201399414e+00 2.487854998990081667e-01 2.539213245970361466e-01 2.583875316708207359e-01 2.209305888200119583e-01 2.341481142124013648e-01 1.935715690729047922e-01 2.637744037137480513e-01 1.656514843823775063e-01 3.900077022299225891e-03 3.350115047545641073e-02
1.000000000000000000e+00 9.264999908404769613e+00 2.444349768300234371e-01 2.546494310964829144e-01 2.547345601330923692e-01 2.245922473887061732e-01 2.417451723642764783e-01 1.853048194274428129e-01 2.696000677943093393e-01 1.657491646974281196e-01 3.943312445947477762e-03 3.410808921179112052e-02
1.000000000000000000e+00 7.235041192276555400e+00 2.523175686063398038e-01 2.625439920496479562e-01 2.470838068163093981e-01 2.233249614287544926e-01 2.672357764466261609e-01 1.812714071287167272e-01 2.598501577214109570e-01 1.661785980010839492e-01 3.872454920852383062e-03 3.389177265811222500e-02
1.000000000000000000e+00 6.737396040077938686e+00 2.548053104887331166e-01 2.636061836142393755e-01 2.427950463496396649e-01 2.179442883390637631e-01 2.638042368257191850e-01 1.798984928792362326e-01 2.421648571804454197e-01 1.668210093343190925e-01 3.880722128476921020e-03 3.349082936809961997e-02
1.000000000000000000e+00 8.942641978659411350e+00 2.504865093823795963e-01 2.613220689668507291e-01 2.426993321085261224e-01 2.220249184176643076e-01 2.620941164251181510e-01 1.791577833564577116e-01 2.358902663177863679e-01 1.668795457422778961e-01 3.968371007616201124e-03 3.289105225267673072e-02
1.000000000000000000e+00 8.062627617300456961e+00 2.534034263209046234e-01 2.586627692308488546e-01 2.461907578670809171e-01 2.261932101616260515e-01 2.421320108791575887e-01 1.672987143306295388e-01 2.496025118672910159e-01 1.674320778421187206e-01 3.958565790151798852e-03 3.273165816206330403e-02
1.000000000000000000e+00 7.465077599616602555e+00 2.615298402546382683e-01 2.536256835241416652e-01 2.444774232743894549e-01 2.300315262707194608e-01 2.371674412089997408e-01 1.555344000005335070e-01 2.503626559405418006e-01 1.679439804797901170e-01 3.766712353452255496e-03 3.318576079443871785e-02
1.000000000000000000e+00 8.789758833202006016e+00 2.540434714434355312e-01 2.613334877356516261e-01 2.495712550906585281e-01 2.266549243466617902e-01 2.622856765106711951e-01 1.576688887198354483e-01 2.244495642112062650e-01 1.681416256146249233e-01 3.741428080412462047e-03 3.332194496830921671e-02
1.000000000000000000e+00 9.770367660652484076e+00 2.637593553908265109e-01 2.508238889581543285e-01 2.448366191390372870e-01 2.045079880286921892e-01 2.619094857891038353e-01 1.618609182602916419e-01 2.369954125294412017e-01 1.669701687602742901e-01 3.237633205106039969e-03 3.413637299766526800e-02
1.000000000000000000e+00 9.605344417663301826e+00 2.678851625187477770e-01 2.526178180758001934e-01 2.400210961959997613e-01 2.157260470958681231e-01 2.496491250169159126e-01 1.654352539572339631e-01 2.254504471114645858e-01 1.680590559719772059e-01 3.303898820176876493e-03 3.570081979331850980e-02
1.000000000000000000e+00 9.571110344030724804e+00 2.602501965481454071e-01 2.640553520850392188e-01 2.381875439082625223e-01 2.128362086367969475e-01 2.488984050517530078e-01 1.674580335169687240e-01 2.467315082581251762e-01 1.674867855876975842e-01 3.783564944135781385e-03 3.528679222977598035e-02
1.000000000000000000e+00 9.703283893420000084e+00 2.569306796395626757e-01 2.600937063279534778e-01 2.419886640022998470e-01 2.141283729900633204e-01 2.475353196511841658e-01 1.657094394508994428e-01 2.618671573401838981e-01 1.667621145683634565e-01 3.884506493279634830e-03 3.529682343951775353e-02
1.000000000000000000e+00 1.256643133798872292e+01 2.588855379121367539e-01 2.591319794117744602e-01 2.404232092520131592e-01 2.111814747024369499e-01 2.548266546768341301e-01 1.633202687535305897e-01 2.592197978295548433e-01 1.667165982699212179e-01 4.336082365007610726e-03 3.593257540156612195e-02
1.000000000000000000e+00 1.228521283361988559e+01 2.583095905884173482e-01 2.591841902825050004e-01 2.368792301654981114e-01 2.082569794512916794e-01 2.606839627210275623e-01 1.863560200685576984e-01 2.580705255085463667e-01 1.658113050597418148e-01 3.948741346589875259e-03 3.770845056408377721e-02
1.000000000000000000e+00 1.318709828355066094e+01 2.527228336029264666e-01 2.680814058971255354e-01 2.377437797094895111e-01 2.196273952013506614e-01 2.574210756894673713e-01 1.759220054606469574e-01 2.580268496391430189e-01 1.665971661405313831e-01 3.613798029148740376e-03 3.925110580609989658e-02
1.000000000000000000e+00 1.146624866582437363e+01 2.552455953501078234e-01 2.633316728770385140e-01 2.357546923144222539e-01 2.213240252597962476e-01 2.516226721166456293e-01 1.717960934273738693e-01 2.808100139732633282e-01 1.660827837527699968e-01 2.678935792971738096e-03 3.798924158550179286e-02
1.000000000000000000e+00 6.623668141709568857e+00 2.571284959332421072e-01 2.528615076219097868e-01 2.434962982196184067e-01 2.195649905179055672e-01 2.439945551720110739e-01 1.886942024507853033e-01 2.999580256409724588e-01 1.652040826355041792e-01 2.975548524963849903e-03 3.804321277947012025e-02
1.000000000000000000e+00 5.712324301018576023e+00 2.576361013354788176e-01 2.559620792995574989e-01 2.387425830318433417e-01 2.165338207710325036e-01 2.294255295636538905e-01 1.887168549659369310e-01 3.395990201680509912e-01 1.645959578835401727e-01 2.955193580564534003e-03 3.594342962664896779e-02
1.000000000000000000e+00 5.084620318207385026e+00 2.508386588361038450e-01 2.615998058715254815e-01 2.374544055311894608e-01 2.260751985429678423e-01 2.277079746885396772e-01 1.896138737119647533e-01 3.554291589483275504e-01 1.647405474981824547e-01 2.766693199194779351e-03 3.567271336452018660e-02
1.000000000000000000e+00 3.303130780189418303e+00 2.545526120416213289e-01 2.571377436927624327e-01 2.316452359736509425e-01 2.279630325140065972e-01 2.311483102427134562e-01 1.959663859773391192e-01 3.664623785667541211e-01 1.643062850929414009e-01 3.291744821573090903e-03 3.441594990129304144e-02
1.000000000000000000e+00 4.406417313712086781e+00 2.574224407163933637e-01 2.533002352979731309e-01 2.282284203828737479e-01 2.168968627420129192e-01 2.391374591949447792e-01 1.943321692132161105e-01 3.814760972786757076e-01 1.634219080508045041e-01 3.367582198563662949e-03 3.336121108127128310e-02
1.000000000000000000e+00 4.230442336296221129e+00 2.542376279654357529e-01 2.520554915158298437e-01 2.165226613253431187e-01 2.251875489348685866e-01 2.280050178372480529e-01 2.079201963680306631e-01 3.700978861784339768e-01 1.636087176020429301e-01 3.065809292268635144e-03 3.308542846306903457e-02
1.000000000000000000e+00 4.066310655328768675e+00 2.483265255716716469e-01 2.693176953902686743e-01 2.240789744546161644e-01 2.435271431682164422e-01 2.358111574024044088e-01 1.983081844334295130e-01 3.777243804089974177e-01 1.646777137686950832e-01 3.023596345804185990e-03 3.351438246134273713e-02
1.000000000000000000e+00 3.811805952352286919e+00 2.522605007865996174e-01 2.684766081449821429e-01 2.209008823826343892e-01 2.484664632388630945e-01 2.215403001775987923e-01 1.801885168054908337e-01 3.736976705467893733e-01 1.662368598008147624e-01 3.383105726536210934e-03 3.365904556501186223e-02
1.000000000000000000e+00 5.835780853341711705e+00 2.483885145113502169e-01 2.766486022513653387e-01 2.241479000400758148e-01 2.477312162483076008e-01 2.137784088268832039e-01 1.786999090896742859e-01 3.898736239923719094e-01 1.667723243075234785e-01 3.314017732615854531e-03 3.378888342999424726e-02
1.000000000000000000e+00 5.830713723066378584e+00 2.461516876485559668e-01 2.631373585296053474e-01 2.144739589706600724e-01 2.432064884953707151e-01 2.231796323639102797e-01 1.964156394661193128e-01 4.160792482899215994e-01 1.647981745715815793e-01 4.146455671106559493e-03 3.298671267079170827e-02
1.000000000000000000e+00 4.521137718217561385e+00 2.523200446578195422e-01 2.585436262886863235e-01 2.120967572613184915e-01 2.478008678637579065e-01 2.185446947710700527e-01 1.945677736505882494e-01 4.305345889397712011e-01 1.647184232758528155e-01 3.236021601662147137e-03 3.274902200622507864e-02
1.000000000000000000e+00 5.297085636654712104e+00 2.599543259421173702e-01 2.684227762268854289e-01 2.133614890970453037e-01 2.451251608034274443e-01 2.302176871522641777e-01 1.902643810257647616e-01 4.226986304325917043e-01 1.651143871580631750e-01 3.964021250027486426e-03 2.989218808968594973e-02
1.000000000000000000e+00 6.758198090079615028e+00 2.574500232949495926e-01 2.661677775118496125e-01 2.062341102788713409e-01 2.314498128041100611e-01 2.323609029370661549e-01 2.051932250304507876e-01 4.341941513588208346e-01 1.643189282098337645e-01 2.722077102678234235e-03 2.915208727298216479e-02
1.000000000000000000e+00 1.189410828626244587e+01 2.542380871717535018e-01 2.649250253564842672e-01 2.020927753847475139e-01 2.445739780516588135e-01 2.243668900728856552e-01 1.894379836602189393e-01 4.204910112454887661e-01 1.660647846442873665e-01 2.085275104118965769e-03 2.906979522135238678e-02
1.000000000000000000e+00 1.224626240703362612e+01 2.381004817415371400e-01 2.760896111317346913e-01 2.157550227524513697e-01 2.557958103064004174e-01 2.306741221220261207e-01 1.850465661679883966e-01 4.232596252619952870e-01 1.661110193588188344e-01 4.216992834186800501e-03 2.929158426591981293e-02
1.000000000000000000e+00 1.241628152152575204e+01 2.574639393275716115e-01 2.759693232652395412e-01 2.077702677860916169e-01 2.405157882371612987e-01 2.520991462997183019e-01 1.761818921134955807e-01 4.217878287452262454e-01 1.661704112363897035e-01 3.249027982860703233e-03 2.931395996811556742e-02
1.000000000000000000e+00 7.834162189202232618e+00 2.652721831921898143e-01 2.531133711805536590e-01 1.931847881642277942e-01 2.430272722815481901e-01 2.354053065340032391e-01 1.905404667477709202e-01 4.283848168216045083e-01 1.651626268812206311e-01 3.015130155213437569e-03 2.755608239575366505e-02
1.000000000000000000e+00 7.586338465228760874e+00 2.633803568968531850e-01 2.561883468205247705e-01 1.965091516402777960e-01 2.568391618267812371e-01 2.321649559649707206e-01 1.973448061937183029e-01 4.416708725109252387e-01 1.652852368809753225e-01 3.168515853130644041e-03 2.797842217556500283e-02
1.000000000000000000e+00 1.020570260182893385e+01 2.634136995286887051e-01 2.586759246152424141e-01 1.986647902521065101e-01 2.482812999335526072e-01 2.247654933834405122e-01 2.088253309569508831e-01 4.687897427708151432e-01 1.642833645760556904e-01 2.862177580198130896e-03 2.730109762426540312e-02
1.000000000000000000e+00 7.610080659408874126e+00 2.598124623504646236e-01 2.563461725344455266e-01 1.994629216725841703e-01 2.543785233797437040e-01 2.102931210890596203e-01 1.956159076609303160e-01 4.609499454893286607e-01 1.653547212941842703e-01 2.850013429880567106e-03 2.705770371360818535e-02
1.000000000000000000e+00 5.229812607247459333e+00 2.572905245709125599e-01 2.577638520982403203e-01 2.028195310506386295e-01 2.607769410875536154e-01 2.237708325425477596e-01 2.025548434366677419e-01 4.580283975641518124e-01 1.652662141787493433e-01 3.337998237381277836e-03 2.671133618523100980e-02
1.000000000000000000e+00 4.654471584197827028e+00 2.525008981884258596e-01 2.643697998230735147e-01 2.063543021496697938e-01 2.634206460366212976e-01 2.138815839000134944e-01 1.941647962874184785e-01 4.737206636630854062e-01 1.651591163091771508e-01 2.996188672055665348e-03 2.491141902572230338e-02
1.000000000000000000e+00 5.090333558010695647e+00 2.498376625118455541e-01 2.701539454793225326e-01 2.123473008231535064e-01 2.673665162380127192e-01 2.129076664721795131e-01 2.027995694638720092e-01 4.731896489417111162e-01 1.651862299159949088e-01 3.558870797707189802e-03 2.568382950702394543e-02
1.000000000000000000e+00 6.912541034555200525e+00 2.591924123710199201e-01 2.662142402145591391e-01 2.105761442900636327e-01 2.493552396196904997e-01 2.208079110451224292e-01 2.013758573369811011e-01 4.793874110204286443e-01 1.640310844436939919e-01 3.155401220672895274e-03 2.439816763320311332e-02
1.000000000000000000e+00 8.459049766573679463e+00 2.566308145030173349e-01 2.586702871014717742e-01 2.100024979306649997e-01 2.546387660605837211e-01 2.197509825309911791e-01 1.917653052418380188e-01 4.716666725509028324e-01 1.639982257177272917e-01 4.633826782815030423e-03 2.578064374825583815e-02
1.000000000000000000e+00 6.254762828282895093e+00 2.606797193570948856e-01 2.685638536851445712e-01 2.143027245316450058e-01 2.638879375756067458e-01 2.164526967325204609e-01 1.950551732137233152e-01 4.690278416369139669e-01 1.650014814025163867e-01 3.777150922834689260e-03 2.697474855241601202e-02
1.000000000000000000e+00 5.506245366121348184e+00 2.494254531353422843e-01 2.681850588817873970e-01 2.154771589282375999e-01 2.608049396684655186e-01 2.089374703858226101e-01 2.025488700840258061e-01 4.869843126751650098e-01 1.643036268661533239e-01 3.555567705682688429e-03 2.596972974497950906e-02
1.000000000000000000e+00 6.621199878741212075e+00 2.499292050051495906e-01 2.628285028497192588e-01 2.077674735695790864e-01 2.481770711937926477e-01 2.061267178079777829e-01 1.965640578263123661e-01 4.937794782277631911e-01 1.636821970764495704e-01 3.635088413182179738e-03 2.546394652223616870e-02
1.000000000000000000e+00 5.995156597041059854e+00 2.503846852532506384e-01 2.642056966276071228e-01 2.107978927957689930e-01 2.427262302728546428e-01 2.443468628938282317e-01 1.984528866486619525e-01 5.138711831396749474e-01 1.622026550110272636e-01 3.696839873942713711e-03 2.588638276962539411e-02
1.000000000000000000e+00 6.804323692576481619e+00 2.611490890013261623e-01 2.513459363459880636e-01 2.097054118203838247e-01 2.552580017194480133e-01 2.108674951816039422e-01 1.873288421684745630e-01 5.062738648815034992e-01 1.631194020048918059e-01 3.402385589736725124e-03 2.611148324550318506e-02
1.000000000000000000e+00 9.452447389637956832e+00 2.671464171409939081e-01 2.552882136440817185e-01 2.064103861291374242e-01 2.518133245586581248e-01 2.246329146721245118e-01 1.745133993814600437e-01 4.869872305947787750e-01 1.640740051559097801e-01 3.383730771479959935e-03 2.733768632173373334e-02
1.000000000000000000e+00 9.445571129291820967e+00 2.597031869765865641e-01 2.555777541209165449e-01 2.154887015090872771e-01 2.600869571366375976e-01 2.146760005096950141e-01 1.810647897423898756e-01 4.722181626676431598e-01 1.648911323502174342e-01 3.114626924616202726e-03 2.912091487425861464e-02
1.000000000000000000e+00 5.367150947119880833e+00 2.592538694824622070e-01 2.472044741907527543e-01 2.025037338684768928e-01 2.620021288796153258e-01 2.251942322082506054e-01 1.885782204515945581e-01 4.826815248860308882e-01 1.647466629558586582e-01 3.369941260988875038e-03 2.827688064930396206e-02
1.000000000000000000e+00 6.098983430899037828e+00 2.558986995951836874e-01 2.502144269337233107e-01 2.066212478649759599e-01 2.651179886559438814e-01 2.213523932097203051e-01 2.014683031575335292e-01 4.911437120099116926e-01 1.645049421731700212e-01 3.479804383102493275e-03 2.760407423569934474e-02
1.000000000000000000e+00 8.457292863048778031e+00 2.517811769756121976e-01 2.591416765735981564e-01 2.172474571289078893e-01 2.722481463851134098e-01 2.284080660736677038e-01 2.079742787643491797e-01 4.803556935252086824e-01 1.651095501994425951e-01 3.829636817593109512e-03 2.692880305306750294e-02
1.000000000000000000e+00 7.657752918672443343e+00 2.591404797885584199e-01 2.544161772654089937e-01 2.194336194532026663e-01 2.696289635863379219e-01 2.311020311854793952e-01 1.903012017637637221e-01 4.543551592235450798e-01 1.656400753716086305e-01 3.779666260922852437e-03 2.643473305137925347e-02
1.000000000000000000e+00 6.974160539702408457e+00 2.526081858879032915e-01 2.520571276359618307e-01 2.229501087155124628e-01 2.473251789336856910e-01 2.288894432644669463e-01 1.957963002829792021e-01 4.542604287044422207e-01 1.647809967640616602e-01 4.235072042394387795e-03 2.758438473871866609e-02
1.000000000000000000e+00 6.945722663175350142e+00 2.642130331763386519e-01 2.442361796774404903e-01 2.190016651929609925e-01 2.298595396851343398e-01 2.374524609817348086e-01 1.844211303484046549e-01 4.516833860232728481e-01 1.641121017498330115e-01 3.054483428653849159e-03 2.775979309713704282e-02
1.000000000000000000e+00 5.910958290310723839e+00 2.574815504305493774e-01 2.469462610418720061e-01 2.239411867218553120e-01 2.362531561233000843e-01 2.473598458130112920e-01 1.870489959545930114e-01 4.618919760220626114e-01 1.639793988752042686e-01 3.989551935915748582e-03 2.721856452025996423e-02
1.000000000000000000e+00 8.230351759131094624e+00 2.622284105607716742e-01 2.411936008289731481e-01 2.225932363062736175e-01 2.312458499884360585e-01 2.469715096658606224e-01 1.851330175160834646e-01 4.680699032365325807e-01 1.635910064970747257e-01 3.881860873161220409e-03 2.557169064945927911e-02
1.000000000000000000e+00 6.026675340946120230e+00 2.629367680359196435e-01 2.379928582682488969e-01 2.283098160295319867e-01 2.217180141637234980e-01 2.534137834330890682e-01 1.785829080585836226e-01 4.766190313485148544e-01 1.627606730359619780e-01 3.335048958184403094e-03 2.691402494373758281e-02
1.000000000000000000e+00 4.265868783359611172e+00 2.618084787598601859e-01 2.286724430893575244e-01 2.323208010209269481e-01 2.218008989366770656e-01 2.380823304249717332e-01 1.778847089397112280e-01 5.108039002476831847e-01 1.613295530191879434e-01 3.443077998502436666e-03 2.650443688482646484e-02
1.000000000000000000e+00 3.579492138231786136e+00 2.530996918865351386e-01 2.361686988754253258e-01 2.436342696171813482e-01 2.210234639512398125e-01 2.363274282149825656e-01 1.759505409701246081e-01 5.276781510551638021e-01 1.607139710971925428e-01 3.575143175371715224e-03 2.566533078764584447e-02
1.000000000000000000e+00 2.891143219503292006e+00 2.539654777799105201e-01 2.297622785886358765e-01 2.405686553864860300e-01 2.277607145049126702e-01 2.302879556359152535e-01 1.701304272288682029e-01 5.391990578081691243e-01 1.607906502142929794e-01 3.550729882702942288e-03 2.654957036939494669e-02
1.000000000000000000e+00 5.213358889823946463e+00 2.626828282357433486e-01 2.253521684349318877e-01 2.359739204594960282e-01 2.241848351667154460e-01 2.284733994599910945e-01 1.808052128545737935e-01 5.276708990943277389e-01 1.615560852097663869e-01 2.964387523180692097e-03 2.583775856610400976e-02
1.000000000000000000e+00 4.859286353802090730e+00 2.604164530577830483e-01 2.240930857201331727e-01 2.424802523938622556e-01 2.134984252308593788e-01 2.318635168674469393e-01 1.887484074467992712e-01 5.478856100042909238e-01 1.600526747504648351e-01 3.594675441856327001e-03 2.441310325412484813e-02
1.000000000000000000e+00 3.613360039993064987e+00 2.538612545243820739e-01 2.271665334883647969e-01 2.385631408363680095e-01 2.159147958606987827e-01 2.334556025101133248e-01 1.935152297947414501e-01 5.583623497762848498e-01 1.597044462369311968e-01 3.741177585609697931e-03 2.407967763928857766e-02
