1.000000000000000000e+00 4.659655802058415475e+01 2.780067629511370764e-01 2.434974958072953499e-01 2.397878345549933343e-01 2.545290255437713256e-01 2.417549928868387987e-01 2.390827977253333347e-01 6.558176358915455140e-01 1.764338735106446565e-01 3.603817724171453317e-03 1.922415654783896088e-02
1.000000000000000000e+00 2.570658759247213965e+01 2.690778419713865666e-01 2.397086538972278691e-01 2.508653183969486444e-01 2.299873238025837985e-01 2.118687967033858754e-01 2.123928342871174713e-01 1.582557576228528773e-01 1.644762024033417924e-01 3.401097271155113181e-03 2.435883754356310202e-02
1.000000000000000000e+00 2.042766655193831582e+01 2.805483217351945613e-01 2.391021989624135813e-01 2.476979305378768925e-01 2.350504671433587822e-01 2.149531494790034025e-01 2.087800219113075395e-01 1.500488042371307118e-01 1.672567840929658212e-01 3.421792878018129012e-03 2.523101984397005046e-02
1.000000000000000000e+00 8.804356486905025037e+00 2.685893550813277519e-01 2.449325813194555279e-01 2.417787491929364319e-01 2.354766519161619331e-01 2.058187743066009212e-01 2.114025799386184679e-01 1.577152599648017905e-01 1.685204845141132779e-01 3.451083928500139376e-03 2.500844272972445673e-02
1.000000000000000000e+00 6.292027796097722891e+00 2.664808663081527085e-01 2.407688246908356033e-01 2.509994334958258744e-01 2.413270087018669907e-01 1.995920087060123471e-01 2.248091182709804625e-01 1.692647465383828598e-01 1.682011068710974888e-01 3.332247122036251317e-03 2.398876113499090121e-02
1.000000000000000000e+00 4.933286659120898143e+00 2.644379135142767567e-01 2.360291849703496647e-01 2.248712664008009066e-01 2.441932748361052008e-01 2.041915987105719643e-01 2.164542924951889380e-01 1.729865192161177123e-01 1.646155090805109522e-01 3.153484282621072613e-03 2.415080509261513173e-02
1.000000000000000000e+00 4.278633765310802417e+00 2.425878406385731656e-01 2.449199831201617217e-01 2.399834901154082045e-01 2.351756291882321215e-01 1.992342526275838466e-01 2.182519802186789204e-01 1.673117074994733555e-01 1.601882027567491373e-01 3.254454881208924781e-03 2.508953734843908864e-02
1.000000000000000000e+00 5.218206125527707684e+00 2.500194593835837753e-01 2.431587857958980858e-01 2.424096199318501177e-01 2.251203474083158240e-01 2.021678305511976914e-01 2.208050086847067883e-01 1.651624915857361486e-01 1.589809352753168981e-01 3.220936929209683355e-03 2.656504670843263735e-02
1.000000000000000000e+00 9.634215526167007937e+00 2.493074297929926963e-01 2.400717013943962641e-01 2.576462690916076492e-01 2.324287882533282168e-01 2.031538260550061481e-01 2.096040913168495390e-01 1.702319483014775314e-01 1.645364962195272618e-01 3.361519130217554066e-03 2.829103931411817638e-02
1.000000000000000000e+00 6.778222781116537199e+00 2.507307065390594891e-01 2.466021027631933593e-01 2.517304400179365964e-01 2.331364953338680157e-01 2.183465227275740994e-01 1.997347161913838598e-01 1.749076649468068734e-01 1.626937125420479524e-01 3.365821696738578034e-03 2.987334774560252565e-02
1.000000000000000000e+00 5.502667877785154538e+00 2.466712583039818718e-01 2.372949086131231067e-01 2.443994145950068031e-01 2.371065137162715053e-01 2.115787642666321910e-01 1.921219047219322185e-01 1.784489849779537785e-01 1.613565495096109248e-01 3.387400974111842884e-03 3.029967351175108861e-02
1.000000000000000000e+00 3.856268809110732665e+00 2.447034386171735854e-01 2.430447134923770514e-01 2.411782992393137759e-01 2.320572255330426159e-01 2.062075916089816663e-01 2.112448356292796203e-01 1.786240250027566756e-01 1.606778917549014918e-01 3.511053408268437377e-03 3.046561766263594651e-02
1.000000000000000000e+00 4.494160334110296695e+00 2.552994164520894782e-01 2.317415982201786184e-01 2.428103236520080255e-01 2.214525976220587111e-01 2.012299604756470628e-01 2.010834060835868242e-01 1.838999769183175259e-01 1.587265089211399860e-01 3.393175249533588247e-03 3.034633526253199126e-02
1.000000000000000000e+00 3.325751526882055220e+00 2.359239678452816069e-01 2.381860657204932230e-01 2.264456451341761989e-01 2.254800283406098449e-01 2.035426822765739052e-01 1.949047926070698322e-01 1.883708580473894278e-01 1.535810816077700924e-01 3.192608411306641948e-03 3.140810510500848668e-02
1.000000000000000000e+00 2.905016771409254517e+00 2.539809995949711130e-01 2.321260167797744023e-01 2.260486430774771016e-01 2.276688144877658526e-01 2.162137060664319210e-01 1.957148701563871940e-01 1.839407902867170042e-01 1.574645710129804199e-01 3.245235123075126005e-03 3.089514375073371816e-02
1.000000000000000000e+00 3.359226119575934089e+00 2.509574474721800730e-01 2.437848873931920124e-01 2.248953373670393441e-01 2.233867963366444886e-01 2.233359746984648619e-01 2.086356468956684918e-01 1.846057843279320931e-01 1.592759750677254504e-01 3.085665975161911313e-03 3.158046423026366484e-02
1.000000000000000000e+00 3.641653819913451162e+00 2.406263287395820627e-01 2.581324203222203351e-01 2.222915054000250135e-01 2.256000048505387157e-01 2.194507522317271364e-01 1.998225265812980933e-01 1.919754824857099196e-01 1.596075964227720023e-01 2.817704054887582629e-03 3.120309613395361170e-02
1.000000000000000000e+00 4.144868842077476856e+00 2.379124328750353290e-01 2.750742630300258562e-01 2.250855076884578088e-01 2.333547506679079786e-01 2.057662631450933310e-01 2.153544849912853720e-01 1.816486154362328964e-01 1.600297790178724366e-01 3.065523177949082238e-03 3.283349218998737190e-02
1.000000000000000000e+00 4.960402598948498110e+00 2.342236930823043684e-01 2.681331704437794894e-01 2.185688764545178353e-01 2.314612110779430965e-01 2.089815831683159986e-01 2.146217943523310578e-01 1.730244486808147075e-01 1.572813357103440557e-01 2.930977208526630833e-03 3.163185426003161521e-02
1.000000000000000000e+00 3.326805372366188784e+00 2.508939943380198434e-01 2.568209063121880686e-01 2.306922217537988040e-01 2.299634329382105047e-01 2.019863609889827327e-01 2.257876913120966667e-01 1.680042932582462289e-01 1.618346757040166617e-01 2.994154398027600635e-03 3.216380806407765497e-02
1.000000000000000000e+00 6.172849411416055254e+00 2.537728476904409503e-01 2.493723071965803229e-01 2.218519046735659972e-01 2.397422698374041539e-01 2.116782798161058188e-01 2.363268020850195217e-01 1.649891183930366212e-01 1.624800821523874061e-01 3.128286789699544126e-03 3.164207585172010284e-02
1.000000000000000000e+00 5.295259993947398769e+00 2.555013324392709784e-01 2.719088669348628251e-01 2.167558606592783210e-01 2.382748815448663404e-01 2.129062245304291501e-01 2.271643132918172436e-01 1.616124337080913076e-01 1.678390292719023347e-01 2.983109717194071340e-03 3.217943878032593352e-02
1.000000000000000000e+00 3.701855973867242078e+00 2.564510396517336588e-01 2.699944549215836931e-01 2.236296007744306980e-01 2.568532519508499035e-01 2.168592230954220490e-01 2.258132618147075943e-01 1.758792225619773830e-01 1.699510563776878980e-01 3.199532955428198086e-03 3.254979871055196927e-02
1.000000000000000000e+00 3.143077147633253521e+00 2.557840109335403622e-01 2.686842161295642240e-01 2.312247526061352032e-01 2.583487770635369829e-01 2.317642566834888507e-01 2.227666269249850284e-01 1.748594113421918783e-01 1.721901766007052359e-01 3.233215261545244450e-03 3.171623728487023286e-02
1.000000000000000000e+00 6.119835969191588454e+00 2.578978399212814576e-01 2.846544407810490673e-01 2.327722696696182536e-01 2.550862921656593674e-01 2.369029247135620575e-01 2.198523159886997258e-01 1.655359043980018097e-01 1.784742327963719788e-01 3.373183643745021783e-03 3.316612121093426291e-02
1.000000000000000000e+00 5.976538400394116657e+00 2.600638995062379832e-01 2.733848890759185135e-01 2.363843737669735212e-01 2.597382642844433542e-01 2.327866743251582882e-01 2.135449163106203363e-01 1.663232962660708691e-01 1.762090797751252880e-01 3.463476375813794635e-03 3.305375926088213040e-02
1.000000000000000000e+00 5.087591410464721520e+00 2.677160092696215798e-01 2.675868403942504581e-01 2.259773215541676095e-01 2.442713446314561387e-01 2.290547864267337974e-01 2.011269873120849483e-01 1.728616288853348504e-01 1.706432930464852338e-01 3.472570609403135503e-03 3.195878953555515017e-02
1.000000000000000000e+00 4.121718007008347229e+00 2.619521189867949906e-01 2.662784278840071295e-01 2.293328348110141857e-01 2.422840894171298110e-01 2.250698846853003976e-01 2.035132500368641573e-01 1.694766411312070009e-01 1.693934452573008786e-01 3.591019431796022530e-03 3.251474498906199023e-02
1.000000000000000000e+00 4.674727233315778996e+00 2.703063615622580129e-01 2.624871445490913335e-01 2.263449973141860583e-01 2.469799909266822691e-01 2.280261179880637423e-01 2.127594283370818073e-01 1.717894596946977492e-01 1.741955296316578250e-01 3.454004922119202712e-03 3.503544289216133784e-02
1.000000000000000000e+00 4.513998281606166785e+00 2.654527891983409216e-01 2.589622050525411390e-01 2.336893011911650164e-01 2.458223899727830786e-01 2.315163552158452098e-01 2.041934627999285878e-01 1.716268856409456645e-01 1.711224439851202483e-01 3.522595407110097263e-03 3.816150048617117374e-02
1.000000000000000000e+00 4.677696755802145390e+00 2.512004549237473183e-01 2.740013219163454639e-01 2.207635658624747810e-01 2.476418475943781283e-01 2.242674079473611359e-01 1.959629470898109072e-01 1.654172793439360190e-01 1.672131650221679311e-01 3.573486001146561428e-03 3.745150718760753561e-02
1.000000000000000000e+00 5.172151016004567836e+00 2.498861733230278437e-01 2.700126445819568954e-01 2.188024179369748856e-01 2.489877819246463786e-01 2.128846999404385154e-01 1.939532718992339477e-01 1.643129877297731523e-01 1.654238760153707855e-01 3.522173509427837558e-03 3.711530067935615851e-02
1.000000000000000000e+00 6.287306903895787613e+00 2.471723897243404966e-01 2.774771424156904920e-01 2.149274086931879379e-01 2.547010252453752455e-01 2.215516882971453327e-01 1.902514212538057858e-01 1.587751100506523405e-01 1.664784448121218452e-01 3.574330850212793960e-03 3.703769257690357058e-02
1.000000000000000000e+00 7.623409984467038214e+00 2.571797345614360020e-01 2.701897142195321955e-01 2.080935997139633231e-01 2.543646426740225341e-01 2.287903683712169123e-01 2.001090495909141342e-01 1.634128320727468442e-01 1.682056741290492152e-01 3.733406208039016013e-03 3.805883330542488008e-02
1.000000000000000000e+00 8.060590397178861721e+00 2.481407156162938887e-01 2.686876511115069976e-01 2.202220415451356661e-01 2.563026883352585994e-01 2.267786346414833454e-01 1.974558357987781787e-01 1.693463859055796272e-01 1.678734002899660849e-01 3.622451212431194219e-03 3.755018857990118780e-02
1.000000000000000000e+00 7.010549730071637065e+00 2.417357635646719960e-01 2.716000985001761903e-01 2.116543724840682095e-01 2.469217126079839009e-01 2.271627194900474878e-01 1.875212007755938937e-01 1.613733678351449152e-01 1.635938728685065735e-01 3.400905364130855750e-03 3.826449928350315888e-02
1.000000000000000000e+00 8.964084747073064463e+00 2.456661523565866478e-01 2.857771517746127143e-01 2.073937121543263096e-01 2.502512191671049102e-01 2.383277461321305912e-01 1.857006119414037759e-01 1.522935982119744125e-01 1.696231611178446730e-01 3.396007312064431953e-03 3.691494247625565217e-02
1.000000000000000000e+00 8.732683598307644957e+00 2.498318681373410122e-01 2.764800761498372172e-01 2.033214957646838905e-01 2.348923573141921683e-01 2.296623464065292719e-01 1.935411387501586589e-01 1.413657773630192238e-01 1.615158153185914103e-01 3.537721167276500992e-03 3.676848595585881230e-02
1.000000000000000000e+00 8.271607231934474669e+00 2.491261933606976342e-01 2.651766526257945955e-01 1.953793415555627189e-01 2.387318898163766634e-01 2.297977039450504466e-01 1.728262982103663248e-01 1.310593959582238566e-01 1.598186745669318010e-01 3.650805677182146752e-03 3.519367308858150495e-02
1.000000000000000000e+00 5.205490675105924225e+00 2.525714026049674099e-01 2.666827837029041026e-01 2.150408592820821085e-01 2.451108843142797700e-01 2.169709034732034136e-01 1.918377906813682199e-01 1.262436301228643254e-01 1.661669873930260721e-01 3.661201097200331763e-03 3.408795400927736724e-02
1.000000000000000000e+00 7.316825007512503198e+00 2.445001263345389086e-01 2.714940595899556497e-01 2.015043750072439688e-01 2.509343368829125009e-01 2.293558669280094664e-01 1.859283014413887214e-01 1.374423256933365867e-01 1.631314160499758859e-01 3.896730484171941847e-03 3.293878103950947239e-02
1.000000000000000000e+00 9.514076423378892144e+00 2.553894942246496269e-01 2.777749947718220480e-01 1.981386996338417861e-01 2.421719519562641754e-01 2.356890673652319856e-01 1.915732606876692501e-01 1.413786105792374237e-01 1.649636620639095830e-01 3.600199842190164503e-03 3.408890977172523984e-02
1.000000000000000000e+00 1.030246777429828064e+01 2.608609789004936452e-01 2.911947746739159126e-01 1.955805622963899260e-01 2.558846312264137501e-01 2.409691947094707021e-01 1.839018431407322129e-01 1.328952348126555549e-01 1.709606504279147232e-01 3.741802641762568670e-03 3.315111081578883678e-02
1.000000000000000000e+00 8.309506535711252084e+00 2.584470938017761066e-01 2.856865909067068943e-01 2.037984363872093474e-01 2.440845296843418277e-01 2.422677234493261778e-01 1.875051645391794808e-01 1.314499778068725366e-01 1.687509148513978152e-01 3.767869905054527062e-03 3.339019952814104020e-02
1.000000000000000000e+00 7.951249642834747000e+00 2.457149020684220586e-01 2.756554145599409700e-01 2.168553772476694841e-01 2.279435145653101180e-01 2.432024976765105873e-01 1.840862727059287829e-01 1.165179189775700230e-01 1.652184607247296766e-01 3.742915091104489275e-03 3.393242328597342178e-02
1.000000000000000000e+00 7.506826312420749936e+00 2.582383864334984458e-01 2.931556858027545287e-01 2.302393741007726646e-01 2.333690948358474460e-01 2.501383043242420556e-01 1.790532175723617558e-01 1.211927295803130467e-01 1.760851367037702120e-01 3.691014220711151886e-03 3.182905031635634846e-02
1.000000000000000000e+00 7.738480756279638939e+00 2.570591068603679252e-01 2.813434322000155641e-01 2.183060427561749617e-01 2.387188193567345851e-01 2.434834337318541320e-01 1.805276506630190403e-01 1.225408269230649494e-01 1.698792736166411244e-01 3.738182463611463072e-03 3.176259282443780196e-02
1.000000000000000000e+00 5.415551723141105889e+00 2.563026520608776559e-01 2.750546512964865409e-01 2.197785288580167695e-01 2.494287286602147047e-01 2.515242609381202477e-01 1.802952621470453320e-01 1.184858740566253205e-01 1.731787078705933625e-01 3.773701456798938050e-03 3.138525017233640552e-02
1.000000000000000000e+00 5.299732932197020574e+00 2.577048259545819953e-01 2.759284434347478165e-01 2.139794195171869085e-01 2.448971467572653993e-01 2.392335656034861868e-01 1.985502453049134142e-01 1.166535390647264608e-01 1.687836800980126728e-01 3.623111470182385253e-03 3.208150087686122143e-02
1.000000000000000000e+00 6.671772391668113755e+00 2.451546236796160738e-01 2.666592902103328555e-01 2.282501839155986201e-01 2.537153424901847920e-01 2.398387713173666946e-01 1.992378205572411520e-01 1.122716209023794098e-01 1.680710383639753835e-01 3.737228533701807565e-03 3.100664974619740319e-02
1.000000000000000000e+00 6.884243787287712024e+00 2.625069659775648989e-01 2.850526998038334092e-01 2.159842561855408183e-01 2.502666359601577462e-01 2.414516144074296544e-01 2.091263145621821973e-01 1.180685477857357363e-01 1.750743667536097392e-01 3.729401801485144989e-03 3.155472234589001834e-02
1.000000000000000000e+00 6.208177022553541313e+00 2.592861923925662837e-01 2.890311667222810743e-01 2.156495579349152203e-01 2.416886612387378619e-01 2.467610059714318571e-01 1.928763561828156226e-01 1.218369767566018919e-01 1.705766562236616657e-01 3.952582647287549572e-03 3.115801094323264464e-02
1.000000000000000000e+00 6.829598119533412337e+00 2.578312627908178056e-01 2.864536569080645689e-01 2.363021119933052805e-01 2.356641447299433478e-01 2.436319300218684758e-01 1.936628514730460715e-01 1.157421944837395689e-01 1.714743250083146653e-01 3.955806489721340816e-03 3.152254082879119707e-02
1.000000000000000000e+00 6.792796283391480117e+00 2.659354464373365201e-01 2.710356582141588699e-01 2.467683304707096459e-01 2.488947006880100898e-01 2.561003775372836522e-01 2.013624924841077302e-01 1.058850792948856923e-01 1.790747121283932375e-01 4.073946287371258898e-03 3.174407051317229556e-02
1.000000000000000000e+00 4.208087006624036341e+00 2.756280714740879101e-01 2.635962533848513756e-01 2.501528740269865492e-01 2.564204219150719166e-01 2.488210434347546407e-01 2.084497682461175505e-01 9.957942913959079434e-02 1.813888052671109308e-01 3.913468448479472117e-03 3.176593212549960743e-02
1.000000000000000000e+00 4.228918220685817353e+00 2.653808093407515889e-01 2.759657790500886776e-01 2.583474658369447896e-01 2.368129963768021984e-01 2.485337733063144039e-01 2.194270364929458150e-01 1.062285593672290390e-01 1.780694682596418443e-01 3.860668390575229102e-03 3.445165692333662655e-02
1.000000000000000000e+00 5.745219778553660284e+00 2.668385221352442827e-01 2.646739162716970073e-01 2.589285040556342787e-01 2.359135484414813799e-01 2.386208879614851175e-01 2.351476573491679545e-01 1.000132937073150569e-01 1.783981658003314097e-01 3.930377823728010804e-03 3.389846519369171113e-02
1.000000000000000000e+00 3.318076549460820868e+00 2.660666312151774293e-01 2.644922182388863008e-01 2.481814950976009293e-01 2.461799970822946548e-01 2.357744376641240369e-01 2.223011038339424705e-01 1.008706876049446921e-01 1.753964951630793967e-01 3.879381001329898753e-03 3.356127306979940494e-02
1.000000000000000000e+00 6.631315528167148088e+00 2.649508970972630495e-01 2.687745463719307115e-01 2.446082298285892354e-01 2.395347064620641231e-01 2.321056152794818694e-01 2.237949095309391956e-01 9.868880947999662812e-02 1.715883113946486960e-01 4.135040204552568877e-03 3.273203509864398841e-02
1.000000000000000000e+00 4.939646213118443541e+00 2.655012247899509736e-01 2.765805364309640857e-01 2.416750665595758241e-01 2.474312776803694880e-01 2.460532793708783417e-01 2.300137993377842638e-01 9.370366695265683332e-02 1.773245603569315321e-01 4.070571868427236631e-03 3.191569282634763166e-02
1.000000000000000000e+00 3.643432446061641627e+00 2.762260094490528450e-01 2.726611671250191993e-01 2.494357483395920339e-01 2.446717520506569710e-01 2.500373926740858677e-01 2.273086472322529694e-01 8.546886396553479703e-02 1.807724524760595253e-01 3.814710037603362934e-03 3.175957416766077290e-02
1.000000000000000000e+00 4.534205780240896821e+00 2.808757236920773614e-01 2.698385869803802684e-01 2.447481201965487907e-01 2.544076078533824559e-01 2.494722169626526209e-01 2.134697773347346561e-01 8.603615613084870939e-02 1.812192742784894950e-01 4.035267963853549425e-03 3.094500358727086259e-02
1.000000000000000000e+00 4.851869288550528125e+00 2.834747454477907214e-01 2.596001386345196948e-01 2.573756502489408238e-01 2.522098215071463811e-01 2.472414474873859958e-01 2.188441422759555000e-01 8.113760422396915084e-02 1.815186493894955233e-01 4.006881206025067130e-03 3.149795654534565809e-02
1.000000000000000000e+00 4.314630049529239564e+00 2.863551182134257966e-01 2.682002431297362821e-01 2.525725517910048512e-01 2.695676899532711834e-01 2.465145511408021461e-01 2.359001021196358849e-01 9.499195855458507365e-02 1.858075180059486631e-01 3.795861160180944664e-03 3.091225955972610323e-02
1.000000000000000000e+00 3.594642493355998170e+00 2.785133193191314804e-01 2.737673214871784722e-01 2.481711524927412982e-01 2.694746255724549400e-01 2.289013845551326198e-01 2.302080914697290925e-01 9.429728616767404925e-02 1.849601400340723512e-01 3.787942539222514601e-03 3.131450431007980900e-02
1.000000000000000000e+00 2.489834831332736087e+00 2.731699134137882679e-01 2.775657165552081751e-01 2.451216693199138319e-01 2.643531957596913506e-01 2.314069498313996720e-01 2.284042981076370438e-01 9.757556155990941560e-02 1.821963587181328059e-01 3.613699389245960281e-03 3.174254562011382536e-02
1.000000000000000000e+00 4.543607178433021865e+00 2.720417865037534910e-01 2.774293072284495509e-01 2.281472743276738713e-01 2.708018914018798240e-01 2.268407371488061486e-01 2.403730867421265405e-01 9.913644837437757262e-02 1.776525996581048428e-01 3.668477595365865832e-03 3.288779643641211864e-02
1.000000000000000000e+00 3.250008453496776806e+00 2.636605587489938007e-01 2.766530830502734184e-01 2.396653165365492111e-01 2.614979454584496210e-01 2.167077039043392717e-01 2.310522932786475692e-01 1.025632844520609210e-01 1.777782815368344760e-01 3.572266459810434676e-03 3.179488728643323908e-02
1.000000000000000000e+00 3.764813521517195394e+00 2.704439951127898811e-01 2.769579839811815991e-01 2.356108056105927773e-01 2.685274831956346864e-01 2.179005202312642719e-01 2.402495679694374442e-01 1.100496551805379419e-01 1.776391705993863313e-01 3.632756659383265443e-03 3.265269806876803377e-02
1.000000000000000000e+00 4.787263551182552312e+00 2.650760678985035201e-01 2.870752125253296372e-01 2.419329907439374816e-01 2.663531674867339882e-01 2.327763493866472633e-01 2.432702762359945370e-01 1.066068971438032809e-01 1.814775519987751329e-01 3.842658890798874433e-03 3.159963936854861405e-02
1.000000000000000000e+00 3.661419530848479376e+00 2.789713502078438601e-01 2.899772939136396888e-01 2.475148365702013742e-01 2.672103298966133633e-01 2.544840612654374334e-01 2.429139680626252740e-01 9.535189958535325583e-02 1.891535544480100750e-01 3.829999790117776057e-03 3.080870431654314859e-02
1.000000000000000000e+00 4.561848618811939815e+00 2.699850236566179174e-01 2.952590524991851040e-01 2.501137816566352812e-01 2.646225451570396459e-01 2.528611605858550604e-01 2.422669961948587247e-01 9.461745877529738336e-02 1.876398335459691646e-01 3.762561123904689664e-03 3.171399638358970985e-02
1.000000000000000000e+00 7.535865292826601447e+00 2.649282027532184336e-01 2.968669672086409750e-01 2.576632604849225516e-01 2.574632807163895198e-01 2.448651967895582870e-01 2.313840317668970914e-01 8.635636088226518459e-02 1.873477456347595882e-01 3.969757049514888690e-03 3.183899068890321676e-02
1.000000000000000000e+00 7.006223283855948836e+00 2.646989814986348000e-01 2.974732326796620807e-01 2.577940100518930078e-01 2.634907022662101306e-01 2.493754234963217464e-01 2.345369681527503802e-01 8.337856856517572579e-02 1.879214361589824356e-01 3.910156952406189206e-03 3.197647840083122500e-02
1.000000000000000000e+00 5.321691221447422571e+00 2.718783717865186911e-01 2.921460625935428657e-01 2.270543933921538859e-01 2.702952023326223863e-01 2.362146802575258719e-01 2.440809612195457279e-01 7.823752523333536713e-02 1.826919092108933995e-01 3.830375424615150345e-03 3.221544163008152606e-02
1.000000000000000000e+00 6.742114323016897615e+00 2.784344763877544815e-01 2.995107603427982212e-01 2.308339800543077469e-01 2.744178652898981996e-01 2.323841820750703335e-01 2.413709075484514466e-01 7.812644307748396744e-02 1.853981788062452896e-01 3.907665493275119806e-03 3.160378266485919241e-02
1.000000000000000000e+00 9.436249630624354623e+00 2.672391808695060433e-01 3.016288185458234072e-01 2.152965333048799668e-01 2.667862976213341564e-01 2.337629550756742947e-01 2.435810738594605673e-01 8.498083829909348907e-02 1.768310274932029524e-01 4.127703735026379966e-03 3.240091979085832352e-02
1.000000000000000000e+00 8.654576278420767821e+00 2.702341792477310212e-01 2.878070163245083357e-01 2.235229050677544627e-01 2.854214697769985598e-01 2.336915314492019058e-01 2.513809365023202957e-01 8.247857384254890512e-02 1.818608491124125703e-01 3.831636772816599586e-03 3.181476047982186722e-02
1.000000000000000000e+00 7.724603192858763734e+00 2.657370823570945340e-01 2.833540468637059662e-01 2.304384291844875643e-01 2.848551959859095262e-01 2.237473322960045474e-01 2.410742383661985122e-01 8.906943085733637355e-02 1.802999712699421830e-01 3.983280242362862919e-03 3.219933603228419816e-02
1.000000000000000000e+00 9.133435759237148233e+00 2.619058113321795500e-01 2.894807043024942850e-01 2.123722509029489225e-01 2.807495744174635655e-01 2.357476314456007915e-01 2.420022693768996980e-01 9.546952148347986888e-02 1.787213205454024623e-01 3.782011781683036929e-03 3.066398475263058462e-02
1.000000000000000000e+00 1.225081104393139775e+01 2.669091162209830670e-01 2.879700660416890656e-01 2.098431643033521754e-01 2.670938191621587965e-01 2.395205726195041851e-01 2.432610328444936576e-01 8.744940623275740399e-02 1.786918763323220860e-01 3.862130982471012608e-03 2.912055650089257972e-02
1.000000000000000000e+00 1.252306642189531161e+01 2.700492622842229906e-01 2.804359789084167054e-01 2.232210494442784243e-01 2.831042970277437010e-01 2.452200007754765099e-01 2.461621106027457873e-01 9.484542855595499977e-02 1.828172049164632218e-01 3.879651504953621904e-03 2.991448013398947600e-02
1.000000000000000000e+00 6.430453042188590373e+00 2.626948456564807688e-01 2.949698771403127529e-01 2.425161035654453678e-01 2.774314125627517780e-01 2.290196036883788422e-01 2.379828217430874082e-01 9.687852613756728348e-02 1.842240917608997108e-01 3.849374230441605493e-03 3.041039870840386156e-02
1.000000000000000000e+00 6.586328568931079097e+00 2.632186372135862928e-01 2.747773724984189370e-01 2.326121786601476615e-01 2.695617302624204181e-01 2.315755039368510293e-01 2.454099105616876775e-01 9.506670504478104133e-02 1.791632062321835972e-01 3.954517682120344858e-03 2.926131497319840735e-02
1.000000000000000000e+00 3.406744271606648944e+00 2.712588945117230255e-01 2.743852154195933202e-01 2.402454867516490011e-01 2.599004904874863686e-01 2.372604677711877830e-01 2.388720106926370268e-01 9.997063262394062511e-02 1.828162255056661467e-01 3.708288220349703016e-03 2.939926694316913336e-02
1.000000000000000000e+00 3.457015324945341028e+00 2.769469879119348943e-01 2.828150049432639479e-01 2.477647691274715847e-01 2.542317203095681988e-01 2.354666997158734454e-01 2.320936833814352118e-01 1.066920896790292117e-01 1.827837141021986245e-01 3.844155065070153400e-03 2.886197972549661706e-02
1.000000000000000000e+00 4.022060144743429433e+00 2.726142636404573771e-01 2.842484722915959439e-01 2.509957691942739100e-01 2.485930650951340137e-01 2.501681194532824337e-01 2.442772661352728414e-01 1.170094147420323583e-01 1.841153203352884904e-01 3.784503717825289919e-03 2.847741965576038731e-02
1.000000000000000000e+00 4.105255943145837527e+00 2.721953146310142069e-01 2.849543247045769889e-01 2.571150979196433761e-01 2.494173865740665352e-01 2.636690869217547806e-01 2.331925765627439473e-01 1.243040277329180848e-01 1.849957872652256696e-01 3.641362125666463764e-03 2.838443525207177964e-02
1.000000000000000000e+00 3.264399688111712994e+00 2.824117477347318217e-01 2.802341968630981395e-01 2.416581497175739057e-01 2.536331765319814191e-01 2.619160287729589975e-01 2.377733623628968396e-01 1.200714319006890712e-01 1.859810510253646632e-01 3.531296541196565168e-03 2.790052704962814670e-02
1.000000000000000000e+00 3.528407945507492816e+00 2.875096441814989912e-01 2.828133961412728214e-01 2.549347686938169821e-01 2.551876577751903685e-01 2.726838705646599248e-01 2.222304963793910459e-01 1.198218260626127130e-01 1.908615942479238714e-01 3.419685925950880206e-03 2.731822086224199378e-02
1.000000000000000000e+00 4.671624722230750315e+00 2.866854501727005289e-01 2.834188522004301158e-01 2.652242396937989355e-01 2.662314270722407339e-01 2.632777300036538981e-01 2.255198112117383913e-01 1.375854793630479078e-01 1.907721095706081949e-01 3.261165178973641793e-03 2.845038396277134105e-02
1.000000000000000000e+00 5.976575786505432752e+00 2.880622621340712675e-01 2.924238031324064568e-01 2.533918544886374358e-01 2.701733310712041147e-01 2.721862706121362940e-01 2.187836678634530463e-01 1.479944301234955295e-01 1.956224476383916777e-01 3.160301592312323663e-03 2.974514115626152727e-02
1.000000000000000000e+00 5.486700925150978847e+00 2.841811399428162410e-01 3.024581970087399929e-01 2.475173527390136796e-01 2.638929367961954098e-01 2.767235098814018190e-01 2.184352463521402332e-01 1.424587309412810865e-01 1.938618699634017117e-01 3.041470899719015547e-03 2.882246305458371904e-02
1.000000000000000000e+00 4.238477474229342512e+00 2.840328414728341966e-01 2.978121510382369386e-01 2.503166258709090264e-01 2.590794890300440745e-01 2.559190227204226065e-01 2.336291276436729403e-01 1.435050238837326797e-01 1.905928694331437412e-01 3.160010179380804470e-03 2.967794410133833480e-02
1.000000000000000000e+00 6.023703707500879467e+00 2.841952341789495962e-01 2.951358373964629855e-01 2.505057021749896307e-01 2.573002495873296103e-01 2.814203086843841128e-01 2.400408504691824707e-01 1.560666217658828736e-01 1.915323304482879074e-01 3.170695002693683234e-03 2.895659069189494492e-02
1.000000000000000000e+00 6.115205514285714017e+00 2.846409651262539753e-01 2.949889045715827218e-01 2.516910114404908860e-01 2.606748208585077942e-01 2.728635693370393134e-01 2.296419624823826944e-01 1.436371341017160796e-01 1.900648530973702288e-01 3.243421676307922229e-03 2.944370120488470216e-02
1.000000000000000000e+00 6.687467291270920988e+00 2.887600668648081514e-01 2.921710992612101543e-01 2.588851172666923883e-01 2.560141060466511465e-01 2.669338885988143395e-01 2.255425762075463636e-01 1.402537121098064443e-01 1.933698928781762139e-01 3.476273584431793968e-03 3.049953728998771804e-02
1.000000000000000000e+00 5.259797591714045595e+00 2.795459244039601443e-01 2.947075062192885953e-01 2.557843469768529832e-01 2.434116851018567895e-01 2.737341750366204529e-01 2.175249183701546130e-01 1.409677830559025458e-01 1.880325847417076146e-01 3.484692580383656670e-03 2.982599209163451504e-02
1.000000000000000000e+00 2.411015366001233229e+00 2.814482914185361118e-01 2.902389020791576457e-01 2.634557288441889966e-01 2.569032420139686912e-01 2.656067586079912668e-01 2.230834349112983950e-01 1.444987319023593453e-01 1.899339177922706734e-01 3.599240797614224746e-03 3.006971437000620015e-02
1.000000000000000000e+00 3.284235018608286705e+00 2.838917858099120894e-01 3.038520346670753325e-01 2.561617774811478787e-01 2.694293142571417832e-01 2.671511548186338847e-01 2.389889826871576251e-01 1.419356463362443088e-01 1.941411954653405880e-01 3.575407194357598222e-03 3.048373497542138100e-02
1.000000000000000000e+00 7.098609570019960735e+00 2.796509332600707332e-01 3.020774538749939064e-01 2.614536545119327537e-01 2.472993723132310695e-01 2.704509563006182726e-01 2.482828041195427882e-01 1.464768339769424998e-01 1.932574893801312643e-01 3.820590346826469464e-03 2.892200800504024852e-02
1.000000000000000000e+00 9.849264005572758052e+00 2.652447176731463907e-01 2.932286433377760959e-01 2.767024057035120665e-01 2.418327329467414299e-01 2.737919873648759217e-01 2.419576650128430761e-01 1.493216692169216098e-01 1.880883446252199775e-01 3.696766866965965365e-03 2.926200899080147813e-02
1.000000000000000000e+00 1.023147132930520442e+01 2.626425186014242907e-01 2.875939856361793834e-01 2.660566096973362438e-01 2.417624003243687703e-01 2.704897564403931920e-01 2.335991209379226774e-01 1.416572739137625658e-01 1.859445280279170831e-01 3.922010097306028766e-03 3.005640162561991693e-02
1.000000000000000000e+00 7.743859473096875945e+00 2.764427462784905254e-01 2.851366880079134747e-01 2.550995846766512254e-01 2.419013038071549659e-01 2.757977513251676505e-01 2.350323975303353075e-01 1.437129683579565775e-01 1.871300245567712739e-01 3.828753753229263961e-03 2.961316608654371643e-02
1.000000000000000000e+00 5.916191626994103281e+00 2.819908994910022004e-01 2.883104621225702768e-01 2.616305755384829013e-01 2.490253669059405150e-01 2.746048903928648421e-01 2.393755903872650803e-01 1.372819812243340487e-01 1.893090235383881881e-01 3.781385732216605011e-03 2.892360546565619570e-02
1.000000000000000000e+00 5.567631956273126903e+00 2.828385624449553104e-01 2.817034101544371727e-01 2.550084869059950909e-01 2.466877738383670138e-01 2.723123298775214085e-01 2.341770734540114252e-01 1.369450061128810736e-01 1.854281192296437786e-01 3.859054864831923740e-03 2.886587142259034594e-02
1.000000000000000000e+00 4.369823940155263209e+00 2.792539770671769173e-01 2.842739255163602152e-01 2.564064208215453000e-01 2.546512262588810360e-01 2.666603026125372033e-01 2.350603257206523578e-01 1.405492978786126168e-01 1.880951612667676187e-01 3.936458971586653463e-03 2.925977159077141135e-02
1.000000000000000000e+00 3.655381754404595895e+00 2.821682973611497336e-01 2.839527984677953643e-01 2.593938175792913636e-01 2.656552154286249134e-01 2.498290094644347037e-01 2.314316657230614804e-01 1.447694424004135338e-01 1.896887093321241169e-01 4.084555770407600692e-03 2.913182684207227952e-02
1.000000000000000000e+00 2.687690129070159362e+00 2.855357685756829689e-01 2.751490601154883420e-01 2.502479813117087781e-01 2.667655104122940157e-01 2.594927048682405535e-01 2.356732648128978813e-01 1.611836279183243292e-01 1.886581276499083581e-01 3.596621338846889282e-03 2.859779322605798119e-02
1.000000000000000000e+00 2.987652623189617440e+00 2.877692878200023840e-01 2.807778780087459292e-01 2.480347132004117883e-01 2.667338568193207693e-01 2.520448746258409090e-01 2.358418089303793430e-01 1.596592888858744674e-01 1.894754796279891629e-01 3.700161220758342584e-03 2.970474906398299156e-02
1.000000000000000000e+00 4.488100049788893209e+00 2.894637845678298405e-01 2.730184497807746635e-01 2.467254770004126962e-01 2.602873506344165477e-01 2.525825193190769369e-01 2.320434130892151670e-01 1.677503159780995290e-01 1.888227661249426981e-01 2.966663751865360361e-03 2.870339319168641393e-02
1.000000000000000000e+00 9.245619334798320210e+00 2.929609226433020908e-01 2.763673932281806578e-01 2.537593887848951790e-01 2.620436252202245075e-01 2.678808361064253796e-01 2.317334220847649950e-01 1.643432209437545033e-01 1.890237377113800077e-01 2.821600933924691117e-03 2.630273612114056997e-02
1.000000000000000000e+00 8.169954035498301792e+00 2.925387210736485333e-01 2.798148989296461719e-01 2.525003821018330652e-01 2.695485866268260144e-01 2.608119415839593724e-01 2.330229141975239393e-01 1.428195049945844008e-01 1.902054330105163726e-01 2.664786458561114145e-03 2.533379348552795146e-02
1.000000000000000000e+00 1.003049146496982935e+01 2.962829371320213068e-01 2.743941566846380131e-01 2.383200639287876843e-01 2.785110214203864731e-01 2.605704410522727832e-01 2.388212089673875105e-01 1.497404448901576701e-01 1.899625058046048309e-01 2.754437143766741772e-03 2.737018829790225857e-02
1.000000000000000000e+00 8.369943922910470846e+00 2.971631362830910450e-01 2.784474882269343254e-01 2.515226011835954845e-01 2.797309312290014449e-01 2.481871604129712860e-01 2.399902833274596969e-01 1.492111593391411140e-01 1.899903015295061892e-01 3.860303105410312682e-03 2.492966755019716471e-02
1.000000000000000000e+00 5.735058842400643897e+00 2.942599454902130596e-01 2.717443226466321193e-01 2.543780526310402412e-01 2.783869317217627093e-01 2.468965796621220010e-01 2.387554905144177453e-01 1.525346110257990717e-01 1.896192314062651874e-01 3.948475604602093986e-03 2.592063005650978996e-02
1.000000000000000000e+00 6.039745124179893843e+00 2.899411443838595392e-01 2.694602079992434729e-01 2.542823383899266987e-01 2.824675618003632538e-01 2.451864592615209670e-01 2.380147809916392243e-01 1.462600201631400199e-01 1.896777678142239909e-01 4.036124483741373656e-03 2.532085294108690418e-02
1.000000000000000000e+00 8.114502150525895630e+00 2.880670833625658678e-01 2.712674107315007910e-01 2.596930513253392636e-01 2.827256911311049614e-01 2.440488999272691362e-01 2.314345003371572063e-01 1.411095288082082622e-01 1.898559190397481056e-01 4.320529150797556769e-03 2.569760779465565456e-02
1.000000000000000000e+00 7.814873487933553520e+00 2.951039283661460733e-01 2.650124263111284795e-01 2.533596340871963060e-01 2.617985233321600269e-01 2.576868843296660772e-01 2.170191604253521866e-01 1.471817940113216983e-01 1.888028244386607823e-01 3.121878110766363769e-03 2.589458469337080349e-02
1.000000000000000000e+00 7.273227429599374183e+00 2.925962640721653241e-01 2.730611314122850519e-01 2.628401077704162203e-01 2.583791422744343147e-01 2.642364178480350878e-01 2.191741593981668401e-01 1.502524245605333653e-01 1.886965780325495778e-01 4.305349556298107387e-03 2.617725188290199664e-02
1.000000000000000000e+00 9.183157357534227572e+00 2.808863379533532156e-01 2.699074611817078861e-01 2.660946069716064732e-01 2.580959574204412799e-01 2.654695737698408164e-01 2.189553435575221640e-01 1.583198700397966396e-01 1.887140861293655769e-01 4.176673342808130511e-03 2.739947856048116637e-02
1.000000000000000000e+00 9.135422504134213639e+00 2.887980365942016125e-01 2.705759482892780565e-01 2.536064263350045755e-01 2.510156971804919368e-01 2.683786718911972402e-01 2.100742090141710927e-01 1.741475444505740378e-01 1.886347715636732258e-01 2.825307123100320728e-03 2.472936129625380799e-02
1.000000000000000000e+00 7.957249214461436182e+00 2.806587403755566590e-01 2.798362388075706919e-01 2.490274945184490774e-01 2.578715798081817612e-01 2.716067920151170045e-01 2.134210643125981355e-01 1.822317415108725414e-01 1.887456806537922416e-01 3.605544659180098116e-03 2.136601229808797117e-02
1.000000000000000000e+00 5.659309156692106768e+00 2.839598459224912386e-01 2.852243475548914553e-01 2.448053811690628356e-01 2.580149239105115622e-01 2.932874799226777851e-01 2.281951947365397360e-01 2.254282349954463416e-01 1.867205586319845845e-01 3.766373257157820155e-03 2.159710016228904433e-02
1.000000000000000000e+00 5.178025530722616843e+00 2.860161356653460052e-01 2.730300706308259051e-01 2.401010815070726556e-01 2.582871204698882206e-01 2.665066767185457763e-01 2.112853048175628856e-01 2.431543372877050802e-01 1.868616393801040831e-01 3.414602582670909006e-03 2.237866840304695432e-02
1.000000000000000000e+00 4.511463470598816805e+00 2.876935488716463873e-01 2.810594614955579384e-01 2.411433693927109156e-01 2.587044164238829214e-01 2.614223380783644579e-01 2.165307560534291964e-01 2.497930306017113744e-01 1.870047466706236949e-01 3.588574189565988531e-03 2.012863181307309596e-02
1.000000000000000000e+00 3.553530295569355069e+00 2.808961063722714147e-01 2.866971880675259210e-01 2.398551918920570347e-01 2.682457941958182879e-01 2.597047832032502446e-01 2.174277747994570187e-01 2.656231693819879336e-01 1.871493362852659770e-01 3.400073808196233879e-03 1.985791555094431476e-02
1.000000000000000000e+00 4.823355150500476363e+00 2.853278625893651554e-01 2.884618003258945795e-01 2.429737677488676695e-01 2.608044908960355790e-01 2.601698991502648384e-01 2.000234670185161712e-01 2.631705818362879978e-01 1.877173893570784902e-01 3.451780015780656942e-03 1.913460962219624278e-02
1.000000000000000000e+00 4.806324852081018228e+00 2.716000191436539479e-01 2.939751645985317907e-01 2.487178552752613014e-01 2.583019170168423528e-01 2.619743220155786867e-01 2.110648443913627770e-01 2.888689149398918632e-01 1.865258051903406489e-01 2.985124925109446537e-03 1.861685233145909946e-02
1.000000000000000000e+00 6.102871242732018864e+00 2.749621887441813239e-01 3.001033232510316728e-01 2.525011938535383638e-01 2.468434440999343338e-01 2.666928705516211084e-01 2.249756975677362214e-01 3.233059499216316968e-01 1.849012965150068077e-01 3.391786813627957909e-03 1.943703020909287246e-02
1.000000000000000000e+00 6.941892097333851375e+00 2.679012807626331982e-01 2.814520457505610418e-01 2.563316814528863730e-01 2.442960432240704194e-01 2.564066751345440154e-01 2.485606665400400261e-01 3.590028117577544475e-01 1.826731513609612667e-01 3.670820357431228698e-03 1.902594342292404650e-02
1.000000000000000000e+00 6.276701035587914923e+00 2.665054412544009543e-01 2.888311289048305364e-01 2.570460017322866997e-01 2.580853651304202967e-01 2.310363688779329683e-01 2.487762701191194026e-01 3.669663749862869251e-01 1.834465976302975809e-01 4.117394662498320874e-03 1.873054823489371870e-02
1.000000000000000000e+00 7.215156710647626426e+00 2.702920697858882670e-01 2.873218647492855049e-01 2.507682264101860903e-01 2.524385336766958310e-01 2.246073119271922991e-01 2.451502121576347726e-01 3.617643738767353789e-01 1.843450538388153870e-01 2.929673403945490598e-03 2.134589224188947545e-02
1.000000000000000000e+00 4.240118826944529573e+00 2.766063327584324938e-01 2.954015767711232754e-01 2.498996072495354437e-01 2.559859404060135790e-01 2.394816947895551662e-01 2.356352583698974046e-01 3.809368057891303061e-01 1.845250366427305944e-01 3.911396284303601638e-03 2.060152289068669859e-02
1.000000000000000000e+00 7.031506849601871778e+00 2.851085620980706725e-01 2.892514939825683307e-01 2.353453390471617612e-01 2.533271683918917883e-01 2.525727065212478584e-01 2.314695590059187846e-01 3.889400757263498654e-01 1.841667944201632323e-01 3.460669590925594466e-03 2.043547344811796895e-02
1.000000000000000000e+00 5.608713658743125663e+00 2.803605409468255538e-01 2.968695193869632654e-01 2.381319709666165907e-01 2.574182172479792530e-01 2.580441171567398051e-01 2.281994953165634721e-01 3.812677317439066016e-01 1.848806158831616531e-01 3.963448889545451680e-03 1.840299284491540149e-02
1.000000000000000000e+00 6.327514169494145690e+00 2.695124119838870347e-01 3.035893874105215495e-01 2.487690497237916298e-01 2.578866015776474785e-01 2.661720042355549265e-01 2.136140141439097917e-01 3.940754466167364911e-01 1.850143800567204122e-01 4.136947842483705388e-03 1.916493473046421842e-02
1.000000000000000000e+00 5.981095432037544235e+00 2.662112778481958153e-01 3.037633011162518826e-01 2.473637608815864308e-01 2.726507674800423553e-01 2.536650653895481944e-01 2.086041526180134609e-01 3.962724511632885749e-01 1.858912044757348447e-01 2.818615664045689972e-03 1.869029404684221726e-02
1.000000000000000000e+00 6.296075137270975119e+00 2.694006073205979512e-01 2.978525357400673701e-01 2.502255383050601134e-01 2.668296063142299723e-01 2.599353321692005059e-01 1.975543258749047903e-01 3.732882381784252690e-01 1.863505178898825221e-01 2.832172067916726918e-03 1.901215894940864667e-02
1.000000000000000000e+00 5.706010174449309247e+00 2.694504708353313016e-01 2.971867776125436400e-01 2.402048372031096168e-01 2.634258358522713617e-01 2.638639634396330869e-01 2.044680673259413883e-01 3.897083455904679083e-01 1.856592250071945893e-01 3.014021858910711626e-03 1.850719316811122797e-02
1.000000000000000000e+00 5.184192609753832670e+00 2.654907535373419170e-01 2.936476810227804934e-01 2.371332723661977449e-01 2.486273454922064974e-01 2.551375514167453229e-01 2.233993827090699491e-01 4.253501183085269255e-01 1.839473080270873084e-01 3.834415109325256185e-03 1.979052034636563304e-02
1.000000000000000000e+00 8.119779458636575242e+00 2.670179245419219694e-01 2.940496993415371296e-01 2.463848410531908617e-01 2.692828537912699272e-01 2.521299910679236089e-01 2.404894545666236005e-01 4.385176535388161656e-01 1.836244143727253642e-01 3.618613241451454441e-03 1.902895453893084510e-02
1.000000000000000000e+00 3.730970507770658529e+00 2.670037567723623773e-01 2.980666834186691538e-01 2.381221334098797271e-01 2.644006497123435051e-01 2.492519183013245654e-01 2.367241358625185033e-01 4.466654422428013582e-01 1.837435741320477545e-01 3.424237171790833843e-03 1.854801604392882636e-02
1.000000000000000000e+00 2.880302689762764601e+00 2.726448687429425810e-01 2.930977323961249104e-01 2.370449421522890787e-01 2.618246032480455732e-01 2.415659166840247174e-01 2.445066882651496520e-01 4.211198048369035885e-01 1.840776283478306186e-01 3.677737933613261720e-03 1.975119557409753257e-02
1.000000000000000000e+00 2.922878127227265921e+00 2.737266017543557584e-01 2.940565767546599596e-01 2.379661461690193436e-01 2.638861889946366723e-01 2.406683674520330163e-01 2.278568942818818277e-01 4.318526147762109524e-01 1.840752997945024061e-01 3.734358731789777768e-03 1.849815561843697748e-02
1.000000000000000000e+00 4.386185072917477612e+00 2.728958819799486846e-01 2.969818307275465252e-01 2.453715474766013094e-01 2.725831219921496240e-01 2.362031780562225403e-01 2.330785423322656036e-01 4.231921222156503903e-01 1.846604429954233073e-01 4.024201204686990267e-03 1.798109927492978766e-02
1.000000000000000000e+00 3.797245249685979651e+00 2.771951770630522449e-01 2.855567951749682365e-01 2.361090446599807269e-01 2.684117120910274878e-01 2.389355495914413097e-01 2.264091608005552592e-01 4.449190488311912106e-01 1.835136308673916417e-01 3.268456677725909559e-03 1.729911563782069589e-02
1.000000000000000000e+00 4.007632725813845553e+00 2.758339255320272354e-01 2.866005734677262717e-01 2.358239007510983254e-01 2.661490419227949267e-01 2.388067525546711811e-01 2.167173362628389277e-01 4.601452022317260582e-01 1.832509475130079946e-01 3.435737378218407453e-03 1.557935638761197977e-02
1.000000000000000000e+00 4.778611224892278742e+00 2.731706898554469021e-01 2.923847191239752896e-01 2.418168994245820380e-01 2.700949121241863482e-01 2.378328351268371998e-01 2.253521094392924584e-01 4.596141875103517682e-01 1.832780611198257525e-01 3.998419503869932341e-03 1.635176686891362183e-02
1.000000000000000000e+00 6.332169081364263263e+00 2.619164236336942730e-01 2.920059243206181154e-01 2.429913338211746321e-01 2.670119142170451210e-01 2.303176087801393490e-01 2.328458063095949493e-01 4.775706585486028111e-01 1.825802065834626897e-01 3.776836286717931510e-03 1.534674806147711887e-02
1.000000000000000000e+00 5.216383973233789106e+00 2.668379754921682001e-01 2.939906990605785087e-01 2.445186827405095020e-01 2.503706609997959354e-01 2.524388481736442036e-01 2.238872549905899234e-01 4.682921301675222470e-01 1.825720310925194045e-01 3.645344288408110343e-03 1.671039255150476646e-02
1.000000000000000000e+00 5.250042987139512007e+00 2.728353036318359459e-01 2.979329763586721636e-01 2.412236570492631016e-01 2.469259838390060469e-01 2.662042676641647732e-01 2.110718122035754041e-01 4.490054958807975227e-01 1.835266342435373788e-01 3.140772072808574716e-03 1.793659562773531474e-02
1.000000000000000000e+00 4.026835135486540374e+00 2.653920734674286019e-01 2.982225168355069900e-01 2.503019724292129822e-01 2.551996164169855197e-01 2.562473535017352755e-01 2.176232025645052359e-01 4.342364279536619076e-01 1.843437614378450329e-01 2.871668225944817507e-03 1.971982418026019604e-02
1.000000000000000000e+00 3.857558182893400911e+00 2.708310517636837167e-01 2.982501905833048195e-01 2.506090583973266117e-01 2.456976512292794457e-01 2.565111188102763284e-01 2.271209243917367560e-01 4.361937409460036053e-01 1.836998054520406209e-01 3.292109674694447107e-03 2.085624145765445359e-02
1.000000000000000000e+00 4.867063843487757779e+00 2.740326655252469101e-01 2.945863687062929004e-01 2.469331325039532121e-01 2.432708753589276629e-01 2.508017464422253040e-01 2.409206214338028007e-01 4.590674325735596417e-01 1.832299585336583936e-01 3.850608370092851052e-03 2.099346869217098496e-02
1.000000000000000000e+00 4.445195028279929517e+00 2.707137412152534894e-01 2.882840567791191133e-01 2.423011608254801996e-01 2.508053199798576660e-01 2.498506548886143541e-01 2.436842974635167192e-01 4.551384090437481378e-01 1.837962632998265400e-01 2.904270858634210202e-03 2.090284813459202320e-02
1.000000000000000000e+00 5.310737510439212272e+00 2.739488138760068914e-01 2.952907908234810863e-01 2.468727251325873451e-01 2.672662953983644396e-01 2.437080501752698358e-01 2.344857410674036635e-01 4.489836597155943965e-01 1.851394577496091320e-01 3.181653603362450278e-03 2.275095038637272443e-02
1.000000000000000000e+00 6.090634422389999969e+00 2.726151941981547755e-01 2.946444771235667837e-01 2.482284600385460949e-01 2.713282956287532688e-01 2.391778643269755478e-01 2.404270690113985143e-01 4.510141305998582872e-01 1.849448337848743906e-01 3.291374289609265077e-03 2.528285978252813732e-02
1.000000000000000000e+00 7.246760166564079064e+00 2.722385839537300178e-01 2.982080940884917486e-01 2.541000255049699619e-01 2.460790214425421230e-01 2.479290960427632529e-01 2.487101719031077629e-01 4.733426610420474745e-01 1.835398430277455084e-01 3.998036450332107493e-03 2.589992878337800744e-02
1.000000000000000000e+00 8.219230868364542530e+00 2.794386657388217565e-01 2.858423583176649685e-01 2.484749790653768553e-01 2.360847789683128695e-01 2.726571246589777342e-01 2.456173938620776764e-01 4.658491222778983754e-01 1.825393418590267602e-01 3.692761781878179522e-03 2.532245673779852727e-02
1.000000000000000000e+00 5.591138423986556028e+00 2.747099270123142811e-01 2.844615768977638570e-01 2.497833367952137784e-01 2.383499754588046249e-01 2.665782025355823981e-01 2.400881400688583134e-01 4.877439257187429211e-01 1.823469952728993260e-01 3.424229046418161837e-03 2.373825959296072333e-02
1.000000000000000000e+00 7.253876496681928465e+00 2.775657119536494855e-01 2.887423764287884720e-01 2.395291638794116995e-01 2.414531075271874605e-01 2.572384967124491384e-01 2.146604155481023068e-01 4.755745050976543098e-01 1.841232214427784009e-01 2.859037377166608312e-03 2.359617653537367937e-02
1.000000000000000000e+00 7.674774202428774394e+00 2.695267511092632740e-01 3.001742808584187405e-01 2.500470480244465499e-01 2.556554363327081525e-01 2.518698923295852876e-01 2.192267129004565607e-01 4.726953943132097824e-01 1.846707365432348480e-01 3.155818278853455856e-03 2.349022116925857454e-02
1.000000000000000000e+00 7.929083061145491662e+00 2.632320308743026915e-01 2.931584417637412843e-01 2.511147839517036129e-01 2.487741512777542630e-01 2.643412422482427915e-01 2.357584505997827595e-01 4.643158873854107971e-01 1.836289109620306004e-01 3.786074712959377683e-03 2.228506288615747163e-02
1.000000000000000000e+00 4.678115713562785771e+00 2.666109865958496417e-01 2.875622471007214243e-01 2.465874218306185472e-01 2.538965313884230524e-01 2.487405339478012678e-01 2.251576079296728483e-01 4.644201323002189463e-01 1.840765913261647735e-01 2.894869593403934932e-03 2.225068539717540636e-02
1.000000000000000000e+00 4.382053415287959552e+00 2.632558167085711220e-01 2.905721998436919806e-01 2.507049358271176143e-01 2.570123911647516080e-01 2.448986949492709675e-01 2.380476906356118194e-01 4.728823194240997507e-01 1.838348705434761365e-01 3.004732715517553169e-03 2.157787898357078904e-02
1.000000000000000000e+00 4.399982926306205577e+00 2.737136400031560113e-01 2.826475276960547789e-01 2.451908956201910295e-01 2.639070030505188957e-01 2.420682696959964852e-01 2.327524177136280625e-01 4.992938199138194921e-01 1.831256943529138703e-01 3.953908067433935941e-03 1.932127612853892437e-02
1.000000000000000000e+00 4.651213834114066970e+00 2.651246787091460222e-01 2.827946247526251233e-01 2.448279289448879736e-01 2.668650579456020577e-01 2.443728351692516232e-01 2.234240234741780851e-01 5.143883215208046034e-01 1.829962611852848919e-01 3.812142174045048907e-03 1.989416747379683242e-02
1.000000000000000000e+00 2.891856748304675762e+00 2.706183413358099754e-01 2.887182575875543167e-01 2.400532189771668323e-01 2.667549694757074819e-01 2.412659619777517139e-01 2.248831377750459826e-01 5.443751941099582714e-01 1.825038604070772230e-01 3.429175895342653334e-03 1.981327811103740510e-02
1.000000000000000000e+00 5.243091457546190881e+00 2.661879409644655192e-01 2.883924353875823576e-01 2.391216579499839401e-01 2.568596084584018890e-01 2.483751565908494108e-01 2.302432209580189681e-01 5.713422399429231024e-01 1.812246585775218188e-01 2.768275985276741433e-03 1.983788915519130863e-02
1.000000000000000000e+00 7.401905245568555891e+00 2.735472437774117416e-01 2.836669360793931949e-01 2.413078202742787171e-01 2.542404256596264012e-01 2.510691217026611022e-01 2.125701439574335105e-01 5.453417056412594999e-01 1.817551837496878542e-01 2.718305428606484359e-03 1.934381915350305917e-02
1.000000000000000000e+00 8.357211837191215409e+00 2.770089747818735848e-01 2.814285522818990026e-01 2.412091864527005636e-01 2.687289765581338807e-01 2.439876127857687205e-01 2.122390327677493027e-01 5.322436670174595097e-01 1.825646488893932218e-01 4.134348646810946312e-03 1.924083594494669855e-02
1.000000000000000000e+00 1.017194314424369317e+01 2.771075660325773016e-01 2.796271869841151503e-01 2.303246311285606085e-01 2.591379403884152555e-01 2.625481874323359333e-01 2.380841713056693343e-01 5.317631401513129852e-01 1.816834263795100990e-01 3.114339521513693164e-03 2.053042153730844088e-02
1.000000000000000000e+00 6.192481634063542018e+00 2.771820371440734676e-01 2.913642706180618602e-01 2.280694590083262030e-01 2.637705450975542654e-01 2.437713829995515613e-01 2.270963261093289776e-01 5.245846136558006689e-01 1.828311214985741673e-01 2.835889351765733587e-03 2.072883584659733491e-02
1.000000000000000000e+00 6.117103787869947240e+00 2.710658611207723556e-01 2.810733975741320223e-01 2.297752496084986829e-01 2.788053573027953203e-01 2.377746912092429110e-01 2.374834860458318597e-01 5.369932714578410371e-01 1.819798630206354018e-01 2.936236036449514902e-03 2.122205543745385795e-02
1.000000000000000000e+00 6.596733406874073502e+00 2.660327787139220579e-01 2.856966401796687816e-01 2.405963547478364162e-01 2.826819955955635066e-01 2.204502013073096345e-01 2.272496327893749057e-01 5.324618799021543225e-01 1.825745750938385925e-01 3.773981773132212801e-03 2.176005297750432249e-02
1.000000000000000000e+00 3.696375373171824297e+00 2.753031266993314352e-01 2.809129374409473634e-01 2.402594227966824425e-01 2.640552892186415757e-01 2.301289949581421523e-01 2.221444534741791321e-01 5.428395067650431116e-01 1.814644594300894587e-01 3.998401006966972523e-03 2.105354185188220914e-02
1.000000000000000000e+00 3.495784390972207945e+00 2.757310124732295642e-01 2.722733317932001795e-01 2.400394776896336568e-01 2.628765272990079560e-01 2.208767106580284412e-01 2.277608162682955295e-01 5.697851663614154072e-01 1.804264066065923988e-01 3.774790288731636346e-03 2.055540892419317409e-02
1.000000000000000000e+00 2.470643124486705755e+00 2.775228405153669087e-01 2.705860551316215945e-01 2.380451149220128848e-01 2.525944606306918527e-01 2.428348892857915275e-01 2.157532680869081176e-01 5.735411859728496431e-01 1.803747196576449274e-01 3.392225135283322753e-03 1.928393369123723028e-02
1.000000000000000000e+00 6.058629537199830217e+00 2.782311979905148780e-01 2.673853125708973155e-01 2.437616946452712541e-01 2.430666248059792922e-01 2.492771630530199733e-01 2.092031586294082757e-01 5.820903140848319168e-01 1.795443861965321797e-01 2.845413220306505439e-03 2.062626798551553398e-02
1.000000000000000000e+00 6.523494325227639834e+00 2.748861764412187658e-01 2.681515305565274065e-01 2.509487852469634017e-01 2.348661451097876496e-01 2.698347797779741541e-01 2.253843413158942433e-01 5.743780399967660655e-01 1.786728499036618067e-01 3.241020320938761950e-03 2.003850640512893841e-02
1.000000000000000000e+00 7.399677704360967390e+00 2.799987229557584500e-01 2.641872690700792226e-01 2.483896181303014705e-01 2.437605000074598571e-01 2.548203763220509566e-01 1.996192972703453583e-01 5.541607621628307223e-01 1.803396276665606701e-01 2.613934715060945834e-03 2.146565538020190136e-02
1.000000000000000000e+00 4.277125724709369692e+00 2.736096964488429761e-01 2.702915477467204841e-01 2.615842411879991669e-01 2.438571964245432322e-01 2.531495487255743249e-01 2.194148644014943250e-01 5.604864211464630763e-01 1.795130833515395652e-01 4.131153443170569942e-03 2.078065294222077031e-02
1.000000000000000000e+00 6.215245503449810194e+00 2.699541974617674089e-01 2.653832906687256799e-01 2.606061391877914080e-01 2.422106803060421476e-01 2.621977487644219784e-01 1.996800349812865027e-01 5.606656251609248853e-01 1.797637103174824780e-01 3.789552325967396156e-03 2.206799739320225787e-02
1.000000000000000000e+00 6.506451325741997138e+00 2.796003413727929376e-01 2.553147902924666202e-01 2.532403012298878320e-01 2.440540155189751259e-01 2.449758464508506040e-01 2.017781264948199649e-01 5.678860705598764991e-01 1.794055936029361753e-01 2.851168771286269939e-03 1.996472907856549142e-02
1.000000000000000000e+00 6.380916566656251732e+00 2.785196186564916077e-01 2.539759873462609230e-01 2.518028847856351726e-01 2.486675113591192976e-01 2.534759865491503783e-01 2.052636769092507363e-01 5.892442578834726774e-01 1.784679384318180184e-01 2.833542489633210371e-03 1.909412287622366464e-02
1.000000000000000000e+00 5.921269226966332511e+00 2.741631158807651403e-01 2.613694976392202940e-01 2.570902594576052747e-01 2.475530415064235989e-01 2.398910133830725600e-01 2.260303229410691450e-01 5.789734034469380397e-01 1.786115673053357555e-01 4.236007492826718637e-03 1.924075151951492105e-02
1.000000000000000000e+00 4.944343349789603437e+00 2.803326695206477259e-01 2.484057986981085542e-01 2.529479241937850897e-01 2.479130240709601085e-01 2.346139454979343231e-01 2.455131354472415706e-01 5.957440595454825960e-01 1.774908845505260013e-01 3.649699400525149243e-03 2.048940890134830217e-02
1.000000000000000000e+00 5.870576887008418510e+00 2.832524718151469556e-01 2.428367651615387091e-01 2.534981750027295866e-01 2.652599892180428909e-01 2.270365153304270411e-01 2.223810208076034689e-01 5.964730607250223748e-01 1.788487503769136677e-01 3.778341275031125209e-03 2.101225194929389958e-02
1.000000000000000000e+00 8.777083554081215766e+00 2.874744967074894242e-01 2.395063231177353702e-01 2.515229756722386911e-01 2.661796236547489536e-01 2.234003780746124102e-01 2.244276934191700990e-01 5.961679075441502773e-01 1.784907468850053525e-01 3.442311549687107879e-03 2.097713970012017592e-02
1.000000000000000000e+00 8.168561227383944967e+00 2.810982449547188011e-01 2.345991828345076746e-01 2.516227165448964853e-01 2.687981759655822533e-01 2.347925211189534067e-01 2.236847088812005113e-01 6.066394149036489214e-01 1.775758523552946333e-01 3.911739171984063290e-03 2.034272990735375500e-02
1.000000000000000000e+00 1.097284454641546247e+01 2.910286845815341916e-01 2.345419121054115041e-01 2.477605422597651541e-01 2.611228582913139307e-01 2.367927007196957978e-01 2.100818271216323418e-01 6.165191162242529277e-01 1.779298285658958700e-01 3.519273091877004982e-03 2.044025816869381867e-02
1.000000000000000000e+00 6.938460008097409926e+00 2.740684758930289622e-01 2.447690509500674017e-01 2.569328732608321952e-01 2.652299030486076625e-01 2.437463300403933109e-01 2.068797278870510292e-01 5.975800741940855421e-01 1.783209649446485523e-01 3.193285489766787590e-03 2.025613427726373483e-02
1.000000000000000000e+00 8.231138298488303917e+00 2.699578875847132298e-01 2.459973651948356987e-01 2.497730383725550729e-01 2.546888819448023811e-01 2.464486322806083429e-01 2.028208809833902393e-01 5.891326821688583903e-01 1.781624549243916167e-01 3.556364319881813972e-03 2.220637820000256543e-02
1.000000000000000000e+00 5.162262408156209403e+00 2.725177027835377075e-01 2.517521976399246242e-01 2.546208371353050337e-01 2.500786363206359830e-01 2.482651610477028814e-01 1.981255216722477286e-01 5.954698633391878326e-01 1.783185264323480512e-01 2.737091256375394528e-03 2.098222824273996909e-02
1.000000000000000000e+00 3.729587330273851808e+00 2.743070819950707007e-01 2.524342620720634311e-01 2.589673667831154380e-01 2.533084895328778785e-01 2.505195503802674639e-01 2.048411583156296567e-01 5.912003127861681362e-01 1.783645676461926288e-01 3.109245502012612100e-03 2.028867851344937773e-02
1.000000000000000000e+00 8.677150561249950655e+00 2.830244324509035292e-01 2.480241519183594423e-01 2.543726318561254085e-01 2.497326101946806542e-01 2.487049942043433048e-01 2.155159439413352473e-01 5.796721540723267507e-01 1.791300026416660363e-01 2.522903142490361909e-03 1.957686671015844079e-02
1.000000000000000000e+00 8.435335597352358050e+00 2.821028393420915714e-01 2.489149965452629454e-01 2.525814839815351820e-01 2.472190221344214567e-01 2.461031240259498598e-01 2.050678938386156502e-01 5.980136793708001886e-01 1.786286341721224080e-01 2.498059464660225184e-03 1.908891450824173885e-02
1.000000000000000000e+00 6.202103580235447389e+00 2.755476408086905971e-01 2.519884443134945973e-01 2.486643724240409359e-01 2.496353927642608606e-01 2.476952096686162452e-01 2.098347161865578292e-01 6.084904191427941145e-01 1.782804056585887698e-01 2.644561608413596547e-03 1.875548889340546838e-02
1.000000000000000000e+00 5.093728861240234274e+00 2.806608339026450682e-01 2.559502152444079193e-01 2.477707688148441667e-01 2.570309720399547304e-01 2.428551605662478685e-01 2.238546397917977882e-01 6.169555680353101534e-01 1.784631290366448519e-01 3.976841425918510586e-03 1.714504207721874104e-02
1.000000000000000000e+00 7.468179636269813848e+00 2.832654238337055097e-01 2.447309619165093098e-01 2.445204613355716761e-01 2.535691583142241079e-01 2.339097948683309947e-01 2.449154786296155462e-01 6.303029813029528139e-01 1.773648523209355177e-01 3.554357025405535490e-03 1.901409461842625340e-02
1.000000000000000000e+00 8.464299219333375035e+00 2.787079625306962405e-01 2.514530256515865037e-01 2.524863896541761910e-01 2.702685894738312000e-01 2.269664188369505120e-01 2.398160365305495589e-01 6.220615733220241639e-01 1.785080019600652490e-01 3.930857009156297523e-03 1.821984763092872328e-02
1.000000000000000000e+00 7.748603557847325796e+00 2.780067629511370764e-01 2.434974958072953499e-01 2.397878345549933343e-01 2.545290255437713256e-01 2.417549928868387987e-01 2.390827977253333347e-01 6.558176358915455140e-01 1.764338735106446565e-01 3.603817724171453317e-03 1.922415654783896088e-02
