1.000000000000000000e+00 1.036832452591228559e+01 2.708901997906722481e-01 2.983681673245347499e-01 2.216371372033220655e-01 2.692492452862619845e-01 2.531375582596941398e-01 2.193799190051458625e-01 4.593456902560302813e-01 1.841466673439630664e-01 3.241166438985246777e-03 1.987484569702900258e-02
1.000000000000000000e+00 1.087581174802698669e+01 2.699902957934723902e-01 2.370220598000825074e-01 2.352466226055531240e-01 2.307713168684968064e-01 2.474080038092136280e-01 2.097589311733842055e-01 1.560541483503874449e-01 1.672436128030552749e-01 3.175452813592062259e-03 2.239350884521209770e-02
1.000000000000000000e+00 1.044965307241287711e+01 2.776822764427807066e-01 2.427942376650855660e-01 2.285277166663429449e-01 2.321653315658584460e-01 2.291040137367250096e-01 2.166099607132147276e-01 1.606921780810407208e-01 1.686611561849949426e-01 3.155444863461101535e-03 2.232157369296179639e-02
1.000000000000000000e+00 7.891134805286405651e+00 2.724696869898089457e-01 2.457716770721800892e-01 2.650942015565913024e-01 2.276576804892276595e-01 2.390317541253715317e-01 2.122563857675434651e-01 1.689900774098007652e-01 1.718125507750811742e-01 3.044528914472858887e-03 2.113449390193297694e-02
1.000000000000000000e+00 5.126290899999986550e+00 2.604588929771961547e-01 2.572233401085906590e-01 2.699134196318697665e-01 2.261203343921134035e-01 2.364684469875681094e-01 2.066971856101791905e-01 1.748873073573874171e-01 1.736000959578806735e-01 3.109972859146929291e-03 2.045730778968019373e-02
1.000000000000000000e+00 5.519794300393173536e+00 2.652439554368061780e-01 2.490101674581971791e-01 2.766849559512941092e-01 2.346806047594882649e-01 2.473371441504240986e-01 2.235609407407479765e-01 1.672747735850617645e-01 1.781128978592782519e-01 3.261265593547693804e-03 2.109690051013290296e-02
1.000000000000000000e+00 3.582886820952269513e+00 2.719181600210615057e-01 2.435627342613486956e-01 2.653725042160332559e-01 2.381515661904488323e-01 2.419965746117142269e-01 2.185263334198317420e-01 1.690420218247336848e-01 1.739360427038319779e-01 3.434423228318156298e-03 2.028447391531686475e-02
1.000000000000000000e+00 4.705477477595650271e+00 2.765334538028743627e-01 2.358912607791123495e-01 2.729828668278386772e-01 2.325210037727390988e-01 2.487213314877258497e-01 2.048696760317156862e-01 1.700542912485399905e-01 1.773818322615212384e-01 3.481338473963800119e-03 2.174885604955068691e-02
1.000000000000000000e+00 5.180864936445418678e+00 2.651218543707560826e-01 2.321773027351352603e-01 2.605527489110807671e-01 2.288399057686963667e-01 2.463512383850292586e-01 2.145308939375722423e-01 1.658723551934591089e-01 1.706443830406964846e-01 3.591441128640759841e-03 2.097171549380671615e-02
1.000000000000000000e+00 3.521707697580712448e+00 2.777668944787303751e-01 2.588435729545168207e-01 2.464096146301666956e-01 2.403078693987872883e-01 2.409146089359417708e-01 2.129643576449107567e-01 1.619620028331352213e-01 1.769252489031859221e-01 3.625932356845445667e-03 2.025766422076781884e-02
1.000000000000000000e+00 3.471546327228199669e+00 2.656912870431403784e-01 2.564615073798551803e-01 2.507306575166622364e-01 2.490765831791546814e-01 2.465031477568089824e-01 2.205347609764599093e-01 1.608653372655038938e-01 1.752949965710119962e-01 3.860599406614380769e-03 1.884866947300737131e-02
1.000000000000000000e+00 4.507902540894628274e+00 2.702111270943212684e-01 2.606047085297737986e-01 2.573512879651045915e-01 2.351999027139981269e-01 2.409037448195818498e-01 2.404713331300102619e-01 1.618718441745778946e-01 1.749121826746320996e-01 3.819382394355253819e-03 1.987545517955206786e-02
1.000000000000000000e+00 4.747868578581448062e+00 2.814343125220253317e-01 2.612826306689073341e-01 2.549169235871175943e-01 2.467634458018203303e-01 2.438210675171545716e-01 2.317052821572030408e-01 1.582823501720886927e-01 1.811546728129128092e-01 3.942795482495341230e-03 2.126574650621372575e-02
1.000000000000000000e+00 5.048145031705272956e+00 2.746624954762536541e-01 2.624398172779985883e-01 2.512011820607533141e-01 2.481152259009262173e-01 2.544160799729694444e-01 2.316084657485522613e-01 1.598788984594650409e-01 1.780334021861814942e-01 3.751381997739035301e-03 2.136421240022051693e-02
1.000000000000000000e+00 5.543366037769222210e+00 2.794877440663564028e-01 2.683538016842391127e-01 2.496680396258002532e-01 2.506511424939779631e-01 2.447234650145741763e-01 2.225588168423495716e-01 1.584761421220381439e-01 1.829400034670871644e-01 3.740494742933644749e-03 1.954873753693862903e-02
1.000000000000000000e+00 3.743604707415588706e+00 2.843678536878645469e-01 2.565683939255279378e-01 2.567137111493573154e-01 2.634058596192264678e-01 2.439833863476408016e-01 2.275882725825899289e-01 1.596464238336356423e-01 1.836175458610867228e-01 3.646486202698168578e-03 1.974896796812010760e-02
1.000000000000000000e+00 4.560417358287988776e+00 2.865097404201793485e-01 2.595119427129792822e-01 2.732758642969999041e-01 2.554346340403553794e-01 2.684992594211684236e-01 2.196145218266228605e-01 1.608892690896230326e-01 1.891906804861182290e-01 3.692820862727369015e-03 2.139505975991251585e-02
1.000000000000000000e+00 4.691407336457089627e+00 2.893191319994243282e-01 2.733937648314662683e-01 2.846492816794902181e-01 2.539715027359826793e-01 2.656446649203424437e-01 2.243228096358294565e-01 1.648570114591116909e-01 1.916734457055088159e-01 3.658801449597644858e-03 1.981234868185846251e-02
1.000000000000000000e+00 6.613839435641485132e+00 2.808294679015127526e-01 2.701953619546031415e-01 2.947255362678921631e-01 2.515528093805418641e-01 2.681467904625666199e-01 2.081966213686055056e-01 1.630929224958638790e-01 1.882614294153810430e-01 3.842748951485703158e-03 1.993572126267370570e-02
1.000000000000000000e+00 7.204045434220100574e+00 2.837185025019978157e-01 2.646546200241249869e-01 2.836276949987617813e-01 2.658354294028368869e-01 2.574472136440190129e-01 2.177723092801490401e-01 1.643141197496736927e-01 1.888188856532077020e-01 3.707839055324665088e-03 1.943543719863905297e-02
1.000000000000000000e+00 7.225287296069710763e+00 2.850870453765603219e-01 2.569063053743024794e-01 2.810655628367254022e-01 2.708593313069917463e-01 2.597136784215267613e-01 2.217134990358003988e-01 1.647853755768647899e-01 1.918625716975898843e-01 3.504727685875259381e-03 2.041618356021975347e-02
1.000000000000000000e+00 4.748670540651915850e+00 2.901971469864873532e-01 2.628265855340018442e-01 2.745764819807601231e-01 2.709216918368497207e-01 2.577213112238149750e-01 2.385504196291656775e-01 1.635411809230346847e-01 1.930985149955093683e-01 3.508574272218214531e-03 1.830515818596490513e-02
1.000000000000000000e+00 5.179984222795882332e+00 2.886903560361154808e-01 2.698034570266285570e-01 2.764723463380207025e-01 2.692398130204327611e-01 2.515416619994427228e-01 2.330960959543914579e-01 1.601283209893001602e-01 1.909610271706937146e-01 3.715712130232691306e-03 1.836079988432004831e-02
1.000000000000000000e+00 4.875821996106931344e+00 2.914349232140485135e-01 2.652472106665093032e-01 2.704445194421301046e-01 2.732973393804909445e-01 2.536821792140729337e-01 2.402705550990898997e-01 1.602832719558013597e-01 1.928696620448733523e-01 3.577349942107018333e-03 1.651148880003239922e-02
1.000000000000000000e+00 5.636873652004154245e+00 2.921466975319472192e-01 2.752700382252366573e-01 2.665838070622229550e-01 2.719013377360264827e-01 2.603762917747230454e-01 2.435703682728971031e-01 1.684737111119302133e-01 1.955338117729755465e-01 3.629908140095918639e-03 1.694602565821151305e-02
1.000000000000000000e+00 3.811546521436110613e+00 2.907636842005894007e-01 2.701013402824530285e-01 2.647572705717005648e-01 2.643223673832061915e-01 2.579456239854411859e-01 2.504521995276419166e-01 1.713006750823334035e-01 1.916268756676025864e-01 3.566527567300178513e-03 1.867810919889423271e-02
1.000000000000000000e+00 4.824573320351925432e+00 2.911675906433860428e-01 2.560502379895738811e-01 2.705648661426199308e-01 2.783636134536485729e-01 2.530135276146544543e-01 2.371478420520379549e-01 1.736168421136019269e-01 1.912393160309656670e-01 3.547647829997991036e-03 2.101199077712485527e-02
1.000000000000000000e+00 5.341354865118385753e+00 2.959178867099268584e-01 2.532073668417975099e-01 2.802723568809789567e-01 2.598679131038280632e-01 2.577619205672748715e-01 2.365574243890068429e-01 1.765807702705129711e-01 1.918142572452077865e-01 3.580363787332224625e-03 2.119006790980986626e-02
1.000000000000000000e+00 5.974128386688304815e+00 2.948884873079646862e-01 2.626043803903741480e-01 2.974949614528216713e-01 2.572612354504444365e-01 2.669509015384021189e-01 2.429567474890544088e-01 1.721407294263193610e-01 1.953292360352452961e-01 3.706349778556629164e-03 2.204398497714397595e-02
1.000000000000000000e+00 6.995021106466622562e+00 2.881737588448579634e-01 2.738608311367585202e-01 2.964369112707900822e-01 2.687609111474307255e-01 2.595467325510872336e-01 2.471483353431524477e-01 1.699781594535897666e-01 1.969886345065448574e-01 3.866899814317780772e-03 2.214075615759147908e-02
1.000000000000000000e+00 9.362659606211918728e+00 2.973694751352822241e-01 2.772720964303929669e-01 2.962152748574309880e-01 2.877811415626693181e-01 2.508642188875748191e-01 2.542809936478379607e-01 1.587339657569483697e-01 2.049483613639462021e-01 3.751889277955347112e-03 2.395204004379813262e-02
1.000000000000000000e+00 7.177245478365697373e+00 2.976056946136402814e-01 2.697101935789880112e-01 2.877557041221261436e-01 2.845111780366444965e-01 2.523304648864775901e-01 2.585343644896072601e-01 1.563538706205082063e-01 1.988849635045686626e-01 3.842803254165498648e-03 2.464205825740222247e-02
1.000000000000000000e+00 6.874880162932677230e+00 3.007676073141799522e-01 2.766746972430680906e-01 2.772269279156837074e-01 2.904846374550305033e-01 2.585725869579298952e-01 2.560074922834355560e-01 1.511324367380579570e-01 1.987631204232014892e-01 3.960619920924321469e-03 2.371375485442485040e-02
1.000000000000000000e+00 4.853906911017005221e+00 2.936004341458088862e-01 2.713656400086473797e-01 2.808871188284027820e-01 2.789784211337133502e-01 2.579590333208648389e-01 2.508197946527939703e-01 1.450605435596695469e-01 1.972104222672148022e-01 3.752814278760207341e-03 2.418317885856300156e-02
1.000000000000000000e+00 5.468406597360578658e+00 2.966894838991953609e-01 2.774078732794018620e-01 2.757686724641708609e-01 2.842821143995736821e-01 2.603809292505515072e-01 2.469853396120137712e-01 1.395062955105368374e-01 1.968912024453610965e-01 3.803417270145311412e-03 2.377727280800870369e-02
1.000000000000000000e+00 7.952914416739220727e+00 2.871169280480649344e-01 2.910235229642734733e-01 2.696513636418086390e-01 2.847819805043232400e-01 2.650263470024600831e-01 2.287703414903758947e-01 1.395480613733734720e-01 1.968912172966309493e-01 3.775820646723760960e-03 2.558231625065376935e-02
1.000000000000000000e+00 4.529960585348009161e+00 2.876651516646195894e-01 2.765426965524204195e-01 2.777795839188279547e-01 2.712362539630001068e-01 2.655787981398448072e-01 2.219600543642467616e-01 1.443073218365513166e-01 1.952473455275220704e-01 3.616540771675381700e-03 2.580035676986528956e-02
1.000000000000000000e+00 3.984344936636695422e+00 2.935372480860511391e-01 2.794617079431237494e-01 2.847806017323624705e-01 2.635768972813928301e-01 2.581005083020103674e-01 2.230547837778568965e-01 1.338894605043652875e-01 1.957089804557862189e-01 3.655631057747804700e-03 2.590958263577643542e-02
1.000000000000000000e+00 4.660525966579009527e+00 2.979222287736386088e-01 2.672101418714698529e-01 2.789034533089846390e-01 2.649352388277175230e-01 2.733032322165562245e-01 2.306595845449049553e-01 1.360800331501713090e-01 1.955212478274676313e-01 3.677922049698727908e-03 2.696096389596221513e-02
1.000000000000000000e+00 7.132306956559538946e+00 2.916872417153333896e-01 2.717182822938826736e-01 2.879044146584353592e-01 2.746933651128276033e-01 2.660073437946712804e-01 2.252190769453744912e-01 1.366186124200772234e-01 1.958249341324358739e-01 3.636495611119878232e-03 2.826551572168525470e-02
1.000000000000000000e+00 6.822226071601785513e+00 2.835978958342720291e-01 2.684752549034247759e-01 2.826220280632898985e-01 2.727841971381075870e-01 2.540351403809341657e-01 2.368654357231931573e-01 1.275326361006760556e-01 1.918422850720850614e-01 3.886404313151822602e-03 2.894763961148810391e-02
1.000000000000000000e+00 6.432534018412024324e+00 2.948435242445516247e-01 2.697463387912621413e-01 2.791595660239474808e-01 2.688294002832022911e-01 2.472744259982552206e-01 2.503614141792837589e-01 1.384865164069679910e-01 1.939509105941553402e-01 4.026384270935625537e-03 2.840793035633986524e-02
1.000000000000000000e+00 7.681298736809723415e+00 2.805160047514899668e-01 2.765362432018239613e-01 2.752564387338570229e-01 2.691659193954090146e-01 2.495251236564222097e-01 2.461916947943213474e-01 1.425276434811786619e-01 1.926984040317415992e-01 3.990772963688232582e-03 2.814485522348693716e-02
1.000000000000000000e+00 6.617181745807799942e+00 2.849280147854529321e-01 2.682799691940622178e-01 2.702352613634778633e-01 2.759822900892090480e-01 2.367786421120259277e-01 2.387269213465833817e-01 1.453516341912493293e-01 1.910766125045006425e-01 3.971976697822099042e-03 2.660836310597928037e-02
1.000000000000000000e+00 5.441222204914552663e+00 2.837630750128559143e-01 2.656523886922844135e-01 2.730966482696970399e-01 2.717359471906245494e-01 2.406517072064110196e-01 2.458524705608839400e-01 1.514324942519148232e-01 1.903414718403678985e-01 3.980614489154029288e-03 2.604410017340891628e-02
1.000000000000000000e+00 4.255360849593208705e+00 2.838738139950396921e-01 2.731402119868265310e-01 2.665985831000984851e-01 2.679190950507697178e-01 2.453452107540497473e-01 2.403751708654738306e-01 1.568309657700371063e-01 1.903917025688977027e-01 4.008505595494433159e-03 2.592050196204768314e-02
1.000000000000000000e+00 3.987681606508850951e+00 2.865072731465476696e-01 2.703728597598615280e-01 2.649069325669576314e-01 2.662407201284822666e-01 2.451043908203155430e-01 2.488561031890253183e-01 1.640101146019782297e-01 1.885613689179520269e-01 4.014708078807910363e-03 2.509118164836023068e-02
1.000000000000000000e+00 4.833753991338779699e+00 2.738406509558753421e-01 2.705060037564918085e-01 2.651687726398154754e-01 2.619912441803337044e-01 2.358102243280992549e-01 2.429580930808106776e-01 1.565480864977688569e-01 1.847601082408607265e-01 4.067048009987461570e-03 2.657128496952603988e-02
1.000000000000000000e+00 7.074702587635798068e+00 2.788734959097562416e-01 2.674608695425547134e-01 2.634579497518692581e-01 2.463711466124610394e-01 2.316876699186765642e-01 2.408667199057092645e-01 1.633367086138328428e-01 1.815183292024472872e-01 4.302403803092035364e-03 2.627059366512654245e-02
1.000000000000000000e+00 7.650513460037728031e+00 2.814279103558073314e-01 2.739169959300337132e-01 2.686186291950855565e-01 2.435380086603241290e-01 2.413180692445111575e-01 2.342599987145236595e-01 1.683675316019676849e-01 1.819891078483747704e-01 4.216669902467319771e-03 2.519287564705160673e-02
1.000000000000000000e+00 6.315797338989979970e+00 2.765477777644367863e-01 2.764995692666610272e-01 2.643006478880864374e-01 2.389206765713670910e-01 2.472363100948768710e-01 2.385592421536096019e-01 1.659270163662895647e-01 1.808796842150769690e-01 4.102736241925001789e-03 2.408309999827490736e-02
1.000000000000000000e+00 5.373288859752542557e+00 2.746175769423478408e-01 2.699522086843241797e-01 2.623381851453520652e-01 2.414813568998112892e-01 2.418309978030301066e-01 2.308103911768548955e-01 1.732725353671928370e-01 1.799485357844877453e-01 4.177533499950843512e-03 2.514804243706419973e-02
1.000000000000000000e+00 6.980405192276417203e+00 2.783133613256041916e-01 2.726870584399546105e-01 2.536764513319150205e-01 2.386246309087850792e-01 2.575541871289201978e-01 2.373351318668786014e-01 1.733262087513166294e-01 1.791091645944437871e-01 4.214226289695460932e-03 2.516984876340412278e-02
1.000000000000000000e+00 6.503867720249104423e+00 2.779631136306403572e-01 2.741807807041630185e-01 2.613370858941813091e-01 2.344521708070010091e-01 2.578397942871983317e-01 2.460491939809225093e-01 1.698028484817514228e-01 1.836616175189121347e-01 3.934451045970915710e-03 2.375174519888975308e-02
1.000000000000000000e+00 4.636955587307125981e+00 2.895736665015030686e-01 2.773998504950916932e-01 2.565986912719923074e-01 2.623459047790085985e-01 2.551912962431310272e-01 2.454743116942623427e-01 1.764072728725991634e-01 1.904122867644001404e-01 3.944703716095949823e-03 2.361906942306830556e-02
1.000000000000000000e+00 4.795739553468679972e+00 2.813404857127003722e-01 2.681192250484639716e-01 2.430539986694991161e-01 2.531926259705344906e-01 2.455079965530809483e-01 2.326057666334703511e-01 1.709229223693839728e-01 1.793748228111617382e-01 3.917011424303098489e-03 2.284944886937601352e-02
1.000000000000000000e+00 4.412987590714733344e+00 2.794403120232219484e-01 2.754318032468320854e-01 2.464438611034005244e-01 2.520380980681091176e-01 2.493900719539922928e-01 2.322724741261489034e-01 1.712734273441213206e-01 1.810098081458600405e-01 4.079973969609804532e-03 2.377994088773516951e-02
1.000000000000000000e+00 2.061758623045813366e+00 2.752285952636401856e-01 2.690944840451152120e-01 2.503753750658642141e-01 2.546541695970855335e-01 2.526766145808911901e-01 2.326404023246604613e-01 1.580648851636820007e-01 1.807289542224767287e-01 3.864614895518703186e-03 2.354568134406824151e-02
1.000000000000000000e+00 2.035996342741839715e+00 2.673122750275747639e-01 2.674411604097897688e-01 2.522902731463312342e-01 2.520183195782496055e-01 2.497336993678400119e-01 2.219871698834910145e-01 1.544973587361002099e-01 1.784816025418637098e-01 3.822456952366863874e-03 2.309882855591384107e-02
1.000000000000000000e+00 3.655978713456396356e+00 2.760239761098624012e-01 2.715960556755290800e-01 2.498301909088363748e-01 2.617241201050726218e-01 2.430949807736838275e-01 2.223943018474296152e-01 1.595700818138878763e-01 1.844763674863595937e-01 3.603436767680283717e-03 2.361542689271003623e-02
1.000000000000000000e+00 3.396423147155485545e+00 2.719902427082950269e-01 2.683455714388694457e-01 2.280375323199761994e-01 2.594016100380684420e-01 2.494710618888376363e-01 2.152882067186946968e-01 1.609860184005279249e-01 1.793132690770065374e-01 3.312353971849070055e-03 2.302982830384166235e-02
1.000000000000000000e+00 2.740828052769825884e+00 2.716872858553166514e-01 2.605665180599487929e-01 2.301199843551310908e-01 2.422216292368254142e-01 2.507374721749194846e-01 2.201239534589627678e-01 1.626065766233093512e-01 1.742015025140450646e-01 3.418869981138792334e-03 2.269633146536676263e-02
1.000000000000000000e+00 1.750037714486695650e+00 2.664982902017515309e-01 2.615376998436503286e-01 2.251109184770279104e-01 2.475603175835112968e-01 2.238686579311117419e-01 2.220983767393198971e-01 1.675229813339265961e-01 1.710093632798593277e-01 3.598326132605626781e-03 2.268030378166133176e-02
1.000000000000000000e+00 2.678744147174461965e+00 2.593895009856718725e-01 2.631514815692863052e-01 2.243792713898223878e-01 2.440982560933148138e-01 2.293593091382852833e-01 2.273683036250148670e-01 1.730301837330709691e-01 1.692964847368328141e-01 3.652347707286834368e-03 2.149198557462393688e-02
1.000000000000000000e+00 4.171330737585051907e+00 2.596275070886621128e-01 2.607269089689899788e-01 2.231280523920980141e-01 2.432612854468848840e-01 2.240691975765330413e-01 2.169858028121700311e-01 1.707495205426876606e-01 1.649802717982097044e-01 3.839187449518530887e-03 2.042228648049812523e-02
1.000000000000000000e+00 3.399455035173909234e+00 2.559192735567870081e-01 2.667311182464754959e-01 2.243669055664362644e-01 2.493717914112937861e-01 2.082824471703542124e-01 2.198621158893689920e-01 1.654999315640231228e-01 1.653362557758218110e-01 4.000151040775924705e-03 2.267516126737508311e-02
1.000000000000000000e+00 3.693411326682318307e+00 2.491882400010101417e-01 2.739186098468795461e-01 2.148028834115706109e-01 2.513459182669593450e-01 2.120687022237600639e-01 2.224521475319606589e-01 1.699825372322973094e-01 1.630745519635821428e-01 3.953567998280539675e-03 2.364646115158212242e-02
1.000000000000000000e+00 4.079027528019074644e+00 2.552780134897597031e-01 2.798055576990934323e-01 2.212176779277015282e-01 2.549553876763121507e-01 2.033411272510643186e-01 2.184080290912354949e-01 1.746684001258929642e-01 1.672234357669534766e-01 3.725738916546632133e-03 2.487931749816694321e-02
1.000000000000000000e+00 7.325228743814262700e+00 2.584217315596737397e-01 2.713017638764473327e-01 2.198987069436780240e-01 2.661687804786335154e-01 2.116936817445199404e-01 2.011395455163128843e-01 1.764058697513667118e-01 1.660113622163455760e-01 3.576925555420695443e-03 2.437762675931097814e-02
1.000000000000000000e+00 4.577166371459920668e+00 2.513355729965758290e-01 2.533236553705315308e-01 2.148137157529413088e-01 2.663394086128719196e-01 2.051368453582792795e-01 1.898670306447306499e-01 1.797381432799188827e-01 1.621079826513152911e-01 3.611473475614997500e-03 2.333554723590819044e-02
1.000000000000000000e+00 4.950823106173078969e+00 2.458274630918763359e-01 2.572036753149654631e-01 2.096412029290057044e-01 2.632960067571671892e-01 2.025384731168510255e-01 2.039718939523122443e-01 1.859578841957994777e-01 1.617800752043511980e-01 3.349773871530116638e-03 2.435663732703771331e-02
1.000000000000000000e+00 3.379365728914759615e+00 2.430400384552658111e-01 2.653853412916264420e-01 2.114029536832378597e-01 2.526594520828359114e-01 1.976961773325173755e-01 2.123157924158546872e-01 1.767824917706284638e-01 1.606501740907342046e-01 3.314705438806766786e-03 2.428065024723700949e-02
1.000000000000000000e+00 2.883289452150624488e+00 2.475453396478448365e-01 2.578319772217214645e-01 2.276093219566789616e-01 2.575146812621954551e-01 2.105527339113276719e-01 2.188624197117664261e-01 1.814512033180704365e-01 1.634026232187634486e-01 3.350189850226989018e-03 2.346330284200621660e-02
1.000000000000000000e+00 3.003897311679210258e+00 2.636016158692418010e-01 2.538633820599301982e-01 2.263875358872336485e-01 2.612792963208941388e-01 2.118917940618186280e-01 2.076526489332893022e-01 1.790241668076827664e-01 1.678211123859018883e-01 3.319763887998821491e-03 2.244988747960639797e-02
1.000000000000000000e+00 3.529398148232990806e+00 2.702553018720629807e-01 2.475230555302651569e-01 2.331830706289404476e-01 2.507631521771984673e-01 2.217029305730444100e-01 2.151286825313192541e-01 1.886061708601847187e-01 1.732288675715851489e-01 3.467098479101273466e-03 2.224348958045400948e-02
1.000000000000000000e+00 6.849940723617198302e+00 2.727366274115177180e-01 2.399275657659593330e-01 2.254905564657808670e-01 2.613206373053454934e-01 2.094501471561412698e-01 2.092202891502092932e-01 1.863754400729533967e-01 1.680671065895608107e-01 3.529622899690481024e-03 2.236946009928570192e-02
1.000000000000000000e+00 7.106866083759713959e+00 2.727720575535647063e-01 2.544855852718559963e-01 2.274803861143749328e-01 2.663562547168320527e-01 2.112410300601775259e-01 2.158602479030179988e-01 1.862423618210941600e-01 1.697123036867686507e-01 3.708512905503982739e-03 2.276956969509760439e-02
1.000000000000000000e+00 4.650653339410872888e+00 2.627386787990462214e-01 2.672668276208623461e-01 2.235523650688111541e-01 2.736257814885519890e-01 2.142178780020455586e-01 2.161846523173835966e-01 1.913753236426058713e-01 1.691503315407133223e-01 3.807713984190150714e-03 2.126224403963679691e-02
1.000000000000000000e+00 3.850957307255277406e+00 2.644920768843644354e-01 2.776405559897048847e-01 2.252569207116286720e-01 2.694684969129049756e-01 2.158212999913330099e-01 2.171608850183575912e-01 1.911025077818407081e-01 1.721315677674946920e-01 3.819348107853469398e-03 2.299107769679552618e-02
1.000000000000000000e+00 2.382335414110916538e+00 2.660948127599038204e-01 2.804988901704618121e-01 2.333459823629472352e-01 2.538668271851967639e-01 2.305578461997647433e-01 2.214491695127613347e-01 1.921518928974581542e-01 1.745901530758655340e-01 3.843820980013105786e-03 2.246295498822095671e-02
1.000000000000000000e+00 3.767818640160085053e+00 2.634722984816314506e-01 2.699073917260063071e-01 2.314628344982236074e-01 2.519116902923200230e-01 2.165775201063425970e-01 2.218603037112283904e-01 1.906107756491259297e-01 1.750246383064414379e-01 3.640155827296819979e-03 2.210279088932658176e-02
1.000000000000000000e+00 3.501231507299917389e+00 2.525637739810518978e-01 2.794389031840231463e-01 2.392687961139337571e-01 2.549450314971845599e-01 2.244287852970241748e-01 2.324446805591069976e-01 1.883427771341283641e-01 1.727864486108959541e-01 3.650968933205972228e-03 2.223299251441650248e-02
1.000000000000000000e+00 4.043990842329050039e+00 2.579429383452360725e-01 2.806043640690426555e-01 2.323381388366077827e-01 2.690191994164009004e-01 2.191705840064926691e-01 2.423393171826590253e-01 1.900625738275210086e-01 1.745366499284420336e-01 3.624373495968148673e-03 2.268554205487138473e-02
1.000000000000000000e+00 2.827895930481128861e+00 2.578668629122771727e-01 2.828883929007854903e-01 2.366522934407001011e-01 2.596443993562430608e-01 2.224156294868879780e-01 2.360984370918242925e-01 1.898806689484584531e-01 1.756425389571178164e-01 3.447443074926885131e-03 2.198128440903175315e-02
1.000000000000000000e+00 2.171081519962876794e+00 2.567920261646404190e-01 2.820653263320653803e-01 2.264792225408339965e-01 2.524783832840915565e-01 2.239652836792848378e-01 2.322869520418126277e-01 1.953720366773299133e-01 1.720938669215653083e-01 3.271149534190896917e-03 2.341164983712790831e-02
1.000000000000000000e+00 5.972936841974759048e+00 2.512071403803101677e-01 2.771539002509033067e-01 2.363336905736450055e-01 2.534058957908970622e-01 2.213665662611492002e-01 2.244397338985655854e-01 1.913957394108138366e-01 1.733366495330824486e-01 3.249954743228782115e-03 2.457386541053596316e-02
1.000000000000000000e+00 7.307712416347206030e+00 2.596482513154209082e-01 2.817327230884758005e-01 2.438749074737034117e-01 2.531968234539136442e-01 2.412488367478146101e-01 2.264089048604490950e-01 1.924727585456108281e-01 1.806414082011981448e-01 3.241808186890944229e-03 2.432836855828778011e-02
1.000000000000000000e+00 8.729571694594367770e+00 2.574382440168888064e-01 2.990418337137019100e-01 2.271141755353176250e-01 2.594827690387039865e-01 2.532611752793357818e-01 2.285947378155836762e-01 1.935718394772628081e-01 1.790771622672998609e-01 3.561598193851812227e-03 2.350536313441662153e-02
1.000000000000000000e+00 9.960173695071018685e+00 2.520294107599324041e-01 2.922948318310215621e-01 2.294229993838753923e-01 2.595516367373550959e-01 2.588817447906935909e-01 2.148229970147637335e-01 1.951555873503942051e-01 1.796290675813849991e-01 3.597171569310664285e-03 2.409745452697047499e-02
1.000000000000000000e+00 6.734337262621550302e+00 2.755014120953764856e-01 2.897842887854361060e-01 2.291810517523011903e-01 2.503320521555043587e-01 2.601152518523060508e-01 2.117458554353858213e-01 1.978121535300085276e-01 1.824709322192172301e-01 3.738500992285982184e-03 2.583797383044256560e-02
1.000000000000000000e+00 5.438017998750151349e+00 2.729202795929864811e-01 3.006527241547582996e-01 2.372622831937366006e-01 2.659022311207706601e-01 2.685034154409065010e-01 2.162573088170298141e-01 1.942964494845514922e-01 1.866021987233771606e-01 3.595215757940662619e-03 2.648417660401500631e-02
1.000000000000000000e+00 5.886282775610137463e+00 2.797835592285774498e-01 2.890971779002330933e-01 2.303454165881815008e-01 2.547665055678932644e-01 2.657366667409513661e-01 2.203839937660604376e-01 2.008856971532882174e-01 1.832976683173038190e-01 3.595478563415935042e-03 2.519152882932903723e-02
1.000000000000000000e+00 6.332963639035251724e+00 2.682028769281034064e-01 2.953654386939743026e-01 2.449205135559808511e-01 2.473847315846052775e-01 2.564814331630076438e-01 2.100224034886325197e-01 2.018760429915640864e-01 1.840749143395231380e-01 3.438646717751423030e-03 2.537737939655668185e-02
1.000000000000000000e+00 5.802268684120471143e+00 2.623123040553207441e-01 2.925355027378845341e-01 2.519696632331225317e-01 2.402521510596129228e-01 2.475045400874160695e-01 2.233902747135098898e-01 2.003987499161641872e-01 1.824447986439703961e-01 3.446970573652208356e-03 2.465488141495253763e-02
1.000000000000000000e+00 5.359303521016242300e+00 2.709145046839340765e-01 2.914056277260249073e-01 2.447260690323989352e-01 2.470503025691136723e-01 2.453783316683939564e-01 2.160983016009846158e-01 1.945792620515421900e-01 1.828070452015984337e-01 3.357112528033393689e-03 2.358894910920684637e-02
1.000000000000000000e+00 7.364093632091162078e+00 2.810700075998133207e-01 2.742190946872312129e-01 2.456293633835680001e-01 2.485552491851915347e-01 2.498362346209276053e-01 1.983491853683754247e-01 1.911070337323449442e-01 1.843052338882714691e-01 3.449908764290688691e-03 2.505701389092920492e-02
1.000000000000000000e+00 7.166324898705783930e+00 2.810986466956684193e-01 2.818357949611569047e-01 2.520396831590736575e-01 2.453994652176245961e-01 2.557068350556560010e-01 2.010796366528791734e-01 1.878765006113394531e-01 1.845502834909412970e-01 3.525216687587630782e-03 2.404129355963130488e-02
1.000000000000000000e+00 4.607714931394998104e+00 2.750163708144501284e-01 2.803004493504147598e-01 2.514813089069226626e-01 2.431094467349287636e-01 2.570499195444536089e-01 1.935870354953917738e-01 1.890989712636388376e-01 1.815710379674984054e-01 3.484837136473422151e-03 2.389913888023439265e-02
1.000000000000000000e+00 6.037643741787467100e+00 2.814693612597692907e-01 2.754772470908786186e-01 2.618942106794480695e-01 2.324632616170898836e-01 2.563795740363093989e-01 1.980300384421658511e-01 1.916807134571853199e-01 1.841196822818367551e-01 3.426891223741956437e-03 2.169332087343913903e-02
1.000000000000000000e+00 3.497383979157639988e+00 2.762362256495989321e-01 2.631407223728003952e-01 2.673958674821261261e-01 2.421755868295927538e-01 2.566601358545010925e-01 2.094380305540322618e-01 1.925023571312187154e-01 1.808967787303462360e-01 3.612119618357940813e-03 2.018073017467401920e-02
1.000000000000000000e+00 3.856813651994463132e+00 2.730806736176178418e-01 2.651429091774745728e-01 2.722351266361004440e-01 2.389632014815077365e-01 2.539269782204410797e-01 2.218778394995562231e-01 1.919478651115500978e-01 1.800827287807046651e-01 3.619067648085449573e-03 2.032846365980958345e-02
1.000000000000000000e+00 3.561758258953408252e+00 2.684548077480964912e-01 2.548092446194917815e-01 2.744118316277837089e-01 2.318924007577673752e-01 2.490936260378416589e-01 2.150696389641806594e-01 1.936482471599650923e-01 1.760774257458192493e-01 3.721755472062333436e-03 2.094939053550905206e-02
1.000000000000000000e+00 3.777546947696861945e+00 2.759996700945957504e-01 2.612024906943921643e-01 2.711183725866205263e-01 2.421446173985977168e-01 2.447484242689253742e-01 2.162837283270272748e-01 1.913975078942701524e-01 1.807316757866392343e-01 3.732654175723303276e-03 2.082514036309037614e-02
1.000000000000000000e+00 5.152920217127360480e+00 2.791911218955328011e-01 2.510702706613127666e-01 2.593481114563631063e-01 2.430903826429609005e-01 2.381847661327374799e-01 2.224267764558114646e-01 1.985747430812130065e-01 1.766393227881444261e-01 3.835680977307639496e-03 2.213578344790371674e-02
1.000000000000000000e+00 4.925339391264948574e+00 2.700077746102199638e-01 2.501925629350515989e-01 2.642577963033821420e-01 2.450948265156962791e-01 2.408412266503290322e-01 2.121809790709721366e-01 1.952945314397351584e-01 1.776757636644270832e-01 3.562693064594591418e-03 2.164494298231518093e-02
1.000000000000000000e+00 2.083075010689193984e+00 2.672414611986823618e-01 2.636793079585776356e-01 2.590503298679525113e-01 2.554751477947092009e-01 2.389661224566699826e-01 2.227823488896826520e-01 1.862710044820433120e-01 1.784465977577046614e-01 3.553134392556660682e-03 2.166048601617470010e-02
1.000000000000000000e+00 3.214530072228549251e+00 2.777237367694388448e-01 2.651492121025782467e-01 2.613716817318753605e-01 2.584037030035027382e-01 2.278222850824514478e-01 2.167308846576506132e-01 1.926873373244279708e-01 1.827404440338301628e-01 3.500858843792517983e-03 2.246248788630096638e-02
1.000000000000000000e+00 3.530652680279771083e+00 2.725915286113046454e-01 2.594109814529764746e-01 2.389565952850901676e-01 2.551593244686226614e-01 2.287596051678177367e-01 2.301361356807566372e-01 1.905639031353158208e-01 1.761115582621155251e-01 3.641092871958591989e-03 2.245409852298937969e-02
1.000000000000000000e+00 3.126407208269772475e+00 2.626424639758362933e-01 2.713042431412676647e-01 2.291775023290187896e-01 2.561434180050799481e-01 2.331281340964624638e-01 2.334877471269862781e-01 1.929509776698837553e-01 1.770263960288307181e-01 3.716580569494355897e-03 2.371439221322608690e-02
1.000000000000000000e+00 1.745044184771055162e+00 2.568233034586830943e-01 2.848745485379969855e-01 2.410398505891315768e-01 2.592062562223725330e-01 2.290034729926855861e-01 2.241771741571297605e-01 1.938156415305688773e-01 1.753974648220341104e-01 3.700162145883745517e-03 2.324757569087405537e-02
1.000000000000000000e+00 4.406648598024467844e+00 2.621683877027199960e-01 2.975260277711020973e-01 2.370828832555510468e-01 2.533366165640885681e-01 2.312783404694772615e-01 2.387879889646516429e-01 1.929005670809854911e-01 1.809762676855397046e-01 3.712141423674750629e-03 2.075629023123330696e-02
1.000000000000000000e+00 2.490278260064540117e+00 2.632419450139443784e-01 2.749128488319381725e-01 2.398356613784871916e-01 2.536729821780600580e-01 2.358501519402832758e-01 2.267350171831496453e-01 2.027677504360212712e-01 1.767217624259602160e-01 3.650984299495339033e-03 1.962589541087603889e-02
1.000000000000000000e+00 3.802954544639573164e+00 2.663476689676446130e-01 2.750416469017583077e-01 2.437464459536508310e-01 2.440355716924919316e-01 2.314408199992875892e-01 2.479886859537710764e-01 2.018705572637446433e-01 1.772438933830164931e-01 3.873591757149418696e-03 2.083322500255158083e-02
1.000000000000000000e+00 4.349098017402544869e+00 2.725622243776584797e-01 2.733144816338141103e-01 2.679758551292745761e-01 2.562630668356851715e-01 2.336211170101938073e-01 2.472088453434226341e-01 1.997655132868965677e-01 1.840601647965721399e-01 3.918988324512691010e-03 1.881600485256865185e-02
1.000000000000000000e+00 3.989151076712916577e+00 2.718389123978270927e-01 2.614346475708098083e-01 2.484903925205743935e-01 2.583074117694795224e-01 2.353372939179079470e-01 2.262432102596104166e-01 2.167191347357083353e-01 1.789097984317246648e-01 3.900774707030986790e-03 1.788801459663275084e-02
1.000000000000000000e+00 5.753284562894151577e+00 2.732493885859316740e-01 2.949803917357565752e-01 2.468672673899845738e-01 2.689542352271719894e-01 2.404141843753203611e-01 2.457350308916768922e-01 2.221814980096475656e-01 1.842928438968367555e-01 3.869953771168378048e-03 1.816367733921026364e-02
1.000000000000000000e+00 5.399815510614027758e+00 2.745578797531342818e-01 3.087386117619422277e-01 2.422084853188808951e-01 2.758680291447457855e-01 2.482575012502890588e-01 2.447883092689339402e-01 2.253558984913654195e-01 1.882546378838809986e-01 4.010125653570575065e-03 1.844413396841136643e-02
1.000000000000000000e+00 5.051904843690729230e+00 2.853319695211614659e-01 3.008590423389605473e-01 2.490682644100318810e-01 2.752143952967358587e-01 2.601475398909605108e-01 2.369333928277344847e-01 2.224295682553990294e-01 1.919355786694030841e-01 4.061810578415809073e-03 1.808665433169659095e-02
1.000000000000000000e+00 4.077718925083779311e+00 2.818355973410967552e-01 3.053472361820154246e-01 2.525555753282649474e-01 2.730272498100117518e-01 2.592454612169705075e-01 2.198095082198160966e-01 2.242110602101429206e-01 1.927478139393315193e-01 3.826409092015418956e-03 1.944337060460943692e-02
1.000000000000000000e+00 6.472700473864123616e+00 2.793455001166099683e-01 3.055447585804929034e-01 2.475749473272718937e-01 2.755348358942931730e-01 2.594332874946725931e-01 2.173653964959490204e-01 2.188223224067890604e-01 1.921201686481033843e-01 3.646555580285005052e-03 1.867001677191123740e-02
1.000000000000000000e+00 5.386396522822054500e+00 2.779768448154567029e-01 2.968001966476960796e-01 2.465278275620201576e-01 2.601960242652925914e-01 2.679507825762683093e-01 2.301286532332055268e-01 2.187481285265255593e-01 1.919616157708941839e-01 3.751578109311505798e-03 1.805844064872133212e-02
1.000000000000000000e+00 8.512533957872676638e+00 2.799881477629866944e-01 2.926844740704148129e-01 2.339527530441312120e-01 2.688686695525571158e-01 2.618419759881759346e-01 2.243321386767723469e-01 2.179152814227411916e-01 1.895719997295096659e-01 3.529816737182596507e-03 1.894905383065893095e-02
1.000000000000000000e+00 8.766125573916571767e+00 2.871841355467157908e-01 2.685133541626580356e-01 2.174196885156312875e-01 2.674848900630105164e-01 2.494504472693407360e-01 2.249867258367519995e-01 2.145074844568709560e-01 1.813820119492374761e-01 3.651261334083526731e-03 1.834456166522287213e-02
1.000000000000000000e+00 7.537295832217465019e+00 2.768960483034822451e-01 2.711081921159469443e-01 2.278231320995511011e-01 2.683275070463846945e-01 2.416685060562803744e-01 2.186539879586453516e-01 2.031812581601530887e-01 1.793830188035892559e-01 3.564082032194165837e-03 1.859670734369991280e-02
1.000000000000000000e+00 5.041759112197425452e+00 2.791739038394189243e-01 2.692856483764898834e-01 2.356120028779402631e-01 2.746872835290729009e-01 2.391905918037225409e-01 2.166258110892303190e-01 1.989485335722305237e-01 1.844344187367132626e-01 3.718947299334460655e-03 1.943205799371040127e-02
1.000000000000000000e+00 4.229052764374656270e+00 2.632832849704858647e-01 2.640826896626140008e-01 2.419736242258742620e-01 2.628892868879784683e-01 2.415981223496154739e-01 2.200214850727044147e-01 1.997708384912013080e-01 1.753849259679276795e-01 3.552947950698417869e-03 2.038640458153211446e-02
1.000000000000000000e+00 4.946208219182661736e+00 2.670765301022367533e-01 2.567104271234537105e-01 2.395802473909400543e-01 2.670994351426501101e-01 2.391639657290496324e-01 2.141721438643822972e-01 2.010776900285297375e-01 1.769940425770466230e-01 3.710815039416306711e-03 2.142929054886798593e-02
1.000000000000000000e+00 2.682154537687402751e+00 2.788127715763436543e-01 2.585207194990131740e-01 2.602730299412310266e-01 2.495086586170973120e-01 2.387822288123109260e-01 2.176641994939383651e-01 1.948439025882894304e-01 1.797414728517604809e-01 3.589201662124168624e-03 2.127271554514964177e-02
1.000000000000000000e+00 4.125095398427542470e+00 2.757545296206658225e-01 2.613816561519023418e-01 2.643300450665073131e-01 2.547213325262012718e-01 2.511983290518118861e-01 2.153003487382058878e-01 1.865132339874404077e-01 1.806562492726584979e-01 3.599998487336623833e-03 2.062501655049035418e-02
1.000000000000000000e+00 2.479021945796074711e+00 2.773581276516901561e-01 2.626379756480436978e-01 2.533945686076835013e-01 2.551013974899469239e-01 2.599815537536696586e-01 2.227267524326658754e-01 1.930935910091433338e-01 1.826736112287142555e-01 3.490678128210814458e-03 2.005687463828592643e-02
1.000000000000000000e+00 1.758642094642528075e+00 2.739862778830833290e-01 2.651922582586673793e-01 2.517939246686375365e-01 2.582852611587073133e-01 2.516809663707176292e-01 2.246929210128086052e-01 1.839008160351225107e-01 1.813495552518246678e-01 3.497842544748055397e-03 2.046631599678318605e-02
1.000000000000000000e+00 4.443244075519572789e+00 2.730575927582685192e-01 2.799745848685176175e-01 2.704222699757701243e-01 2.424411477450602315e-01 2.474500770935597060e-01 2.201554203703744994e-01 1.831887467266600789e-01 1.832886602462477643e-01 3.518545892783509540e-03 2.106247256703372081e-02
1.000000000000000000e+00 4.103271870048396330e+00 2.760159899987412180e-01 2.717082410076934740e-01 2.652193418019173077e-01 2.448283660015794228e-01 2.551912977368862578e-01 2.455178586149275033e-01 1.833308046036621064e-01 1.832905067072886640e-01 3.957999343399783675e-03 2.160163633889235560e-02
1.000000000000000000e+00 4.667836308718866789e+00 2.770130990331830523e-01 2.626292715379076603e-01 2.677549623494008824e-01 2.445374399045542602e-01 2.434804598772821738e-01 2.422597133215841358e-01 1.974196126312918742e-01 1.832536377511931880e-01 3.004629537206576079e-03 2.147145820325538357e-02
1.000000000000000000e+00 4.936119164976860318e+00 2.775791988184352355e-01 2.596426104696630266e-01 2.701515944091664179e-01 2.466427253239999173e-01 2.428181549680757112e-01 2.483187059503338401e-01 2.264658917452470888e-01 1.827152232294156353e-01 4.071119588984268255e-03 2.109689269153488742e-02
1.000000000000000000e+00 5.457525447857360490e+00 2.772553845279940865e-01 2.614149207155788690e-01 2.674738346488759744e-01 2.398448553489078428e-01 2.451710062779131061e-01 2.565009368126722200e-01 2.304983269809692537e-01 1.822802324031418397e-01 3.372979553850599405e-03 2.105739981758356430e-02
1.000000000000000000e+00 5.237422304377321147e+00 2.792676060739428534e-01 2.642278714723846900e-01 2.657555838954500649e-01 2.515469947143699203e-01 2.240764064303150671e-01 2.561046819906927507e-01 2.586451784873123882e-01 1.821750208391631487e-01 3.796848226410711163e-03 2.054721462240386223e-02
1.000000000000000000e+00 5.976561556263468411e+00 2.788454045042892959e-01 2.676753771738502041e-01 2.644965772123879511e-01 2.590519561209714272e-01 2.170075119078490322e-01 2.573941741034516673e-01 2.371214625381422858e-01 1.833567161382995137e-01 3.640033751047134190e-03 1.957827198679124373e-02
1.000000000000000000e+00 6.722712315403287953e+00 2.757293482743901625e-01 2.627373858145273799e-01 2.657637759374255615e-01 2.565559628227481737e-01 2.269509942690187687e-01 2.646039371420489394e-01 2.635229630186870509e-01 1.822859394649030962e-01 3.074981413425816653e-03 1.971073370968923558e-02
1.000000000000000000e+00 8.004614378187316248e+00 2.714105471680366422e-01 2.604532711671387335e-01 2.656680616963120189e-01 2.606365929013487182e-01 2.252408738684177347e-01 2.638632276192704462e-01 2.572483721560280268e-01 1.823444758728618997e-01 3.162630292565096323e-03 1.911095659426634980e-02
1.000000000000000000e+00 5.521330186782698490e+00 2.795369611017702871e-01 2.554161854604315440e-01 2.639547271036205567e-01 2.644749090104421274e-01 2.202763041982598868e-01 2.520989132891744422e-01 2.580085162292788392e-01 1.828563785105332962e-01 2.970776855865552967e-03 1.956505922664176014e-02
1.000000000000000000e+00 6.075689559201875589e+00 2.842516028766962077e-01 2.525181938679519900e-01 2.633981799074566754e-01 2.594166953681708576e-01 2.312031390252549390e-01 2.485500040452559289e-01 2.671108345204640799e-01 1.820357936095705065e-01 3.605365016120423271e-03 1.872515840892406691e-02
1.000000000000000000e+00 6.998248910007068169e+00 2.775643471586400901e-01 2.633907006523003580e-01 2.669569924473024769e-01 2.528877031723367752e-01 2.365411324046118868e-01 2.464057487872183538e-01 2.720858309382447326e-01 1.817437912143075318e-01 2.782190133975186337e-03 1.888428537406539043e-02
1.000000000000000000e+00 5.100530421058589781e+00 2.721304690828408868e-01 2.717128526767014773e-01 2.736947431610987636e-01 2.541689552809920372e-01 2.318764508048223871e-01 2.170074548277522164e-01 2.412595156036479171e-01 1.835524351485202932e-01 3.709503458285633246e-03 1.932817019953335727e-02
1.000000000000000000e+00 8.513453167434644087e+00 2.709965597485688438e-01 2.629855517482698191e-01 2.759551231998563225e-01 2.419852801734007908e-01 2.491682065115609634e-01 2.174729779797475171e-01 2.332242043936816056e-01 1.828507951644041951e-01 3.610338851911750607e-03 1.701878118278306665e-02
1.000000000000000000e+00 8.403572214646501948e+00 2.751223668764901098e-01 2.647794808659156840e-01 2.711396002568188246e-01 2.532033392405766969e-01 2.369078457393730408e-01 2.210473136766898383e-01 2.216792389757049897e-01 1.839396823761071109e-01 3.676604466982587131e-03 1.858322797843631191e-02
1.000000000000000000e+00 7.411099578856212844e+00 2.810667099531964919e-01 2.581181629302487512e-01 2.694650172514712616e-01 2.395077358465363682e-01 2.501237435283790722e-01 2.053001038810689516e-01 2.283408688104759388e-01 1.833988544973358392e-01 3.943108654320326943e-03 1.964268809749177697e-02
1.000000000000000000e+00 5.482428828350364824e+00 2.789668967330474758e-01 2.593592345578289438e-01 2.766593253701313260e-01 2.361219385059165066e-01 2.588246079568771729e-01 2.153461495655358271e-01 2.171715715078209041e-01 1.829189328502586753e-01 3.905589101137502562e-03 1.904192521173726435e-02
1.000000000000000000e+00 6.147286148803619454e+00 2.716584979288340085e-01 2.691019607150535453e-01 2.790864242639329307e-01 2.349056491282107140e-01 2.732609375054348422e-01 2.095710706018744929e-01 2.034989308281656695e-01 1.829957246072375920e-01 3.467354106758854110e-03 1.900833349173123091e-02
1.000000000000000000e+00 6.436365650118099246e+00 2.710825506051146028e-01 2.691541715857840855e-01 2.755424451774178829e-01 2.319811538770654435e-01 2.791182455496282744e-01 2.326068219169016016e-01 2.023496585071572207e-01 1.820904313970581889e-01 3.080013088341118210e-03 2.078420865424888617e-02
1.000000000000000000e+00 7.101688416414951632e+00 2.755172793652059804e-01 2.725658152252553590e-01 2.768954354195818368e-01 2.377605402255992539e-01 2.374778855289605140e-01 2.380561415671621772e-01 1.944589613425590502e-01 1.831030496956969900e-01 3.913612768159883265e-03 2.132072603964048352e-02
1.000000000000000000e+00 6.767636244190343042e+00 2.699305223797150988e-01 2.814630308398758940e-01 2.777599849635732365e-01 2.491309559756582637e-01 2.342149984974003230e-01 2.276221269592514362e-01 1.944152854731557023e-01 1.838889107764865583e-01 3.578669450718748382e-03 2.286338128165660288e-02
1.000000000000000000e+00 6.647661411486827099e+00 2.676952437700720888e-01 2.719640960623603831e-01 2.820187447190678487e-01 2.464827093813734826e-01 2.355190808523037471e-01 2.396736097196212056e-01 1.802572101232645663e-01 1.832910872889075282e-01 3.275966697326106528e-03 2.482189456837546535e-02
1.000000000000000000e+00 7.112059312437517100e+00 2.804915183615681040e-01 2.720883773145062468e-01 2.743164859664097288e-01 2.313762107707103000e-01 2.474083428541551111e-01 2.495010114924854361e-01 1.941328634793672847e-01 1.823728044351144995e-01 3.278095360543066723e-03 2.340785656536655684e-02
1.000000000000000000e+00 6.295061491306993773e+00 2.852770345602094748e-01 2.642077816436557702e-01 2.637339320899719786e-01 2.389669914234719139e-01 2.425315423013839344e-01 2.392044004105741695e-01 1.790773508847253448e-01 1.833214456824299177e-01 3.525220233401026720e-03 2.212599222920881570e-02
1.000000000000000000e+00 7.143000201260641724e+00 2.872402506598173422e-01 2.733249376070823189e-01 2.635810540627543941e-01 2.424556885979854970e-01 2.572716915531867432e-01 2.366272952138456787e-01 1.675276922323596929e-01 1.847323621400247806e-01 3.893964360823017924e-03 2.174000193151102989e-02
1.000000000000000000e+00 6.833496934660344024e+00 2.840928983990015921e-01 2.648965162429903764e-01 2.565574661741117923e-01 2.471657252478617617e-01 2.621097588295894232e-01 2.422154796172524271e-01 1.768284244810374162e-01 1.836242857261677075e-01 3.922352068919584926e-03 2.045482480374145873e-02
1.000000000000000000e+00 5.076804917872259182e+00 2.839471660992438085e-01 2.678212444234305267e-01 2.584430203501945633e-01 2.512405933557350091e-01 2.484936351100258678e-01 2.190048724717298112e-01 1.923652873016268583e-01 1.843084719640401548e-01 2.870583216153533776e-03 2.080877312468669763e-02
1.000000000000000000e+00 4.793234732614129356e+00 2.857304649811794328e-01 2.596371291237585810e-01 2.556935105838807343e-01 2.482184883346036375e-01 2.526035925144242134e-01 2.208925754951234222e-01 2.143249184808576346e-01 1.830011091367989839e-01 3.856233204384253155e-03 2.138152229558922326e-02
1.000000000000000000e+00 4.427588725926446145e+00 2.823313809371408301e-01 2.641219553815548071e-01 2.635920054959864367e-01 2.597972943140622881e-01 2.379301839010468933e-01 2.052004128824027607e-01 1.939377788933765168e-01 1.845166298157062679e-01 3.458016156619652531e-03 2.078561050435736440e-02
1.000000000000000000e+00 4.944969807392032735e+00 2.784412099219926162e-01 2.648255615135282071e-01 2.608666385290389078e-01 2.524087622441830714e-01 2.438292319768628202e-01 2.177590805834914434e-01 2.055124239028264521e-01 1.836191218194251906e-01 2.889109639684715736e-03 2.201377765348859830e-02
1.000000000000000000e+00 8.523949256140022968e+00 2.815612119514307454e-01 2.566575550414968432e-01 2.551149962069024779e-01 2.441365078352987772e-01 2.507301960289437526e-01 2.182307453594188040e-01 2.228732782509597610e-01 1.824969352481632390e-01 2.679213339013665832e-03 2.156533737063243139e-02
1.000000000000000000e+00 8.449323029771051097e+00 2.852751651569482294e-01 2.521954928627337944e-01 2.493058266493639596e-01 2.460243418063375320e-01 2.541705315831175316e-01 2.245832576247931700e-01 2.339064978693863595e-01 1.820626728429221852e-01 3.379224681754204422e-03 2.030857390740528970e-02
1.000000000000000000e+00 7.484656280734687250e+00 2.740356858925843686e-01 2.661131102743302668e-01 2.617782592438946954e-01 2.639035932224447212e-01 2.645708854604325033e-01 2.109082611030459742e-01 2.462124067432441277e-01 1.827452094105239122e-01 3.117624314037928737e-03 2.058221643717067506e-02
1.000000000000000000e+00 8.196086241710860421e+00 2.807431459826210118e-01 2.547191844507905034e-01 2.495727811565667809e-01 2.445898548909336001e-01 2.727239094168955602e-01 2.034945340942365399e-01 2.591051426840544347e-01 1.817544595134115426e-01 2.838589374553463635e-03 2.118788632767184751e-02
1.000000000000000000e+00 7.048021107769443461e+00 2.833817720057688061e-01 2.627349642230829563e-01 2.517603751109446231e-01 2.471186502370231464e-01 2.535914523002593679e-01 2.113911803390181865e-01 2.563618730024422310e-01 1.825052780070987035e-01 3.869243068119017880e-03 2.114771631553736056e-02
1.000000000000000000e+00 1.031040238774231810e+01 2.895800080718717862e-01 2.602613004409610742e-01 2.461520174851181686e-01 2.430951278500085022e-01 2.637307356614450038e-01 2.190823584659515322e-01 2.606711954106162854e-01 1.817326897098029970e-01 4.008957607458996791e-03 2.213800740819334839e-02
1.000000000000000000e+00 4.935961741346510223e+00 2.830357153633127343e-01 2.574826246826200649e-01 2.484516664304491085e-01 2.445399113475759945e-01 2.608091016324789457e-01 2.311725000108981187e-01 2.645698227068320474e-01 1.812991020877392501e-01 2.974348230615653232e-03 2.295249297261963209e-02
1.000000000000000000e+00 4.977676848091030060e+00 2.798735235528050924e-01 2.579784981471521799e-01 2.494030483973751766e-01 2.445005415282942296e-01 2.572219038873356789e-01 2.301586212305911927e-01 2.771753462748635100e-01 1.812436198584197466e-01 3.063376121921928749e-03 2.272513880136456041e-02
1.000000000000000000e+00 3.818126301202531714e+00 2.784800627723416078e-01 2.589790265083601883e-01 2.481168673009025993e-01 2.513754528220026874e-01 2.398894894385867615e-01 2.473911120282502596e-01 3.284849588937225895e-01 1.801983095939583279e-01 3.613915398376143367e-03 2.284071602980311186e-02
1.000000000000000000e+00 4.712199871960153885e+00 2.756388000992275322e-01 2.661027376875057526e-01 2.582111055790847209e-01 2.590859227516457697e-01 2.261535290299364342e-01 2.279947814689148033e-01 3.033825945513645150e-01 1.823408816360412299e-01 3.395373606233462876e-03 2.284386766194670612e-02
1.000000000000000000e+00 4.758293020857387923e+00 2.805576554192678596e-01 2.701193882656258705e-01 2.609559242862176665e-01 2.478523297942681891e-01 2.450680713827992074e-01 2.324248515380950009e-01 3.046754373986627629e-01 1.822240473097630764e-01 4.229242096494355285e-03 2.317216313735543862e-02
1.000000000000000000e+00 1.088471178381600524e+01 2.843442839507551723e-01 2.686101241100808390e-01 2.546781489641170571e-01 2.422054983405437234e-01 2.386390144320585383e-01 2.287987935766103709e-01 2.994734362891112167e-01 1.831225035182808825e-01 2.817825969949456187e-03 2.578750714435119537e-02
1.000000000000000000e+00 1.076283484837823679e+01 2.906585469232993990e-01 2.766898361319186095e-01 2.538095298034664382e-01 2.457529050698614437e-01 2.535133972944214054e-01 2.192838397888730029e-01 3.186458682015061439e-01 1.833024863221960898e-01 4.023243718299636049e-03 2.504313779314841851e-02
1.000000000000000000e+00 1.131865154987603184e+01 2.825964706025405060e-01 2.759424731738541192e-01 2.494824697365542465e-01 2.371031824856741910e-01 2.764263008685330369e-01 2.249155053908914181e-01 3.244531440763994690e-01 1.827287632375426962e-01 3.853354335487607554e-03 2.516193526635016747e-02
1.000000000000000000e+00 5.659741463608615852e+00 2.798017817435346499e-01 2.774729941542014022e-01 2.555183286170749080e-01 2.530308739987708333e-01 2.666571165790051490e-01 2.226287688481722871e-01 3.309038008768141470e-01 1.832540042634431821e-01 4.343790438875575789e-03 2.626070894941431866e-02
1.000000000000000000e+00 6.465371557314188777e+00 2.777754175302946105e-01 2.843911508427673374e-01 2.570014137864470860e-01 2.557738499525783471e-01 2.683036992590580594e-01 2.100866093931532397e-01 3.013270952415263437e-01 1.849446982594651623e-01 4.238096881699194782e-03 2.834125988645498639e-02
1.000000000000000000e+00 6.912232445800086111e+00 2.838132757022606145e-01 2.791561622164266954e-01 2.598303953688516632e-01 2.546565014769999746e-01 2.538544792646036941e-01 1.957618794839807164e-01 3.041368912006411906e-01 1.854429096796118559e-01 3.353319729061800085e-03 2.845825538117920106e-02
1.000000000000000000e+00 4.868613030378007522e+00 2.838631392169939649e-01 2.784904040889029653e-01 2.498096942669011666e-01 2.512527310150413640e-01 2.577831105350362750e-01 2.026756209350173144e-01 3.205569986126838300e-01 1.847516167969239231e-01 3.535169520055784793e-03 2.795328959988178236e-02
1.000000000000000000e+00 6.566026568893365223e+00 2.868933734612826858e-01 2.767407953705876555e-01 2.469217295295275671e-01 2.544827815940861604e-01 2.583789902409003303e-01 2.224118960124174260e-01 3.477437194146316690e-01 1.836107699073187827e-01 3.959027487687507077e-03 2.641731018483190266e-02
1.000000000000000000e+00 6.074717806583679547e+00 2.850064062980765534e-01 2.758643050308678957e-01 2.548116677953320419e-01 2.539021438928838470e-01 2.397044563865611544e-01 2.190291669798908603e-01 3.470955599838631556e-01 1.837626141273497604e-01 3.958550157902375119e-03 2.607131020083791606e-02
1.000000000000000000e+00 5.344679648511704073e+00 2.811741296219855135e-01 2.717654566051250775e-01 2.501634630501096690e-01 2.470375050800763528e-01 2.639084055737178081e-01 2.120557740805767422e-01 3.304249899817584546e-01 1.836012016442563899e-01 3.909990919010695141e-03 2.610303769075898034e-02
1.000000000000000000e+00 4.688348353063948259e+00 2.797992226460329079e-01 2.730028578654994376e-01 2.584409788782974782e-01 2.464390415566481418e-01 2.653283433415687398e-01 1.883738273346348968e-01 3.198247674251404882e-01 1.843465722954155950e-01 3.223314676350578535e-03 2.588709174190436529e-02
1.000000000000000000e+00 3.713450454469921169e+00 2.799793867385783619e-01 2.643919213621950814e-01 2.501516595271964793e-01 2.458962206568201248e-01 2.703723433356949313e-01 2.115498300022018718e-01 3.363945824827616615e-01 1.826723174041226250e-01 3.425583578321990830e-03 2.532135315809815393e-02
1.000000000000000000e+00 1.011879187960025739e+01 2.736923643807898654e-01 2.710720122240816155e-01 2.578231728579211679e-01 2.429174051195899797e-01 2.694172251770785009e-01 1.959494171415141761e-01 3.096774923478851638e-01 1.837225494661885172e-01 3.334648017846910967e-03 2.448513033761372595e-02
1.000000000000000000e+00 6.272387335343534431e+00 2.754906786431057797e-01 2.862597897273186920e-01 2.597697672742033115e-01 2.514901759605334686e-01 2.636744824965845946e-01 1.901822497958468028e-01 3.062683178680569163e-01 1.848492219453900243e-01 3.802488888541740754e-03 2.623513309261961413e-02
1.000000000000000000e+00 6.453770766867930497e+00 2.769733894791473472e-01 2.771972200532986097e-01 2.560864928911013028e-01 2.504951095035449216e-01 2.673103631012765935e-01 2.025952674251479679e-01 3.104321100314906268e-01 1.838558173987691335e-01 4.169438830067784610e-03 2.561711094333977631e-02
1.000000000000000000e+00 5.127148514082819020e+00 2.756566604714830726e-01 2.810694116633780659e-01 2.484444432626425614e-01 2.388172994610949229e-01 2.702861686159902521e-01 1.979333831662145882e-01 3.274804365616328372e-01 1.837948468089233844e-01 3.007617289476269967e-03 2.751505348964156800e-02
1.000000000000000000e+00 3.681950982365822966e+00 2.814633589940890857e-01 2.782027159446361919e-01 2.422674966198556379e-01 2.481550923740963310e-01 2.681887989832210106e-01 2.113819545637117270e-01 3.500235320028070030e-01 1.835539069997785544e-01 3.499768812535929488e-03 2.624516991188126022e-02
1.000000000000000000e+00 2.668185072507453626e+00 2.778621218158650041e-01 2.758729638638393045e-01 2.430656280403332981e-01 2.542523158202874556e-01 2.537164266888401465e-01 1.981725312676911599e-01 3.421837347213205760e-01 1.846252637179071343e-01 3.487604662218365698e-03 2.600177600122404245e-02
1.000000000000000000e+00 2.370393606174568735e+00 2.770314020414579304e-01 2.787982178367258701e-01 2.504710293479152639e-01 2.629492488178004073e-01 2.492512372930296705e-01 2.033941793180749358e-01 3.335232421607600140e-01 1.852104069188280355e-01 3.777447135115578197e-03 2.548471965771685263e-02
1.000000000000000000e+00 3.186496195526121511e+00 2.735177350354595083e-01 2.857739298970232711e-01 2.504063764351989740e-01 2.537790535029936234e-01 2.689002829668845074e-01 2.032687680568082411e-01 3.357091065712842215e-01 1.853155172140133478e-01 3.270843442473732841e-03 2.504522275844711307e-02
1.000000000000000000e+00 3.683179888769323007e+00 2.721564835044344988e-01 2.868177081897813063e-01 2.501212325263165726e-01 2.515163833347610622e-01 2.687714859301143511e-01 1.935769435190919097e-01 3.509352599718190691e-01 1.850528338596297007e-01 3.433350613470584171e-03 2.332546350823839695e-02
1.000000000000000000e+00 4.052492741159734457e+00 2.754496628196894115e-01 2.884063608388249822e-01 2.492295829004135543e-01 2.562523365272415532e-01 2.584579940255843367e-01 1.903903580197879308e-01 3.451183558206659119e-01 1.854563718812304030e-01 3.524429011192234135e-03 2.309045620882232627e-02
1.000000000000000000e+00 4.773784613820931000e+00 2.764668677291638454e-01 2.828141765973182231e-01 2.509546598371359960e-01 2.378202252165014241e-01 2.625445663360161941e-01 2.110264571288616442e-01 3.588429481039091540e-01 1.837338531770117134e-01 3.090840179635360487e-03 2.426152188023568412e-02
1.000000000000000000e+00 4.969908971247170015e+00 2.663349073538134326e-01 2.835586786368639034e-01 2.482756079165497620e-01 2.384593302961626748e-01 2.652401787356188367e-01 2.209386241673398366e-01 3.588122524184986228e-01 1.834697045244945979e-01 3.328157907105229463e-03 2.553263450437782273e-02
1.000000000000000000e+00 3.208460181696311864e+00 2.721796347982957665e-01 2.894602155331720272e-01 2.537825611797850378e-01 2.484605105966258276e-01 2.509092490134144371e-01 2.304134407883858537e-01 3.500541563806733869e-01 1.847839351170660616e-01 3.155851022017656243e-03 2.492508792199749079e-02
1.000000000000000000e+00 3.046129961476416348e+00 2.708460151204436506e-01 2.888139018332577246e-01 2.551382960857437876e-01 2.525225108270146568e-01 2.463790631651201490e-01 2.363547687323807045e-01 3.520846272649372777e-01 1.845893111523313201e-01 3.265571708264471042e-03 2.745699731815290368e-02
1.000000000000000000e+00 6.567404793288640796e+00 2.750892255721480439e-01 2.864399729033773045e-01 2.584739362964807996e-01 2.527989559557493604e-01 2.470717104239863737e-01 2.234279247790891265e-01 3.415251378928467751e-01 1.851148604458224545e-01 4.232227049567008348e-03 2.793252168377633946e-02
1.000000000000000000e+00 5.919165477467741354e+00 2.822893073572397826e-01 2.740742371325505244e-01 2.528488898568876930e-01 2.428047134815201069e-01 2.717997390402008273e-01 2.203351467380590401e-01 3.340315991286976760e-01 1.841143592771037063e-01 3.458571182643278667e-03 2.735504963819685928e-02
1.000000000000000000e+00 3.580954165931287125e+00 2.819174974683978374e-01 2.708554121174992502e-01 2.562382219983118103e-01 2.417296724504998662e-01 2.572855445261713614e-01 2.390676187700132849e-01 3.421425614016948558e-01 1.835557400967040842e-01 3.138101840019851766e-03 2.717317261373302512e-02
1.000000000000000000e+00 3.808845687014576598e+00 2.760790417319606838e-01 2.746161385066556160e-01 2.636872974228492983e-01 2.522993417041209940e-01 2.486682346786742992e-01 2.189692557700533559e-01 3.578660793319033973e-01 1.843530274525625734e-01 2.719014801682909360e-03 2.550337348882758884e-02
1.000000000000000000e+00 2.215328189160330474e+00 2.724527398871727790e-01 2.836568742617225358e-01 2.628727192335432172e-01 2.529146519871001142e-01 2.593246821864513829e-01 2.179460842566342538e-01 3.559265224533986194e-01 1.849947972717911893e-01 3.711277631574186418e-03 2.425098153352226588e-02
1.000000000000000000e+00 1.741597052985688565e+00 2.728806256610709080e-01 2.750172686139753520e-01 2.626527741264944038e-01 2.517358900674664945e-01 2.500723978863376717e-01 2.235624470507506512e-01 3.828721820497709705e-01 1.839567444482941294e-01 3.487666913338850240e-03 2.375284860583323082e-02
1.000000000000000000e+00 4.293110457521400747e+00 2.737569014702331827e-01 2.726084711244936010e-01 2.602095851025661433e-01 2.452875344034105565e-01 2.511021059857106441e-01 2.277845735104247205e-01 3.798301126955082596e-01 1.836701529457011317e-01 2.752554299861023970e-03 2.315014167965311759e-02
1.000000000000000000e+00 3.653685552448191487e+00 2.734133958712370860e-01 2.723787549919231554e-01 2.563984949507073230e-01 2.533368230400888099e-01 2.459732671949143856e-01 2.340510770736934920e-01 4.018577150124152397e-01 1.833596620352285489e-01 2.717598066118755758e-03 2.248806396463050306e-02
1.000000000000000000e+00 1.037424876729250123e+01 2.742791817646124675e-01 2.659723347051337061e-01 2.533328807200119770e-01 2.600740735937616677e-01 2.399337946158470736e-01 2.282309633324370868e-01 4.133786217654205619e-01 1.834363411523289855e-01 2.693184773449982822e-03 2.337230354637960528e-02
1.000000000000000000e+00 8.842313036792818437e+00 2.837113016456399017e-01 2.645433917417940317e-01 2.582643259032386673e-01 2.510945752735011527e-01 2.410228676897619715e-01 2.251143935186492862e-01 4.537537757720275233e-01 1.821143156067530355e-01 4.409431229703681537e-03 2.126478369488851369e-02
1.000000000000000000e+00 6.813259515434330282e+00 2.801742407333703833e-01 2.681309081901302460e-01 2.592992978429488060e-01 2.492591224245534198e-01 2.441070504203259328e-01 2.191204968533571329e-01 4.611563052739700574e-01 1.825673582622937552e-01 2.395326281586571907e-03 2.056270603610265910e-02
1.000000000000000000e+00 4.408163339388382340e+00 2.796373040100582630e-01 2.695005203615227218e-01 2.424224037352880334e-01 2.539882878075511718e-01 2.601002993828365195e-01 2.266203447161491413e-01 4.552616524681782351e-01 1.825132847015741855e-01 3.321322259274824516e-03 2.117832136133611029e-02
1.000000000000000000e+00 5.135973748568503972e+00 2.822466552218675373e-01 2.707470191379350855e-01 2.526100279738098808e-01 2.669584934169106916e-01 2.392839767229225090e-01 2.156938973208658294e-01 4.381239947616376029e-01 1.840245782187157342e-01 2.759346167985901425e-03 2.061128798296956235e-02
1.000000000000000000e+00 2.933606817292345070e+00 2.767398318196420681e-01 2.792422979565372665e-01 2.445167591163103504e-01 2.610101624387697883e-01 2.434842331484215194e-01 2.120088637649575614e-01 4.413968570488825960e-01 1.841286664255073202e-01 3.031689671412495218e-03 2.221446323713239385e-02
1.000000000000000000e+00 5.161455115891902423e+00 2.733822183040467979e-01 2.829419966074957493e-01 2.498099259569452335e-01 2.744614647900275317e-01 2.490496723630913900e-01 2.176966299725395793e-01 4.366950917147662259e-01 1.843647955041323450e-01 3.169610268989550474e-03 2.051475130225070137e-02
1.000000000000000000e+00 7.871220033641091796e+00 2.777732655496877867e-01 2.723829641578001115e-01 2.357131229182560239e-01 2.731586795304045134e-01 2.573218051841861254e-01 2.152020824777264862e-01 4.248034380885984951e-01 1.843342057841863002e-01 3.550973945378274165e-03 2.180614429677175600e-02
1.000000000000000000e+00 6.627022246152229457e+00 2.836379059956729010e-01 2.782413331662124123e-01 2.317930678425522695e-01 2.718639750158999835e-01 2.433563356887825657e-01 1.909550021064550240e-01 4.082503526537002991e-01 1.860212264908003843e-01 3.062699488168109559e-03 2.108048670492566543e-02
1.000000000000000000e+00 6.608349693923215362e+00 2.807840071232980406e-01 2.802031736377302296e-01 2.342300414762465421e-01 2.607137837284891346e-01 2.527706905040345009e-01 2.140229554728545480e-01 4.301303346691250362e-01 1.843117562432520229e-01 3.681660379455477250e-03 2.120456047496605337e-02
1.000000000000000000e+00 5.726109225263166458e+00 2.638237984347928111e-01 2.904303124823861548e-01 2.434023724773135555e-01 2.648208284857828665e-01 2.597243198247319862e-01 2.108208562382732354e-01 4.111912926389576506e-01 1.847028926220047051e-01 3.355672777345259858e-03 2.102043658353596953e-02
1.000000000000000000e+00 7.062331905965456791e+00 2.705230414898197044e-01 2.999507163587076808e-01 2.395554735036332650e-01 2.608344062915302075e-01 2.564810683456206775e-01 2.040411803977260075e-01 4.199676207544510431e-01 1.850057092358443345e-01 2.491201596702622388e-03 2.241785227735012404e-02
1.000000000000000000e+00 4.950424043432090748e+00 2.648439524465489026e-01 3.137463334148558602e-01 2.334332183098606628e-01 2.638984610951695120e-01 2.597774296750605671e-01 2.209350218553986500e-01 4.233038749420178215e-01 1.851055549456085969e-01 3.404039234802356574e-03 2.248355158166528978e-02
1.000000000000000000e+00 5.907582345495350218e+00 2.714362096360999899e-01 3.040573653220564609e-01 2.236414582167695897e-01 2.575628286870562667e-01 2.647548327237184695e-01 2.174891173632126917e-01 4.491432577892915945e-01 1.839297249940945456e-01 2.996424474485282798e-03 2.157905392198389630e-02
1.000000000000000000e+00 6.173956042880241135e+00 2.708901997906722481e-01 2.983681673245347499e-01 2.216371372033220655e-01 2.692492452862619845e-01 2.531375582596941398e-01 2.193799190051458625e-01 4.593456902560302813e-01 1.841466673439630664e-01 3.241166438985246777e-03 1.987484569702900258e-02
