1.000000000000000000e+00 9.871638014846175224e+01 2.538306370428319303e-01 2.416592721278593703e-01 2.605309549432071603e-01 2.314041224500756055e-01 2.365349392707613296e-01 1.998366100042309190e-01 2.274584516848016380e-01 1.472736330927241766e-01 2.403265571488637231e-01 1.790212218603937644e-01 2.861796125255534617e-01 2.424911819717277262e-01 2.593881843469220128e-01 2.984450696494187483e-01 2.874449936604078215e-01 1.853604034806934364e-01 2.644148272615680639e-01 3.262733668740906978e-01 1.683216581732782935e-01 3.615508708511862377e-03 2.449513452033722297e-02
1.000000000000000000e+00 4.066682425391240940e+01 2.402605978978838153e-01 2.489833987302243479e-01 2.380950421694900954e-01 2.527800464105570133e-01 2.176845351849490684e-01 2.153514616105701440e-01 2.374563488395731725e-01 1.890823393086811521e-01 2.030510310504828608e-01 1.688034195026860973e-01 2.613221029062253176e-01 2.484640133862368039e-01 2.685009243863654138e-01 3.109185834958057004e-01 2.313716009860729284e-01 2.372480593361929180e-01 2.623280688922810522e-01 2.519137180579441027e-01 1.643002095432518350e-01 3.382960295266993107e-03 2.493126637583837485e-02
1.000000000000000000e+00 8.469727856737108596e+00 2.476969269532880713e-01 2.577809456782566566e-01 2.311464844911476635e-01 2.528188861080461480e-01 2.092331774417633683e-01 2.064933704948521687e-01 2.348889255715380098e-01 1.877446781147381893e-01 2.033720979629730918e-01 1.638476584036221151e-01 2.587482455763902012e-01 2.467446352170919732e-01 2.563911781559392034e-01 3.172972938928341202e-01 2.254715086462316942e-01 2.335226723295302786e-01 2.567637489866672618e-01 2.419867573573855069e-01 1.642255293400288196e-01 3.666858887413920829e-03 2.478163997127438845e-02
1.000000000000000000e+00 9.359622161878117907e+00 2.507510395440833428e-01 2.702737832403619977e-01 2.365787928898449299e-01 2.380309070786924552e-01 2.251872500489970064e-01 1.964415288319941721e-01 2.391730341021841288e-01 1.826266007031176197e-01 2.066117100690768038e-01 1.576272828579906582e-01 2.740869999308778171e-01 2.335164661097807459e-01 2.687094769274226413e-01 3.222205050578542673e-01 2.423135034226241713e-01 2.276045881910816471e-01 2.366649096502061456e-01 2.662415218898067093e-01 1.684950138156136035e-01 3.514126984679238550e-03 2.421292106742708658e-02
1.000000000000000000e+00 8.093090765945838427e+00 2.533408564957166931e-01 2.710335954463918839e-01 2.416320336945096126e-01 2.377092546382797156e-01 2.289269976658487027e-01 1.965797954994502328e-01 2.423856554637417171e-01 1.741158229898642773e-01 2.074235424946427597e-01 1.377514478359102013e-01 2.683106282156769162e-01 2.296271983487431501e-01 2.841508065856236942e-01 3.218666650932702766e-01 2.351107128837011950e-01 2.228949703181164477e-01 2.560524293832227016e-01 2.673075623380325450e-01 1.671419570657407816e-01 3.639878091967771977e-03 2.612490331913316227e-02
1.000000000000000000e+00 7.513422045305982344e+00 2.523929675985640553e-01 2.639295464850012207e-01 2.442070995764610009e-01 2.379954068953529789e-01 2.173348253624316218e-01 2.022618378843714926e-01 2.376328807674432941e-01 1.811432904152346091e-01 2.001891286831783134e-01 1.411319823027611109e-01 2.705485404070749889e-01 2.427629030040705516e-01 2.941614176396974423e-01 3.090771501755856243e-01 2.341910184637305825e-01 2.201897396907096238e-01 2.472482916651257134e-01 2.770365950245703424e-01 1.666837850801470844e-01 3.598765442246198727e-03 2.543178886107996806e-02
1.000000000000000000e+00 6.851605290083425892e+00 2.522798545946492998e-01 2.630574159858227179e-01 2.452687405998366377e-01 2.364734758697533690e-01 2.270094324616419301e-01 2.070601589611084092e-01 2.337957481129880333e-01 1.716083775818100787e-01 2.211190696864008265e-01 1.417526852918838121e-01 2.729889635082925481e-01 2.281437819938565426e-01 2.768630919640366894e-01 3.131975251385435421e-01 2.456387019393623528e-01 2.394714021755964539e-01 2.452734759067373427e-01 2.712225419397562010e-01 1.658691455297972572e-01 3.698049417516991160e-03 2.539876018780743566e-02
1.000000000000000000e+00 8.702577407690666789e+00 2.555968869498173035e-01 2.629323007950498114e-01 2.382875038043230642e-01 2.385331540732509303e-01 2.250993863103372128e-01 2.148623605073858855e-01 2.368012554392645019e-01 1.727280358199249910e-01 2.312112438776015577e-01 1.458082216619407401e-01 2.620818893524983206e-01 2.440365852620655640e-01 2.648015427249378884e-01 3.151307128368314170e-01 2.475141459850824233e-01 2.466233918160002925e-01 2.492881037810056044e-01 2.701505328547435525e-01 1.699641937302649453e-01 3.469296676431507780e-03 2.635140051094293778e-02
1.000000000000000000e+00 8.563467294826965670e+00 2.509526350219311031e-01 2.619312079850755759e-01 2.404116798363888086e-01 2.273644833379709906e-01 2.375999511941676579e-01 2.119144632096360559e-01 2.264573264139635445e-01 1.696098443218898300e-01 2.279348352793044430e-01 1.351485132064939587e-01 2.560000032932849279e-01 2.387146261129839131e-01 2.736338115290811723e-01 3.032047468732531614e-01 2.499841581310572047e-01 2.313998253487322410e-01 2.495208821832783086e-01 2.542996346725412415e-01 1.662941676897364829e-01 3.407494826806785424e-03 2.697554379118964271e-02
1.000000000000000000e+00 7.419854024860220498e+00 2.550753028636983388e-01 2.575338164070846703e-01 2.523900266509042645e-01 2.177728327125308116e-01 2.447937737323463703e-01 2.059784472101950648e-01 2.297990299173575945e-01 1.665501919846708034e-01 2.181576611743661631e-01 1.383370530469275883e-01 2.707579513900775781e-01 2.412140894766817145e-01 2.750316132485886023e-01 3.016026826719190868e-01 2.552600703151148842e-01 2.236483634745484728e-01 2.487222160574177887e-01 2.560522042640391294e-01 1.670913548886424627e-01 3.428045029252987843e-03 2.596596923704121845e-02
1.000000000000000000e+00 1.046229294241486230e+01 2.508704193896323931e-01 2.596022816843666647e-01 2.517580881027269291e-01 2.226572725133841579e-01 2.448157697123441445e-01 1.980935354217473188e-01 2.147968005254261015e-01 1.711360460607979084e-01 2.136571088183259748e-01 1.423122143886348945e-01 2.840852865108724479e-01 2.301485227873189265e-01 2.819937653769291619e-01 2.892203376094778511e-01 2.698304910726150307e-01 2.117810891778846849e-01 2.554830526166076421e-01 2.562773906013080527e-01 1.665569217546441494e-01 3.461590915865557939e-03 2.683509401240384215e-02
1.000000000000000000e+00 1.094770197464949391e+01 2.629725465349105895e-01 2.524234234177009650e-01 2.471458605469153968e-01 2.322000094918493796e-01 2.430930879691131641e-01 2.106398416517907546e-01 2.209214741095735512e-01 1.719797729280322374e-01 2.157419402140788589e-01 1.509231160709040009e-01 2.721462389722857367e-01 2.344342299018089271e-01 2.948005319439165883e-01 2.878526564763064233e-01 2.715847608003414959e-01 2.248293068478446621e-01 2.612671654409004507e-01 2.385157898302368296e-01 1.688291337825855720e-01 3.370560312109733333e-03 2.674939094753556179e-02
1.000000000000000000e+00 1.144119400178097301e+01 2.513379955286338396e-01 2.418956221251379879e-01 2.550115447176016792e-01 2.351237817605329739e-01 2.491141998156555237e-01 2.137929145897453087e-01 2.164950834876881169e-01 1.782386677071079450e-01 2.153651809061795097e-01 1.648727776731934713e-01 2.712587954758809428e-01 2.473513280277291060e-01 2.970810170611215550e-01 2.806444051512566040e-01 2.703218607731950329e-01 2.121457267452236950e-01 2.677550680620294776e-01 2.551424640765759255e-01 1.691247817413007726e-01 3.320690788072028048e-03 2.566272836767111154e-02
1.000000000000000000e+00 1.152157650410112133e+01 2.550711715486257969e-01 2.542172306298995377e-01 2.567977912135286922e-01 2.377849379952122477e-01 2.532290805600131423e-01 2.154280908160753349e-01 2.292027866947659587e-01 1.858277156866090241e-01 2.220758311091581838e-01 1.716687587565421669e-01 2.821880836004000415e-01 2.422302181764306173e-01 3.079298705268522229e-01 2.755455561228841721e-01 2.901904020344494572e-01 2.176908128762279904e-01 2.762056155990196826e-01 2.731282895979044723e-01 1.726332305874713757e-01 3.307850987439199184e-03 2.473389434157297756e-02
1.000000000000000000e+00 9.491394053503977801e+00 2.592830576162604150e-01 2.490555341891514951e-01 2.649800301491206378e-01 2.312821902157743692e-01 2.489556492964961343e-01 2.044205996826030103e-01 2.287143984098241323e-01 1.796697066061692938e-01 2.223249177829429712e-01 1.680588933587132405e-01 2.864612656776936994e-01 2.382017735332495334e-01 3.100681770906676959e-01 2.905624924882204696e-01 2.912174965037427343e-01 2.109547207346245401e-01 2.767640918510257397e-01 2.840986792920801030e-01 1.732948890834964117e-01 3.461903354925259003e-03 2.565675053478307793e-02
1.000000000000000000e+00 1.223193968454775593e+01 2.741095929974483592e-01 2.399313747701540822e-01 2.630039403700609735e-01 2.198643840023805918e-01 2.462717923430591815e-01 2.226574050438340502e-01 2.185254183210745549e-01 1.817580819027054262e-01 2.368914309457367806e-01 1.710603471738155745e-01 3.029966968615822043e-01 2.279537653887449278e-01 3.246071508193276167e-01 2.859064904426656395e-01 2.806999593379313485e-01 2.218348724159022733e-01 2.615010483902818206e-01 2.916235482567883786e-01 1.721647468020344185e-01 3.612884912296122127e-03 2.471908327470349886e-02
1.000000000000000000e+00 1.764668383768663418e+01 2.550978890432710200e-01 2.677923962756305065e-01 2.767518030736859092e-01 2.232515163528993318e-01 2.348303868525671301e-01 2.236439136512115011e-01 2.245676056518031705e-01 1.632528785915042802e-01 2.380406548773022213e-01 1.709452063853030834e-01 3.017181892891565576e-01 2.305934833876622791e-01 3.129335350460021314e-01 2.822163611918206416e-01 2.800535529796631673e-01 2.078530028422395926e-01 2.702248888637198698e-01 3.198505654025175504e-01 1.735768759091466940e-01 3.743216423850075428e-03 2.536576961912171552e-02
1.000000000000000000e+00 1.774185033224046393e+01 2.462413168419193832e-01 2.664145786946799377e-01 2.739767284952627224e-01 2.140427944846546027e-01 2.347201594444469630e-01 2.155274178308672628e-01 2.234768381163302342e-01 1.660724636010245947e-01 2.395984655773369942e-01 1.740795108509950451e-01 2.894402312122951182e-01 2.338335188273452381e-01 3.060609976220610706e-01 2.954458749545988416e-01 2.806618598761332906e-01 1.973913434666660360e-01 2.737308911408166123e-01 3.278901170941069809e-01 1.703403225704775426e-01 3.667763336470679109e-03 2.545323291361714299e-02
1.000000000000000000e+00 1.825655998269697378e+01 2.527165891415357746e-01 2.392461338572066942e-01 2.660554220943311399e-01 2.319292239242599085e-01 2.331402489368226694e-01 2.028519207484762443e-01 2.211299606417674590e-01 1.663124122904996449e-01 2.443051987004025705e-01 1.773725968990064739e-01 2.963804886335740796e-01 2.307012174424232787e-01 2.847227444379290540e-01 2.935622804137354991e-01 2.807825562899656235e-01 1.947828563628923870e-01 2.756072018383646238e-01 3.401603509874357445e-01 1.705187775793866323e-01 3.707601335044295732e-03 2.583150866511443183e-02
1.000000000000000000e+00 1.803075991202312522e+01 2.538306370428319303e-01 2.416592721278593703e-01 2.605309549432071603e-01 2.314041224500756055e-01 2.365349392707613296e-01 1.998366100042309190e-01 2.274584516848016380e-01 1.472736330927241766e-01 2.403265571488637231e-01 1.790212218603937644e-01 2.861796125255534617e-01 2.424911819717277262e-01 2.593881843469220128e-01 2.984450696494187483e-01 2.874449936604078215e-01 1.853604034806934364e-01 2.644148272615680639e-01 3.262733668740906978e-01 1.683216581732782935e-01 3.615508708511862377e-03 2.449513452033722297e-02
