1.000000000000000000e+00 1.249521549121221398e+02 2.225361238011511200e-01 2.849622448621673132e-01 2.024098216848522203e-01 2.441476282252040275e-01 1.653946470222520115e-01 2.146334195840930159e-01 2.097332695777132938e-01 2.032030493129035609e-01 1.564731670813562792e-01 2.052404323789467355e-01 2.009616751569777704e-01 2.314312594015847380e-01 3.010191518401806321e-01 2.657306177795274449e-01 2.196329381231213740e-01 1.819125187966030843e-01 2.737491864831173016e-01 1.477886801103492909e-01 1.545705819068424192e-01 2.781286347036217473e-03 1.962334862983142886e-02
1.000000000000000000e+00 4.881789099791048869e+01 2.532902778667880939e-01 2.574306524723973810e-01 2.365993380560387771e-01 2.176966776526005343e-01 2.277355381323356576e-01 2.076897242803768528e-01 2.288176509020056482e-01 1.936901975058746561e-01 1.868141532694069795e-01 1.739733810876969988e-01 2.584097183854427437e-01 2.451249622420559882e-01 2.858362095721385665e-01 3.006397770007711578e-01 2.349501109135584409e-01 2.349824166824798499e-01 2.571110406672615922e-01 2.573306436223734561e-01 1.679587254330574542e-01 3.408512218840361457e-03 2.505912661663317956e-02
1.000000000000000000e+00 2.498895949102637815e+01 2.521868546669425171e-01 2.550411891981445578e-01 2.415576464895289599e-01 2.134459048178272700e-01 2.006318715656420781e-01 2.068601753954968092e-01 2.346832790951554060e-01 2.030605521819905390e-01 1.940446380187311470e-01 1.758143748273895135e-01 2.550305859187445567e-01 2.412910567217483038e-01 2.688834665105937494e-01 3.150433468013683069e-01 2.377892461963722892e-01 2.275499046880817278e-01 2.483678375214445622e-01 2.424985345922328339e-01 1.625312625452453030e-01 3.525718983750575092e-03 2.548178890581065392e-02
1.000000000000000000e+00 2.435904289351593732e+01 2.617240603419367373e-01 2.693759577723487397e-01 2.435411030310369873e-01 2.094584987627718664e-01 2.039780461021865887e-01 2.093167992182550508e-01 2.577169884464050043e-01 2.117370094179063800e-01 1.925917798066178466e-01 1.806749684050805993e-01 2.387049524365645881e-01 2.456237226767556125e-01 2.545855296058994743e-01 3.341043968909676587e-01 2.361339644493489209e-01 2.262540810010787162e-01 2.575170384273375301e-01 2.461621282650192366e-01 1.671968083306812902e-01 3.681099688757699922e-03 2.549753806411913029e-02
1.000000000000000000e+00 2.085036810274146646e+01 2.532679900070889389e-01 2.646556908457974866e-01 2.530599287558197852e-01 2.187785065389706574e-01 2.144879479984762305e-01 1.888649053503843600e-01 2.431866561048736108e-01 2.025030074646715084e-01 1.903619578291229908e-01 1.871457507306412138e-01 2.318905780161138463e-01 2.417412163672680026e-01 2.660034764455457834e-01 3.386721526045673447e-01 2.341403418890407595e-01 2.362726229197648631e-01 2.748877220497850660e-01 2.532729429832225598e-01 1.685177236775449727e-01 3.773337055037377305e-03 2.527647222123571499e-02
1.000000000000000000e+00 8.578301538500982204e+00 2.553477152656736804e-01 2.592646784250174363e-01 2.424957935649400265e-01 2.264279991331648589e-01 2.254731001686988145e-01 1.951383542571395735e-01 2.318500106824481766e-01 1.951171355172994781e-01 1.823212436130279557e-01 1.862634196679652798e-01 2.223438988102651170e-01 2.492847123772761186e-01 2.602467221755132565e-01 3.417874858933657722e-01 2.295427974695407602e-01 2.112981615718275141e-01 2.738832671254022855e-01 2.569880751185983359e-01 1.647011052959431732e-01 3.759527597756907261e-03 2.592718979038778973e-02
1.000000000000000000e+00 6.786300444245346952e+00 2.611533660220691777e-01 2.395736320941971864e-01 2.398683691663012207e-01 2.260079873997174471e-01 2.297731401150072406e-01 1.934080174791102391e-01 2.374542260293973639e-01 1.930517437562120076e-01 1.828517016127823580e-01 1.852529613547228282e-01 2.107253103115707682e-01 2.587998368585029962e-01 2.509404555516137614e-01 3.358437945154058024e-01 2.232153261000798528e-01 2.096878141263107120e-01 2.810391622120259059e-01 2.663881027602342799e-01 1.622458837621490735e-01 3.855778878851592005e-03 2.699444183879008696e-02
1.000000000000000000e+00 8.388511317455012772e+00 2.604022333806648715e-01 2.385770475974648697e-01 2.524866559746077876e-01 2.272467475355519906e-01 2.135601184591552348e-01 1.918562809330413010e-01 2.281607792404119484e-01 1.912635170759990344e-01 1.869694323659807089e-01 1.943765287331835345e-01 2.156181059216861762e-01 2.554509809187520131e-01 2.550455573333960113e-01 3.087882929815088939e-01 2.182471585562241745e-01 2.109595645562859501e-01 2.793470199356614669e-01 2.637092341714955546e-01 1.640193844904258569e-01 3.897829517143862679e-03 2.701049095318595883e-02
1.000000000000000000e+00 5.040029399406966704e+00 2.628549621815882142e-01 2.347460971711539113e-01 2.608685597818601876e-01 2.242611349514051500e-01 2.178251288469515989e-01 2.084737742469794930e-01 2.083610293465005536e-01 1.959846289202506198e-01 1.845034640151102523e-01 1.960936341324613363e-01 2.111923240825372694e-01 2.413078377851527456e-01 2.724640366285055459e-01 3.099732642706714558e-01 2.271986431764869696e-01 2.214736465649962127e-01 2.743272351099824702e-01 2.471902372635535750e-01 1.652608791695309443e-01 3.659056298976949475e-03 2.572595679135254720e-02
1.000000000000000000e+00 5.784608484948117635e+00 2.582534089872585703e-01 2.257873534510529967e-01 2.642997408662917103e-01 2.269728074724329248e-01 2.093853353337704615e-01 2.085527045391666334e-01 2.002290720537379387e-01 1.989180729901241784e-01 1.915163348202751359e-01 1.948362480991789880e-01 2.184171508901299463e-01 2.512169571402149693e-01 2.688762962473920659e-01 3.067032273694315636e-01 2.452758958328051797e-01 2.094081652584890707e-01 2.565498868417248057e-01 2.514333315869829444e-01 1.628428869737608975e-01 3.640208757864821492e-03 2.499735014367713420e-02
1.000000000000000000e+00 7.609447725266722529e+00 2.620489864150532533e-01 2.250126466303492001e-01 2.511755646164143818e-01 2.162308580282123749e-01 2.141632998206503546e-01 2.229795049619071601e-01 1.933737762284017947e-01 2.050666169034883191e-01 1.909419385132934965e-01 2.033265197693034654e-01 2.107306069955477978e-01 2.455574852707412548e-01 2.634316123434115031e-01 2.877667816207475360e-01 2.447161777335561672e-01 2.276510393251108821e-01 2.573971722729623268e-01 2.468756021856818861e-01 1.628213423520878944e-01 3.740454756799069420e-03 2.381293955317028560e-02
1.000000000000000000e+00 7.364752189942286087e+00 2.686066535849357950e-01 2.130973070721063345e-01 2.440069097372752627e-01 2.280537374308000964e-01 2.236312340497124129e-01 2.337895179151217584e-01 1.916567222639405932e-01 2.012838480130975938e-01 1.957935504782286895e-01 2.002393644187923094e-01 2.074630115979245182e-01 2.551114712964305808e-01 2.843862718257871292e-01 2.800579773679277573e-01 2.382740618684971445e-01 2.279097138617371954e-01 2.553969328614025813e-01 2.612122371276569543e-01 1.638854730352331257e-01 3.665452356414784871e-03 2.275460461979884885e-02
1.000000000000000000e+00 7.035480771557076629e+00 2.673955873756194701e-01 2.128683174232913200e-01 2.435802836640257596e-01 2.272339717664691450e-01 2.273048907446354738e-01 2.352437444277644674e-01 1.906820397818735358e-01 2.029199632850804680e-01 1.870720871434532750e-01 1.964561941878003870e-01 2.159913912925060797e-01 2.357217181868265787e-01 3.066715198926211472e-01 2.797665603876732798e-01 2.264440188255041342e-01 2.260166593053234418e-01 2.594433953836479123e-01 2.566961899139646452e-01 1.631487962821671911e-01 3.711085083167522166e-03 2.356729972308320084e-02
1.000000000000000000e+00 6.135234510339576453e+00 2.714048906701949093e-01 2.179323417329792623e-01 2.403565793493427361e-01 2.260475449028023498e-01 2.136232987674616390e-01 2.346312965371328552e-01 2.044525986962952291e-01 1.994488529885402872e-01 1.753863559527354399e-01 1.936350979548248918e-01 2.137085134449716872e-01 2.307116638370057815e-01 3.208351895180335811e-01 2.939226447005409693e-01 2.337570708919475271e-01 2.253021456709042025e-01 2.434380840419106684e-01 2.389463706009760102e-01 1.636407207950397180e-01 3.789565505596277899e-03 2.443548550060549093e-02
1.000000000000000000e+00 7.644647280359641250e+00 2.692697710442589765e-01 2.104719937061797497e-01 2.441232563920407717e-01 2.347591102037805133e-01 2.083512089319770610e-01 2.315226774327474868e-01 1.899588973553520965e-01 2.029459181116273492e-01 1.700831577867868427e-01 2.006681833855811226e-01 2.122738538496748428e-01 2.393865508487419136e-01 3.059764446178177555e-01 2.905232541309940575e-01 2.405261103166883574e-01 2.220724187431716845e-01 2.280211930740548010e-01 2.433566726111936473e-01 1.604642679911173486e-01 3.841908504306595831e-03 2.297506590133511009e-02
1.000000000000000000e+00 6.179031500648832775e+00 2.605992478564380099e-01 2.144741326360663503e-01 2.517502899515380310e-01 2.326689470447787234e-01 2.116021974947368822e-01 2.313427840954446757e-01 1.871142308940675347e-01 1.978512546001404970e-01 1.774498932155964825e-01 2.047651255263908676e-01 2.071410296235467741e-01 2.308842745580460820e-01 3.214797357148459489e-01 2.699216242076215022e-01 2.498864804151797181e-01 2.309258843761894386e-01 2.258488096912699417e-01 2.490749008991863800e-01 1.616720569291641152e-01 3.710370762398068015e-03 2.423639634427916453e-02
1.000000000000000000e+00 9.827523939912971684e+00 2.602259242165018138e-01 2.076044877854240911e-01 2.483540668780091221e-01 2.422694328072314274e-01 2.058762557519084602e-01 2.204208317094855096e-01 1.782505298436690977e-01 2.042536535877100268e-01 1.702929400345146171e-01 2.077063021013105804e-01 1.815441150249733349e-01 2.293982739373316426e-01 3.171193532463220111e-01 2.719353625734013957e-01 2.453078336997539521e-01 2.292964347723707996e-01 2.293908489953350449e-01 2.397379995691987509e-01 1.607255218633287797e-01 3.653465495679304297e-03 2.550390826550590420e-02
1.000000000000000000e+00 1.458355146550236903e+01 2.613785724214024442e-01 2.152642933778172729e-01 2.496135112042334459e-01 2.490070104375638194e-01 2.147224583965871292e-01 2.144792919132552933e-01 1.775051183680680933e-01 2.074389183473346610e-01 1.695415096518982923e-01 1.987789264086565477e-01 1.959996040509407456e-01 2.175756600602266055e-01 3.155070725716484503e-01 2.683453290305066741e-01 2.559624230864035455e-01 2.304368289947980042e-01 2.308221512222487504e-01 2.476860348629821296e-01 1.612589800166122911e-01 3.501430798717878115e-03 2.539136246958252977e-02
1.000000000000000000e+00 1.286301943345676335e+01 2.593750010592011379e-01 2.100090785996655274e-01 2.509909807998340625e-01 2.471437326971268056e-01 2.080430205562982249e-01 2.284084244634980720e-01 1.738238621603340750e-01 2.039786468977831113e-01 1.767867172831029676e-01 2.002898452709632460e-01 1.963139725211459075e-01 2.287255780980561037e-01 3.141705015550445013e-01 2.700740054934155365e-01 2.484990215594578000e-01 2.120127998151453419e-01 2.400165074439481183e-01 2.556004978072880518e-01 1.633525668709807643e-01 3.710810918589164085e-03 2.402563510424805815e-02
1.000000000000000000e+00 1.146621676391508871e+01 2.576438270560241772e-01 2.160120984907797637e-01 2.533780984099520128e-01 2.498612203447601321e-01 2.040251622728518621e-01 2.032860538272354967e-01 1.757467687015170643e-01 2.055004412682619186e-01 1.851289017274425908e-01 2.011638730204686754e-01 2.030206850543395669e-01 2.249623191594530836e-01 3.158423013676214808e-01 2.787368862093733690e-01 2.451008068756168889e-01 2.163252015831633734e-01 2.425499250493515502e-01 2.379858609989074503e-01 1.614038260356200349e-01 3.604802593381099297e-03 2.380864931141941226e-02
1.000000000000000000e+00 9.660210463144743187e+00 2.566012867938929909e-01 2.131573566333944680e-01 2.474034702309174383e-01 2.421945306146112142e-01 2.112392289142469848e-01 1.972650626669948115e-01 1.751683624427192720e-01 2.159071614932865923e-01 1.876790207183978432e-01 2.047195155366978991e-01 2.107187305010563005e-01 2.125814076642170425e-01 3.124154781268140280e-01 2.823075848692890299e-01 2.414555980093951171e-01 2.109517947415368022e-01 2.370050736238803191e-01 2.143038602768905510e-01 1.614919926081247736e-01 3.416084360919097347e-03 2.343777238457595002e-02
1.000000000000000000e+00 1.155993464167605822e+01 2.549404420619486578e-01 2.095271260096669141e-01 2.465773011565340900e-01 2.451716310103254359e-01 2.072261545377245828e-01 1.960697600045860356e-01 1.808491742752386111e-01 2.243317993321077841e-01 1.678980378512394678e-01 2.032385828708518638e-01 2.002021076240230735e-01 2.220883132120539949e-01 3.163779662988319141e-01 2.879401611971513786e-01 2.417943475620886462e-01 2.106843950869317084e-01 2.454397389888044456e-01 2.079899208158308144e-01 1.596444776791601516e-01 3.340143860247432161e-03 2.475909382865808250e-02
1.000000000000000000e+00 9.693625467982620592e+00 2.604362336494250307e-01 2.029070322394256609e-01 2.415359951108475012e-01 2.492423547799229866e-01 2.063346461871775062e-01 1.979820296230290211e-01 1.821654719074798645e-01 2.349172207772821930e-01 1.789359888168990109e-01 2.016660154205318356e-01 1.940719794983847279e-01 2.229025268370315449e-01 3.048794777530810518e-01 2.917524694121678697e-01 2.434160382339692896e-01 2.094120327698867357e-01 2.462159217722719451e-01 2.088970787518769079e-01 1.603970281254990249e-01 3.242479507117179780e-03 2.653474877566903284e-02
1.000000000000000000e+00 1.247776280066470278e+01 2.563509736359569913e-01 2.118823603255128585e-01 2.468177930342658755e-01 2.551333335706735816e-01 2.042603383034429232e-01 1.969929205597358846e-01 1.779805369885633093e-01 2.331048539974689138e-01 1.793020438413870377e-01 1.983214137550518008e-01 2.105630702943070975e-01 2.287523257649334563e-01 3.081556675914443599e-01 2.767193968520281211e-01 2.365258463129421285e-01 2.148103991172234661e-01 2.368679875989302686e-01 2.176282779803914713e-01 1.607553934788856498e-01 3.037331632135632353e-03 2.523765114252650779e-02
1.000000000000000000e+00 1.136283655090921130e+01 2.566776259179082698e-01 2.087038308846927148e-01 2.412129272574704830e-01 2.489339633875388424e-01 2.076695082789501989e-01 2.018983128781505210e-01 1.830562053286907132e-01 2.213777542364586959e-01 1.753927343866769351e-01 1.951122818568147010e-01 1.922953015411602573e-01 2.325859668187137130e-01 3.108240885101951623e-01 2.745190229454643749e-01 2.471842251706903026e-01 2.083924755985066546e-01 2.532879542978377363e-01 2.166789145945418049e-01 1.589851565077433637e-01 2.929492673176852489e-03 2.551434635322158764e-02
1.000000000000000000e+00 1.246432316559043763e+01 2.538118689082805024e-01 2.205234026329842278e-01 2.442555699856463758e-01 2.422773798649615062e-01 2.131576668789698370e-01 2.158518458412366503e-01 1.726951189695435929e-01 2.197291242396760547e-01 1.838237522564491189e-01 2.022954842683079291e-01 1.956283085910739128e-01 2.281054489770120153e-01 3.064284876806253055e-01 2.762821768832902092e-01 2.575352128231376825e-01 2.008593461221870047e-01 2.522074796660080387e-01 2.159519004851438717e-01 1.600291801509124423e-01 3.228793008995939177e-03 2.408047342944346497e-02
1.000000000000000000e+00 1.165709639619618798e+01 2.651720215024960803e-01 2.418617765370181527e-01 2.302050012885890617e-01 2.502424291146533308e-01 2.187348338177446672e-01 2.118720085804111364e-01 1.896609651376471029e-01 2.100490098766783220e-01 1.880517656622482381e-01 1.866135800038351833e-01 2.093961928230287928e-01 2.291607266759218553e-01 3.225230216878635647e-01 2.734271755443607455e-01 2.509659663517762040e-01 2.150362639095933226e-01 2.630970755940412742e-01 2.051955592809837636e-01 1.637785403630037939e-01 3.439086775046525275e-03 2.353783957822585052e-02
1.000000000000000000e+00 1.182524735531980120e+01 2.561323247772182010e-01 2.503085925725855310e-01 2.294577790709921572e-01 2.477782831825576237e-01 2.130925664693869015e-01 2.085662561809674131e-01 1.853507092881332419e-01 2.075862541934956895e-01 1.937860039946579238e-01 1.861553511373307546e-01 2.146108938508852759e-01 2.363540367961979860e-01 3.030147052543096242e-01 2.807003990403632021e-01 2.522677858217238778e-01 2.192125602075661595e-01 2.547868363512941769e-01 2.037684720045687403e-01 1.649101546720378175e-01 3.478392732737441324e-03 2.295559355929550904e-02
1.000000000000000000e+00 1.204646185696313054e+01 2.470231943818836096e-01 2.493263847677433531e-01 2.488956967220288530e-01 2.424933177614703728e-01 2.297132513748201821e-01 2.182995472161736450e-01 1.871266166347776982e-01 2.057822176583225249e-01 1.853250306393336710e-01 1.913190109393315408e-01 2.139641263708291219e-01 2.352759785050771990e-01 3.131795233392986599e-01 2.667869363976370645e-01 2.503396361856343177e-01 2.116956174492431730e-01 2.512808111952259393e-01 2.008397651954265395e-01 1.646415102740372005e-01 3.562924107471044950e-03 2.292115676549178957e-02
1.000000000000000000e+00 1.222551132012453756e+01 2.413772132056647701e-01 2.456498369359041423e-01 2.516297461825495740e-01 2.338789830799827829e-01 2.371379970635969503e-01 2.101660696443952425e-01 1.849324968853475748e-01 1.919520458241792404e-01 1.829831480796745014e-01 1.841005476232508153e-01 2.143894822178684656e-01 2.338580766183741277e-01 3.177029607857799753e-01 2.751516562616831418e-01 2.384612240708476050e-01 2.182076054461268011e-01 2.545677605981103708e-01 2.180402632927358753e-01 1.629860103965766749e-01 3.544383857154274117e-03 1.956638226365269365e-02
1.000000000000000000e+00 1.220810691090983369e+01 2.272804808321688130e-01 2.335698561394451700e-01 2.492149526268087056e-01 2.242287411423935783e-01 2.171443252168278326e-01 2.140772713179145692e-01 1.917993496691350330e-01 1.874741131410636308e-01 1.856818146430451177e-01 1.906802730687564840e-01 1.991136821271618229e-01 2.505239424125504377e-01 3.132700270285377897e-01 2.600796379554478066e-01 2.276760765956347687e-01 2.096286435553850469e-01 2.568273502897210903e-01 2.117195552051244489e-01 1.604806295774038327e-01 3.547332782862049321e-03 1.958592579296812228e-02
1.000000000000000000e+00 1.301592460724597267e+01 2.371722163989414545e-01 2.257778788108832091e-01 2.503864630816666770e-01 2.386740151628004292e-01 2.170291749590646524e-01 2.227191501214355329e-01 1.858131286423531647e-01 1.943283898103335128e-01 1.820176736301952758e-01 1.929874829125137470e-01 1.988024600464674552e-01 2.450232385527308931e-01 3.253653772256017707e-01 2.645409503188310696e-01 2.290029642051858716e-01 2.068808063408989206e-01 2.690613503146246366e-01 1.993542769607490883e-01 1.598647895443215672e-01 3.833378739241590383e-03 2.082650793894169974e-02
1.000000000000000000e+00 8.177484626666714718e+00 2.493090527424819403e-01 2.275076209875457334e-01 2.497205397789664660e-01 2.421599815053574745e-01 2.058306865343820791e-01 2.153306729129867980e-01 1.884633527005926956e-01 1.982016848688841759e-01 1.719544908613355183e-01 1.919745918039387489e-01 2.085088154133220295e-01 2.410030556143911151e-01 3.268105696817820705e-01 2.821473799084727174e-01 2.297026232994747730e-01 2.034105601570019017e-01 2.664123590248860807e-01 2.052712681898813118e-01 1.595974130037157712e-01 3.815708653903107563e-03 2.105652265615082230e-02
1.000000000000000000e+00 8.708072207552735478e+00 2.649042003373086596e-01 2.222145916934390730e-01 2.486659911304369419e-01 2.216630275779840065e-01 2.053980116961516000e-01 2.221558734024101367e-01 2.032312356581779389e-01 2.125403918787407143e-01 1.709873601731038140e-01 1.940619747707027221e-01 2.087656935889447007e-01 2.334898241045778311e-01 3.109818601292784201e-01 2.807738602013271634e-01 2.319488939144281059e-01 2.043611448146374909e-01 2.703331592165482133e-01 2.073294747324303244e-01 1.625467927930165923e-01 3.790115036106771369e-03 1.977371300682158675e-02
1.000000000000000000e+00 6.411377875432983764e+00 2.600135922338057681e-01 2.258109881685664566e-01 2.470626989398725104e-01 2.107295738331279034e-01 2.159528126805025094e-01 2.169225705360539325e-01 1.920137575401277275e-01 2.170764259041889077e-01 1.693203908359282861e-01 1.938186239555128310e-01 2.188910808128411434e-01 2.371451178552184957e-01 3.014349350053368015e-01 2.866482574315418197e-01 2.189934979568940732e-01 2.001704852846030447e-01 2.736224973724052378e-01 2.109085118918222479e-01 1.601032126160907287e-01 3.911478134413893561e-03 2.152133628561754899e-02
1.000000000000000000e+00 1.015534520758696324e+01 2.510469955448551560e-01 2.478245190289264377e-01 2.498918361019989709e-01 2.070588373831770412e-01 2.091247242050225663e-01 2.228047183585278035e-01 1.905492620923220914e-01 2.148841326331337731e-01 1.595472762110258791e-01 1.843420674885158095e-01 2.276250183281301187e-01 2.270967509080506208e-01 2.896273362563294151e-01 2.957704161964726519e-01 2.273405783088109089e-01 2.013118662686108895e-01 2.873562247647213908e-01 2.005288407697421449e-01 1.614874753605726188e-01 3.675706775507301977e-03 2.134749136432476102e-02
1.000000000000000000e+00 8.822157132364873533e+00 2.432178132927503289e-01 2.335205435902948379e-01 2.666047278836589096e-01 2.223722705142898992e-01 2.207792191894918377e-01 2.060593141246289672e-01 1.994219778607451421e-01 2.121229357120626713e-01 1.545648031538257028e-01 1.934518401465395721e-01 2.230746408818175264e-01 2.330357000086320240e-01 2.902721181589330568e-01 2.947062179832367623e-01 2.334588572788833805e-01 1.992562035865603765e-01 2.881484466683098544e-01 1.829010942391557648e-01 1.623499370375005302e-01 3.581303887414249813e-03 1.982894242846703139e-02
1.000000000000000000e+00 1.442884622524119109e+01 2.350362645205033019e-01 2.300242092959509099e-01 2.594778078735201499e-01 2.264878831505624524e-01 2.276769553933940538e-01 1.910479714650225036e-01 1.950955876381961218e-01 2.132291969972099910e-01 1.604264132400329834e-01 1.895585456741942232e-01 2.159615781714656624e-01 2.281760181754458328e-01 2.769174191118692896e-01 2.820978722436992547e-01 2.337606053639446069e-01 1.927249854475698299e-01 2.943833148065367333e-01 2.012127065980785223e-01 1.590769303742935736e-01 3.760568744065139087e-03 1.879859139607044372e-02
1.000000000000000000e+00 1.101067322374289859e+01 2.458203002561977213e-01 2.259964522923722519e-01 2.413273367770032429e-01 2.206246483328946906e-01 2.351341846670138014e-01 1.876868460225691315e-01 1.751077751669634919e-01 2.222223296341369614e-01 1.721090823197803932e-01 1.792451221162240094e-01 2.160475757679642395e-01 2.282430780998332132e-01 2.758928790166896849e-01 2.735383140017431658e-01 2.329867449449258276e-01 2.014091295608927690e-01 2.962820098501696697e-01 1.983900472068924614e-01 1.559678656127398422e-01 3.634478411424331683e-03 1.845143753602766085e-02
1.000000000000000000e+00 1.146379467254925721e+01 2.494075528825436816e-01 2.229263067147088662e-01 2.434326277338656752e-01 2.137447748919759638e-01 2.348984023956187384e-01 1.798556434069688292e-01 1.728970056754909612e-01 2.278227901147105439e-01 1.789180341135953589e-01 1.796627122456452286e-01 2.120470416239216560e-01 2.266340043567252605e-01 2.984598753268569715e-01 2.725981711782487493e-01 2.331381816745030644e-01 1.873500902373418375e-01 2.727413346837708752e-01 2.023576283652591401e-01 1.576961154978908930e-01 3.642516891492240862e-03 1.870111761499135272e-02
1.000000000000000000e+00 1.157832466373011826e+01 2.487285258785849884e-01 2.352295263843804940e-01 2.443008053003380420e-01 2.254038629417901840e-01 2.316232753710477654e-01 1.841333445351715226e-01 1.826994771707441678e-01 2.140180745802015561e-01 1.731346491711575342e-01 1.749943711994058348e-01 2.182683042703143506e-01 2.280882601880170890e-01 2.880150057609076053e-01 2.734044799849003615e-01 2.382417189500244115e-01 1.887799599823025143e-01 2.895934721008378565e-01 1.966667107759814404e-01 1.593625022945512615e-01 3.549638617208055857e-03 2.014413956770287964e-02
1.000000000000000000e+00 1.092449145820165057e+01 2.465866913629752022e-01 2.405253217391486176e-01 2.370726223733494176e-01 2.204762795282241561e-01 2.434212878567209026e-01 1.762549795346878834e-01 1.890551672815514173e-01 2.223629418131269908e-01 1.709121808940069764e-01 1.837516406652763834e-01 2.178343027983054847e-01 2.219949911818189514e-01 2.929126787458683490e-01 2.709444990465618153e-01 2.474804306949083543e-01 1.807153228208002727e-01 2.925634809169768147e-01 1.890955979357890615e-01 1.596551243105363560e-01 3.589323098040598809e-03 2.002394827193716004e-02
1.000000000000000000e+00 1.163915551467981579e+01 2.406708983895606002e-01 2.334004278983210778e-01 2.485234403263604230e-01 2.213955750228527031e-01 2.380030065598059963e-01 1.767418339354100698e-01 1.863358958303369395e-01 2.128039824911846789e-01 1.700803427076957586e-01 1.879342299691899865e-01 2.090761586835361563e-01 2.355628306587838616e-01 2.748240026127939939e-01 2.633261374184412418e-01 2.538325568303715363e-01 1.860695310358650989e-01 2.803806416849877192e-01 1.878338097867100209e-01 1.580295107639245744e-01 3.475540250973564900e-03 2.090541224850606117e-02
1.000000000000000000e+00 1.016286146091466769e+01 2.438082193366652162e-01 2.231664099180691307e-01 2.461292919680277691e-01 2.297179759474672622e-01 2.444802370843948414e-01 1.813292347422664208e-01 1.876203787266530199e-01 2.043739827288907351e-01 1.616511184367497578e-01 1.826173072042913403e-01 2.224370119243127830e-01 2.317669121939346655e-01 2.826183009252639100e-01 2.702017533944135463e-01 2.557607403788020872e-01 1.892096830200509505e-01 2.785710994224953052e-01 1.863171428770888649e-01 1.578661834397248054e-01 3.346844946278879334e-03 2.039824609118171331e-02
1.000000000000000000e+00 1.103228683114086905e+01 2.474715343021357816e-01 2.261193985169465126e-01 2.368902561573139609e-01 2.359431512557949029e-01 2.388950927486964138e-01 1.901312722860961368e-01 1.894547772526751772e-01 2.147805278718258049e-01 1.582191712846996445e-01 1.882714733058551138e-01 2.274390701587093166e-01 2.214086516283635675e-01 2.839716433782168425e-01 2.907049689880565890e-01 2.594200672534573426e-01 1.858320909170513013e-01 2.680735385687423311e-01 1.933133476273133644e-01 1.609997272305242755e-01 3.483354022955601967e-03 2.308194244378784440e-02
1.000000000000000000e+00 1.028384681317966809e+01 2.482854786020858850e-01 2.409320462999540169e-01 2.231094934607401048e-01 2.398667730837591161e-01 2.287967729472731027e-01 1.896029746853926667e-01 2.030713813927083888e-01 2.060291797224399202e-01 1.570441519172389166e-01 1.882961350162093983e-01 2.203644103330819615e-01 2.276391980859742703e-01 2.848145102728902311e-01 2.970745397397335785e-01 2.614028475823441111e-01 1.970936176224515612e-01 2.698139014432141547e-01 1.825056359812266271e-01 1.588331380125090619e-01 3.493744252369969557e-03 2.199826488455351725e-02
1.000000000000000000e+00 9.068875233262055247e+00 2.708095178467261333e-01 2.271204030646824801e-01 2.182866438882919147e-01 2.516583449941778849e-01 2.210322284141717497e-01 1.985376077551641860e-01 2.048222594003102082e-01 2.142607177446759215e-01 1.537277754362120497e-01 1.948990204010602190e-01 2.258626651413899178e-01 2.422942485824751135e-01 2.854404218920371661e-01 2.886626428810794565e-01 2.556639962160153767e-01 1.986055791553867078e-01 2.535963792954441520e-01 1.675860375427267734e-01 1.614737061877773994e-01 3.420121615081984402e-03 2.192018267865778955e-02
1.000000000000000000e+00 6.207343693702365606e+00 2.602148744835753313e-01 2.228212516228155471e-01 2.292573642955620383e-01 2.544233299273314652e-01 2.303095334629341462e-01 1.984589186383245163e-01 2.082594346244886485e-01 2.124976427061870954e-01 1.477129014431711185e-01 2.026571152239745044e-01 2.307713483590398962e-01 2.194593575642626027e-01 2.986921009371651392e-01 3.083977365682923355e-01 2.493499726456505083e-01 2.016233138655630364e-01 2.520286177619749379e-01 1.746163469158833748e-01 1.622442454300314918e-01 3.600838815916941951e-03 2.286865562123186965e-02
1.000000000000000000e+00 1.240790260666765654e+01 2.533826433098940734e-01 2.231138817105056127e-01 2.333496412268287468e-01 2.565388020790724255e-01 2.276746165617745954e-01 1.915439580154718324e-01 2.031038536833190133e-01 2.153909519415056761e-01 1.515020970985977433e-01 2.084017317370524258e-01 2.504535255255426751e-01 2.106225193066691148e-01 3.128780756762616910e-01 2.877794541493607361e-01 2.542927271340821860e-01 2.233407369367326201e-01 2.475358651656620890e-01 1.849861967253559059e-01 1.623306110164838001e-01 3.708323055264580153e-03 2.267324605499626208e-02
1.000000000000000000e+00 1.269697044226243321e+01 2.662162214092259616e-01 2.314142639376028376e-01 2.390345560280912884e-01 2.575589956152352089e-01 2.313296591865417473e-01 1.944463799773982760e-01 1.938846162173077925e-01 2.134284674344316124e-01 1.453811901307673071e-01 2.023581203728376243e-01 2.569186353779293608e-01 2.044796450982776792e-01 3.318278118611616145e-01 2.716413848116666085e-01 2.514448539699140617e-01 2.335240823958850409e-01 2.449659003576301342e-01 1.896359880343378157e-01 1.649472499107549339e-01 3.591918709435585732e-03 2.102673843575804391e-02
1.000000000000000000e+00 1.240540288588809581e+01 2.563195102001362136e-01 2.367109236325688482e-01 2.398784160938562948e-01 2.525239038484706211e-01 2.293614384804197881e-01 1.933124543911596549e-01 2.051216853987612165e-01 2.052981219587546868e-01 1.484316928154363335e-01 1.869266680499981070e-01 2.582427734873712355e-01 1.986114899356868080e-01 3.302480016350314296e-01 2.921422632627927451e-01 2.475344065937416516e-01 2.474691740176375443e-01 2.490444933518477511e-01 1.879370038028875256e-01 1.655306312574675032e-01 3.461981958982002141e-03 2.189075185040753255e-02
1.000000000000000000e+00 9.626437101328317425e+00 2.658230508316190566e-01 2.285664029787854157e-01 2.319636369588150004e-01 2.473237360747659042e-01 2.170402564625220632e-01 2.123136076471417166e-01 2.096319213872438192e-01 2.121081713280577596e-01 1.400032025674552705e-01 1.948970637496275637e-01 2.577537026653723418e-01 2.031176784941693958e-01 3.221577812179148292e-01 2.942264787832090667e-01 2.356533397668212348e-01 2.535098100485271289e-01 2.501156559273722269e-01 1.983527488795895632e-01 1.644024821568510486e-01 3.375937592429989042e-03 2.151411153885826599e-02
1.000000000000000000e+00 6.005445541460134429e+00 2.633905978670331716e-01 2.498196309600866638e-01 2.233139641277934739e-01 2.448582685389711633e-01 2.182494945657968699e-01 2.077006986090834950e-01 2.121408229501637599e-01 2.080142541695589598e-01 1.466328772335115382e-01 2.006947655466666813e-01 2.540675295557489055e-01 2.019563115832252176e-01 3.229575706877924057e-01 2.973104174409860745e-01 2.270353270876403762e-01 2.501998606853133023e-01 2.454667986526924139e-01 1.991385600488635998e-01 1.654677717153003602e-01 3.627164681641856236e-03 2.103313306667659380e-02
1.000000000000000000e+00 6.382810725669968654e+00 2.502523661753656148e-01 2.471534428612844336e-01 2.291959423034988508e-01 2.403645091645654208e-01 2.088362080954458133e-01 2.197109159755933627e-01 2.065193311562705247e-01 1.951520683225583808e-01 1.615521111656130215e-01 1.975084149041471671e-01 2.587481647880104929e-01 1.904564390777473970e-01 3.235688333762187230e-01 2.947430232924410642e-01 2.350157486216157277e-01 2.495357419821523370e-01 2.498299518136383734e-01 2.065767314085786011e-01 1.633522901804105865e-01 3.620838795977209847e-03 2.006157985759777357e-02
1.000000000000000000e+00 8.033189319748872848e+00 2.702486893501212517e-01 2.524359708039428662e-01 2.161152888979087361e-01 2.519644360279180151e-01 2.030401350503621694e-01 2.346810000406697738e-01 2.077437337796521066e-01 2.021399674100482213e-01 1.630419322888188027e-01 1.995976223328808918e-01 2.553185887401993037e-01 1.933357955950698037e-01 3.252023723595457438e-01 2.989159047364966515e-01 2.509424990224932150e-01 2.426445468519124460e-01 2.455210281790264626e-01 1.892629688807506982e-01 1.650352387705597279e-01 3.586929878415773699e-03 1.965990257446661310e-02
1.000000000000000000e+00 9.140253978613651853e+00 2.573080371393036136e-01 2.462085398956632420e-01 2.291947116408865892e-01 2.513107328969497734e-01 2.002097682563811487e-01 2.264798449491636223e-01 2.083919810016202079e-01 2.031826898404276716e-01 1.592755408889869884e-01 1.995472636731104588e-01 2.564416354523895158e-01 1.953526355625956612e-01 3.416458637762355699e-01 2.760073725781168608e-01 2.485930593423635038e-01 2.593080658138728900e-01 2.408586546804314943e-01 1.853095931119978501e-01 1.652811619918909680e-01 3.457976568135424315e-03 2.048923426583628207e-02
1.000000000000000000e+00 7.162995345437474626e+00 2.444574477413959668e-01 2.598546843515708304e-01 2.314793767643542888e-01 2.537219399273935583e-01 1.963263961655924705e-01 2.243312213696320168e-01 2.091774578384968386e-01 2.185870013062726214e-01 1.517209269237966007e-01 2.045335549453559387e-01 2.364784393419887831e-01 1.800097736775741197e-01 3.569545982360745606e-01 2.784345381691460397e-01 2.418073730770926300e-01 2.363170086845014228e-01 2.507459888079005550e-01 1.946134779745505583e-01 1.649217668917427604e-01 3.337292154884756445e-03 2.030433108347466306e-02
1.000000000000000000e+00 9.633970059732316571e+00 2.437045899934025261e-01 2.627134415134432799e-01 2.271070356683705660e-01 2.500539843393259076e-01 1.866537283688711746e-01 2.215505854285302612e-01 2.109476150114932835e-01 1.997927878833015425e-01 1.439807882686817142e-01 2.036774746816228665e-01 2.292293776748747791e-01 1.785972213603932990e-01 3.577047468354986326e-01 2.735499096906111038e-01 2.433718871056397004e-01 2.191639072581089420e-01 2.482591391478144727e-01 1.872009362840327262e-01 1.643569113503129675e-01 3.219450189231876699e-03 1.982691147587945651e-02
1.000000000000000000e+00 1.273549584253494338e+01 2.390045213286338399e-01 2.694731868667608055e-01 2.316296527131685157e-01 2.473983059809283513e-01 1.810614490831253809e-01 2.044417708990400595e-01 2.039164821284439044e-01 2.068173049368910443e-01 1.600322647105920648e-01 2.117650079315433753e-01 2.293139243808892669e-01 1.733797823795931448e-01 3.348086475093440262e-01 2.795014309375275507e-01 2.404722337914458052e-01 2.275891977273298838e-01 2.488065799338829986e-01 1.979372154200661482e-01 1.603983764735990858e-01 3.042859209181547706e-03 2.005249421777815372e-02
1.000000000000000000e+00 1.285705094025959383e+01 2.432244707591438015e-01 2.540253373713424190e-01 2.144737120478921455e-01 2.568634255683454048e-01 1.673505721186975548e-01 2.029690464214592704e-01 2.022518812136520627e-01 2.098347522849242364e-01 1.451558194185371686e-01 2.025844794919385294e-01 2.107158682594524601e-01 1.761005399561416385e-01 3.273639920097990430e-01 2.928660687079607805e-01 2.385766944583379290e-01 2.275626511154567322e-01 2.420535725609908317e-01 1.926581676818527600e-01 1.597610059530350790e-01 3.155461316042641306e-03 2.045271740423020013e-02
1.000000000000000000e+00 1.293138804325481850e+01 2.378687453914755390e-01 2.463990532890050489e-01 2.155071842270417926e-01 2.629851050558980607e-01 1.660332379796894131e-01 2.023894309830856497e-01 2.031660694876477324e-01 2.138959285948289768e-01 1.416305140526586959e-01 2.029011926255372411e-01 2.126813590977165436e-01 1.819261224046827274e-01 3.180449672601837752e-01 2.987492775775165699e-01 2.331864251842895586e-01 2.215598989916448824e-01 2.381030061634812900e-01 1.916622864129144677e-01 1.554345125020743790e-01 3.265077604101483157e-03 2.026813368822785733e-02
1.000000000000000000e+00 1.234294140924343886e+01 2.353136748682675139e-01 2.522274983090959655e-01 2.284743282050021862e-01 2.637168360920991717e-01 1.605149528630791522e-01 2.140341364385472955e-01 2.249635717663531764e-01 2.069746401445346773e-01 1.403184325010958522e-01 2.061984909735546379e-01 2.133724939705761714e-01 1.924815582429680594e-01 3.226383677300401209e-01 2.790781368576067956e-01 2.287989286186774274e-01 2.322230059049028017e-01 2.380473827468425896e-01 1.859384210036348628e-01 1.601340053763264937e-01 3.322822396837600990e-03 2.007916064054345029e-02
1.000000000000000000e+00 1.234194315675532572e+01 2.343520427308467269e-01 2.569420948725803511e-01 2.199540265487801849e-01 2.567403396377570535e-01 1.625852085219351706e-01 2.177631175377386652e-01 2.168824195082699469e-01 2.097844700404334350e-01 1.313907423110758366e-01 2.087952243242004458e-01 2.194465421575722552e-01 1.830031720852896560e-01 3.426037929121512060e-01 2.661113363590918435e-01 2.239138195476919613e-01 2.276700376937172421e-01 2.521595471354169948e-01 1.834503122945777276e-01 1.608349083860446949e-01 3.091764184435399562e-03 1.968911092888766395e-02
1.000000000000000000e+00 1.294083892093955868e+01 2.395065601226552821e-01 2.488637248555748693e-01 2.222284210685959716e-01 2.641881012029345666e-01 1.630098067163625597e-01 2.208569471949309027e-01 2.078432633525076623e-01 1.990047850083330183e-01 1.387536938055429769e-01 2.155340237261874625e-01 1.964352683061959259e-01 2.001901594938831630e-01 3.460420044537752537e-01 2.476737498989123876e-01 2.287851872907331607e-01 2.149230660930263603e-01 2.547250599995028453e-01 1.791967466062855396e-01 1.608527798560217825e-01 3.035708830409421157e-03 2.069066533381191259e-02
1.000000000000000000e+00 1.200343887544840094e+01 2.502193983809640754e-01 2.460286537002346618e-01 2.145583273838836957e-01 2.514388179252416977e-01 1.731193413470251685e-01 2.125035493612678072e-01 2.088253863742013383e-01 1.976055457947439031e-01 1.432359083109589482e-01 2.181645168531488044e-01 2.110739550855322277e-01 2.025062708471541129e-01 3.511851670426428540e-01 2.722661792976566741e-01 2.230360096909190237e-01 2.137476746129433336e-01 2.574403773144430252e-01 1.743021086287168953e-01 1.568091260236884610e-01 2.967686644465808172e-03 1.972284104720420719e-02
1.000000000000000000e+00 9.740969543268887421e+00 2.557827890832043427e-01 2.565509661733952895e-01 2.002049044430267155e-01 2.457082810707607867e-01 1.838183395696601496e-01 2.166693348824211274e-01 2.044224090084154066e-01 1.955544594676444925e-01 1.503295637962577813e-01 2.065730873389475253e-01 2.101580069372464277e-01 2.123823211895533858e-01 3.387721583583996887e-01 2.710271922925664434e-01 2.255832062477027833e-01 2.050669638738787659e-01 2.656235525653236063e-01 1.499399123950091450e-01 1.573062623960026496e-01 2.937498333131876010e-03 2.103533330906665055e-02
1.000000000000000000e+00 1.153520329844232784e+01 2.500589852851951012e-01 2.601669687428643241e-01 2.060281909862610727e-01 2.443249933279328656e-01 1.824065705147226713e-01 2.174287655588372226e-01 1.926757929949666770e-01 2.127821680163799467e-01 1.432870344586168743e-01 2.034084547598163928e-01 2.065375738177220588e-01 2.275503004144300567e-01 3.227797306823085854e-01 2.610977683985499231e-01 2.132163534232848767e-01 2.076812008735668402e-01 2.682946870683063922e-01 1.578294555269109112e-01 1.581994838719317786e-01 2.877858792246850220e-03 2.074853245926579215e-02
1.000000000000000000e+00 1.067787458614688489e+01 2.300945994234306902e-01 2.689494179110585304e-01 2.142549551482889059e-01 2.468955119093718675e-01 1.791970159688381914e-01 2.151617208807572457e-01 1.952079437666387751e-01 2.126850266468016670e-01 1.596233056216981305e-01 2.069847810367143048e-01 2.065744937126451075e-01 2.221571350026648184e-01 3.158634843981822371e-01 2.603830814549196182e-01 2.133098023050358782e-01 1.916362177401668143e-01 2.737874694491688188e-01 1.422486753358343514e-01 1.571764379964057656e-01 2.815920625545022433e-03 1.984490876103662399e-02
1.000000000000000000e+00 1.086233340621626198e+01 2.225361238011511200e-01 2.849622448621673132e-01 2.024098216848522203e-01 2.441476282252040275e-01 1.653946470222520115e-01 2.146334195840930159e-01 2.097332695777132938e-01 2.032030493129035609e-01 1.564731670813562792e-01 2.052404323789467355e-01 2.009616751569777704e-01 2.314312594015847380e-01 3.010191518401806321e-01 2.657306177795274449e-01 2.196329381231213740e-01 1.819125187966030843e-01 2.737491864831173016e-01 1.477886801103492909e-01 1.545705819068424192e-01 2.781286347036217473e-03 1.962334862983142886e-02
