1.000000000000000000e+00 2.040610105334483535e+02 2.483989869131772166e-01 3.146546870616083735e-01 2.140354505949928487e-01 2.900388818573958472e-01 2.354118766353924530e-01 2.152555237876828675e-01 2.217761195382334238e-01 2.332597712213250740e-01 1.437359036186446615e-01 2.617347493726979724e-01 2.205249369730724884e-01 2.639795915344871347e-01 3.368520589668275722e-01 2.650644208316853545e-01 2.920601239592968690e-01 2.483229348762332200e-01 2.717539158228446383e-01 2.695722493630384742e-01 1.770127600562662884e-01 3.745234414478563513e-03 2.038871101205504133e-02
1.000000000000000000e+00 2.950496128975012411e+01 2.433382483888031633e-01 2.601634157322801344e-01 2.271509431627228848e-01 2.178671556866485781e-01 2.299139001932416770e-01 2.029921504081227679e-01 2.187214160747988911e-01 2.132659302822396963e-01 1.928799731214353719e-01 1.967661524154939168e-01 2.282886483082274542e-01 2.605340492676359587e-01 2.579221772046378924e-01 2.830883743562052079e-01 2.186331667156626302e-01 2.317723665465303839e-01 2.417866830796343014e-01 2.587482583421284454e-01 1.655460990329936100e-01 3.187327977584016991e-03 2.679070175701383366e-02
1.000000000000000000e+00 1.590099266370439146e+01 2.550114097156340187e-01 2.598573617732181096e-01 2.258676160070978434e-01 2.022581404600153343e-01 2.348803159570821975e-01 2.095911006780886432e-01 2.213809940782955066e-01 2.164466082652695966e-01 1.927295185250864074e-01 1.821566358534918717e-01 2.369347324169024938e-01 2.726698078368462452e-01 2.464741789447909837e-01 2.781465075490705541e-01 2.199051482569890359e-01 2.344859407249137162e-01 2.381508177562605688e-01 2.734764405051854919e-01 1.663788697357702073e-01 3.083466324003393110e-03 2.806037362197191451e-02
1.000000000000000000e+00 1.720293838385950380e+01 2.607273846352406999e-01 2.591721060172350044e-01 2.456368642651189094e-01 2.130382528904085082e-01 2.474982487410855581e-01 2.095144733315374430e-01 2.105647897093168575e-01 2.132825248167082022e-01 1.855108038914048685e-01 1.784456214731512669e-01 2.349005767601010097e-01 2.675331400896073797e-01 2.600447222284116289e-01 2.763413479983345966e-01 2.250161850571719413e-01 2.428767842134821886e-01 2.403131300167349882e-01 2.618709200454588104e-01 1.669768274738561153e-01 2.900922230234756830e-03 2.870195230495810323e-02
1.000000000000000000e+00 1.907419191476551390e+01 2.573485178559401509e-01 2.504728401732644882e-01 2.485524453288931457e-01 2.097417311972160081e-01 2.605054444654965051e-01 2.061766975801786472e-01 1.988959874735606315e-01 2.051554642017692220e-01 1.905773932140669424e-01 1.756212626683037181e-01 2.309265752238863489e-01 2.575741227009559764e-01 2.652976612847430804e-01 2.861962763278006472e-01 2.339360945531071823e-01 2.419191646138349194e-01 2.454660625376192673e-01 2.592856640244544653e-01 1.669776160075364668e-01 2.920821900757583200e-03 2.718675050720808714e-02
1.000000000000000000e+00 1.498109144853881958e+01 2.730660814841728845e-01 2.478485891248411732e-01 2.484012255609087116e-01 2.117853790699742444e-01 2.429070260029625450e-01 2.167658023240332243e-01 2.035160058322807719e-01 2.062861411443152326e-01 1.878743724849014085e-01 1.919271460485131031e-01 2.371649677661370748e-01 2.725041225848480186e-01 2.806195524089853399e-01 2.905502449346807903e-01 2.401084858908775765e-01 2.449227171711463313e-01 2.282456649469100929e-01 2.700412819451999957e-01 1.679724666088915075e-01 2.914304379216235176e-03 2.600791653393121072e-02
1.000000000000000000e+00 1.829354849868310851e+01 2.647348907865100798e-01 2.435759908974489407e-01 2.513060965691166215e-01 2.167955406835946619e-01 2.354288490877185225e-01 2.150210324118087546e-01 2.170521791863509742e-01 2.062552623770526894e-01 1.953730101645556883e-01 1.866790782659597803e-01 2.272365759347962089e-01 2.837328341917350616e-01 2.738298244968441209e-01 2.952008694401051514e-01 2.344734843300984029e-01 2.627158821143928957e-01 2.466435411875720907e-01 2.737984503162727568e-01 1.717059764762640939e-01 2.791059720517348724e-03 2.636676990401417078e-02
1.000000000000000000e+00 2.054086331253225950e+01 2.500930123822633355e-01 2.501519465905868156e-01 2.540689783006032099e-01 2.016521470810584693e-01 2.345638584025369622e-01 2.219236075070873115e-01 2.303117466258794155e-01 1.968262775011063448e-01 1.896973510970881294e-01 1.772423052971650870e-01 2.255801720200912852e-01 2.848994648763599202e-01 2.694056484741758073e-01 2.922094335112342955e-01 2.270976897497654912e-01 2.628462789167132496e-01 2.364425178709236575e-01 2.666294757998527998e-01 1.682591375774719067e-01 2.816263452559277652e-03 2.736917470235510769e-02
1.000000000000000000e+00 1.702426039074132547e+01 2.584204418003074877e-01 2.517573131884233151e-01 2.592246627941989234e-01 2.055470309602986101e-01 2.508989138228802096e-01 2.142089365987152327e-01 2.390996342015390685e-01 1.947353546471516650e-01 1.969278693181227557e-01 1.760806641315881271e-01 2.317556573003178577e-01 2.871215651937887858e-01 2.767881076130968565e-01 3.112506175006219400e-01 2.280640684176878374e-01 2.671034893591645587e-01 2.285550482346633272e-01 2.594291554276185185e-01 1.704177235995151529e-01 2.808802709242668501e-03 2.782060417330953564e-02
1.000000000000000000e+00 1.882822794761650798e+01 2.590058752375942741e-01 2.510193290565700952e-01 2.752808821156751407e-01 2.021032540904420249e-01 2.451159010344343969e-01 2.078250874062909093e-01 2.528509117516506421e-01 1.983316523316699942e-01 1.969034478202935645e-01 1.750448692994228117e-01 2.360099327342665421e-01 2.902405340924684163e-01 2.850307496051466827e-01 3.043718643195613138e-01 2.279154499046991689e-01 2.606623055955943347e-01 2.313389735662790270e-01 2.458571865652582622e-01 1.705437064399743241e-01 3.125597303812597400e-03 2.692541814518478044e-02
1.000000000000000000e+00 1.961531907374725492e+01 2.510731415294861213e-01 2.669019181930144535e-01 2.800706363680492972e-01 2.058487005918726853e-01 2.412191395571698094e-01 2.028114397664600443e-01 2.455271026469594553e-01 1.959286296535157901e-01 2.025335889729359129e-01 1.687470156775325303e-01 2.389036800558707319e-01 2.974307994492919605e-01 2.691694029365923613e-01 3.149829501572543600e-01 2.087030100906205332e-01 2.520247057026763771e-01 2.400541644478955128e-01 2.446007980980745844e-01 1.702450246320930671e-01 3.258443579048216250e-03 2.614689659910630209e-02
1.000000000000000000e+00 1.943530451255873359e+01 2.300709636111177570e-01 2.722892083514470429e-01 2.583586397016019998e-01 2.146552582897243988e-01 2.496825198429528936e-01 2.053420066923387077e-01 2.330861843472089023e-01 1.923569793295447083e-01 2.064349898661075600e-01 1.664350619961044719e-01 2.240622251446543756e-01 2.937886242450909458e-01 2.615241748397492128e-01 3.073088017237368685e-01 2.121186436873141457e-01 2.625771414690432626e-01 2.352207693141503686e-01 2.453061621708320927e-01 1.703924283946320339e-01 3.296256538494398824e-03 2.649817208289984016e-02
1.000000000000000000e+00 1.534136794589243102e+01 2.367925860965549856e-01 2.843614078253365873e-01 2.655605984976762701e-01 2.170564896012934231e-01 2.530953748137106940e-01 2.076428575425995626e-01 2.424451834525577776e-01 1.882694980432556842e-01 2.149547456980622495e-01 1.795216451489476395e-01 2.441796293353224734e-01 2.809922067119527966e-01 2.766115948794380386e-01 3.214515292278275482e-01 2.134822843088722555e-01 2.623208547787099221e-01 2.270014667273808628e-01 2.534340853133781879e-01 1.724087743081337831e-01 3.583902368937720573e-03 2.656426404911102837e-02
1.000000000000000000e+00 1.571766813011227271e+01 2.468272265875572080e-01 2.724176716865613357e-01 2.649479317407686385e-01 2.185003607259896063e-01 2.548728077590163843e-01 2.081916224197375154e-01 2.520646515095660289e-01 1.868152486042562177e-01 2.118938889476708609e-01 1.734337233405979783e-01 2.428987894841274087e-01 2.912537656961539101e-01 2.643381700325658779e-01 3.093347844252283818e-01 2.304646821713264293e-01 2.587294303954572050e-01 2.321213198625108332e-01 2.302686522961241433e-01 1.733674892265279766e-01 3.780472650112840730e-03 2.608215582131215640e-02
1.000000000000000000e+00 1.504093939023739779e+01 2.410625569373929522e-01 2.724110701603730256e-01 2.630662858684285066e-01 2.227454729121421673e-01 2.544960191307394926e-01 1.958952034989237256e-01 2.518069780536209001e-01 1.832371275367125907e-01 2.119056051020354881e-01 1.666649895786007640e-01 2.433228209214854942e-01 2.824592002813294811e-01 2.802605022964627102e-01 3.186300664436422236e-01 2.446868143911704596e-01 2.529075510280022754e-01 2.389314184065419178e-01 2.294439924953590448e-01 1.739966533083677214e-01 3.865222784734588263e-03 2.659717038677042455e-02
1.000000000000000000e+00 1.053712491121094708e+01 2.551855978353955723e-01 2.601833698648678972e-01 2.520541718627151151e-01 2.299147516956691895e-01 2.654576832629904071e-01 1.865481167097356452e-01 2.615717269847593895e-01 1.780381863500926087e-01 2.230646531117134179e-01 1.796091982337458259e-01 2.398863135028581617e-01 2.686780900713606202e-01 2.876276742226708261e-01 3.251986850611205404e-01 2.396151834336119613e-01 2.498953469245061565e-01 2.321343135608514019e-01 2.379638342495851988e-01 1.729233886120000174e-01 3.867229645132618573e-03 2.779532039370996924e-02
1.000000000000000000e+00 1.108973616764446923e+01 2.592349973547143915e-01 2.689228524975286194e-01 2.496812391855200153e-01 2.347956082979007764e-01 2.672227916777139001e-01 1.829420124017198668e-01 2.712115626759737386e-01 1.868163244139139090e-01 2.248892327117178180e-01 1.820316146558252079e-01 2.276401019396762093e-01 2.731060665115854769e-01 2.773947984728760141e-01 3.323655890109286082e-01 2.338411705150603981e-01 2.477505560646242888e-01 2.478360002466126477e-01 2.333394670921607739e-01 1.747343186515149527e-01 3.786184123803947293e-03 2.721288958961609258e-02
1.000000000000000000e+00 1.131738228729005158e+01 2.574526194024307491e-01 2.777630078465664343e-01 2.480344819386298139e-01 2.272552909149701816e-01 2.644683141110051317e-01 1.818574081813949528e-01 2.630170356585000979e-01 1.876107432791384588e-01 2.171002104216477047e-01 1.798286879685322692e-01 2.266843533060812765e-01 2.811966029899721775e-01 3.011799233786951469e-01 3.288921101286693682e-01 2.410029134836411402e-01 2.428347115925920674e-01 2.573498095589984436e-01 2.390425308910616720e-01 1.737937489961619564e-01 3.989548486320766522e-03 2.649940655755319077e-02
1.000000000000000000e+00 1.178235004586899315e+01 2.641034462275395622e-01 2.649549309527687857e-01 2.442856847594950809e-01 2.207732142849234136e-01 2.724232493343639039e-01 1.652406036171308601e-01 2.578112074249061525e-01 1.807238490004589859e-01 2.274982270323858691e-01 1.873042373762615620e-01 2.213664540100564460e-01 2.694401014265455085e-01 2.868933972381960684e-01 3.387267717353359964e-01 2.469645689561324464e-01 2.459260670328264897e-01 2.707173514691468830e-01 2.573880488961724500e-01 1.724043319096211779e-01 3.539602034313967232e-03 2.746234432392476166e-02
1.000000000000000000e+00 1.259566557010752419e+01 2.580745123911482586e-01 2.759819050331031587e-01 2.494404852126404504e-01 2.237035402617884583e-01 2.611148500080415769e-01 1.699956837951578925e-01 2.661551253249545002e-01 1.726134166670625913e-01 2.328504014918552911e-01 1.878676369974133509e-01 2.237857792738452700e-01 2.740976508348718088e-01 2.781318125778548533e-01 3.269842297070039705e-01 2.483216061725083412e-01 2.678926007592121739e-01 2.777667468403467455e-01 2.607019621697614919e-01 1.745805622894677223e-01 3.714921906878187931e-03 2.733388373457658685e-02
1.000000000000000000e+00 1.405304151960953440e+01 2.544557404882999418e-01 2.867241109080991279e-01 2.440063282881013984e-01 2.394105429073810909e-01 2.684978111572314252e-01 1.661758473266705394e-01 2.649662923095276179e-01 1.888587749001719163e-01 2.350619692537934124e-01 1.928592380967187880e-01 2.267171242836210909e-01 2.762714604394509998e-01 2.806385576760738187e-01 3.423954282408674388e-01 2.431380919391188666e-01 2.545919723689197833e-01 2.632939771459342215e-01 2.605695908674742767e-01 1.765722816021018937e-01 3.786510462341218571e-03 2.666856667593758140e-02
1.000000000000000000e+00 1.097354883663532021e+01 2.657054497161558393e-01 2.613633296239906700e-01 2.552571858589731679e-01 2.365220637080600596e-01 2.485171097949525343e-01 1.678011904899166240e-01 2.555100671991615280e-01 1.880462067248044322e-01 2.348334601957965395e-01 1.988351388198888736e-01 2.193982032627099510e-01 2.903791590079343732e-01 2.745957808528715627e-01 3.455472303405022205e-01 2.479562727738154337e-01 2.464769194364091476e-01 2.436749528472526571e-01 2.596147150069810783e-01 1.732174167970593481e-01 3.874526423218787371e-03 2.733137042106981163e-02
1.000000000000000000e+00 9.722972411914701851e+00 2.690707160057761449e-01 2.637916754133979857e-01 2.589036239391971361e-01 2.332829297001258184e-01 2.604867476210727673e-01 1.750539214772134644e-01 2.702433889832202563e-01 1.932420851185951416e-01 2.317091016137931836e-01 1.901402015911289878e-01 2.315812677759515048e-01 2.775369072270514326e-01 2.701374791189701252e-01 3.451454733528531160e-01 2.548729378970128745e-01 2.560812110788661666e-01 2.535706652530033689e-01 2.564008154891311286e-01 1.759299571370427639e-01 3.831603890354290127e-03 2.626384475678785954e-02
1.000000000000000000e+00 8.090532161214930795e+00 2.629647532948743982e-01 2.631109480852854010e-01 2.583095518423996761e-01 2.393105186508114879e-01 2.640105775988645376e-01 1.756836259679549206e-01 2.596608995805619879e-01 1.916874054670688887e-01 2.230965332862196449e-01 1.951193523301437971e-01 2.249550347207752155e-01 2.646767823276378051e-01 2.809125908539082950e-01 3.600375208021227569e-01 2.468357877970343561e-01 2.695694327248774336e-01 2.576144252317495997e-01 2.531606009503735155e-01 1.740963913687859077e-01 3.891954509047318607e-03 2.459620066386035073e-02
1.000000000000000000e+00 8.073317249992987499e+00 2.670177071753850329e-01 2.679886784100083963e-01 2.524169176730909903e-01 2.345881175555912246e-01 2.605140402703470248e-01 1.809708069406215092e-01 2.588552650578421210e-01 1.842777242829636009e-01 2.199644624760891676e-01 1.909755300150928481e-01 2.358162128650795053e-01 2.656146653727257667e-01 2.909084914213977968e-01 3.648869839065050913e-01 2.501832311621600136e-01 2.620403944318890899e-01 2.622289735895346752e-01 2.449713647911516412e-01 1.763672347600535595e-01 4.077306416436095836e-03 2.447361685339083034e-02
1.000000000000000000e+00 1.369488599367757153e+01 2.664270742551784199e-01 2.656985331874929246e-01 2.500531566958641427e-01 2.293394850649920214e-01 2.648059096597569773e-01 1.763177820368896087e-01 2.553397128141342565e-01 1.744330338753462273e-01 2.236063264863919764e-01 1.987308260922440728e-01 2.371028937867854514e-01 2.676086642486082412e-01 2.952801706827509198e-01 3.768829720163974217e-01 2.405388806785847267e-01 2.717342380043358818e-01 2.633733835220418706e-01 2.466812382895953726e-01 1.731086884590702923e-01 4.021649700812441469e-03 2.426160610183652339e-02
1.000000000000000000e+00 1.189655921517636550e+01 2.618256122718658485e-01 2.740896424929743502e-01 2.501623713042590014e-01 2.427763604272370201e-01 2.578294217899422813e-01 1.896156062036539747e-01 2.581504846521692764e-01 1.797327659972760283e-01 2.281849230296056352e-01 2.186277637352581904e-01 2.407953890056430957e-01 2.635336204888460432e-01 2.740942418691419413e-01 3.776509563130974190e-01 2.386892760517182466e-01 2.657899830076270731e-01 2.509014952436232626e-01 2.551276521345621773e-01 1.780030946811477499e-01 3.969589967304492512e-03 2.409589429458323592e-02
1.000000000000000000e+00 1.062871181521155961e+01 2.571965947962372989e-01 2.752465818503330164e-01 2.412158814635924353e-01 2.450126770474421734e-01 2.620514517080728689e-01 1.955019486468120293e-01 2.585933701025733278e-01 1.758732114367070609e-01 2.276739543956349809e-01 2.098170515320914864e-01 2.406322119518672364e-01 2.614745544132274224e-01 2.820123232376505751e-01 3.661353298698428738e-01 2.491117668466621138e-01 2.641833761515461343e-01 2.359592623534546019e-01 2.481153159682336351e-01 1.765768480726619682e-01 4.075432144810382795e-03 2.327478750198949675e-02
1.000000000000000000e+00 1.221126224119011994e+01 2.615870166876029801e-01 2.871469242633073460e-01 2.445472368073221547e-01 2.478629326469562744e-01 2.575884952077091561e-01 1.907422890719933928e-01 2.647460831431804329e-01 1.698555338276679649e-01 2.175304213146211640e-01 2.086366541111741302e-01 2.551073166200960585e-01 2.561841677346420876e-01 2.797393660398039272e-01 3.452850539403092278e-01 2.540336061017403613e-01 2.675563263754757726e-01 2.171380834405899907e-01 2.512713671706811591e-01 1.763008649930743743e-01 3.899697586392578737e-03 2.291535152139625997e-02
1.000000000000000000e+00 1.155339602250166031e+01 2.665834179040760255e-01 2.772130290099253380e-01 2.293405857954389226e-01 2.326542030764389424e-01 2.465023900924140920e-01 1.797221363416133810e-01 2.699147087018133329e-01 1.693242393988600158e-01 2.242182286979382544e-01 2.062936712637616077e-01 2.381687883376807646e-01 2.453612380391989312e-01 2.896230657063896818e-01 3.362096611589626138e-01 2.514940402483638038e-01 2.507390307598224011e-01 2.242875286049404726e-01 2.504786503361810523e-01 1.721815107037635850e-01 3.749880276015655350e-03 2.314197183051849155e-02
1.000000000000000000e+00 1.250606021877552365e+01 2.709583158305745032e-01 2.884893044065190426e-01 2.144613881025702884e-01 2.512967204161062340e-01 2.514212134013111277e-01 1.560132083844715245e-01 2.656645225454963288e-01 1.781616772282130501e-01 2.161230443087199249e-01 2.038873072718525858e-01 2.436292692213006539e-01 2.477187559403387085e-01 2.900521292168605214e-01 3.323035095711428522e-01 2.584380605224982919e-01 2.642650379453443388e-01 2.202125840693216485e-01 2.324905853071155826e-01 1.747926949080521875e-01 3.916072753152670914e-03 2.407964829341772972e-02
1.000000000000000000e+00 1.357114902447941951e+01 2.578269985741913906e-01 2.806975956385382442e-01 2.238926085930934839e-01 2.487279735879424358e-01 2.509411441577719670e-01 1.645159221365922186e-01 2.637078713369416239e-01 1.792201329497790652e-01 2.020758839273432139e-01 2.059652741971749468e-01 2.456928279727335906e-01 2.259597613859520571e-01 3.035118837850312445e-01 3.284340546969738983e-01 2.599343059254742849e-01 2.648158631938846708e-01 2.257353642212910350e-01 2.324210786864773504e-01 1.698873705125339695e-01 3.969621937580527539e-03 2.292937465059900412e-02
1.000000000000000000e+00 1.370883206662966103e+01 2.482401628883692257e-01 2.802381511700621219e-01 2.178262282704793718e-01 2.440299132854032438e-01 2.579719589998140106e-01 1.760621078992177513e-01 2.602970594631647261e-01 1.775034636900915397e-01 2.054651870101113220e-01 2.029792010626374488e-01 2.632995486731697921e-01 2.231940109505323455e-01 3.022375428551014043e-01 3.207642795898559829e-01 2.541700667864226215e-01 2.629554659090699298e-01 2.247733227392745559e-01 2.383527883483683163e-01 1.736764268231149877e-01 3.774620246469234143e-03 2.413753997847155677e-02
1.000000000000000000e+00 1.131301877549113222e+01 2.486990769865532747e-01 3.018190171545721556e-01 2.206820066107703926e-01 2.461347233920797017e-01 2.694726089222157506e-01 1.719064513982541398e-01 2.584246163835114962e-01 1.922069268645344997e-01 2.053680391639473579e-01 2.109062365518270810e-01 2.671094898493320269e-01 2.345692294302411385e-01 3.101596084078059867e-01 3.190176945163739619e-01 2.487883368495211467e-01 2.665052964584017636e-01 2.254936242189538309e-01 2.549889391550135831e-01 1.736405601733483628e-01 3.743669053918284584e-03 2.538920032511678485e-02
1.000000000000000000e+00 1.127107837924011413e+01 2.520695643925180973e-01 3.046513801180841252e-01 2.412470684597837756e-01 2.323940829126120711e-01 2.512942249898199032e-01 1.662029621980237459e-01 2.547600529233356448e-01 1.954263874785835131e-01 2.116665436809670175e-01 2.085791581059810162e-01 2.491013803143929395e-01 2.287640013632249170e-01 3.279947602334727375e-01 3.228337411117957467e-01 2.487360740271394310e-01 2.659944914282054707e-01 2.310569930677032202e-01 2.560116476297100707e-01 1.755515638631330033e-01 3.895665774573786166e-03 2.583014765796402823e-02
1.000000000000000000e+00 1.203035204529958868e+01 2.508198213103471907e-01 3.056886658421041347e-01 2.427464575044804562e-01 2.361257044060262045e-01 2.502810409415372472e-01 1.634806319853225054e-01 2.719677881836124467e-01 1.914426726045506399e-01 2.147507277806492698e-01 2.131284947152532749e-01 2.517894810349686763e-01 2.372041079509883965e-01 3.207825187660151567e-01 3.170792204088932476e-01 2.416833938304873142e-01 2.659811776699735897e-01 2.241261285490012134e-01 2.576319276533380331e-01 1.747907013838099211e-01 3.719201986192059977e-03 2.784560304236620085e-02
1.000000000000000000e+00 1.202575799871945961e+01 2.474974990093037897e-01 3.002140684144223304e-01 2.425325805432369530e-01 2.338451583205566064e-01 2.488919765921616678e-01 1.726177159827514684e-01 2.799765991979755175e-01 1.955885928505373406e-01 2.137776186088746200e-01 2.118394613861162290e-01 2.473758498340888901e-01 2.437134060581163109e-01 3.205642639134461680e-01 3.252339087669372519e-01 2.606995788029167205e-01 2.619124529666017054e-01 2.331871120390747731e-01 2.683988053392785122e-01 1.765728322925186611e-01 3.635227067048559836e-03 2.749555793518743477e-02
1.000000000000000000e+00 7.958842958931734657e+00 2.653650387735279614e-01 2.942992160242259847e-01 2.467986899998428907e-01 2.331700056331151016e-01 2.474894294802477135e-01 1.698053833189636375e-01 2.787374877579466004e-01 2.100224698444164151e-01 2.022046807896397957e-01 2.091897001429656733e-01 2.473569505812776848e-01 2.474303636810705476e-01 3.316880933380413343e-01 3.206494568396546785e-01 2.578619802941401473e-01 2.574843421000420629e-01 2.376553512509841926e-01 2.757065812793494386e-01 1.777946232513446800e-01 3.504621104375589633e-03 2.759035832471720684e-02
1.000000000000000000e+00 8.600301127919228961e+00 2.635243792517870109e-01 2.825183788017414099e-01 2.482424397230721946e-01 2.434091037720758632e-01 2.525601739947239688e-01 1.679657812711284892e-01 2.751659220714152698e-01 2.167125571609010426e-01 2.024553973157942055e-01 2.107984163765321273e-01 2.464673453977545003e-01 2.441554720967697989e-01 3.286826657274456998e-01 3.253340268853658901e-01 2.720698638257994517e-01 2.463757525274152815e-01 2.567363411284749874e-01 2.725025599323419034e-01 1.770683266528481070e-01 3.616132031272201609e-03 2.754267657214504866e-02
1.000000000000000000e+00 8.872953779679637165e+00 2.772710751835195109e-01 2.800323896150665459e-01 2.286220161978906318e-01 2.558335698503246269e-01 2.587060124454093613e-01 1.719061189503174325e-01 2.774463591433969367e-01 2.093145500230708389e-01 2.031715009725247878e-01 2.096721453649209033e-01 2.503059515761051901e-01 2.386412920771659729e-01 3.267856152013995930e-01 3.152380492506912657e-01 2.761229256477288896e-01 2.613812319603591172e-01 2.405211513968314729e-01 2.760393709537615758e-01 1.783657519875441466e-01 3.637828108965794789e-03 2.752331508343923080e-02
1.000000000000000000e+00 9.310908622639978205e+00 2.713986565781623117e-01 2.798143426466231376e-01 2.314454211700477104e-01 2.536640859496979705e-01 2.744046194295506336e-01 1.575650527259690736e-01 2.732573970962207111e-01 2.097910072436248163e-01 2.129862657246699431e-01 2.189492175091927173e-01 2.392191007382475643e-01 2.451303996904073412e-01 3.376370960853342651e-01 3.108148828416353870e-01 2.741445574733797907e-01 2.646154131327488890e-01 2.371205632545335673e-01 2.769439737200706797e-01 1.791383034419560538e-01 3.689459597679016056e-03 2.620045438750555344e-02
1.000000000000000000e+00 1.162803937762964956e+01 2.746055160873743795e-01 2.728328791230271722e-01 2.322312263333887183e-01 2.602827379555197607e-01 2.601867938805100255e-01 1.513155451535285190e-01 2.740436858722427593e-01 2.226882194289165062e-01 2.136356005952327053e-01 2.113073201358464104e-01 2.245721280504155426e-01 2.540902202633443796e-01 3.339099286021730006e-01 3.005007096709181869e-01 2.645015747475111811e-01 2.755354803889250581e-01 2.505958262947523552e-01 2.899250548777000391e-01 1.780462306514396520e-01 3.576924637203222034e-03 2.629597534695680278e-02
1.000000000000000000e+00 1.732275285140867283e+01 2.798300702183048050e-01 2.709865408604201220e-01 2.360812167583430099e-01 2.802625410365687797e-01 2.453692123021617988e-01 1.632006582970980946e-01 2.861211423047370084e-01 2.172429073933055677e-01 1.958223783939063711e-01 2.116540615078531529e-01 2.171797069550571446e-01 2.549303364931674309e-01 3.363222181085456230e-01 3.110765737082588078e-01 2.580558063509199029e-01 2.780827899868719144e-01 2.498426645325067808e-01 2.857723923365682039e-01 1.786463455300409953e-01 3.600369782672304102e-03 2.629967962585622043e-02
1.000000000000000000e+00 1.810896116323626259e+01 2.807463348705878659e-01 2.708199773253921472e-01 2.235874485855532390e-01 2.787684504725953527e-01 2.501428824895777780e-01 1.562103005980463866e-01 2.965679373359513815e-01 2.131130983012671509e-01 2.078478662448205172e-01 2.075863970807670655e-01 2.256695555290486321e-01 2.547440622784167275e-01 3.429776774781770343e-01 3.030892118095033783e-01 2.628894436842438842e-01 2.721916138339521285e-01 2.502133769553600562e-01 2.775241558193829450e-01 1.808609605505464568e-01 3.516821404107253572e-03 2.644855931661402662e-02
1.000000000000000000e+00 1.500391383783118648e+01 2.631488929946541599e-01 2.783869134809982548e-01 2.226964256361033401e-01 2.746160659977180951e-01 2.625565990577761188e-01 1.584147279950834097e-01 2.814646575602403056e-01 2.153173673041104963e-01 2.050599476183490588e-01 2.106480174711005127e-01 2.174738335813193313e-01 2.615222027388969805e-01 3.376526845249508413e-01 2.945955676919141952e-01 2.858385966647307153e-01 2.733411138082837977e-01 2.431469636946472224e-01 2.636495131067347897e-01 1.786060161953063052e-01 3.733430028494102298e-03 2.665019364962149112e-02
1.000000000000000000e+00 1.016285789984800836e+01 2.690598379115003991e-01 2.819817443848048333e-01 2.192859963931509115e-01 2.731170092940324312e-01 2.451941036973031562e-01 1.774625644344490216e-01 2.747344893010492672e-01 2.106920086282930149e-01 2.086205063329199527e-01 2.155357698575445236e-01 2.256007069332283399e-01 2.696892586328363817e-01 3.347527489535719325e-01 2.773652798085397553e-01 2.935851761866304921e-01 2.676763950210027665e-01 2.341190831519513460e-01 2.571174978415462498e-01 1.780952923129166809e-01 3.632887741998035505e-03 2.735424057249911250e-02
1.000000000000000000e+00 8.108104230685443170e+00 2.717751924190402457e-01 2.766405369143677961e-01 2.286053251001804454e-01 2.812849676572939384e-01 2.400888171595082221e-01 1.759308398955855557e-01 2.549964548369056394e-01 2.117783357388626220e-01 2.050289385449284296e-01 2.197360623216222386e-01 2.144683448571248208e-01 2.677446995214691761e-01 3.308712769130141562e-01 2.770676526419376118e-01 2.952139528273721170e-01 2.684708213891993100e-01 2.428810545197634119e-01 2.501552286268167169e-01 1.773900302163291254e-01 3.691019699854166617e-03 2.622218022557346040e-02
1.000000000000000000e+00 7.347307950301711799e+00 2.666342206729932496e-01 2.630628767293501924e-01 2.309341902114920853e-01 2.586886361701777881e-01 2.438633543286899130e-01 1.803397868825624417e-01 2.495503491858649114e-01 2.139436596625952092e-01 2.046052459571691684e-01 2.171631907307166043e-01 2.218826819445531007e-01 2.693842799455383186e-01 3.339362280039862574e-01 2.632045628287047467e-01 2.933113009156479989e-01 2.670481316247774739e-01 2.549502554338094473e-01 2.516687027143397759e-01 1.762649577693106984e-01 3.674445453766155001e-03 2.444105894707705381e-02
1.000000000000000000e+00 8.300475824595615393e+00 2.680145348040707809e-01 2.602858053313619191e-01 2.358214444998757431e-01 2.644751021841735827e-01 2.395837256104899338e-01 1.782166109730383974e-01 2.447488420315731272e-01 2.226481682678700946e-01 1.930778602011091472e-01 2.238631030297496827e-01 2.168598874367820284e-01 2.660907940061719157e-01 3.231388758364365787e-01 2.546217204738014939e-01 2.882743284478612167e-01 2.686686421812597980e-01 2.452637751670211363e-01 2.465233931674319368e-01 1.752402388575113878e-01 3.720065434173254471e-03 2.432922899583605386e-02
1.000000000000000000e+00 1.156811689699544843e+01 2.768852010427679255e-01 2.436568636791410225e-01 2.501667564334117411e-01 2.505157136919828331e-01 2.328818604682069693e-01 1.813243397676077839e-01 2.515292514164631510e-01 2.272005012125587198e-01 1.974927272065039596e-01 2.220165932082625582e-01 2.175522914219617521e-01 2.663306292757315341e-01 3.287494469183076529e-01 2.419481896939425780e-01 2.738370624370087825e-01 2.657105665085024992e-01 2.578547310148333049e-01 2.504125206679933546e-01 1.742732177439361430e-01 3.858694534793506974e-03 2.474809667928307144e-02
1.000000000000000000e+00 1.301909511347905557e+01 2.716476378068636288e-01 2.556185278868613464e-01 2.655937178837407542e-01 2.415985249337619933e-01 2.310436986845246232e-01 1.973205970517867558e-01 2.312338888590086405e-01 2.283636187186598721e-01 1.974811242276099388e-01 2.204259246436423569e-01 2.267575196028494833e-01 2.719935253485583071e-01 3.414151783372690319e-01 2.597081329174502629e-01 2.803186108130004128e-01 2.691770889853787874e-01 2.629179298184824987e-01 2.413528392298337211e-01 1.742549906318336950e-01 3.870495350930204439e-03 2.346433866760101739e-02
1.000000000000000000e+00 1.296569156792385336e+01 2.815758935062693258e-01 2.617028874975569908e-01 2.552243284020490055e-01 2.414870155252322181e-01 2.355168229598821883e-01 2.108178346372971412e-01 2.219236531861891737e-01 2.338301561028853781e-01 1.966643257092790253e-01 2.074365167658271114e-01 2.318931900741875718e-01 2.747059170485847135e-01 3.315109631259134382e-01 2.721535223570047957e-01 2.826120874902079971e-01 2.539627413770115805e-01 2.568164493842631235e-01 2.298581381158110448e-01 1.762708098589725325e-01 4.030807518924706991e-03 2.341382176868764958e-02
1.000000000000000000e+00 1.310945295645452724e+01 2.803256358153858319e-01 2.519453670582921800e-01 2.590779900448215156e-01 2.423222681431675962e-01 2.293185075732431799e-01 2.157528980305973842e-01 2.261903467725482342e-01 2.388534001818811148e-01 1.960232980591283813e-01 2.150697368840365220e-01 2.292841885876240604e-01 2.706167250848897643e-01 3.336849612756767613e-01 2.559835780601828481e-01 2.936070044572312576e-01 2.589394155135026354e-01 2.592507556702478011e-01 2.432585957586045067e-01 1.758611600944117170e-01 4.102678240411556342e-03 2.223516221195043566e-02
1.000000000000000000e+00 1.700145399762535448e+01 2.760534338031283008e-01 2.585462998509175381e-01 2.369789991664545403e-01 2.530312868715221541e-01 2.121411080801738347e-01 2.227323961160570520e-01 2.194761929064156514e-01 2.547630268485052141e-01 1.812272041504234266e-01 2.215548461249703116e-01 2.231564874084188410e-01 2.559960418828239881e-01 3.377163197421227392e-01 2.403957008497768777e-01 3.036779973197461513e-01 2.469036134945495342e-01 2.621343239406971337e-01 2.565300403156601239e-01 1.727311210593556745e-01 4.044122824618780199e-03 2.170184945112752645e-02
1.000000000000000000e+00 1.365796121639137084e+01 2.696206482696287821e-01 2.613189496733837047e-01 2.236893256735709712e-01 2.612704534577659499e-01 2.258169796611305680e-01 2.366319468800496262e-01 2.184171204986832537e-01 2.462377100218122172e-01 1.754445231275253148e-01 2.330393973645485672e-01 2.187326927877492333e-01 2.464429690356115532e-01 3.373039608769035635e-01 2.269540402886732200e-01 2.938194806039665652e-01 2.470220656048251195e-01 2.598933905094390484e-01 2.514054662346056346e-01 1.737872894237867394e-01 3.862159677785931104e-03 2.278773314530868968e-02
1.000000000000000000e+00 1.271442206905671313e+01 2.683193283171066423e-01 2.779851640157232628e-01 2.244741550640910466e-01 2.496754186774426676e-01 2.241943984773008824e-01 2.412341999562183092e-01 2.021886709342494703e-01 2.342951938347292984e-01 1.623373204793938651e-01 2.369876030874867867e-01 2.193603092768694196e-01 2.469901390728248547e-01 3.441339653047323366e-01 2.267669238472609927e-01 2.963381544798409095e-01 2.318772189151627194e-01 2.813024216748030715e-01 2.337498927119289749e-01 1.753885273001338507e-01 3.815855589489569946e-03 2.268825719009277819e-02
1.000000000000000000e+00 1.332030698469512942e+01 2.617111685824395351e-01 2.806156636108937952e-01 2.252155968650374207e-01 2.661363619099710309e-01 2.219430907651226415e-01 2.313248919547501448e-01 2.239275676728043618e-01 2.419754575306180822e-01 1.682714374961101489e-01 2.386210645522987006e-01 2.226262029907084272e-01 2.528948531398339528e-01 3.551635436485636177e-01 2.352593655348328150e-01 2.947594451842496799e-01 2.369581688897130778e-01 2.677212129894203652e-01 2.405666424011976834e-01 1.720852932858627227e-01 3.892135489587671311e-03 2.263499810185981911e-02
1.000000000000000000e+00 1.323930156966100924e+01 2.686783119416632504e-01 2.891819244438916248e-01 2.249701649134818737e-01 2.563122873217861253e-01 2.141445526805731692e-01 2.368895707703457809e-01 2.262238845182176494e-01 2.236233032230484918e-01 1.638358657165588650e-01 2.422594509188990830e-01 2.083104603762433726e-01 2.701552390263337600e-01 3.300986302585109944e-01 2.509178669890467228e-01 2.930868920373868036e-01 2.350516153127365782e-01 2.598953669625442275e-01 2.276931684755892915e-01 1.738014726844358815e-01 3.717826153542910187e-03 2.162728589738159568e-02
1.000000000000000000e+00 1.217231335451602625e+01 2.649406083990274996e-01 2.859823102730655320e-01 2.303861530235742083e-01 2.445752805142419051e-01 2.205514867594073614e-01 2.332582927239166826e-01 2.316900499599456320e-01 2.241541647672255499e-01 1.715895210743735300e-01 2.443897352647173282e-01 1.931503141874970075e-01 2.545811984261962535e-01 3.402904523245147694e-01 2.517133278467890145e-01 2.935627168847828039e-01 2.254211094124676795e-01 2.558892910242621110e-01 2.226768629717822967e-01 1.745678809998926218e-01 3.786155358813369457e-03 2.166867642304282082e-02
1.000000000000000000e+00 1.252810611616960657e+01 2.623163701512805090e-01 2.853431329834716368e-01 2.350243091722243882e-01 2.492016183345392155e-01 2.288160682918183586e-01 2.371960072732280655e-01 2.286122988446706028e-01 2.200750574473661902e-01 1.700041429143484273e-01 2.535954007655427667e-01 2.080770743523628619e-01 2.595318480805732797e-01 3.538049617495780952e-01 2.552826407960006594e-01 2.890320389273837165e-01 2.393702741712158688e-01 2.620971379753694319e-01 2.365404999819145093e-01 1.757991784706724736e-01 3.798995443405801115e-03 2.183842097198364363e-02
1.000000000000000000e+00 1.277318946928781074e+01 2.498809932978501014e-01 2.953114624938636412e-01 2.287064090955059914e-01 2.500120828458848310e-01 2.205707324145987913e-01 2.215559925452784962e-01 2.225747056055666917e-01 2.107948024227636885e-01 1.645484151122244276e-01 2.550703870179159005e-01 2.221783127811484404e-01 2.570924045181351425e-01 3.399879297344935991e-01 2.544277297425448503e-01 3.012613587916972424e-01 2.424713538559922776e-01 2.535908717698551751e-01 2.522943153799940275e-01 1.735940077327054742e-01 3.710247970101514595e-03 2.168636428895955037e-02
1.000000000000000000e+00 1.174328838784271589e+01 2.502269640005158058e-01 2.889093353740288528e-01 2.279421948035958156e-01 2.655232192401166813e-01 2.305600255228236473e-01 2.268974115066866581e-01 2.133314195450390915e-01 2.092571447648960969e-01 1.676343959769957814e-01 2.683396880234838466e-01 2.120656704949749338e-01 2.589758577157910691e-01 3.124666617306569583e-01 2.607107973360535680e-01 2.956293426242812550e-01 2.606966100447722923e-01 2.500048841302250358e-01 2.629537848214051898e-01 1.748518088286775407e-01 3.650712272875212411e-03 2.216640535077196369e-02
1.000000000000000000e+00 1.301484494168551365e+01 2.464238185414682758e-01 3.027579822448521196e-01 2.083115646610189942e-01 2.859736386240445127e-01 2.257311462356490495e-01 2.241386837225693707e-01 2.244800205795190740e-01 2.241517493165731123e-01 1.606233741957201477e-01 2.633257151212495817e-01 2.058490838761393715e-01 2.535945630239272441e-01 3.268676184552966602e-01 2.605915439936736244e-01 3.045910384334026832e-01 2.510114070977751410e-01 2.588872230174464883e-01 2.708518964943504304e-01 1.752823927822947103e-01 3.711243489184654944e-03 2.130927423471978485e-02
1.000000000000000000e+00 1.499112180933647664e+01 2.483989869131772166e-01 3.146546870616083735e-01 2.140354505949928487e-01 2.900388818573958472e-01 2.354118766353924530e-01 2.152555237876828675e-01 2.217761195382334238e-01 2.332597712213250740e-01 1.437359036186446615e-01 2.617347493726979724e-01 2.205249369730724884e-01 2.639795915344871347e-01 3.368520589668275722e-01 2.650644208316853545e-01 2.920601239592968690e-01 2.483229348762332200e-01 2.717539158228446383e-01 2.695722493630384742e-01 1.770127600562662884e-01 3.745234414478563513e-03 2.038871101205504133e-02
