1.000000000000000000e+00 3.574889993251006217e+02 2.629029767862460787e-01 2.509473390415815630e-01 2.370556295683902970e-01 2.267441860926678043e-01 2.204127170577428740e-01 2.027252296376592933e-01 2.227783320563793967e-01 1.676699116710448634e-01 2.209238280039260149e-01 1.733412368795685665e-01 2.146570044459858717e-01 2.307525656305553785e-01 3.276880099194782181e-01 2.800061608409505909e-01 2.547509482790991098e-01 1.987769932177060883e-01 2.647964540249460597e-01 2.241816385913881493e-01 1.651566717456646460e-01 3.814197985227875919e-03 2.354857173909022036e-02
1.000000000000000000e+00 8.309440449608680979e+01 2.619500123259325686e-01 2.495809799282291408e-01 2.217597843686386350e-01 2.058987391545733237e-01 2.194241465933851609e-01 2.009381382180076558e-01 2.410043365274506522e-01 2.016823723939099589e-01 1.954547674407542401e-01 1.961530257574648495e-01 2.611338928570934859e-01 2.665327216017606138e-01 2.598455935306238640e-01 2.981379752059908350e-01 2.257298789992577270e-01 2.485364989599032626e-01 2.755415911362993353e-01 2.243825627829731661e-01 1.688557890940907136e-01 3.472142494784434888e-03 2.515396044103225537e-02
1.000000000000000000e+00 8.122949622937366598e+01 2.619735523647894193e-01 2.439661769075381348e-01 2.148618077749521460e-01 2.099865396779134752e-01 2.311107740592671100e-01 1.905964635421979469e-01 2.267622504709858045e-01 2.082341922295671000e-01 1.934855350751939207e-01 1.878696959047934101e-01 2.401408389827413559e-01 2.613527623295570090e-01 2.699483331887670978e-01 2.991923859212987646e-01 2.215389952428092613e-01 2.372782166418533900e-01 2.925654237134979185e-01 2.212826906611487510e-01 1.639501489822708657e-01 3.542334067917996161e-03 2.403136194781446688e-02
1.000000000000000000e+00 1.335124502435460592e+01 2.651944774982300523e-01 2.550366027790535450e-01 2.310339676275281473e-01 2.157888365331704916e-01 2.428066049506227841e-01 1.789858044189591990e-01 2.414309715389795219e-01 2.030503965375224096e-01 2.053878458838203080e-01 1.871047075883867095e-01 2.313920826100250849e-01 2.566604551822291302e-01 2.706125842134957660e-01 2.895957796360345560e-01 2.206089136074586288e-01 2.373244711815005736e-01 2.930574447600159949e-01 2.155760141050202527e-01 1.668827435768160117e-01 3.404296127581325510e-03 2.509819662519570047e-02
1.000000000000000000e+00 1.113683898915614101e+01 2.675205615843834206e-01 2.515260155836994138e-01 2.429225013767269958e-01 2.265829708248294772e-01 2.386584160657943265e-01 1.868454410264074883e-01 2.569229685969581234e-01 2.114847220817735463e-01 1.895526665235803820e-01 1.713700389269052493e-01 2.311177356863136911e-01 2.676997185361769671e-01 2.799732464164616519e-01 3.053692195491591876e-01 2.251921396496892880e-01 2.543300447693580546e-01 2.786869016427501178e-01 2.121618601306851093e-01 1.702124777892421170e-01 3.264440588219659142e-03 2.581615805449075096e-02
1.000000000000000000e+00 1.093670978295714313e+01 2.706126542500658094e-01 2.453057000767737972e-01 2.363663045524735939e-01 2.380683436757998761e-01 2.269980147266032477e-01 1.830495613816332245e-01 2.563875399741555872e-01 2.074598774612400887e-01 1.836677011436079199e-01 1.684805060353040673e-01 2.289074383668159574e-01 2.669316386109865658e-01 2.972287293456264967e-01 2.764305373740317817e-01 2.202880725240404236e-01 2.542713546693656235e-01 2.783995072875689036e-01 2.104110411745289677e-01 1.686914617850829301e-01 3.402970770508276493e-03 2.504011596918735705e-02
1.000000000000000000e+00 8.760148692504401424e+00 2.645856641640113582e-01 2.456486231843753587e-01 2.257082973670360704e-01 2.423163760712416792e-01 2.171179819643136721e-01 1.907496194575992732e-01 2.631210060591128719e-01 2.008658255529634507e-01 1.860189498693146093e-01 1.678569540343377298e-01 2.327513233781038082e-01 2.620793131383924446e-01 2.982171443353789919e-01 2.958046516276923166e-01 2.240557252533453003e-01 2.585162804300973338e-01 2.557978441464433539e-01 2.041496538608342792e-01 1.670929013355726134e-01 3.589623787190597114e-03 2.446666779513157267e-02
1.000000000000000000e+00 8.544241203687578334e+00 2.678850657036861982e-01 2.468918596409402644e-01 2.366642971624353664e-01 2.543158949501609367e-01 2.095105267438405194e-01 1.849423888283421025e-01 2.602440554815830809e-01 1.941544119427339177e-01 1.862316090837483340e-01 1.667945124596297846e-01 2.340360480788125364e-01 2.585102743789856050e-01 3.024761640065815604e-01 3.061148793919016842e-01 2.102286390932303073e-01 2.575849818419662096e-01 2.545041878567105842e-01 1.959510201030751075e-01 1.671250586249011516e-01 3.530632784797932064e-03 2.524835977156137529e-02
1.000000000000000000e+00 9.467568061439303406e+00 2.688923305742497716e-01 2.238569005234764264e-01 2.378096129803693448e-01 2.682952050192008997e-01 2.146883556139778659e-01 2.021080479857775558e-01 2.597213230199434397e-01 1.832631081689379826e-01 2.045719802749110527e-01 1.523731013422139624e-01 2.355977114772765668e-01 2.511051970968418146e-01 2.945639143933220794e-01 3.091006493323518178e-01 2.041166132724233362e-01 2.453412479968620774e-01 2.679565367460352565e-01 1.881282535634780650e-01 1.676011832825513304e-01 3.697206015561781654e-03 2.203283207544737624e-02
1.000000000000000000e+00 8.490661365784843539e+00 2.662635237840338398e-01 2.133504922910225698e-01 2.452883847573800735e-01 2.666128856089701182e-01 2.207748442176218628e-01 1.994358987923332271e-01 2.510577200188572333e-01 1.869664761529028774e-01 2.044004866705836643e-01 1.474758241382492785e-01 2.402545110930138506e-01 2.269598765698861986e-01 3.007198882333680934e-01 3.057301928971258853e-01 2.245615392459536230e-01 2.359856123868927513e-01 2.618236393326190958e-01 1.915777791504685024e-01 1.674421827489981918e-01 3.668524718681673031e-03 2.070612549453466553e-02
1.000000000000000000e+00 1.024096079879126364e+01 2.621722257462478778e-01 2.240623864257697828e-01 2.376257295780538348e-01 2.767676490188415994e-01 1.987867013605470190e-01 1.991031156520339795e-01 2.385270599197119867e-01 1.712358574600849059e-01 2.201299507888239693e-01 1.511537898525676105e-01 2.457905763677714628e-01 2.370524544807676992e-01 2.990937305864549423e-01 2.961579978409802916e-01 2.321077514077647952e-01 2.490331078384396823e-01 2.639186839908542748e-01 1.874989751206859179e-01 1.656123220428319109e-01 3.756305968236903128e-03 2.187444010522203094e-02
1.000000000000000000e+00 1.023352686949139567e+01 2.731711449478426146e-01 2.110866486877843728e-01 2.333260428558160404e-01 2.629358089340834703e-01 2.016514534831967964e-01 2.074459644570946226e-01 2.466185236239737955e-01 1.667747975204693645e-01 2.145048397088293868e-01 1.523929443091492364e-01 2.448677828051233074e-01 2.461598169671625758e-01 3.005409725274076349e-01 2.996566459401651117e-01 2.408381236559986316e-01 2.465702274513265624e-01 2.555780541795087957e-01 1.909074289880308695e-01 1.658179815810015556e-01 3.733376198415379668e-03 2.356811695573367282e-02
1.000000000000000000e+00 1.114875616256970936e+01 2.766988843341095516e-01 2.064977878639932818e-01 2.347520012389429644e-01 2.554571326577242396e-01 2.032626357983476351e-01 1.991957997803179836e-01 2.342491165860909885e-01 1.768142351793234313e-01 2.142955632122196530e-01 1.564594281417966415e-01 2.420341598618582502e-01 2.322158929012148598e-01 2.866437234011912638e-01 3.023984691593099572e-01 2.296387950693659918e-01 2.336337631920853974e-01 2.566128618097220926e-01 1.967352204196793075e-01 1.610536873866108276e-01 3.453425284157387708e-03 2.341002665246640774e-02
1.000000000000000000e+00 8.763031532709065985e+00 2.732445693998974967e-01 2.080734481621205612e-01 2.419079004383488662e-01 2.551029227302314961e-01 2.075224818133813709e-01 1.990391019547943230e-01 2.359045533505288728e-01 1.661258872385160679e-01 2.200948674515216807e-01 1.572501825010371723e-01 2.479758407751168625e-01 2.412380132584591996e-01 2.991070980477539276e-01 2.890146870754356501e-01 2.266248314675886055e-01 2.334824904473526697e-01 2.621396597101493531e-01 2.019415605778386302e-01 1.640182847794607601e-01 3.632923988454475096e-03 2.291272609871030860e-02
1.000000000000000000e+00 8.139375476176859081e+00 2.659116332842172969e-01 2.151466321047585117e-01 2.409316890352103946e-01 2.725626188257890270e-01 2.162570161624699783e-01 1.989569636343855585e-01 2.547199203185477878e-01 1.677420821765175929e-01 2.127953907366390285e-01 1.501756612556908732e-01 2.491740882718405381e-01 2.353168703157685338e-01 3.097761521704094911e-01 2.762069067277592160e-01 2.384155045231908798e-01 2.291566372045053257e-01 2.728862237563232096e-01 2.043127904723753274e-01 1.652750513437509228e-01 3.681157116090803642e-03 2.393352309562623778e-02
1.000000000000000000e+00 8.091225948859891659e+00 2.673646833007155554e-01 2.393061114783679999e-01 2.340443536260280455e-01 2.576190127962713627e-01 2.054029815171214690e-01 2.064986940625850032e-01 2.353972022651198981e-01 1.752173003294610620e-01 2.216176799699893230e-01 1.575830395734993672e-01 2.629196336889844110e-01 2.481229596167946749e-01 3.079128045975481065e-01 2.836686345516591934e-01 2.567272567599329647e-01 2.191284871380920207e-01 2.890645544757503016e-01 2.119234368896058263e-01 1.687897162362722303e-01 3.688380951201618123e-03 2.363303653364309462e-02
1.000000000000000000e+00 1.125194840677866814e+01 2.554880021624170161e-01 2.494842505712088210e-01 2.350697956114423948e-01 2.594445201721556349e-01 2.216652963072280602e-01 2.026480249985013748e-01 2.203735638780869310e-01 1.772937776423715306e-01 2.139542827835035910e-01 1.635747127253419919e-01 2.494795889815755452e-01 2.451247722031759668e-01 2.959280516131777006e-01 2.672470355143287124e-01 2.519677738976283665e-01 2.091341913418076903e-01 2.862340273626026721e-01 2.001135347336762960e-01 1.681540444170583348e-01 3.638083634578966052e-03 2.292055786314159405e-02
1.000000000000000000e+00 1.370589070391498154e+01 2.625448446359732180e-01 2.408987217435217543e-01 2.173453174788120834e-01 2.670200583634087521e-01 2.202012805807185836e-01 2.110735515706939902e-01 2.048108576543220816e-01 1.744268434016651714e-01 2.205193356735968002e-01 1.729584656751455007e-01 2.580944326949485279e-01 2.461188899395099772e-01 3.025682280674165114e-01 2.691114857179849329e-01 2.498606490130632629e-01 2.151872608790172947e-01 2.876242450939396345e-01 2.093430829969265550e-01 1.677698498679481842e-01 3.660642586598541852e-03 2.119411953529928144e-02
1.000000000000000000e+00 1.140933421731380726e+01 2.628040125189863296e-01 2.548553937331665686e-01 2.213872682339954323e-01 2.489703435955653021e-01 2.129520428128263421e-01 2.133889450874791593e-01 1.905648177056996628e-01 1.763046969397641661e-01 2.185134708662489489e-01 1.665670209308223459e-01 2.574073200522289939e-01 2.300743563598046104e-01 3.062493248539816526e-01 2.787505649259756080e-01 2.497023387358234814e-01 2.037751524083846466e-01 2.843846424127225436e-01 2.119010945544371471e-01 1.649288544251271138e-01 3.755458531921133155e-03 2.137513721467997757e-02
1.000000000000000000e+00 1.145203142807855201e+01 2.661864841086449274e-01 2.451115004144416021e-01 2.339053063455765469e-01 2.364923018183773540e-01 2.222200807951822121e-01 2.164011105662496104e-01 1.988400642330835633e-01 1.817307143876097930e-01 2.181135407293753325e-01 1.665353907915557707e-01 2.342080458330766390e-01 2.317802073689604059e-01 3.011372653032551860e-01 2.901316669856578434e-01 2.560890402586076253e-01 2.058923437971332537e-01 2.798422919939861919e-01 2.135414061491746895e-01 1.648402752866047760e-01 3.722230289128352753e-03 2.336591845030213180e-02
1.000000000000000000e+00 1.050673477692730984e+01 2.711587640014819778e-01 2.465658699760711337e-01 2.270629335262882853e-01 2.369169443229572070e-01 2.219234607047412544e-01 2.148271205733887634e-01 2.104604780645960849e-01 1.689376964375071954e-01 2.202370934470549713e-01 1.743502996132349769e-01 2.112273987836754685e-01 2.231045696883043605e-01 3.191305930341556962e-01 2.724687306077522853e-01 2.517614752921574217e-01 1.989086305970698410e-01 2.695879795419734437e-01 2.221505092526252223e-01 1.651320199004458755e-01 3.685667166732012421e-03 2.346057263077007057e-02
1.000000000000000000e+00 7.676814978313950988e+00 2.629029767862460787e-01 2.509473390415815630e-01 2.370556295683902970e-01 2.267441860926678043e-01 2.204127170577428740e-01 2.027252296376592933e-01 2.227783320563793967e-01 1.676699116710448634e-01 2.209238280039260149e-01 1.733412368795685665e-01 2.146570044459858717e-01 2.307525656305553785e-01 3.276880099194782181e-01 2.800061608409505909e-01 2.547509482790991098e-01 1.987769932177060883e-01 2.647964540249460597e-01 2.241816385913881493e-01 1.651566717456646460e-01 3.814197985227875919e-03 2.354857173909022036e-02
