1.000000000000000000e+00 1.147593342877575395e+02 2.830567337412050466e-01 2.228001739690418925e-01 2.674792748784862728e-01 2.289579190862629232e-01 2.624431148064563790e-01 1.913504759213167095e-01 2.622330480419635679e-01 1.917573147505358122e-01 1.843089927820656948e-01 2.323429395065253755e-01 2.386014834967828957e-01 2.586096700969747753e-01 3.037531249090148489e-01 3.051265696405920935e-01 2.421355641694365179e-01 2.737887158376363650e-01 2.555162799701797272e-01 1.553228787123109023e-01 1.737469497403686391e-01 3.638018480985411463e-03 2.888701903970655391e-02
1.000000000000000000e+00 4.009230147677928358e+01 2.629070188174694178e-01 2.654399085613374232e-01 2.476121947382361188e-01 2.034062549607946191e-01 2.272630883468418350e-01 2.150628237504113860e-01 2.232633388560289478e-01 1.933757673212548045e-01 1.903969343059580543e-01 1.902580185666814250e-01 2.491896822146533741e-01 2.552219980611163397e-01 2.762957992310933197e-01 2.872387916515146133e-01 2.230175401926781931e-01 2.337843537055394605e-01 2.351175081220742147e-01 2.356777988084238773e-01 1.693161717497150554e-01 3.285544969177866485e-03 2.518292485497535330e-02
1.000000000000000000e+00 3.073033376363359181e+01 2.609906252859615083e-01 2.603606781701783279e-01 2.464950300172639164e-01 2.084611156848255320e-01 2.219673065022491343e-01 2.226594307748818169e-01 2.318131875622808646e-01 1.903997323961362231e-01 1.963611751229552838e-01 1.953068507391502451e-01 2.435708143588440344e-01 2.447638557724144681e-01 2.758837900246934871e-01 2.827950295092039878e-01 2.254363864054927669e-01 2.279624127194091743e-01 2.267828353238850181e-01 2.345662869884472257e-01 1.690974466100887696e-01 3.426036851042030176e-03 2.537607555936176318e-02
1.000000000000000000e+00 2.446563101273113006e+01 2.476806884909299733e-01 2.557898380351961154e-01 2.432259183783527512e-01 2.171459828406334391e-01 2.033562428836637181e-01 2.109465025165622731e-01 2.291972680490922676e-01 1.868110850639316256e-01 1.981927123735756080e-01 1.948394187323320426e-01 2.408993678657444515e-01 2.503412035158121274e-01 2.682764562732589120e-01 2.838105165732718316e-01 2.250130082761710726e-01 2.226078384423776924e-01 2.380233218382964144e-01 2.304954621220059174e-01 1.640234456472107749e-01 3.491466154622299266e-03 2.388048667460117638e-02
1.000000000000000000e+00 1.856282929537623616e+01 2.484894615005012464e-01 2.502785469294940279e-01 2.517197568227724225e-01 2.318685981177350253e-01 2.093361036432258016e-01 2.102578444898901000e-01 2.304133513665670707e-01 1.889704964295587097e-01 1.971820096592552807e-01 1.977720182194445120e-01 2.453745325954790613e-01 2.580946555007818666e-01 2.795113241213448840e-01 3.070032028424303783e-01 2.271846260321090383e-01 2.156730164788382698e-01 2.285575232295546932e-01 2.173749269502326387e-01 1.666133983859480749e-01 3.408016254093916737e-03 2.325760721668071809e-02
1.000000000000000000e+00 1.763406676522528471e+01 2.523682813204140563e-01 2.516468951901310036e-01 2.460832532533930861e-01 2.296567202382848172e-01 2.160216100653409299e-01 2.125740016518160302e-01 2.364270576784699429e-01 1.899679546515371520e-01 2.023251848976239942e-01 2.023804560363925698e-01 2.369286040464729515e-01 2.537931704117216136e-01 2.845711927438303035e-01 3.037050578648640697e-01 2.394179564148033457e-01 2.396285703220314423e-01 2.257113324009430988e-01 2.205570808356117629e-01 1.661488478662757617e-01 3.282311896642394009e-03 2.317520279179959355e-02
1.000000000000000000e+00 5.348763731063939098e+00 2.514144980931591333e-01 2.535791477084133883e-01 2.664483532754899908e-01 2.356817967570614403e-01 2.139548262163128156e-01 2.067137444032185190e-01 2.193739205073693688e-01 1.878488302900524209e-01 1.907667817060676452e-01 2.074702157332378449e-01 2.292951076701288116e-01 2.455414318785281991e-01 2.697506501854989858e-01 3.067458082297581101e-01 2.484572347080937771e-01 2.431084562128610627e-01 2.375225581124838226e-01 2.156437966582031851e-01 1.681447685410596971e-01 3.426707725374445596e-03 2.306337241338531421e-02
1.000000000000000000e+00 6.143445833918591781e+00 2.593238823873155741e-01 2.352796410176227204e-01 2.506139985740726828e-01 2.396772378747202559e-01 2.096639450385387737e-01 2.011980342936376676e-01 2.262329573385798709e-01 1.887778211938882789e-01 1.938405902555864202e-01 1.955262033228350460e-01 2.279939019184238636e-01 2.547085361632809852e-01 2.636947959926836393e-01 3.088438292955761333e-01 2.486073440004313573e-01 2.405648674161436629e-01 2.403009413805923256e-01 2.152524521547092284e-01 1.668691612217086950e-01 3.543797578554332920e-03 2.298384517118291781e-02
1.000000000000000000e+00 8.716459761777764825e+00 2.607873296935827034e-01 2.477620106110198228e-01 2.578177401606255859e-01 2.338124999352744482e-01 2.118271468208608455e-01 1.985847147421053449e-01 2.331682235526151836e-01 1.934136009921607335e-01 1.881815374558998277e-01 1.942536725085185489e-01 2.378822477150526193e-01 2.549342013845251054e-01 2.810023974846504458e-01 3.063339907892801972e-01 2.490970355189365826e-01 2.360565054606748869e-01 2.463890757734472914e-01 2.035755842657867576e-01 1.687781399515190517e-01 3.506479434423579421e-03 2.476955203428987326e-02
1.000000000000000000e+00 7.746220538381864529e+00 2.604963336339788382e-01 2.370680152399901319e-01 2.611952739564962767e-01 2.263546599605509857e-01 2.058959092484778375e-01 1.958219456714464790e-01 2.338772799494447663e-01 1.940548120647657693e-01 1.796534842492565343e-01 2.015646540508060913e-01 2.236468287626236506e-01 2.493821919780396523e-01 2.779927116608139626e-01 2.868762962383182846e-01 2.358019785737589802e-01 2.413133425147344080e-01 2.610260634625965470e-01 1.816936546002087260e-01 1.656332158568997737e-01 3.428831365825648226e-03 2.589793208820664883e-02
1.000000000000000000e+00 1.203294299620217167e+01 2.510111976970332837e-01 2.463284695964682580e-01 2.770297179496076789e-01 2.322755967792916876e-01 2.093859954875950946e-01 1.745114080208483298e-01 2.347437867941227496e-01 1.989438894638630440e-01 1.790589891537404943e-01 2.098124894975613997e-01 2.288292530948413117e-01 2.544631575505859611e-01 2.517865034827272419e-01 3.267045424011646992e-01 2.253843550306068311e-01 2.318366518596461923e-01 2.529653949163428450e-01 1.897382012805264584e-01 1.638083974222465655e-01 3.199648781520818362e-03 2.705269327307419092e-02
1.000000000000000000e+00 1.203448503220190346e+01 2.563048803189501013e-01 2.455891659940099003e-01 2.584648227360398787e-01 2.162920502639123499e-01 2.231864134401693456e-01 1.826563293309113600e-01 2.322350591043746970e-01 2.097622688996381157e-01 1.686518077883534805e-01 2.220605356228474159e-01 2.161144073756459394e-01 2.458109813747111905e-01 2.587931250112199821e-01 3.210744470907794801e-01 2.155796517842486215e-01 2.279912537610290502e-01 2.586372808329789885e-01 1.924826909927890572e-01 1.644881240291884983e-01 3.182403872208946442e-03 2.583898542141039104e-02
1.000000000000000000e+00 9.022858906101273391e+00 2.529046474730126670e-01 2.415679383690550186e-01 2.690630690849605822e-01 2.266287604190473925e-01 2.169031816962840309e-01 1.926335053631332284e-01 2.430521676403226972e-01 2.073037919426257980e-01 1.574107969913021432e-01 2.270552029937085992e-01 2.063031177532976268e-01 2.397273674325625659e-01 2.672823564969621923e-01 3.171431529217920153e-01 2.275362706436514781e-01 2.313350679654172237e-01 2.310105699248382882e-01 1.870498913280566888e-01 1.662335633435795545e-01 3.240808330281738127e-03 2.719579392904279691e-02
1.000000000000000000e+00 8.595699987974111167e+00 2.452152131834861859e-01 2.516450231574422491e-01 2.492207846950136030e-01 2.299190470582059276e-01 2.130874456988413324e-01 1.927142394368449307e-01 2.497751125968261654e-01 2.087970509652818107e-01 1.680399461906036951e-01 2.207312522113966669e-01 2.187259726828001682e-01 2.154370394806050248e-01 2.625939597243445167e-01 3.242970436319694283e-01 2.266524902230225291e-01 2.294768398918568542e-01 2.210674095136323791e-01 1.876951727027351968e-01 1.636009921513068843e-01 3.084986711182347019e-03 2.768926960047119953e-02
1.000000000000000000e+00 8.997151049906705111e+00 2.526741947687020096e-01 2.648826667246929056e-01 2.458140811206240006e-01 2.246208044739302911e-01 2.294857386095261742e-01 1.919570755594157130e-01 2.474410907271962223e-01 1.973202812125316452e-01 1.620532216434734663e-01 2.039838302601189590e-01 2.307352361090049264e-01 2.180901889285183637e-01 2.718025721048580312e-01 3.223436353126643561e-01 2.245112908332364821e-01 2.294011455455800264e-01 2.228984405370860455e-01 1.786489079755187448e-01 1.656009565819686058e-01 3.203845777461490022e-03 2.790721481137577523e-02
1.000000000000000000e+00 1.174074538947370527e+01 2.595811034031841324e-01 2.462435286425169734e-01 2.384078158865002017e-01 2.206087836733482965e-01 2.084480964461646879e-01 1.838129844203702512e-01 2.538644044364719021e-01 1.857516664180590138e-01 1.461874537327720880e-01 2.010044512213270684e-01 2.165003393909014362e-01 2.050912919620997421e-01 2.715132961870953543e-01 3.083594288982647869e-01 2.197208587082360720e-01 2.222950629139949230e-01 2.260624867332822474e-01 1.648418145694980907e-01 1.591515140328873534e-01 3.208708932221874133e-03 2.850136969881901863e-02
1.000000000000000000e+00 1.068445889213187527e+01 2.547139796412133395e-01 2.246479830060783556e-01 2.466982248876244954e-01 2.232175571006072834e-01 2.026033254549378937e-01 1.834156793441005240e-01 2.370160334265073443e-01 1.884262454498586981e-01 1.367358397591000585e-01 1.990037033175551806e-01 2.346604114782730732e-01 2.128591238521719275e-01 2.612138716538350280e-01 3.075335415373030012e-01 2.071583997222205265e-01 2.353704253052795459e-01 2.419157462055764873e-01 1.563140136659842694e-01 1.573136985502452401e-01 3.375019025164778183e-03 2.939898648295682232e-02
1.000000000000000000e+00 1.074405688294701910e+01 2.383259197797785167e-01 2.273478996000751207e-01 2.438047360738945235e-01 2.361495174013399645e-01 2.029524766510352463e-01 1.906902264233789612e-01 2.320786336409173534e-01 1.877479715333369159e-01 1.424203531719835381e-01 1.940773818448772448e-01 2.391657886739715633e-01 2.164893375790404306e-01 2.501644884060618135e-01 3.003066200177443301e-01 2.065515992113514665e-01 2.329324036755736071e-01 2.325745136323945639e-01 1.752961051196562092e-01 1.587840842761211180e-01 3.316108251363149816e-03 3.092681805970634579e-02
1.000000000000000000e+00 9.833642465776129882e+00 2.417084244642372370e-01 2.266764701581766572e-01 2.369295332887048633e-01 2.371523248924267135e-01 1.971012300902679482e-01 1.894211688511049652e-01 2.305880656726573830e-01 1.968926811506941654e-01 1.509321291542978227e-01 1.921017314883948501e-01 2.328382254562730291e-01 2.253749366629550777e-01 2.646343642919636863e-01 3.019578814317424031e-01 2.040195490166506198e-01 2.257898272448681243e-01 2.369594849849315510e-01 1.641104459954473016e-01 1.564931563411156579e-01 3.201871818580776310e-03 3.043352116206815561e-02
1.000000000000000000e+00 7.971674463536008837e+00 2.346322268217360119e-01 2.377249607127409903e-01 2.441728274143938893e-01 2.379622493175947706e-01 1.926160360195187660e-01 1.914173317813462338e-01 2.322363614169666857e-01 1.897175914850389999e-01 1.508930248171154453e-01 1.842176234661566936e-01 2.336822129920839153e-01 2.303982091943233557e-01 2.657856270768979012e-01 3.082257491529272753e-01 2.102856767330980314e-01 2.201449141806113285e-01 2.260939543769500126e-01 1.705748106863392288e-01 1.579618470333108982e-01 3.189723235096144152e-03 2.919777475911479112e-02
1.000000000000000000e+00 7.429507049810331942e+00 2.371483021891003518e-01 2.590591642628806701e-01 2.405303071321389097e-01 2.303835229778448124e-01 2.048900780041423009e-01 2.049004781020736798e-01 2.295743810627156600e-01 1.968153482475166471e-01 1.446628047839107478e-01 1.961454498184265760e-01 2.174768674478221309e-01 2.288443943325701446e-01 2.646273932314398558e-01 2.957125981116220381e-01 2.163302800377124580e-01 2.260302358800799771e-01 2.282713495984077245e-01 1.810064896989189431e-01 1.596124499255831553e-01 3.060978545979196538e-03 3.060202930930231574e-02
1.000000000000000000e+00 9.814943618248602064e+00 2.493747975563611052e-01 2.569198293259875032e-01 2.405884005097635447e-01 2.381850982872895095e-01 2.067559897493779497e-01 2.140502173263197083e-01 2.285599061454508252e-01 2.049938764302071670e-01 1.468888556728592254e-01 2.018420839313833648e-01 2.235449781321920126e-01 2.391867341886548259e-01 2.698006093690787921e-01 3.082082765602230379e-01 2.176202825436819588e-01 2.273930056565482694e-01 2.177451130446914629e-01 1.920930841917954934e-01 1.624680340944245904e-01 3.101083458813435299e-03 2.948442285434583338e-02
1.000000000000000000e+00 9.349921846628685529e+00 2.520130592203894682e-01 2.631700550290591578e-01 2.400361030872395773e-01 2.269976308736033344e-01 2.229346024344279198e-01 2.095435773944772651e-01 2.421050089965708640e-01 2.051922151417525930e-01 1.504646917083514723e-01 1.985450177101702185e-01 2.273652164609452075e-01 2.328914315498527010e-01 2.689680927696218027e-01 3.288788315199586698e-01 2.117541986422558364e-01 2.339219087218067927e-01 2.211576598715560837e-01 1.977838644327492013e-01 1.665032690858196107e-01 3.393493469831281115e-03 2.825603025675967744e-02
1.000000000000000000e+00 9.281457538139552099e+00 2.491350406368310066e-01 2.538849248761682054e-01 2.346320015733078801e-01 2.353585645403478976e-01 2.156682411965575030e-01 2.003281594500798957e-01 2.266132732062230981e-01 2.051735509207031349e-01 1.439741688201980896e-01 1.933991460489134506e-01 2.317828158459216970e-01 2.348282388668401222e-01 2.588649442302342618e-01 3.358980496569090590e-01 1.937446461131510089e-01 2.325249461848420962e-01 2.187078642959184860e-01 1.956053577489655915e-01 1.613453690176055166e-01 3.451650462534190320e-03 2.996150476564312173e-02
1.000000000000000000e+00 7.721699525705087552e+00 2.442052050987627565e-01 2.582312029767216410e-01 2.294271162923882945e-01 2.363458100205512724e-01 2.218857828155941792e-01 1.999926832315030989e-01 2.158204872112714778e-01 2.115170105996496686e-01 1.401082002264636139e-01 1.984088341897110030e-01 2.173460019877792582e-01 2.409335703869079637e-01 2.793804084593189407e-01 3.249744469981249995e-01 2.038834324461870351e-01 2.348627831153820567e-01 2.211684755445588735e-01 2.058590048843892961e-01 1.617283222470327353e-01 3.288112991989048349e-03 2.864706184872867906e-02
1.000000000000000000e+00 7.564289275141850233e+00 2.421413727805923344e-01 2.635917841228651026e-01 2.349107394383307679e-01 2.455852244102261772e-01 2.175217548904333775e-01 2.067561213387434094e-01 2.177548427469338244e-01 2.196635023908174722e-01 1.519644512908564227e-01 2.035665016705890673e-01 2.122494150190511186e-01 2.221517840641053509e-01 2.803849183717986304e-01 3.313256116557391495e-01 2.125273470973783607e-01 2.503096127509951696e-01 2.282658040465335991e-01 2.011019112706182166e-01 1.642508606868018084e-01 3.167147204386859798e-03 2.823655735849634266e-02
1.000000000000000000e+00 5.388771558434028996e+00 2.525274347122952179e-01 2.617791264272829599e-01 2.263390736478309850e-01 2.434759164428409728e-01 2.255012254344195555e-01 2.076805069114532332e-01 2.180731232593875468e-01 2.152531114341514340e-01 1.623048779520863683e-01 2.171819505813661899e-01 2.158984718060506791e-01 2.229686435446319726e-01 2.842314986231526119e-01 3.262601905844186301e-01 1.970046113954151135e-01 2.627610390313023236e-01 2.156841979994371661e-01 2.001289576794134106e-01 1.651926531276483034e-01 3.081497156967211680e-03 2.700944317033641615e-02
1.000000000000000000e+00 5.613709134688152247e+00 2.482596325143865690e-01 2.517040926742518114e-01 2.359216967920018115e-01 2.380596895473405805e-01 2.210058038042699291e-01 2.091231455260305627e-01 2.151825598889251234e-01 2.026890934063219074e-01 1.551350232874060542e-01 2.349140526841796139e-01 2.090770130216977885e-01 2.178552432575998621e-01 2.696409689965373890e-01 3.262113218487474042e-01 1.950764568373719310e-01 2.684858751432559476e-01 2.109428851466280119e-01 1.953234902317191601e-01 1.641308142673620352e-01 3.201461133321229988e-03 2.693487503981907907e-02
1.000000000000000000e+00 1.012123459651205337e+01 2.484079046692808657e-01 2.511756622639760850e-01 2.353625274044092441e-01 2.181978767458435109e-01 2.155735237671824456e-01 2.011815351133046104e-01 2.096298223143189254e-01 2.026316712484312887e-01 1.611017047583318262e-01 2.393851188124463403e-01 2.188750224369762631e-01 2.262449288985116103e-01 2.677004270416861176e-01 3.291904131933818811e-01 1.769139129791757192e-01 2.454018302990677580e-01 2.103322997680272533e-01 2.065141185884289687e-01 1.605205451466869271e-01 2.945641843208307575e-03 2.727916183556563026e-02
1.000000000000000000e+00 1.072119024573670920e+01 2.367858527899063537e-01 2.480781968581109442e-01 2.450925553299354021e-01 2.201992558253089149e-01 2.236012553978655726e-01 2.099610237846249727e-01 1.922013376910258198e-01 2.116248891127303633e-01 1.546501335370130126e-01 2.346051991732898134e-01 2.128279373449383227e-01 2.198449766849723541e-01 2.656010732675715413e-01 3.207419125443708441e-01 1.853005977131702842e-01 2.398063448013748600e-01 2.246530145820156976e-01 2.071900459078641343e-01 1.621253771155613810e-01 2.897193645299568285e-03 2.775403377818658548e-02
1.000000000000000000e+00 8.145355341108263758e+00 2.439157992002276287e-01 2.443247858982581233e-01 2.516466237172299558e-01 2.127528119463185374e-01 2.253960420445152435e-01 2.092184298456562508e-01 1.833742664742471495e-01 2.025742583765987037e-01 1.507917805957460500e-01 2.325828756513994011e-01 2.163497300817475433e-01 2.214489992517948702e-01 2.785362659758275905e-01 3.206546485393029222e-01 1.911281095183998413e-01 2.460700643687646072e-01 2.211256764752786708e-01 2.113360357835254444e-01 1.583883215945025014e-01 3.008786431730775535e-03 2.754718055527949697e-02
1.000000000000000000e+00 1.186556325196818307e+01 2.453145660537677242e-01 2.338364514519638837e-01 2.628731831575203404e-01 2.142499493605434513e-01 2.376767241086805427e-01 2.211776906163417100e-01 1.969432267769509193e-01 2.076208754501753517e-01 1.663232957310827320e-01 2.344634381525498579e-01 2.194797078305519011e-01 2.300508411670998954e-01 2.913321757340276430e-01 3.131556677068431660e-01 1.921376281763285399e-01 2.619834098027695735e-01 2.259426100001810378e-01 2.091217490030474191e-01 1.665448096138961720e-01 3.078338542906931558e-03 2.691917829487361358e-02
1.000000000000000000e+00 1.129740681357117360e+01 2.438532079606862135e-01 2.380763424035778619e-01 2.549628784373922930e-01 2.159670587513287110e-01 2.513570595430213994e-01 2.169822509705529867e-01 1.978673008175017567e-01 2.022651096075841759e-01 1.603565920709976445e-01 2.203313582173800911e-01 2.161068787646870382e-01 2.282032376997187584e-01 3.088948707211932598e-01 3.207218002455748396e-01 1.828453302936756675e-01 2.727842826508470320e-01 2.348990862902046728e-01 1.935214050899599636e-01 1.635055436444768362e-01 3.126028395004350723e-03 2.664839730830863632e-02
1.000000000000000000e+00 9.232951493419150779e+00 2.358228494817913856e-01 2.450414139228674348e-01 2.626917737528678409e-01 2.128387082983620449e-01 2.329442204861714161e-01 2.210991755883610632e-01 2.145866295675648294e-01 2.007308371531635882e-01 1.461694769490732848e-01 2.176030801119568925e-01 2.200005275899580282e-01 2.412231182643374272e-01 2.929708412906572579e-01 3.234172134864671255e-01 1.893578369388764504e-01 2.722061238740566824e-01 2.512961405144885640e-01 1.916236774556092926e-01 1.657359591230351814e-01 3.109843315944310366e-03 2.636065751029361900e-02
1.000000000000000000e+00 6.781930749948210213e+00 2.421896893856172461e-01 2.551057497223290227e-01 2.574322570611310979e-01 2.048083767335637517e-01 2.388540300935667049e-01 2.101567535744069126e-01 2.095881219602127588e-01 2.105923574630478023e-01 1.544152359155336607e-01 2.109997442923926547e-01 2.175576934254311867e-01 2.320464656083842114e-01 2.873157843311053283e-01 3.034013080245278049e-01 1.983046070680049289e-01 2.728092147914529808e-01 2.405634296875583111e-01 1.993218647282502254e-01 1.641231440926949059e-01 3.097989722048929539e-03 2.679374014823441424e-02
1.000000000000000000e+00 7.323424223484145124e+00 2.477274672736971273e-01 2.517298462576853524e-01 2.507644418736298952e-01 2.042860713594276678e-01 2.403321091701264844e-01 2.129709365914666530e-01 2.011037260634586099e-01 2.063740793083662650e-01 1.658710565785276869e-01 2.049683215409249526e-01 2.149083685156980006e-01 2.315349204919514847e-01 2.912887233086989824e-01 3.205992248634665365e-01 2.172462736416823637e-01 2.674440797046124252e-01 2.352391313788951832e-01 1.844891625378969890e-01 1.644088902312013378e-01 3.081783018844217251e-03 2.683393295720357813e-02
1.000000000000000000e+00 1.103303178594529399e+01 2.542587834776488531e-01 2.434738885274836395e-01 2.501194234754636758e-01 1.979330133042198070e-01 2.443114513276045119e-01 2.114493066871485638e-01 1.967934896592756500e-01 2.036934979883308627e-01 1.751741503380283282e-01 2.042237080768873614e-01 1.953762632047589820e-01 2.236324654531118283e-01 3.117229807100315719e-01 3.257799857957287548e-01 2.039142682951980701e-01 2.612236271940841514e-01 2.273068870887760828e-01 1.763159279829095150e-01 1.628759969776891192e-01 3.170058331772780159e-03 2.830519252131475511e-02
1.000000000000000000e+00 8.618060436162240379e+00 2.430477805529006607e-01 2.522808802657532379e-01 2.554598427849816278e-01 2.071209225764923390e-01 2.438558147049396385e-01 2.116091107167830387e-01 2.103323466677851084e-01 2.088803428533581030e-01 1.732092112624139257e-01 2.134223928233805190e-01 2.079099318116548467e-01 2.420190453672092512e-01 3.015165123418344084e-01 3.158099836898543011e-01 2.137559941736577040e-01 2.708872015773341468e-01 2.059489376618290346e-01 1.772731904763703847e-01 1.644627859984280072e-01 3.113960222267578293e-03 2.841765100158425567e-02
1.000000000000000000e+00 7.827107284210375049e+00 2.538060877348010669e-01 2.519080670761246754e-01 2.553559751475510398e-01 2.211289607999204210e-01 2.500199304735584160e-01 2.220876759598692518e-01 2.133179506838359107e-01 2.115846421465708838e-01 1.707003983153701776e-01 2.129161399226462137e-01 2.211981919552438447e-01 2.479535879793403619e-01 3.138645147169790706e-01 3.129941651628365684e-01 2.299265289370660548e-01 2.724572231000076949e-01 2.175738261594619694e-01 1.762459739604884945e-01 1.702411457644222303e-01 3.144166378874369699e-03 2.785405865951573814e-02
1.000000000000000000e+00 8.414335255924481061e+00 2.628009855455220589e-01 2.434796960889787365e-01 2.535754767349250316e-01 2.232746141636471893e-01 2.538490201114907974e-01 2.245858884857467597e-01 2.160413445690414769e-01 2.041136422853765398e-01 1.709463224470501586e-01 2.093279622743342006e-01 2.222608641199163015e-01 2.494261867152550716e-01 3.018877623010536304e-01 3.218346853034436683e-01 2.251833333020603900e-01 2.671290872133319505e-01 2.084029913924135835e-01 1.746488622712481509e-01 1.685119208653405865e-01 3.170645794401873857e-03 2.863764327166306092e-02
1.000000000000000000e+00 8.463756919738326445e+00 2.701743712039199607e-01 2.452472817617225853e-01 2.505519036989123371e-01 2.380464114862990144e-01 2.577851324592124738e-01 2.127519140939651554e-01 2.143992666472888386e-01 2.098352809265772168e-01 1.861446836247476755e-01 2.136885524110573864e-01 2.183054789799230289e-01 2.480740069014360782e-01 3.105522035108223000e-01 3.204020602968793430e-01 2.354051862969307185e-01 2.724749722850948741e-01 2.298764318079676294e-01 1.718900591896955765e-01 1.734123509911044414e-01 3.125567710165858947e-03 2.887481535564784263e-02
1.000000000000000000e+00 7.659737135294757415e+00 2.690406715054334263e-01 2.408304820554522385e-01 2.508990967765244995e-01 2.402540305641675811e-01 2.479588151149734188e-01 2.095450227302170232e-01 2.205674995300030139e-01 2.129038801313780371e-01 1.841803980026517351e-01 2.212423058200800319e-01 2.323171823346938114e-01 2.596190134946982919e-01 3.007944600715065642e-01 2.954874424642132125e-01 2.287793336091051011e-01 2.718246132757883848e-01 2.487485144612244514e-01 1.615263327443268726e-01 1.728669892484203940e-01 2.965034143884986897e-03 2.761433388125542066e-02
1.000000000000000000e+00 7.744528259979372109e+00 2.676562182462520756e-01 2.392543622960442706e-01 2.503071851521022628e-01 2.462102163485253292e-01 2.615256077337982377e-01 2.006367991389817751e-01 2.293601029526046997e-01 2.159685345269992118e-01 1.825604044888148314e-01 2.203121815531316752e-01 2.366892634442178955e-01 2.524262981453512245e-01 2.948848865237156947e-01 3.051465778699982145e-01 2.319245201595864503e-01 2.760923034903335904e-01 2.383858065516102354e-01 1.408900023901764331e-01 1.729643003233775900e-01 3.216905400438192959e-03 2.673793743977544157e-02
1.000000000000000000e+00 7.151180540175694489e+00 2.626741062977081542e-01 2.397820540319112181e-01 2.558615536734252238e-01 2.445034824903706272e-01 2.684164822769076753e-01 1.989299740450191090e-01 2.372787313802459663e-01 2.047995192615428561e-01 1.786980944680179595e-01 2.166063075912745273e-01 2.410069836754198669e-01 2.448300293187226084e-01 2.931617376731012192e-01 3.238348176469144635e-01 2.374843161605399433e-01 2.701302748380864371e-01 2.416114857232616597e-01 1.521390004649222083e-01 1.722369763957437017e-01 3.246295773006445916e-03 2.701832675350962845e-02
1.000000000000000000e+00 7.626472094626269183e+00 2.753350346093468293e-01 2.415864021457014010e-01 2.440323260557017149e-01 2.183527039044583506e-01 2.606054266348111770e-01 2.023317373672816333e-01 2.426983443566609888e-01 1.882586734693488251e-01 1.875388128944695254e-01 2.110173980792343362e-01 2.387014863243572815e-01 2.450301640066125386e-01 2.987554611504362745e-01 3.136073558834470698e-01 2.378929496949757916e-01 2.664945393818002328e-01 2.410040418021293929e-01 1.534445308208559344e-01 1.724036598224498729e-01 3.182072184462641541e-03 2.787367317254401539e-02
1.000000000000000000e+00 7.732979466252306366e+00 2.654792752576529691e-01 2.345084597400172999e-01 2.497309174281742983e-01 2.354187376255081898e-01 2.571638848359100171e-01 2.086544550422660960e-01 2.554672326342996569e-01 1.893906951540992312e-01 1.766388765625609425e-01 2.237250529490842632e-01 2.421941320247771312e-01 2.274469716581912215e-01 2.984395619780537690e-01 3.249715245014010989e-01 2.339775703196763645e-01 2.766294897911589223e-01 2.437921903054905415e-01 1.616618110021940946e-01 1.709386810233715637e-01 3.054117713483612759e-03 2.609323311954415969e-02
1.000000000000000000e+00 1.072006511101369419e+01 2.678889557028723556e-01 2.302856121203048223e-01 2.573381275861119089e-01 2.441439623671614323e-01 2.487298001992754304e-01 2.015160283136768760e-01 2.536525266829499081e-01 1.820565647622141570e-01 1.929509837411472750e-01 2.245544088427322282e-01 2.335539590348839623e-01 2.296930002293837147e-01 3.092453182906775289e-01 3.452301467429338411e-01 2.342615898571511479e-01 2.587341813424089976e-01 2.509614449231457045e-01 1.734751023957958882e-01 1.716500732902624116e-01 3.429568203683243909e-03 2.826445359222977752e-02
1.000000000000000000e+00 1.075182238037478299e+01 2.711116767361129165e-01 2.324455881387555711e-01 2.640476423985961274e-01 2.213357012251761513e-01 2.529813917498928699e-01 2.007043740842303636e-01 2.564536740329778075e-01 1.679058642397400491e-01 2.002364523117564354e-01 2.362320178874457721e-01 2.333254435479141797e-01 2.440903661307145533e-01 3.201406397115327263e-01 3.202570542207505144e-01 2.534284225032129023e-01 2.540841144325753365e-01 2.396262305182708663e-01 1.525138426991463347e-01 1.717690860583838686e-01 3.526409873554944407e-03 2.885022091750757273e-02
1.000000000000000000e+00 8.891818036262380431e+00 2.803406848325724621e-01 2.315886444235236707e-01 2.586943193285353715e-01 2.249808664428587235e-01 2.618056259583447787e-01 1.929959572055748862e-01 2.557689069899625189e-01 1.730725481706903990e-01 1.824592214100372312e-01 2.345782851934741231e-01 2.391178412637734729e-01 2.535270770526731887e-01 3.157073167283859227e-01 3.178097664893500540e-01 2.493586108180469718e-01 2.542851642608229268e-01 2.459601725794567650e-01 1.549897380083339604e-01 1.722394124047644248e-01 3.715012394215919198e-03 2.826246431366361694e-02
1.000000000000000000e+00 8.972632275133525681e+00 2.830567337412050466e-01 2.228001739690418925e-01 2.674792748784862728e-01 2.289579190862629232e-01 2.624431148064563790e-01 1.913504759213167095e-01 2.622330480419635679e-01 1.917573147505358122e-01 1.843089927820656948e-01 2.323429395065253755e-01 2.386014834967828957e-01 2.586096700969747753e-01 3.037531249090148489e-01 3.051265696405920935e-01 2.421355641694365179e-01 2.737887158376363650e-01 2.555162799701797272e-01 1.553228787123109023e-01 1.737469497403686391e-01 3.638018480985411463e-03 2.888701903970655391e-02
