1.000000000000000000e+00 1.172779777054489330e+02 2.476729643452514618e-01 2.836824301137647608e-01 2.825799600790173671e-01 2.474997638078381967e-01 1.710397649207238413e-01 2.855640142621987398e-01 2.351522857598789817e-01 1.935616951694345556e-01 1.818606091428962568e-01 2.368407663137312713e-01 2.530801716711879590e-01 2.203316740541175767e-01 3.462137344010277618e-01 3.096959775755441791e-01 2.249286115768132366e-01 2.827603497525923437e-01 2.689944666206640078e-01 1.740695129135535202e-01 1.752428670075884820e-01 3.445967261535197446e-03 3.790989432540012305e-02
1.000000000000000000e+00 3.563719820479188627e+01 2.742692326589787899e-01 2.349750940150844014e-01 2.378317697376430839e-01 2.294622810686859082e-01 2.465675746359157483e-01 1.994557267611075935e-01 2.160719676829592761e-01 2.209002108198742376e-01 1.989948503432459603e-01 1.796713956908541077e-01 2.684079946816718687e-01 2.502891442322910942e-01 2.776943119307818675e-01 3.351028522382202834e-01 2.179570350886466668e-01 2.447113559769784064e-01 2.536255268063548618e-01 2.549242320413129814e-01 1.731830452139115351e-01 3.600062393630879421e-03 2.369239215086188510e-02
1.000000000000000000e+00 1.903363396216899517e+01 2.840420168280577418e-01 2.233426137134953415e-01 2.620452113704301866e-01 2.342884908327446669e-01 2.406388911919509765e-01 1.996858796680184844e-01 2.024183540270191317e-01 2.293944987258054458e-01 2.038776842072810846e-01 1.892236803001606238e-01 2.587008535146003152e-01 2.434457576862205375e-01 2.878687121744333832e-01 3.465648368763947773e-01 2.114962252403952414e-01 2.379397025991363268e-01 2.537106678261993875e-01 2.640384546131884225e-01 1.696888136208246356e-01 3.551457550364726934e-03 2.479743044961026793e-02
1.000000000000000000e+00 1.336123637656097962e+01 2.814936831378763715e-01 2.348537112803404658e-01 2.655511401776566860e-01 2.220100471626912930e-01 2.468258404887526403e-01 1.958513923857153338e-01 2.100064641771275942e-01 2.293825819571407576e-01 2.064738260993792818e-01 1.908444496897696296e-01 2.496134525008300575e-01 2.461850172927924352e-01 3.008982451418358295e-01 3.709803409077077618e-01 2.018619126468867431e-01 2.464913209681158235e-01 2.710606275924538067e-01 2.681605610279295115e-01 1.725404153980263366e-01 3.694509373352531517e-03 2.295567061401272355e-02
1.000000000000000000e+00 1.366080415337994403e+01 2.752368519665621127e-01 2.331828699257989801e-01 2.650459069361137954e-01 2.303942740583181936e-01 2.531534262825968495e-01 1.899900109369307144e-01 2.231991549005451492e-01 2.348576687937513341e-01 1.976975513269257634e-01 1.866208145676881702e-01 2.508808902086649972e-01 2.400841462009534744e-01 2.902756322485341989e-01 3.827006029918792462e-01 2.045223776835616569e-01 2.617341087308603931e-01 2.639794234961717057e-01 2.734317002635112681e-01 1.736980210017487758e-01 3.783309388633619534e-03 2.352852939703211146e-02
1.000000000000000000e+00 1.446842415199612297e+01 2.705811948559591062e-01 2.372328717810631982e-01 2.669879444517858080e-01 2.287170094075056670e-01 2.503926521705223118e-01 1.905542510815827206e-01 2.215074704311508214e-01 2.331029195854083524e-01 1.981553772791199985e-01 1.884450196924540299e-01 2.468463448029439566e-01 2.356818098923632310e-01 2.844944862947896835e-01 3.989849636585460213e-01 2.080595748688855440e-01 2.643693127415062127e-01 2.525698205265774487e-01 2.725734488838645331e-01 1.732529725046453861e-01 3.635501361891378160e-03 2.483734255388347564e-02
1.000000000000000000e+00 1.457093932696711569e+01 2.777932275212561808e-01 2.215113940514462920e-01 2.745982019446479572e-01 2.415842597030738448e-01 2.468140861439307998e-01 1.814631551298755974e-01 2.226700380447185768e-01 2.396212187602282662e-01 1.916138769711350776e-01 1.848570957620856714e-01 2.305249502073568046e-01 2.342761028789229760e-01 2.936115126579620371e-01 3.926916295279725411e-01 2.076645984027879477e-01 2.392638518752286947e-01 2.495167527595576473e-01 2.732319978750848977e-01 1.722286673329475881e-01 3.754251444501299599e-03 2.669803893155008045e-02
1.000000000000000000e+00 1.358490843277361471e+01 2.675204162009010567e-01 2.259851002295541478e-01 2.677864747126501022e-01 2.263039004457615411e-01 2.445252264238219064e-01 1.798404179400933389e-01 2.286457133292701671e-01 2.369620510246055189e-01 1.899333575177727940e-01 1.825645824022561481e-01 2.448683042347823136e-01 2.194355857749749894e-01 2.985638990314501418e-01 3.921704937859362139e-01 2.119547281623090362e-01 2.356151135350919024e-01 2.507655810974003807e-01 2.664341340724633578e-01 1.700357522846944469e-01 3.716015895630536345e-03 2.785449118322536749e-02
1.000000000000000000e+00 1.594899622746740242e+01 2.718074122197103315e-01 2.293711202083370815e-01 2.707453668643958755e-01 2.324619786339865712e-01 2.538687331241628597e-01 1.736537745207610284e-01 2.295467959274302971e-01 2.315829126907988922e-01 1.929187756259585496e-01 1.856230702648350994e-01 2.426979811552212873e-01 2.283904830929130159e-01 3.157466680860322450e-01 3.733868040889601891e-01 2.101214566281862650e-01 2.589108374317328765e-01 2.480255651082926283e-01 2.703673840437769704e-01 1.740777329784797545e-01 3.697605268624690709e-03 2.832855613761596503e-02
1.000000000000000000e+00 1.437211768893479835e+01 2.678391417338769065e-01 2.243390320813554994e-01 2.851064170613311077e-01 2.503016436886016938e-01 2.489334128890822728e-01 1.775059238509969495e-01 2.362186190324519208e-01 2.288980290732169631e-01 1.827634638351845753e-01 2.081420637953040886e-01 2.479904050204582711e-01 2.434135919388007996e-01 3.128309757047744166e-01 3.531300455486855450e-01 2.268417531411047461e-01 2.480646576658278868e-01 2.514962480493757591e-01 2.863705106685359159e-01 1.727147359361109469e-01 3.659310365926772644e-03 2.816329355363325973e-02
1.000000000000000000e+00 1.186071471999619575e+01 2.830196365506726375e-01 2.160581526818291798e-01 2.736998121143128793e-01 2.436886544969203983e-01 2.624454335714864750e-01 1.754547356184745222e-01 2.287978166209376218e-01 2.250960222820654610e-01 1.837766231285145324e-01 2.121685187967575492e-01 2.445371485746161977e-01 2.447139669337130841e-01 3.056986446481161912e-01 3.505047659335703281e-01 2.320192751994621383e-01 2.584683025336209639e-01 2.498142761351042629e-01 2.877163792887977301e-01 1.727605359570706656e-01 3.369135601136591992e-03 2.917312907336897312e-02
1.000000000000000000e+00 1.163652290514156284e+01 2.764660582183509629e-01 2.179269238073025250e-01 2.703547102913412825e-01 2.463693589756457414e-01 2.682181743449168487e-01 1.741613803008389139e-01 2.355870955402615541e-01 2.262805465573340669e-01 1.851426934035732552e-01 2.185665263771507660e-01 2.381264062457154607e-01 2.449314099670480693e-01 3.023985420588592432e-01 3.624393281203989181e-01 2.385192845536644735e-01 2.638291896811074122e-01 2.356590330832403213e-01 2.598939020571059411e-01 1.760629551819682392e-01 3.418380588653658313e-03 3.083827315435924005e-02
1.000000000000000000e+00 1.298448472466711046e+01 2.788920543930322182e-01 2.175558760323907936e-01 2.639997197750498792e-01 2.396316996276025846e-01 2.771710937033526334e-01 1.683386646861737834e-01 2.304774059069474301e-01 2.261759654437200950e-01 1.881446392331105610e-01 2.273551201994309656e-01 2.348183529375335032e-01 2.447627023019120218e-01 2.944836036426626280e-01 3.462034131524135971e-01 2.325695159582286398e-01 2.638967599418153842e-01 2.387834491974614448e-01 2.526995947829321354e-01 1.765751696332844567e-01 3.243593209317091781e-03 3.208366327070769769e-02
1.000000000000000000e+00 1.120708682529075340e+01 2.766783446514528011e-01 2.234539605553312325e-01 2.683326309854354164e-01 2.315407744494477615e-01 2.786133810907385766e-01 1.639535301566546754e-01 2.407445090299958901e-01 2.157554479369597766e-01 1.888915007492999731e-01 2.178104495048285849e-01 2.303114977369528638e-01 2.473004002370420007e-01 2.970702754589857886e-01 3.330948336348422134e-01 2.421196827049119094e-01 2.619260149923474112e-01 2.301150406403648097e-01 2.521315712561261191e-01 1.736312630341304564e-01 3.194026322220503734e-03 3.255775827922394866e-02
1.000000000000000000e+00 1.264260042532895056e+01 2.733321677345079692e-01 2.382256369604255353e-01 2.636478427199283048e-01 2.212009549908009465e-01 2.706307567044902718e-01 1.608763729677490095e-01 2.642706513023928561e-01 2.345205612489579816e-01 1.909121343548571548e-01 2.173346367899738063e-01 2.298887654605322739e-01 2.377299444230626668e-01 2.921976785992309034e-01 3.361804872004152123e-01 2.232406933106212410e-01 2.768217270800822360e-01 2.266687062102482331e-01 2.609456573720420614e-01 1.742140834766918445e-01 3.380065701916647441e-03 3.164472477064286110e-02
1.000000000000000000e+00 1.279974654087177655e+01 2.788907182321029299e-01 2.418682919028200817e-01 2.553949079443114667e-01 2.145440675951421905e-01 2.710109459595815284e-01 1.713777991395637745e-01 2.450713641463879156e-01 2.226898711216104831e-01 1.885473965013974573e-01 2.213845437318758547e-01 2.207546699697075787e-01 2.408640034347629133e-01 2.915321446603703626e-01 3.288791546647724662e-01 2.305310963194728557e-01 2.882535842198423182e-01 2.237597801424424937e-01 2.631260341205230446e-01 1.712615407249211685e-01 3.226589166539758739e-03 3.239430269877564827e-02
1.000000000000000000e+00 1.632936367705427116e+01 2.942318994066255855e-01 2.284186003528883013e-01 2.542945446859191105e-01 2.133415729174072684e-01 2.715274985007090636e-01 1.600364880471399909e-01 2.465364761412559003e-01 2.137681292612481354e-01 1.840834986427990205e-01 2.112919681473933164e-01 2.312774800630226224e-01 2.444450401964658459e-01 2.895351602706206506e-01 3.254064496150214647e-01 2.304022330355448844e-01 2.737984474669788448e-01 2.172986352221163986e-01 2.655425833928575785e-01 1.718808703537107463e-01 3.408865046620461903e-03 3.436203575142929983e-02
1.000000000000000000e+00 1.770649905244515310e+01 2.925067533657028096e-01 2.272508431740850599e-01 2.604261755750140739e-01 2.109807692738144835e-01 2.713155368319163929e-01 1.540292872187951356e-01 2.422297025937319992e-01 2.144641084408002440e-01 1.774836024781585586e-01 2.062992255287917631e-01 2.283838786547259803e-01 2.478157226778905098e-01 2.968746507159178982e-01 3.227983378630253086e-01 2.222429285479272099e-01 2.776309726661502775e-01 2.001343772207805904e-01 2.648105024617644632e-01 1.705402454536271428e-01 3.594630574664543082e-03 3.398050465871237102e-02
1.000000000000000000e+00 1.718363613853609451e+01 2.912004460563190067e-01 2.225839992295757519e-01 2.598512756878176289e-01 2.211401559717905141e-01 2.775976440624851604e-01 1.574485076560723784e-01 2.275514888884728470e-01 2.172759269447324393e-01 1.841772425305641669e-01 1.953264398768952970e-01 2.326181676914522989e-01 2.406129686989617877e-01 3.041942755809544652e-01 3.340166673514942119e-01 2.276020675540078031e-01 2.576916495663623130e-01 2.011409984367780457e-01 2.643175403800776535e-01 1.701579751116025774e-01 3.545065248692944732e-03 3.457390426883533152e-02
1.000000000000000000e+00 1.503112068666300338e+01 2.829364096754977687e-01 2.194815155929786821e-01 2.593051615767044127e-01 2.293226327440690271e-01 2.802236460976829102e-01 1.567488030750641415e-01 2.417509255216596098e-01 2.211915876395031400e-01 1.756903283508103042e-01 2.072538261315999553e-01 2.322020692523603103e-01 2.193336997896987439e-01 2.918788555369780102e-01 3.238441457994144512e-01 2.245232749379589554e-01 2.714517725405839466e-01 2.134201012153206789e-01 2.527135992732436609e-01 1.700831949236972507e-01 3.349870308199176701e-03 3.360320746488090066e-02
1.000000000000000000e+00 1.725895212832613268e+01 2.719648792519948621e-01 2.099328462588815891e-01 2.550006208595270163e-01 2.284053773012070798e-01 2.788312138205923385e-01 1.634316477216692931e-01 2.388231414474071557e-01 2.099789658827170558e-01 1.773831110501347674e-01 2.053955112989168941e-01 2.338245780644481187e-01 2.283279618275315115e-01 2.814161969344439185e-01 3.127226656299212371e-01 2.326351319135752660e-01 2.674284247402019532e-01 2.234923077159534088e-01 2.597474330717638447e-01 1.698001641177870336e-01 3.129816960817741883e-03 3.391906756534719680e-02
1.000000000000000000e+00 1.496148678503376495e+01 2.782261147107797372e-01 2.094168640947332016e-01 2.477369719353191557e-01 2.285144596419020346e-01 2.689951235619738590e-01 1.638230347594157865e-01 2.309904535379764534e-01 2.065874819510238047e-01 1.860237181629049996e-01 2.069895318977366117e-01 2.244967442272943758e-01 2.325786946376449116e-01 2.899235626895086959e-01 3.212509947163577628e-01 2.270096364425280289e-01 2.697933841396353838e-01 2.347983920261569601e-01 2.582858336472463323e-01 1.688832469929212599e-01 3.254570016124538803e-03 3.384226581419700480e-02
1.000000000000000000e+00 1.193630199051123242e+01 2.769898371182173968e-01 2.164170041253515031e-01 2.462779322925658376e-01 2.395973000643975837e-01 2.498552457151215489e-01 1.753211345740722238e-01 2.451225567965708840e-01 2.169343699002096171e-01 1.749648258102226572e-01 2.163233338996173594e-01 2.312507817444363900e-01 2.233162185127733901e-01 2.920038835304749059e-01 3.254640639880607145e-01 2.310711258250763844e-01 2.765208314876712037e-01 2.305422098970206224e-01 2.516415646766635428e-01 1.697814444689818292e-01 3.234154467224664275e-03 3.256386632544060189e-02
1.000000000000000000e+00 1.085929039597048806e+01 2.753290981344156951e-01 2.284431131773058121e-01 2.529747453353128339e-01 2.354710261610338251e-01 2.511695273328559685e-01 1.641843497808567198e-01 2.363638279250852847e-01 2.279405649649286492e-01 1.767302311534538761e-01 1.972368613945311433e-01 2.403940068920706052e-01 2.258386905468640904e-01 2.871848711169031620e-01 3.267534663270720285e-01 2.388605233211364975e-01 2.858874887680812327e-01 2.292630580938174456e-01 2.545553597423658165e-01 1.727496374120512657e-01 3.199946591271148316e-03 3.243302731611373557e-02
1.000000000000000000e+00 1.138172701833333100e+01 2.703425638286986454e-01 2.429449732745287138e-01 2.435768961880827310e-01 2.191640294584605853e-01 2.546998818141507637e-01 1.666238080648975439e-01 2.380689308216964450e-01 2.198283277746483910e-01 1.712855304555764013e-01 2.048453754938449889e-01 2.531896032978556144e-01 2.383453105765417634e-01 2.978169086960174572e-01 3.123500502825864444e-01 2.386603474484320642e-01 2.647202266087346212e-01 2.161799353391150313e-01 2.460558783142161865e-01 1.711239024033157086e-01 3.203335135043442437e-03 3.305196497320640747e-02
1.000000000000000000e+00 7.912480339757637537e+00 2.741688507286662579e-01 2.361868412582920074e-01 2.416767430748104073e-01 2.201614001506226603e-01 2.654944807253104555e-01 1.797120386741653530e-01 2.339041594782608757e-01 2.076226542098701389e-01 1.639155454683269286e-01 2.074697033046100092e-01 2.455713274391292666e-01 2.390282495058662360e-01 3.023671292305024072e-01 3.010639675194288212e-01 2.461632599018166445e-01 2.721817610152439393e-01 2.229679848872063164e-01 2.575293613148055827e-01 1.701798916354613778e-01 3.287912099048176384e-03 3.342170801477007541e-02
1.000000000000000000e+00 1.483128503790300989e+01 2.725601939274367447e-01 2.360038902385740434e-01 2.313034725548995529e-01 2.314154333058185964e-01 2.504081528455183170e-01 1.794294961073137629e-01 2.286906775693808014e-01 2.069126407853874305e-01 1.794066674002947059e-01 2.121972402217401632e-01 2.438283735727701240e-01 2.436955098587454127e-01 2.996270709738770854e-01 2.810568086272938748e-01 2.572144263239929396e-01 2.688673254897484544e-01 2.262688658635517991e-01 2.541864818565167661e-01 1.680134004532995717e-01 3.350300720804354204e-03 3.450991684534924359e-02
1.000000000000000000e+00 1.365392824660166760e+01 2.715840045082975607e-01 2.418502484637880257e-01 2.481868881865982868e-01 2.354592515685207388e-01 2.594550098032906704e-01 1.898951619880469288e-01 2.079489632961550594e-01 2.013726287299348050e-01 1.772846466117870001e-01 2.075902546690917561e-01 2.463820885897571866e-01 2.242111263051371761e-01 3.231449668671735886e-01 2.856474586879273470e-01 2.575263335062786263e-01 2.751780889907589622e-01 2.453439498667627228e-01 2.261473593127143189e-01 1.701936497619781219e-01 3.251930986943396898e-03 3.455946897974049303e-02
1.000000000000000000e+00 1.029118699480485510e+01 2.647251331774422289e-01 2.404209270226376760e-01 2.522864596702908413e-01 2.258967777043924818e-01 2.486001735817331415e-01 1.948235129804757326e-01 2.180683382266161152e-01 2.072217669300766840e-01 1.828825734567971484e-01 2.107016636096262219e-01 2.439286107380739810e-01 2.278712463135848798e-01 3.194147420714151253e-01 2.762822832064010803e-01 2.575883449727524588e-01 2.791842087297644048e-01 2.359205937943392450e-01 2.275815907100963431e-01 1.702995756911715730e-01 3.205686075048249858e-03 3.320762837489081576e-02
1.000000000000000000e+00 1.091611756927940569e+01 2.632909660524476170e-01 2.577766258891762696e-01 2.554919807758753159e-01 2.274291625276190221e-01 2.522054652039590894e-01 2.141948368285231385e-01 2.159919761298403351e-01 2.074305716876918837e-01 1.804116087534564650e-01 2.095345868846005544e-01 2.399222946101313980e-01 2.435502746232262317e-01 3.056340895733401508e-01 2.872201617338959734e-01 2.391275598249897327e-01 2.850915230376349085e-01 2.243492720417933628e-01 2.266462582085054522e-01 1.701762239116378639e-01 3.219798920624775910e-03 3.456490438410558114e-02
1.000000000000000000e+00 1.118598107192874025e+01 2.747583876765036792e-01 2.322223269251436073e-01 2.570742017014346903e-01 2.358760548566662674e-01 2.553915096959685216e-01 2.027897492807059499e-01 2.120822288022972124e-01 2.238253137852637131e-01 1.840987171807651479e-01 2.070736917696236468e-01 2.284216750046051125e-01 2.531587468997918422e-01 3.198213382693836926e-01 2.725714865192637726e-01 2.316953541703698216e-01 2.886197822537583391e-01 2.163043724462506145e-01 1.994745021199754442e-01 1.729950410838524411e-01 3.111701732158585199e-03 3.424000166939173556e-02
1.000000000000000000e+00 1.224425851261850795e+01 2.786150006416141522e-01 2.256854762211102927e-01 2.624981136851766150e-01 2.314865372992724324e-01 2.347389192502576383e-01 2.071227627302280883e-01 2.114100579516147715e-01 2.184266713401782078e-01 1.794044749917904358e-01 2.008368402333589042e-01 2.434261401730980767e-01 2.552899974485515755e-01 3.317143397296384300e-01 2.765502631647500098e-01 2.425729483958134203e-01 2.876288022504535635e-01 2.131866560186735371e-01 2.031235826585378601e-01 1.724030056342996664e-01 3.008468821652830229e-03 3.291709922755307882e-02
1.000000000000000000e+00 1.140347299963116789e+01 2.567952644313263311e-01 2.262136900769910197e-01 2.576057178857592000e-01 2.435164235020086110e-01 2.345154355839340621e-01 2.025896092854354014e-01 2.049301984710854008e-01 2.201632934813129716e-01 1.695226383511468649e-01 2.086600976540457508e-01 2.322201192516753221e-01 2.491976102915982316e-01 3.330695749302737818e-01 2.831625675335033843e-01 2.430778194017712557e-01 2.892266111000045270e-01 2.326530242616818012e-01 2.141615277402984241e-01 1.682599446445224023e-01 2.964860160689942407e-03 3.219770277978127593e-02
1.000000000000000000e+00 1.044174120013502183e+01 2.621895753909325166e-01 2.393227897726677156e-01 2.523645840052079481e-01 2.410666830735678223e-01 2.278850958196897980e-01 2.016946501789837753e-01 2.111015204750385788e-01 2.171712678059306290e-01 1.655185148900482905e-01 2.063074813719270317e-01 2.350520302155760521e-01 2.360606375158513237e-01 3.371065324119915108e-01 2.863453650280995966e-01 2.289934943545586243e-01 2.734530928046161047e-01 2.435428686560840439e-01 2.026362015820145912e-01 1.679833151429662164e-01 2.910598060841862282e-03 3.259457161015889143e-02
1.000000000000000000e+00 9.518584987177529655e+00 2.568314449816618827e-01 2.342265721975001491e-01 2.625719323579939202e-01 2.319311320146008881e-01 2.205824632705945532e-01 2.165814500639541840e-01 2.020371473787387073e-01 2.136222091856283811e-01 1.821251406708435661e-01 1.922762248984489775e-01 2.198698651190822695e-01 2.454532623756601195e-01 3.331752308614411295e-01 2.714928475427985100e-01 2.114477270274158771e-01 2.681936201832234024e-01 2.343936616527344807e-01 2.161462734274708919e-01 1.678431025951057365e-01 3.007858001894199180e-03 3.308887295145501728e-02
1.000000000000000000e+00 1.046456332713347770e+01 2.637573659042962149e-01 2.355908505285572718e-01 2.558203389805250860e-01 2.379186064050226312e-01 2.131453894551463835e-01 2.308983946735144455e-01 1.887183623557358025e-01 2.096050972570341342e-01 1.788184374042017799e-01 1.939081443896930601e-01 2.105957557238928857e-01 2.590418466937305930e-01 3.229453162390453769e-01 2.641096500336975184e-01 2.094885043570458294e-01 2.704784006433658128e-01 2.381719273627582178e-01 2.149368850605710979e-01 1.670614284609986400e-01 2.901147348527581982e-03 3.329977532161271236e-02
1.000000000000000000e+00 1.581488672692014674e+01 2.805215738472708886e-01 2.240041199272742312e-01 2.398638118138695652e-01 2.293905342383398549e-01 2.198816351039770967e-01 2.328033900377159959e-01 1.815388573734737498e-01 2.107780277055682494e-01 1.887653327102254974e-01 2.020154201121589499e-01 2.270159537744048384e-01 2.378877545804223836e-01 3.349981015646623095e-01 2.627483918194242762e-01 2.087945378642865890e-01 2.630520068587797744e-01 2.505813066547702417e-01 2.092246324028540216e-01 1.676679409641965712e-01 2.976096043688398075e-03 3.424908714618230682e-02
1.000000000000000000e+00 1.521485428401861029e+01 2.784529117260658992e-01 2.267344788789643906e-01 2.373368499132571807e-01 2.405048023980168315e-01 2.175250889627041440e-01 2.393753415909936899e-01 1.816945196251458783e-01 2.129002274116330862e-01 1.782253111166473836e-01 2.041856242104176933e-01 2.295291081260225075e-01 2.478660513576473323e-01 3.138276144989008420e-01 2.712774028539119420e-01 2.156967964452648212e-01 2.614380691234973741e-01 2.665284713893963375e-01 1.889203866442102919e-01 1.665331665437357334e-01 2.996752724152133753e-03 3.486720411741852516e-02
1.000000000000000000e+00 1.701831596854957240e+01 2.928586499555553835e-01 2.285775215415169481e-01 2.392813859415231503e-01 2.466620224891249435e-01 2.122509564104858859e-01 2.296481328599242755e-01 1.776543068823361327e-01 2.163805037641908513e-01 1.867526975757091978e-01 2.118061585469863117e-01 2.225363882317094866e-01 2.408353532106383421e-01 3.309947103254310408e-01 2.794406095114165267e-01 2.272961311346858582e-01 2.637209308645639405e-01 2.567269685651299982e-01 1.755700097016496264e-01 1.691239232474828214e-01 3.175600633665487046e-03 3.572067336265185439e-02
1.000000000000000000e+00 1.771897163065601433e+01 2.863179205561041663e-01 2.198251252729320482e-01 2.368026771106657991e-01 2.509038335524600982e-01 2.282552104048456987e-01 2.515263711055954476e-01 1.942885208419107002e-01 1.996031374176568118e-01 1.857399793339262473e-01 2.181185565878299149e-01 2.271847637309946932e-01 2.277953836408433408e-01 3.315904259773539975e-01 2.753358555986533673e-01 2.306469342475399031e-01 2.744010906199724209e-01 2.656966220867481576e-01 1.870043101340203573e-01 1.711162642744812612e-01 3.198566251089554873e-03 3.539824151547257824e-02
1.000000000000000000e+00 1.720429657736641005e+01 2.807741089985522076e-01 2.312454998591943478e-01 2.351002573300226550e-01 2.510413843882186580e-01 2.274806553816473287e-01 2.562737162163841176e-01 1.895640854754619686e-01 2.055142565823361855e-01 1.828594110907353354e-01 2.073355691975407866e-01 2.436511498696825873e-01 2.290963097016809336e-01 3.441064299924661007e-01 2.765712470983162086e-01 2.308474240440325786e-01 2.772736967486715831e-01 2.488532072050374799e-01 2.029481800175431117e-01 1.693515601728101116e-01 3.310139241451465295e-03 3.449297395541516681e-02
1.000000000000000000e+00 1.783806612217582099e+01 2.951300304845506095e-01 2.223701166856676126e-01 2.380881367016312589e-01 2.500413519307123633e-01 2.272716125840952839e-01 2.532824815587532141e-01 1.943060169070549570e-01 1.991371184493056223e-01 1.827138682271581827e-01 2.199200517481762762e-01 2.342775061184066421e-01 2.193820727073199639e-01 3.352627027368105250e-01 2.784438082522666669e-01 2.359960437174360992e-01 2.758638560403583462e-01 2.422935922623306315e-01 2.017393131914234361e-01 1.708572449131904869e-01 3.398059722022850945e-03 3.431401535239057138e-02
1.000000000000000000e+00 1.551581523890731518e+01 2.864205906622910303e-01 2.319506950789314570e-01 2.351858508665113368e-01 2.396300876059648255e-01 2.245749109350467509e-01 2.389325863184168508e-01 1.953786678738543003e-01 2.119401708378039484e-01 1.740744415596523209e-01 2.155042433747585695e-01 2.308806736929270575e-01 2.222493243614658831e-01 3.493432953547797593e-01 2.717697586263574383e-01 2.364903874032562026e-01 2.706998003320647550e-01 2.328535754687537929e-01 1.855264006145465605e-01 1.704462736405097656e-01 3.272315303957571819e-03 3.268593051734707683e-02
1.000000000000000000e+00 1.772602905720886568e+01 2.782890830880895283e-01 2.439576035854350011e-01 2.378075809214687253e-01 2.340820389477687169e-01 2.248327565650503068e-01 2.440706712606022510e-01 1.970298397535426294e-01 2.076164704985146714e-01 1.712234151322965803e-01 2.186866086541796317e-01 2.340019507010105415e-01 2.165775938807096290e-01 3.496036968100271758e-01 2.617267899130271136e-01 2.321776155156656529e-01 2.843883552412210802e-01 2.363096593270861689e-01 1.717850915478145724e-01 1.692697237109440367e-01 3.375532977391665097e-03 3.307831981783247027e-02
1.000000000000000000e+00 1.747163467310296170e+01 2.849164149414557534e-01 2.320724388151284845e-01 2.363631051275753292e-01 2.340831670849448931e-01 2.091312150500643785e-01 2.539137339445290964e-01 2.033644320199474165e-01 2.186328309562785566e-01 1.716586838973793439e-01 2.083210732413279809e-01 2.359711790990150770e-01 2.098576297038380334e-01 3.431445940897958624e-01 2.807996950261937852e-01 2.263970479600486696e-01 2.794639079362088441e-01 2.289595247768824171e-01 1.881062021068080625e-01 1.695539169834076043e-01 3.328009507853310883e-03 3.297286129853962272e-02
1.000000000000000000e+00 1.882822724936693248e+01 2.780876306360499095e-01 2.321046379039623242e-01 2.391474091307145833e-01 2.336821116060535108e-01 1.982399338560713320e-01 2.480561303397210704e-01 2.003854378824330429e-01 2.081577878840638607e-01 1.788404711385002954e-01 2.062711083546532598e-01 2.377629649087511787e-01 2.058703917859312782e-01 3.501561246826516705e-01 2.818669032769711147e-01 2.235841994893078555e-01 2.619275638245731619e-01 2.251582119921606839e-01 1.860791552010506444e-01 1.661364430577562668e-01 3.253856361366665607e-03 3.286719980040744143e-02
1.000000000000000000e+00 1.938117978161115573e+01 2.759160716541644298e-01 2.487369611919837686e-01 2.313174743887729534e-01 2.368076385039337428e-01 1.880799645249825736e-01 2.549518277366027985e-01 1.818969673359715489e-01 2.112538927875762251e-01 1.766937172865936378e-01 2.162263921028205194e-01 2.154529942812689336e-01 1.875862086262826967e-01 3.410334131859609763e-01 2.603107134633270148e-01 2.166901121666702790e-01 2.587280231383731754e-01 2.258686482623408209e-01 1.767379141738705528e-01 1.637706910485778045e-01 3.423205090226337597e-03 3.207720116643399816e-02
1.000000000000000000e+00 2.004448166425983047e+01 2.688699398296348075e-01 2.491761329883737941e-01 2.349122215441074857e-01 2.298582438980601717e-01 1.851649261759421294e-01 2.538347999010256983e-01 1.766389839428338382e-01 2.121481916972667858e-01 1.808080603713899115e-01 2.278241542382984375e-01 2.149253441291643918e-01 1.962484190956621244e-01 3.381055263224076457e-01 2.780061691967570248e-01 2.209011768049914115e-01 2.800767731711299446e-01 2.331700297930945076e-01 1.788848237382143491e-01 1.681547755805581634e-01 3.509107981591551122e-03 3.298953800624412902e-02
1.000000000000000000e+00 1.802596019907685587e+01 2.738641074286855548e-01 2.500388381819477757e-01 2.430101658154903699e-01 2.262418620665470892e-01 1.955393968016678474e-01 2.589965748487936259e-01 1.835237945339825705e-01 2.160833974339937957e-01 1.789138381503677933e-01 2.329462245807189802e-01 2.152749775125406273e-01 2.107879206959026308e-01 3.459133121565834412e-01 2.901215813402475696e-01 2.220756994837417841e-01 2.858075455124379216e-01 2.269393900974152611e-01 1.871874480251830286e-01 1.659623031583703223e-01 3.602406811744916348e-03 3.419375193945482089e-02
1.000000000000000000e+00 1.611117982987728325e+01 2.666442860271921456e-01 2.476800666805132889e-01 2.504949723416538543e-01 2.298157203054202458e-01 1.933990914773893177e-01 2.679060424629836623e-01 1.927692754262398944e-01 2.007801002989307582e-01 1.829333483933585636e-01 2.503924581518269799e-01 2.256599337931329829e-01 2.102032479739818494e-01 3.462710345839885573e-01 2.936681866444064148e-01 2.037621795499745536e-01 2.784803431731193157e-01 2.310114869125981518e-01 2.037897240288079337e-01 1.691071269328699167e-01 3.434945382185493334e-03 3.558069148350262445e-02
1.000000000000000000e+00 2.112402844668707758e+01 2.563848946680239993e-01 2.620020466873001497e-01 2.517101183745670823e-01 2.342800622249159859e-01 2.057690953220631946e-01 2.703554635529830663e-01 2.039702955427768194e-01 1.833802054972591689e-01 1.858965091242420764e-01 2.550018333207140220e-01 2.322377649175516590e-01 2.089524701203265000e-01 3.485967265896068867e-01 2.981355325355577457e-01 2.111200438429886583e-01 2.898842412558209625e-01 2.452418669761641523e-01 2.097243296653149847e-01 1.715736755789897261e-01 3.499153292218146454e-03 3.560449609450076075e-02
1.000000000000000000e+00 2.153053009992386180e+01 2.588472936108780487e-01 2.527862935975125347e-01 2.488888343236489165e-01 2.372314561409762657e-01 2.196304787354693977e-01 2.641329571413525978e-01 2.085070947305878442e-01 1.928870168160462528e-01 1.723381722810410632e-01 2.511793649227739844e-01 2.423063457219179484e-01 1.987402322015460465e-01 3.559780490413063103e-01 3.066605525503741658e-01 2.021776309368970292e-01 2.828297137178549803e-01 2.580369998397239462e-01 2.146445406179778304e-01 1.715354885070794477e-01 3.359190293076567968e-03 3.625854998174255633e-02
1.000000000000000000e+00 2.138822486124199784e+01 2.667933242251253056e-01 2.601965233806277644e-01 2.571675210139268697e-01 2.406309227733295919e-01 2.135844765139577606e-01 2.653206233908748102e-01 2.056468711817318329e-01 1.947796559712423603e-01 1.828725174194669734e-01 2.384855620515401453e-01 2.452377701987714653e-01 2.172820692437600620e-01 3.575233460464084523e-01 3.212358897384746115e-01 2.126585647335694218e-01 2.730090329298885954e-01 2.606269718002807712e-01 1.960264131981416247e-01 1.762432271834165065e-01 3.267010094021852683e-03 3.732729698933943963e-02
1.000000000000000000e+00 2.141439408861078064e+01 2.730090732819212551e-01 2.582317300438972674e-01 2.598745681284364006e-01 2.339596040512188224e-01 1.950821856758799544e-01 2.728889495993311320e-01 2.068113146950618375e-01 2.031766776382785966e-01 1.849031589602936898e-01 2.386265619645622227e-01 2.417002082001578622e-01 2.152430982290463035e-01 3.702106370860570594e-01 2.999919995075536194e-01 2.060306828811644952e-01 2.796027113089861738e-01 2.574187991439955137e-01 1.831518920863630939e-01 1.746429613745101028e-01 3.526760169037199480e-03 3.690669943985763063e-02
1.000000000000000000e+00 1.791339631800383358e+01 2.594749844199440436e-01 2.690292900205498161e-01 2.725924944057028787e-01 2.322998054304369620e-01 1.980087829574957714e-01 2.809873470922704120e-01 2.253424262907222919e-01 2.056537205407063529e-01 1.874000229442179533e-01 2.357643185230418603e-01 2.355149991663903486e-01 2.186637616866967115e-01 3.691438802978266320e-01 2.916794932403904417e-01 2.156067444789440402e-01 2.794959153726641055e-01 2.685318738640255498e-01 1.821166036267322097e-01 1.764213944327686079e-01 3.681653114788623060e-03 3.787367702969569178e-02
1.000000000000000000e+00 1.787967673491443321e+01 2.592724998269881898e-01 2.746516372801360295e-01 2.726163045300389332e-01 2.345073347930715923e-01 1.885562623901228807e-01 2.826763417991156602e-01 2.233360285210727603e-01 1.892294344396107386e-01 1.853421828280629735e-01 2.425818237675732014e-01 2.376178735950419396e-01 2.244501807291483242e-01 3.505850863460614475e-01 3.122111671807314415e-01 2.158727838298052926e-01 2.692724040644978722e-01 2.616898818030514162e-01 1.749382999325327648e-01 1.741676982212537750e-01 3.502525831093895349e-03 3.826546706171121692e-02
1.000000000000000000e+00 1.886755628901305215e+01 2.476729643452514618e-01 2.836824301137647608e-01 2.825799600790173671e-01 2.474997638078381967e-01 1.710397649207238413e-01 2.855640142621987398e-01 2.351522857598789817e-01 1.935616951694345556e-01 1.818606091428962568e-01 2.368407663137312713e-01 2.530801716711879590e-01 2.203316740541175767e-01 3.462137344010277618e-01 3.096959775755441791e-01 2.249286115768132366e-01 2.827603497525923437e-01 2.689944666206640078e-01 1.740695129135535202e-01 1.752428670075884820e-01 3.445967261535197446e-03 3.790989432540012305e-02
