1.000000000000000000e+00 1.147747833856523272e+02 2.513398146045692783e-01 2.500970273784358655e-01 2.229143387669960674e-01 2.223229187348012281e-01 2.553405768897008543e-01 1.825527393726608938e-01 2.047643229455467784e-01 1.916439717210078608e-01 1.631307571861272676e-01 2.127655679786703002e-01 2.055377726323253662e-01 2.179851181391165016e-01 3.169543067800629776e-01 2.345173463171982275e-01 2.550598426948961772e-01 2.100368850603474280e-01 2.239718410041880992e-01 2.455563041565240467e-01 1.598409108622086405e-01 3.846945083392699916e-03 2.216858252397302734e-02
1.000000000000000000e+00 6.087794671577128724e+01 2.555687740963063503e-01 2.553359841455334900e-01 2.312081362139916385e-01 2.150498820629342667e-01 2.458292825901600143e-01 2.077493828564473399e-01 2.265750127252458557e-01 1.985363105574481368e-01 2.009380641481104957e-01 1.785583596868644263e-01 2.473765041330788783e-01 2.334163965662638951e-01 2.895079742177831816e-01 3.070949762409799777e-01 2.131295470157656691e-01 2.486930516730986862e-01 2.632680582518431844e-01 2.293215581180338414e-01 1.639197138730600911e-01 3.411399502464108804e-03 2.235181607928357628e-02
1.000000000000000000e+00 1.328128102099518415e+01 2.565384543270975981e-01 2.624406520524989461e-01 2.362624647800726507e-01 2.197823547240427555e-01 2.328280054821729173e-01 2.054646185378037060e-01 2.329115545195020176e-01 2.094619425217389974e-01 2.114652606269992463e-01 1.772367101915290899e-01 2.320949064114720406e-01 2.340876555679043125e-01 2.747025018067156266e-01 3.260768062920045840e-01 2.222578542078455510e-01 2.493242469370852699e-01 2.639864933440342343e-01 2.300116383250063734e-01 1.664669377847796949e-01 3.497613477519124613e-03 2.162568161675373565e-02
1.000000000000000000e+00 1.183468778723264236e+01 2.575603301955387558e-01 2.481017413687359174e-01 2.544658183982699828e-01 2.117969509558858821e-01 2.383666564045289205e-01 1.851821553650053742e-01 2.292973808150490789e-01 2.004307741752380523e-01 2.128040316836358192e-01 1.848203958289182658e-01 2.474364650862597159e-01 2.333432849543782550e-01 2.763393258078944981e-01 3.086518776106436657e-01 2.248238971327008451e-01 2.451634550361931064e-01 2.582978330700843039e-01 2.208816170847434091e-01 1.663708280994001254e-01 3.521953386797634696e-03 2.193464738295066926e-02
1.000000000000000000e+00 6.984332308681622692e+00 2.652045126272665199e-01 2.520062507575704380e-01 2.491714137874344592e-01 2.225519425584529531e-01 2.354139197474917067e-01 1.928724023910304841e-01 2.244844508364850499e-01 1.826060159305895048e-01 2.034811425442951405e-01 1.868540358774679611e-01 2.302602020456274712e-01 2.362171494510726388e-01 2.875163970785456491e-01 3.024099076439109579e-01 2.277753583948770311e-01 2.420236988512921017e-01 2.552747290322909812e-01 2.274886452771427980e-01 1.675944359144867779e-01 3.512396504357142516e-03 2.115723759882274027e-02
1.000000000000000000e+00 8.512151902101981804e+00 2.601151354767872736e-01 2.486813507956572578e-01 2.457962394177966581e-01 2.202733966026117762e-01 2.398288147648454660e-01 1.982922893901006289e-01 2.178529550288734740e-01 1.807520636779083312e-01 2.059886516945274026e-01 1.914258907522295994e-01 2.249844966739825147e-01 2.441804107671396717e-01 2.795062391990912887e-01 2.998602045196878674e-01 2.430350945648373506e-01 2.437819756219927192e-01 2.739322796698414053e-01 2.339072306696271530e-01 1.666903381750341751e-01 3.286266177711086658e-03 2.112115886104823370e-02
1.000000000000000000e+00 8.351020619543962908e+00 2.608788342021735041e-01 2.508628370643747885e-01 2.409179715817165446e-01 2.136853765581128162e-01 2.484043954923357278e-01 1.961702266771125913e-01 2.298967355503303001e-01 1.714172344718394581e-01 2.113454991741118560e-01 1.887743231265027744e-01 2.395960532257768449e-01 2.370831780532969002e-01 3.013595767056995722e-01 2.842856803596867099e-01 2.420445062575987683e-01 2.439240339664850987e-01 2.612356385295674377e-01 2.258797610296562619e-01 1.643987000689799971e-01 3.426685780287706037e-03 1.926617893499447259e-02
1.000000000000000000e+00 7.404478868103785416e+00 2.616971198397085585e-01 2.531796980513051909e-01 2.448356535879483986e-01 2.215500212809876079e-01 2.336657139051963872e-01 1.936805694280577250e-01 2.404386026953049260e-01 1.724855766616345265e-01 2.008537408004365254e-01 1.877449357877371272e-01 2.336388936837158481e-01 2.462248494734237680e-01 2.828331905523032153e-01 2.845057821082390692e-01 2.413098316797988030e-01 2.414611343654565756e-01 2.528026670609626048e-01 2.394172965746199089e-01 1.668082420365285257e-01 3.286612216970297151e-03 2.015730674869324265e-02
1.000000000000000000e+00 7.566577766837452756e+00 2.557113500062853095e-01 2.550157853597055380e-01 2.326928587220011835e-01 2.203754779679232834e-01 2.311637651195437015e-01 2.047782137907111499e-01 2.373869651611248688e-01 1.853387555078074012e-01 1.958465933692333794e-01 1.878349750000016527e-01 2.252419267288673921e-01 2.627192889204156279e-01 2.784457431575145803e-01 2.672901777070476603e-01 2.442460353619106961e-01 2.475150859986466334e-01 2.616601755744433211e-01 2.408137945927156520e-01 1.654503177264306790e-01 3.397769685404269935e-03 1.974626472469732594e-02
1.000000000000000000e+00 1.080855269697443788e+01 2.574515610478317340e-01 2.651205598559850940e-01 2.291353748657952438e-01 2.239532139362875873e-01 2.268168606353929695e-01 1.981081161324613482e-01 2.528718350901917877e-01 1.788328991943543833e-01 1.880065798712364789e-01 2.078299429696511269e-01 2.217700127430323187e-01 2.521793968706853573e-01 2.616980378180628897e-01 2.833267532642525510e-01 2.430096866597475369e-01 2.476443127405225375e-01 2.649623436329375248e-01 2.486339360904399609e-01 1.669850277804700855e-01 3.214655547868658717e-03 1.964258612747134605e-02
1.000000000000000000e+00 8.124902876318113698e+00 2.497940135148283280e-01 2.613250649019683292e-01 2.383742385361012073e-01 2.236455588333494948e-01 2.393494793031535894e-01 1.902663833080581179e-01 2.458041297483068433e-01 1.873457512467139874e-01 1.876306324728519159e-01 2.023473270662528023e-01 2.310086523161000438e-01 2.499913254903608217e-01 2.584201331891143316e-01 2.866940151889961763e-01 2.505086002566764836e-01 2.398975280740816840e-01 2.714487616469773434e-01 2.318768032638178211e-01 1.662209764880882845e-01 3.310972989377354483e-03 1.908642664546878615e-02
1.000000000000000000e+00 7.799771048999870615e+00 2.647116551574437704e-01 2.624776661747273421e-01 2.232175123421219765e-01 2.180418939030650538e-01 2.487301972198671107e-01 1.659273005819468794e-01 2.330500215355556515e-01 1.913045129593947957e-01 1.740069675753122824e-01 2.136654767878180816e-01 2.395749343651760177e-01 2.428371320686630586e-01 2.670350502620494337e-01 3.064907454382349017e-01 2.557669965210896956e-01 2.257305130487669564e-01 2.641951584510829898e-01 2.438711422471547818e-01 1.659286027793585860e-01 3.416113763351847146e-03 1.947103667699133164e-02
1.000000000000000000e+00 7.741708613716442144e+00 2.564993405185985731e-01 2.675901486735687285e-01 2.053023050191924714e-01 2.279128431881030925e-01 2.554292041973617589e-01 1.689590154869867744e-01 2.120784594464664718e-01 1.969186115052060926e-01 1.753756209007035771e-01 1.989771093228323295e-01 2.232991433959664318e-01 2.364430764309218003e-01 2.727530915574229442e-01 2.894976942143661636e-01 2.687918585725312948e-01 2.205599264646803948e-01 2.735139300464629608e-01 2.464607931130008700e-01 1.616765554467660126e-01 3.501188675243311916e-03 1.953462964288433037e-02
1.000000000000000000e+00 7.993892787795972232e+00 2.491521626705828218e-01 2.581846397452873254e-01 2.290555405501050745e-01 2.290897410348571306e-01 2.641037310065151855e-01 1.893359042944105508e-01 2.289962459813274231e-01 1.996563895290631163e-01 1.735259456474762541e-01 2.046536798021579007e-01 2.229484495269643263e-01 2.514835195196441497e-01 2.857417282687561011e-01 2.860721076600562518e-01 2.699787160351326265e-01 2.241490790111655140e-01 2.749109947347352922e-01 2.438523390513194222e-01 1.668859837073716768e-01 3.469764606883841106e-03 1.893759307894549854e-02
1.000000000000000000e+00 9.048578847527277702e+00 2.574371015955377318e-01 2.630410310601890012e-01 2.339946821116639097e-01 2.300570026294677939e-01 2.549319980793964269e-01 1.905797303615412996e-01 2.269401731745218087e-01 1.886593200680698745e-01 1.805743645749123549e-01 2.093050794873766718e-01 2.118579847088163937e-01 2.537783063534302941e-01 2.757005841724761153e-01 2.909743942893324165e-01 2.724442244375694933e-01 2.174702287623932195e-01 2.840042250376982880e-01 2.440480036204292769e-01 1.671603270513631057e-01 3.837780165749135174e-03 1.926569345559568311e-02
1.000000000000000000e+00 8.679546802003461181e+00 2.503790291364740295e-01 2.742252101235247430e-01 2.311664011423445186e-01 2.222623412985449409e-01 2.519768523537759264e-01 2.024257926072948466e-01 2.418137133492725410e-01 1.959950165646495712e-01 1.749300662316162214e-01 2.116355573785921873e-01 2.117136657965340008e-01 2.514455088220665657e-01 2.886086237112697739e-01 2.974694268791920337e-01 2.752698193855036002e-01 2.210443603019606462e-01 2.980922791366188429e-01 2.484685827068185138e-01 1.684376664286851011e-01 3.566734545828457309e-03 1.748997305178519659e-02
1.000000000000000000e+00 9.029381832901036020e+00 2.459195955894769026e-01 2.812517405837417495e-01 2.498159112386863501e-01 2.091091807482080012e-01 2.520290742948592677e-01 2.028343513454493874e-01 2.374984241735174917e-01 1.971921668175983522e-01 1.757702441557660311e-01 2.137029470921434360e-01 2.193948944510883126e-01 2.580344597018632280e-01 2.932570382547572407e-01 2.812593682922909233e-01 2.703497648618348181e-01 2.237470638250970145e-01 2.802185543087518660e-01 2.309741721989213292e-01 1.683290744225085789e-01 3.569169456960388006e-03 1.724683103776712689e-02
1.000000000000000000e+00 9.781117953832307421e+00 2.364208787695568081e-01 2.826992133561863629e-01 2.548501796358793592e-01 2.155337442774016288e-01 2.345188735866818308e-01 1.930636685512756301e-01 2.465435976554423980e-01 1.983269163807344082e-01 1.881590646328870908e-01 2.237502568670847181e-01 2.099525043630364740e-01 2.654639152012318037e-01 2.924185985582061775e-01 2.913323911827804813e-01 2.579498166647943846e-01 2.142766475837648565e-01 2.939342728778903679e-01 2.234420959626089720e-01 1.691437217462409270e-01 3.592662102142684440e-03 1.633550538481062103e-02
1.000000000000000000e+00 1.216647450595406355e+01 2.435946301163184891e-01 2.857546090330981281e-01 2.588434844371804155e-01 2.170708484724586662e-01 2.350725075822347743e-01 1.979383222482310467e-01 2.407224808333513211e-01 1.966501989737592382e-01 1.925376299870689423e-01 2.261647354553440181e-01 2.118100564622539539e-01 2.874206099592763741e-01 2.986610857529455876e-01 2.722095587911892434e-01 2.701777362595672027e-01 2.226798503675366248e-01 2.977457997761155384e-01 2.282831249426508502e-01 1.725519648293734887e-01 3.519858383674680843e-03 1.603023100650937185e-02
1.000000000000000000e+00 1.010900667393555175e+01 2.439397676007031279e-01 2.677476973067317578e-01 2.585282359173881050e-01 2.289582583367885116e-01 2.391345440820524249e-01 2.049676836251932144e-01 2.248457063014365209e-01 1.959614998298987998e-01 1.926288680877539516e-01 2.313418787268388954e-01 1.937668536783429263e-01 2.736485789873143726e-01 3.128383926368006329e-01 2.762744522924288626e-01 2.747075945958138421e-01 2.219102770226366317e-01 2.935522367712697367e-01 2.197761666007752579e-01 1.690947846753459161e-01 3.596082625255372662e-03 1.483253189683657151e-02
1.000000000000000000e+00 1.462395351248534858e+01 2.467554869403303930e-01 2.781815395895275156e-01 2.552424481861710337e-01 2.329070780162389998e-01 2.430586339721797495e-01 2.052294732516405928e-01 2.249511054884255901e-01 1.899072695765450791e-01 1.912158001562722642e-01 2.312273198444012023e-01 1.861576717743501641e-01 2.753020691412751408e-01 3.155425642147184351e-01 2.908596901169306359e-01 2.811556571998836684e-01 2.096795758787893538e-01 2.979302411756458713e-01 2.063172613848966719e-01 1.703023981209700333e-01 3.783828411157123903e-03 1.545879068872715693e-02
1.000000000000000000e+00 1.362415092196292221e+01 2.601148556031009362e-01 2.717914789016750987e-01 2.461884415189093955e-01 2.279077787876782613e-01 2.430393212042235573e-01 2.079204310952861567e-01 2.212419328390077822e-01 1.902751201954762938e-01 1.970273290202121663e-01 2.235507918746273137e-01 1.821632939983969524e-01 2.755236963174306775e-01 3.224801097095269520e-01 2.808832422071445012e-01 2.874141423663783557e-01 1.802104427350610660e-01 2.948615468943927009e-01 2.103822169949599585e-01 1.700509838685219099e-01 3.660970575710095851e-03 1.587874669018803087e-02
1.000000000000000000e+00 1.483626904295102911e+01 2.565776849512149127e-01 2.679903138475634439e-01 2.429873474687611057e-01 2.294104616512533668e-01 2.340794625575943755e-01 2.106825310548905150e-01 2.250090451115495660e-01 1.811035576103165456e-01 2.003885106317774278e-01 2.133168853914240159e-01 1.667128411689891565e-01 2.586045257631048866e-01 3.166904852356234312e-01 2.536059853007270326e-01 3.098142139212748947e-01 1.780609444567273769e-01 2.776100640098094208e-01 2.161656513921882683e-01 1.675877464256654570e-01 3.555582939371843606e-03 1.495462020287809286e-02
1.000000000000000000e+00 1.761555332989682654e+01 2.714904157998628831e-01 2.599112425971640272e-01 2.398718894861608941e-01 2.279077889281031222e-01 2.300135556288747662e-01 2.113416403481102046e-01 2.259184007008396278e-01 1.905908533319305431e-01 1.934705740543685715e-01 2.201855772501533082e-01 1.721813386706605720e-01 2.723289484826228457e-01 3.277037453234482589e-01 2.532713484912331725e-01 3.011555474849381686e-01 1.631630740444011962e-01 2.878306760349435001e-01 2.276526458107401563e-01 1.697879776522944195e-01 3.425586386392787553e-03 1.474403077685289970e-02
1.000000000000000000e+00 1.760875766186574864e+01 2.648811688863412783e-01 2.309689130571249971e-01 2.439977683243314821e-01 2.308273721070878970e-01 2.208869963838188399e-01 1.943489504427648173e-01 2.221051621155455125e-01 1.934764329781040737e-01 1.998340343186403023e-01 2.089414006103567090e-01 1.662305296374259334e-01 2.777772500833395330e-01 3.167287951141191660e-01 2.441275777854453599e-01 2.939225701261778401e-01 1.711555385783836147e-01 2.947074855197628351e-01 2.329177339418356529e-01 1.646739988348017159e-01 3.408273401826948310e-03 1.529257814505589029e-02
1.000000000000000000e+00 1.701434424940571688e+01 2.613394818924608121e-01 2.252629624065513314e-01 2.488262585158615980e-01 2.350058224531982320e-01 2.266631669981425401e-01 1.894127926550718821e-01 2.397494826778736321e-01 1.776013114464006781e-01 1.831052777816195021e-01 2.170372639742022824e-01 1.693311183452494706e-01 2.658204701865737318e-01 3.276860871800498232e-01 2.305391778134697756e-01 2.956927518333408167e-01 1.690627730256666628e-01 2.848208031462151069e-01 2.433603918489228302e-01 1.641583786315664040e-01 3.385029129026617418e-03 1.583499277224659565e-02
1.000000000000000000e+00 1.672049969786440826e+01 2.627194032069479213e-01 2.276871587318591295e-01 2.419209698310122725e-01 2.263279873258534636e-01 2.178932476340594560e-01 1.909838116442637845e-01 2.412614472159717305e-01 1.710617211857191067e-01 1.891712126665215377e-01 2.242296824353732787e-01 1.674571988649989907e-01 2.577290865441876355e-01 3.115587896566496262e-01 2.396335391602595066e-01 3.021912452752015255e-01 1.579788594736631357e-01 2.817676048339666783e-01 2.332349535690653453e-01 1.620833584231514135e-01 3.344342879307397442e-03 1.517276393454046815e-02
1.000000000000000000e+00 1.696053229892326542e+01 2.534354043902525833e-01 2.308275682885513602e-01 2.377704515698099985e-01 2.322229925535295447e-01 2.162423691105707646e-01 1.963381457376076888e-01 2.342906426557509469e-01 1.763820380922036524e-01 1.845753751678652077e-01 2.295360456343011890e-01 1.615617034136873909e-01 2.564120501379374972e-01 3.134755305905340128e-01 2.409018164652447780e-01 2.879036237255214736e-01 1.577822178516967433e-01 2.677300426276053580e-01 2.270238542194041309e-01 1.612314876542651765e-01 3.464384733013920002e-03 1.543206912515843014e-02
1.000000000000000000e+00 1.701759161723353486e+01 2.588109267844167505e-01 2.387982229570118353e-01 2.400679214549739648e-01 2.468928451016991210e-01 2.071803444394407223e-01 1.963591935478087858e-01 2.392911471926767730e-01 1.798300188123925225e-01 1.867856816975813072e-01 2.263239667459257254e-01 1.634208719382197472e-01 2.532194359549653773e-01 3.359163390087687162e-01 2.333982459578177182e-01 2.850561502755231680e-01 1.648249338837343703e-01 2.875098764156835962e-01 2.307380642677767657e-01 1.616327180390472462e-01 3.557511182257240730e-03 1.655776677399896715e-02
1.000000000000000000e+00 1.615986518213018286e+01 2.537354196607667922e-01 2.515121180585044858e-01 2.399552282519171187e-01 2.303770853758720372e-01 2.168720530964463877e-01 1.901506453001211572e-01 2.316042285007905710e-01 1.867815872360706897e-01 1.755793216375221288e-01 2.170050369579633875e-01 1.684704424768659337e-01 2.546731804241784136e-01 3.304483890933481161e-01 2.383456557679325960e-01 2.781833930905625030e-01 1.735901456228067519e-01 2.932854815900687862e-01 2.285419905483776770e-01 1.625977799390578016e-01 3.714463237452062666e-03 1.669397097963789753e-02
1.000000000000000000e+00 1.832366319267212162e+01 2.489302979202130395e-01 2.569502632056328006e-01 2.328230339295458695e-01 2.284469528077531231e-01 2.220753389253146415e-01 1.838161078615692667e-01 2.314680982150598976e-01 1.868543346620655243e-01 1.784404558542417862e-01 2.204382249552074013e-01 1.768898964378921856e-01 2.512984511663514664e-01 3.175817159718678506e-01 2.309730282396069978e-01 2.751927608161315875e-01 1.789817695143585963e-01 2.834201875264749093e-01 2.139355511120097642e-01 1.594146992842350175e-01 3.854284084247589295e-03 1.965399635686939511e-02
1.000000000000000000e+00 2.007845698633394704e+01 2.569416718388556897e-01 2.624977891045597866e-01 2.267987911756164099e-01 2.161639777270860097e-01 2.274584307231788116e-01 1.841215533264057291e-01 2.260542161014919005e-01 1.902426738436971687e-01 1.815366956995546899e-01 2.034692636913062458e-01 1.695593733537242853e-01 2.340708813761760432e-01 3.352795042635151601e-01 2.401224348048840718e-01 2.816239921492661447e-01 1.807126783967463735e-01 2.859591432764045926e-01 2.245933641441180684e-01 1.582408183546699099e-01 3.852139013023913195e-03 1.760230712174091008e-02
1.000000000000000000e+00 2.041612129745172055e+01 2.683367522899011703e-01 2.509658220381715821e-01 2.302394394903849728e-01 2.182950424314947790e-01 2.348790328189598597e-01 1.816600537530485837e-01 2.184538273515037321e-01 1.970411683061030483e-01 1.814494689569527697e-01 2.072604628308082619e-01 1.788856671079313565e-01 2.408520369585500642e-01 3.284707914597684852e-01 2.368316653631422075e-01 2.710901504405477391e-01 1.890408179164984326e-01 2.772395119444054368e-01 2.307524966882341100e-01 1.614588700064095717e-01 3.844851179201776940e-03 1.841851448025150217e-02
1.000000000000000000e+00 1.757000152690765304e+01 2.672917422359887829e-01 2.547247297415906053e-01 2.180376682058928761e-01 2.262869554691448459e-01 2.520054503176547556e-01 1.886281647411106877e-01 2.012932436134131087e-01 1.827370003943218635e-01 1.730696126490393894e-01 2.227493611702616727e-01 1.873245215224192128e-01 2.330139125347426565e-01 3.293536273528656633e-01 2.438105097991560277e-01 2.685843254829594073e-01 1.977561938285135879e-01 2.476921572105838520e-01 2.321381535719904132e-01 1.648864992914144956e-01 3.855321334210593757e-03 1.863876656000911652e-02
1.000000000000000000e+00 1.831728644029938735e+01 2.541195698868159991e-01 2.592058051159712995e-01 2.155715236747846320e-01 2.150076726562888119e-01 2.553830379815066887e-01 1.823111890839924920e-01 1.947462974501560362e-01 1.823313171600683957e-01 1.759482544731775788e-01 2.250578825342781086e-01 1.820328181901655629e-01 2.142147906248356160e-01 3.150585908360867826e-01 2.459543281561268890e-01 2.595249933058911829e-01 2.027359195379315748e-01 2.381873797539248161e-01 2.267943647508377791e-01 1.583630179912513813e-01 3.999796740018075371e-03 1.952378817827691779e-02
1.000000000000000000e+00 1.600229552530878152e+01 2.561351821286332875e-01 2.627792303421673803e-01 2.018929921701478614e-01 2.086056334328639794e-01 2.610729388729494671e-01 1.935636817171995372e-01 2.066375845732871808e-01 1.868063072955312431e-01 1.720500631322153251e-01 2.248319647391342213e-01 2.014566007434316630e-01 2.204608132415970811e-01 3.091100512497609309e-01 2.506927885809726586e-01 2.556859273392632637e-01 2.068110442457236908e-01 2.193720295029770728e-01 2.305463753402261784e-01 1.621510929198994311e-01 3.973228612972834473e-03 1.943419930872241144e-02
1.000000000000000000e+00 1.742734684982456983e+01 2.521100212765229887e-01 2.653696698538500764e-01 2.110374381382948694e-01 2.077409637294071187e-01 2.709617693728068599e-01 1.833130351548183934e-01 2.203866442031059691e-01 1.921735847859017965e-01 1.729267821001236882e-01 2.161715698717146528e-01 1.972004436563596919e-01 2.199654371753936855e-01 3.200811120803616072e-01 2.441238868946122853e-01 2.452283496069485313e-01 2.084077070256076802e-01 2.121234883583114905e-01 2.378990847406049214e-01 1.616757728635666302e-01 3.947118130966665792e-03 1.974700815014022656e-02
1.000000000000000000e+00 1.402510926692314008e+01 2.441912728922412124e-01 2.691907826262712744e-01 1.963622045312910236e-01 2.168692924741081884e-01 2.737605552293126965e-01 1.680977324497912317e-01 2.167738690502520049e-01 1.898301699063311143e-01 1.729697835544154461e-01 2.174720219996877091e-01 1.894555142559380678e-01 2.157472155665339786e-01 3.107491303324638188e-01 2.424051404104379803e-01 2.509186890438596662e-01 2.153073166955021267e-01 2.304030544114618606e-01 2.337673655681510865e-01 1.586928683211424329e-01 3.887697415940823738e-03 1.809252194425012977e-02
1.000000000000000000e+00 1.548681118192786066e+01 2.382222923887220289e-01 2.729808025346305289e-01 2.007514331818314179e-01 2.212905115791336808e-01 2.680527029408993345e-01 1.816910733152360125e-01 1.992339196050897931e-01 1.845446350981529149e-01 1.720309106091154061e-01 2.181536934266650185e-01 1.975651362904075337e-01 2.044709752435177608e-01 3.145175006320320432e-01 2.393675289910074944e-01 2.476749418186817153e-01 2.129984003884140831e-01 2.479806182317026708e-01 2.219746102779563413e-01 1.594016876004280270e-01 3.788349234552760344e-03 1.854468136517920321e-02
1.000000000000000000e+00 1.384270708297572305e+01 2.538005241393627154e-01 2.513721230704161202e-01 2.060740608501593352e-01 2.222765223252422540e-01 2.616209007769982331e-01 1.806438024331618042e-01 1.967706392127206994e-01 1.866639042897163536e-01 1.640694362120415084e-01 2.142270754211687556e-01 2.056473210975524601e-01 1.951879301993308946e-01 3.031386617390475768e-01 2.270485149237611577e-01 2.509819766452320300e-01 2.078614361701046354e-01 2.394762293817333243e-01 2.290654345960825011e-01 1.561398067585368366e-01 3.803138120237816843e-03 2.065541419224824551e-02
1.000000000000000000e+00 7.937951452273141584e+00 2.513398146045692783e-01 2.500970273784358655e-01 2.229143387669960674e-01 2.223229187348012281e-01 2.553405768897008543e-01 1.825527393726608938e-01 2.047643229455467784e-01 1.916439717210078608e-01 1.631307571861272676e-01 2.127655679786703002e-01 2.055377726323253662e-01 2.179851181391165016e-01 3.169543067800629776e-01 2.345173463171982275e-01 2.550598426948961772e-01 2.100368850603474280e-01 2.239718410041880992e-01 2.455563041565240467e-01 1.598409108622086405e-01 3.846945083392699916e-03 2.216858252397302734e-02
