1.000000000000000000e+00 2.317081056222013657e+01 2.375104618476641671e-01 2.571602408835931275e-01 2.437728324965761362e-01 2.200341510573026738e-01 2.229891944513454349e-01 1.784896202333984272e-01 2.040612695902007667e-01 1.761724893247828827e-01 1.899852774983007975e-01 1.689260473403680352e-01 2.139045883574985374e-01 2.396869815973741158e-01 2.606873516282808834e-01 2.819737238948596958e-01 2.376336151772970862e-01 2.265409311800655190e-01 2.286922082475403017e-01 1.960941612494575825e-01 1.574243358200646814e-01 3.828679361272576288e-03 1.663906897679801392e-02
1.000000000000000000e+00 1.112736036743751811e+01 2.517468502532563268e-01 2.506583059007031489e-01 2.441837955357619161e-01 2.236526775992912219e-01 2.390545453581372770e-01 2.037247295189578977e-01 2.158987395258670505e-01 2.006334683367525518e-01 1.836570675699402411e-01 1.945814766394851070e-01 2.821387301631361755e-01 2.359101564512174065e-01 2.877553342847329887e-01 2.972565526093731703e-01 2.280672100622647969e-01 2.576465491783653805e-01 2.462009052208737891e-01 2.459924462403924872e-01 1.652958776103507221e-01 3.649729199643854827e-03 2.548170146187339960e-02
1.000000000000000000e+00 1.073712343340425512e+01 2.502636326748733930e-01 2.401027140997273601e-01 2.310451835250558195e-01 2.243973254624387625e-01 2.278863650667282692e-01 2.047138183311565940e-01 2.188917202473017742e-01 2.064347919558794098e-01 1.735196263801752348e-01 1.951385030851316149e-01 2.604524980903479836e-01 2.242721912271069540e-01 2.747989390782476504e-01 2.896730846535761628e-01 2.304155981626963556e-01 2.388171727568197400e-01 2.436520972369996541e-01 2.399393513761402530e-01 1.624862322786135294e-01 3.776299956215674238e-03 2.621617504245531138e-02
1.000000000000000000e+00 1.150040862921788509e+01 2.571590802012291288e-01 2.498918732778434015e-01 2.195324279095819675e-01 2.275361668324026865e-01 2.331953608558784696e-01 2.121443927093514537e-01 2.137131276158594217e-01 1.989077076808895561e-01 1.621034932003898865e-01 2.027210950588429483e-01 2.505462260844926181e-01 2.209512784203177260e-01 2.621425712909603578e-01 2.993090184571412515e-01 2.331147247242008058e-01 2.548604358504575340e-01 2.437786897392375529e-01 2.386580203906952802e-01 1.638167390635331955e-01 3.988112431686475015e-03 2.448266112656462962e-02
1.000000000000000000e+00 1.073802975859557840e+01 2.497729065123383829e-01 2.570325201640879520e-01 2.394348548873378446e-01 2.270364121816580427e-01 2.289658133574602461e-01 2.087955612309928544e-01 2.180558116170150107e-01 1.941457793985670588e-01 1.636015052140691317e-01 2.008113064218148835e-01 2.567592572572694465e-01 2.302083610437390959e-01 2.540354583064992622e-01 2.854560885082217392e-01 2.236689018744416890e-01 2.573044303099153995e-01 2.461694411200832933e-01 2.371515005455922809e-01 1.637152308722527594e-01 3.921444946673163963e-03 2.407853646701925421e-02
1.000000000000000000e+00 1.251598372320507835e+01 2.415221931566182145e-01 2.559295170750396364e-01 2.467179710745470989e-01 2.231259699344512737e-01 2.296119237734049467e-01 2.098740833289542140e-01 2.103677363683572055e-01 2.023819734815147930e-01 1.654291625442610991e-01 1.875507320933838817e-01 2.609975512428233113e-01 2.136413072545566005e-01 2.641625607517608110e-01 2.779308647967511647e-01 2.326395540865739686e-01 2.384013579573906749e-01 2.311654748438313756e-01 2.409393089859151182e-01 1.619498958460529603e-01 3.997005759648127043e-03 2.310267006441414639e-02
1.000000000000000000e+00 1.095200582980086601e+01 2.341430234084258821e-01 2.489621808897136968e-01 2.362149876868742115e-01 2.283438938557343922e-01 2.109259405613883587e-01 2.052592283468008538e-01 2.046775632860975136e-01 2.042632174946783230e-01 1.646446141113387107e-01 1.790760272689147503e-01 2.556257826815765410e-01 2.173515524009903277e-01 2.662402806624713514e-01 2.766882851317417624e-01 2.240574793544002907e-01 2.330507908158441777e-01 2.290794850672137617e-01 2.274161793158925304e-01 1.565161346754338489e-01 3.961749815481628925e-03 2.406462485703383600e-02
1.000000000000000000e+00 8.099353158811663178e+00 2.510697334130803093e-01 2.399986869915672338e-01 2.501552436332973306e-01 2.294268990796798635e-01 2.105175898363131071e-01 2.046321897639782061e-01 2.006223299058904064e-01 1.967504725660183806e-01 1.800498244952727367e-01 1.815654270072432908e-01 2.513242252306628344e-01 2.222857701718181089e-01 2.796523161283609449e-01 2.706000674030108466e-01 2.335003375826186500e-01 2.260246182584712271e-01 2.134421989460084934e-01 2.267289759453970099e-01 1.596149538537574297e-01 3.561678285192223549e-03 2.555259042701634939e-02
1.000000000000000000e+00 5.777318240806329719e+00 2.442514778257215136e-01 2.485594580511950036e-01 2.433048471248663580e-01 2.286057741051875369e-01 1.966209226431020474e-01 2.097716767429640694e-01 1.952075087817419508e-01 2.058204702343010006e-01 1.709663946980491400e-01 1.828634425554534204e-01 2.554699518770888189e-01 2.188012653280383968e-01 2.922266238998286747e-01 2.659068410303986330e-01 2.376302143530684696e-01 2.359615058683235400e-01 2.264254761509498226e-01 2.360605067932461665e-01 1.588551494333378389e-01 3.383122382255450943e-03 2.390676253045513275e-02
1.000000000000000000e+00 6.950070370612781545e+00 2.435165860924908832e-01 2.554193920028233755e-01 2.309748226533129833e-01 2.269244517211687073e-01 1.922122424871403334e-01 2.109380285892476226e-01 1.754850500760505583e-01 2.087675364014216772e-01 1.827490013700495686e-01 1.906831510592688905e-01 2.618357530161800617e-01 2.066545262673616656e-01 3.087824395014301393e-01 2.643472874285436314e-01 2.422789175462100875e-01 2.306392842323551073e-01 2.267756255687291000e-01 2.225031465182007173e-01 1.588101455567271503e-01 3.413651704874589871e-03 2.290547383383571139e-02
1.000000000000000000e+00 9.487398109106393918e+00 2.477176620209980973e-01 2.511882200781216934e-01 2.234333952134007761e-01 2.330869994749252272e-01 1.846523935337752997e-01 2.041684038195541451e-01 1.918826218860372468e-01 2.095188276096303648e-01 1.767223485951308626e-01 1.833053639377216770e-01 2.439468342404266799e-01 2.143649395371280408e-01 3.030801343909793055e-01 2.441246651958750014e-01 2.456541235610384399e-01 2.373846055458890547e-01 2.318792389872213477e-01 2.293131788776003599e-01 1.580459049985191711e-01 3.426396717409439536e-03 2.075008480150367443e-02
1.000000000000000000e+00 1.011366338442640789e+01 2.494942903492152475e-01 2.192790296046819576e-01 2.257716349453900151e-01 2.501245881891935863e-01 1.819525022251337609e-01 2.129534488018062499e-01 1.987613882544294608e-01 1.916205687928550228e-01 1.643712870808131665e-01 1.768307853132302099e-01 2.282711921501088814e-01 2.271686902248906959e-01 3.169076228326184741e-01 2.464182110157306926e-01 2.449041034582010723e-01 2.344968697885815023e-01 2.267632894350934125e-01 2.243836702901172431e-01 1.589391468383799799e-01 3.505330171885007607e-03 2.005278891782765263e-02
1.000000000000000000e+00 8.941332014030043851e+00 2.551981540763391676e-01 2.155540344337201486e-01 2.330265885221699529e-01 2.534849478607873463e-01 1.920413608692982943e-01 2.104187613989842165e-01 2.089210054127817462e-01 1.973949956670746630e-01 1.644308474931252539e-01 1.865948720766221480e-01 2.082052081874112837e-01 2.318023196334765557e-01 3.138736007502058722e-01 2.354331928139483943e-01 2.402531629351891962e-01 2.468138009977463854e-01 2.059712567565109287e-01 2.191000433596355379e-01 1.603349124172993023e-01 3.376511318922781855e-03 2.159888643005136027e-02
1.000000000000000000e+00 1.111469100707779312e+01 2.562665747961401785e-01 2.076652815978367594e-01 2.412802725596008835e-01 2.364169427763471720e-01 1.951945210542781473e-01 2.131701699970613428e-01 2.089559249826361542e-01 1.913296975711557546e-01 1.616152753333709169e-01 1.855325431800647074e-01 2.029196384556758992e-01 2.354320550589301397e-01 2.982258037962477459e-01 2.364957264839169515e-01 2.595626188635037357e-01 2.392472124896656560e-01 2.000492603154598314e-01 2.218926798698825642e-01 1.578517054853720292e-01 3.226227220544561694e-03 2.122082690690077489e-02
1.000000000000000000e+00 1.065864822969994741e+01 2.620927076581555659e-01 2.207450686539989826e-01 2.390355269151821505e-01 2.327899979660577046e-01 2.040786264685653384e-01 2.149133704912845055e-01 2.097490699754983312e-01 1.871550324073495142e-01 1.701430327525797759e-01 1.864033204744645900e-01 1.919774079337207007e-01 2.443225988940702642e-01 3.265504516150764536e-01 2.464603732056552254e-01 2.719880313813685113e-01 2.377322151133129391e-01 2.026867662176571883e-01 2.354220260119505581e-01 1.604608285788708955e-01 3.317554261119480107e-03 2.018809664131245366e-02
1.000000000000000000e+00 9.340077937225402138e+00 2.617741086700234310e-01 2.210685568849731775e-01 2.356234492491059984e-01 2.309174583921511370e-01 2.150359297524118418e-01 2.146872768095802186e-01 2.143220348826466726e-01 1.938235327507691896e-01 1.743665866739860515e-01 1.857684075867234164e-01 2.039522275258353334e-01 2.247448986785817449e-01 3.128211529909159516e-01 2.430206635945750537e-01 2.630076354883565393e-01 2.365462900177015826e-01 2.136792779928262109e-01 2.288463278205977169e-01 1.610444410850557506e-01 3.352173652318424062e-03 2.029189096468290987e-02
1.000000000000000000e+00 7.821218127959287614e+00 2.577059260364574778e-01 2.220495666597985529e-01 2.388807979188801445e-01 2.357429502234205665e-01 2.176081166337849038e-01 2.120055098606083710e-01 2.029513067285039496e-01 1.909537807801770237e-01 1.798753219619123322e-01 1.873717729041119440e-01 1.930900230715738852e-01 2.276718461512845793e-01 3.326171333199405833e-01 2.443976996245788569e-01 2.637484931090359197e-01 2.311134768483792401e-01 2.188984503270843818e-01 2.357154482197294787e-01 1.609932400288003884e-01 3.614521177587706139e-03 2.077049149441675263e-02
1.000000000000000000e+00 8.780208628033509655e+00 2.530840400021073244e-01 2.312062978106958488e-01 2.274919961822683412e-01 2.396796615148663878e-01 2.125342813004901799e-01 2.137106166338653968e-01 2.039803352594940500e-01 1.783675315806865225e-01 1.694331820981216097e-01 1.913881846805708387e-01 2.055109816078813656e-01 2.272924194866979275e-01 3.288670781144922284e-01 2.573284342510223088e-01 2.639927896833838550e-01 2.208601802180717721e-01 2.406496956663301545e-01 2.315873990607142108e-01 1.594357793230302134e-01 3.602245635030105770e-03 2.148634452498663153e-02
1.000000000000000000e+00 9.050444122405430392e+00 2.476453273398348809e-01 2.322050782435721439e-01 2.367358312559400824e-01 2.339441843850734171e-01 2.035698613101098731e-01 2.129136376682858878e-01 2.065675793968612672e-01 1.707576832750950235e-01 1.781653704709377228e-01 1.973006261222009783e-01 2.082293490922272894e-01 2.189570398786521432e-01 3.087627792596189247e-01 2.678185072412851975e-01 2.542282394515423816e-01 2.066274576669417662e-01 2.444205711716894158e-01 2.351136420573458896e-01 1.583351374229486908e-01 3.788044146499611013e-03 2.056895381135805459e-02
1.000000000000000000e+00 8.524840478754821760e+00 2.431330968173597562e-01 2.360162231687222001e-01 2.279604164221112339e-01 2.352517837327724182e-01 2.055426542305674176e-01 2.110306630870990574e-01 2.004730746849627820e-01 1.741459746353458127e-01 1.736093034158698312e-01 1.961792061238001594e-01 2.123269140532136334e-01 2.344752991325799729e-01 2.791378837644383215e-01 2.624106172938469039e-01 2.408438704332504510e-01 1.973276212064222768e-01 2.528372218239981484e-01 2.279151105521942111e-01 1.575391630513072461e-01 3.578343265414173167e-03 2.067495082000378459e-02
1.000000000000000000e+00 1.004448077613495194e+01 2.389916247525376847e-01 2.595919886636571805e-01 2.292669210604114660e-01 2.253405782797460177e-01 1.937262347953714048e-01 2.136341813997346684e-01 2.108054203264614346e-01 1.720258584216413922e-01 1.743679181645462484e-01 1.900939293189102819e-01 2.187263231008223230e-01 2.410386434966803326e-01 2.612801227480140986e-01 2.843761310570893097e-01 2.336452509772034003e-01 2.019350413100304553e-01 2.521245836578968058e-01 2.204709618413095429e-01 1.570964516495686469e-01 3.860040558627721684e-03 2.068415476808090764e-02
1.000000000000000000e+00 6.822118574535157798e+00 2.451051616311556436e-01 2.696986780537848905e-01 2.305246331043273589e-01 2.138679188088916938e-01 2.027217122497801116e-01 2.036873099676946575e-01 2.167936785256592280e-01 1.762234277890674938e-01 1.729303475609132168e-01 1.770197464434283274e-01 2.129245862714119752e-01 2.320393710428889089e-01 2.590947435893018458e-01 3.007473822430581922e-01 2.243067557410157176e-01 2.035860412355565419e-01 2.548613142385274255e-01 2.159140397663025512e-01 1.579049224201023172e-01 3.733044828600554955e-03 1.986944211952218139e-02
1.000000000000000000e+00 6.628002921584259077e+00 2.300220881594150779e-01 2.662234754618217347e-01 2.290322526242154488e-01 2.214236782383347257e-01 2.013155033974050045e-01 2.004885654042136145e-01 2.219766441769359389e-01 1.802524449759161651e-01 1.643591056179562193e-01 1.791112294130746962e-01 2.121293567176106842e-01 2.394042596160118330e-01 2.515821903535991888e-01 3.026793927521263528e-01 2.214544065989451360e-01 2.061387773223896380e-01 2.463919822468796095e-01 2.132864331880136577e-01 1.568796017805308973e-01 3.851159737047258995e-03 1.995202484575138782e-02
1.000000000000000000e+00 6.877041973991124379e+00 2.386368726229647352e-01 2.623545127600246385e-01 2.384063465714554020e-01 2.253639906613993660e-01 2.088068147198449132e-01 1.865860268580667725e-01 2.381631496864810016e-01 1.788784716239309458e-01 1.657884921083290775e-01 1.808597537496877961e-01 2.015172976590006992e-01 2.361710986373854460e-01 2.602463304811991618e-01 2.937453793540169555e-01 2.092814104957195775e-01 2.210177574669894285e-01 2.297279829597126677e-01 1.957766548632534076e-01 1.566857685642566167e-01 3.613984363636841765e-03 1.922523006075445295e-02
1.000000000000000000e+00 7.292563160481332574e+00 2.362893803077832366e-01 2.664143903263444524e-01 2.363429487526141903e-01 2.272108567268032175e-01 2.058177619086388743e-01 1.887342546646335051e-01 2.340309332393724073e-01 1.772458385602312114e-01 1.726270331417803505e-01 1.907020223881616405e-01 2.130591302895327999e-01 2.404262978779438953e-01 2.548439648269893443e-01 2.880628084173914027e-01 2.168806111868330500e-01 2.235639278076965164e-01 2.276310867822101680e-01 2.011108103046582996e-01 1.572599295236496997e-01 3.766924305477827115e-03 1.910046481962412654e-02
1.000000000000000000e+00 9.404802852301207494e+00 2.289698744054445567e-01 2.666378309791667123e-01 2.398207815581771540e-01 2.140216520261144229e-01 2.141906034090370337e-01 1.843044655566391521e-01 2.307537102087849346e-01 1.767528067247584600e-01 1.723468718895810603e-01 1.903848609556135218e-01 2.162310850947919694e-01 2.379448186116370212e-01 2.508450887219250136e-01 2.991232552227969244e-01 2.336250442470707012e-01 2.118168262780103228e-01 2.287723309347073353e-01 1.918355168261478838e-01 1.585513193421154987e-01 3.694080755311159297e-03 1.670963902748805532e-02
1.000000000000000000e+00 7.831586775245483523e+00 2.301410120291926542e-01 2.586090231553728747e-01 2.378001970781507268e-01 2.127094887606620632e-01 2.202462812085742017e-01 1.798599798478134615e-01 2.197198901608536370e-01 1.699233484048027765e-01 1.756041375444673536e-01 1.867879411664399025e-01 2.141182639782909791e-01 2.348185139894051476e-01 2.613125406210242696e-01 2.836482210276498050e-01 2.367619840573015333e-01 2.088453539793476421e-01 2.382530678213075070e-01 1.855757732439204943e-01 1.573756386822470488e-01 3.518685247422977200e-03 1.646092168180545920e-02
1.000000000000000000e+00 7.765486401171269648e+00 2.396127768167684025e-01 2.598122650098843023e-01 2.437223998331754515e-01 2.062408403562541737e-01 2.285240347318006071e-01 1.749768869512747516e-01 2.137297719547366637e-01 1.664867151900222553e-01 1.862822605194352776e-01 1.786961875140650746e-01 2.144494684429781861e-01 2.338555852020253456e-01 2.666786071364606325e-01 2.881561410341686447e-01 2.321143603722003457e-01 2.146913832975515801e-01 2.232960523604050340e-01 1.937848708190750002e-01 1.573900296177088154e-01 3.731824936109647602e-03 1.549502657001626017e-02
1.000000000000000000e+00 6.451124080830424212e+00 2.375104618476641671e-01 2.571602408835931275e-01 2.437728324965761362e-01 2.200341510573026738e-01 2.229891944513454349e-01 1.784896202333984272e-01 2.040612695902007667e-01 1.761724893247828827e-01 1.899852774983007975e-01 1.689260473403680352e-01 2.139045883574985374e-01 2.396869815973741158e-01 2.606873516282808834e-01 2.819737238948596958e-01 2.376336151772970862e-01 2.265409311800655190e-01 2.286922082475403017e-01 1.960941612494575825e-01 1.574243358200646814e-01 3.828679361272576288e-03 1.663906897679801392e-02
