1.000000000000000000e+00 4.325581362620511783e+01 2.706430776986451514e-01 2.796067030442984658e-01 2.296132675865022732e-01 2.515123492358127266e-01 2.495589905678367304e-01 2.016929250003895446e-01 2.413189341980268576e-01 1.906019868458186384e-01 2.270497405949486736e-01 1.788636479096603338e-01 2.547511148875873377e-01 2.464853648213428117e-01 2.829567654354345208e-01 3.711328181843442930e-01 2.098203692853146674e-01 2.781242146822200390e-01 2.700797457956535252e-01 2.418825170996400653e-01 1.734006176923501563e-01 3.806890683779028898e-03 2.034478670872323994e-02
1.000000000000000000e+00 3.921944255052618189e+01 2.724835719089300778e-01 2.574598211933205039e-01 2.411627720653291840e-01 2.235976999747308902e-01 2.440822891739744538e-01 2.028641370693840540e-01 2.307191464257068725e-01 2.086911418652264150e-01 1.814814314030515074e-01 1.970730688837088740e-01 2.514297214498542599e-01 2.476985727501828660e-01 2.945809122811376413e-01 3.079105576660151611e-01 2.326346704330067572e-01 2.358386801031946700e-01 2.454699948253127595e-01 2.367049878710566213e-01 1.729554102026649165e-01 3.519117451180855255e-03 2.418724213985609314e-02
1.000000000000000000e+00 3.579808116077337132e+01 2.722948989236326778e-01 2.540930957226098519e-01 2.224544105344960498e-01 2.264227675806859130e-01 2.437434418200597197e-01 1.877078221833162197e-01 2.315359488046021819e-01 2.120576329427255602e-01 1.838841115846472363e-01 2.092838759418114702e-01 2.451668721139646512e-01 2.666626002081394775e-01 2.967792198809618420e-01 3.114009096636399243e-01 2.303333500421329838e-01 2.391750803384321000e-01 2.554192873379629858e-01 2.541772007267788513e-01 1.709937085419874769e-01 3.460156940728720439e-03 2.363308764616468827e-02
1.000000000000000000e+00 1.644056903536690939e+01 2.874146215337133325e-01 2.560677943470494600e-01 2.116184221972970680e-01 2.292653286916384037e-01 2.540386129792551184e-01 1.832462738427543258e-01 2.370846293827420237e-01 2.037501241555960685e-01 1.884270945958128052e-01 2.182751995588458616e-01 2.349592028520309239e-01 2.604638621227056694e-01 2.973704163074534224e-01 3.358128209981132151e-01 2.405783373214724075e-01 2.403975700931308135e-01 2.492955613827440575e-01 2.458928514387721809e-01 1.699611893471351665e-01 3.460775737758485515e-03 2.338359950316348107e-02
1.000000000000000000e+00 1.215410530068698058e+01 2.677296976839678710e-01 2.767999668294414128e-01 2.113552294285044875e-01 2.399170856715960032e-01 2.652701106765510408e-01 1.811194005306090982e-01 2.302982920214206863e-01 2.159847963591524367e-01 1.897701947419322965e-01 2.046394015229398011e-01 2.330897980985678075e-01 2.637359031733233494e-01 2.708804870424356137e-01 3.232031196473694190e-01 2.326608749871039161e-01 2.423516357240100005e-01 2.499080169633005610e-01 2.301897528878993349e-01 1.693283301600592705e-01 3.625774185185938209e-03 2.344730369859731114e-02
1.000000000000000000e+00 1.311909731230845289e+01 2.578732326098840399e-01 2.896432033931573002e-01 2.068171153107967730e-01 2.363582658758281718e-01 2.738725234394350783e-01 1.777646890122613899e-01 2.225815395897597637e-01 2.175298032382496916e-01 1.995083531174236813e-01 2.018919972676823937e-01 2.183729751391174090e-01 2.611557591680605528e-01 2.738491119602454171e-01 3.447642068888814304e-01 2.194601615698423269e-01 2.630688435733003483e-01 2.457246047639281838e-01 2.312669755669736760e-01 1.706528009167731785e-01 3.551305363453109015e-03 2.467002203024822385e-02
1.000000000000000000e+00 1.157812220835334038e+01 2.517994813215918559e-01 2.875836411435639395e-01 2.045600436065566075e-01 2.425930248419850277e-01 2.767214295222920617e-01 1.844264827628245285e-01 2.286243241514742952e-01 2.042918439840237244e-01 2.135792979137726422e-01 1.883733435095072128e-01 2.218290443817205748e-01 2.630447365248188563e-01 2.764541914506202236e-01 3.481611546193199014e-01 2.028023534912054004e-01 2.749421122740140500e-01 2.501200063440445764e-01 2.365820667759405693e-01 1.707840803306828747e-01 3.693206007575571773e-03 2.440381012167864780e-02
1.000000000000000000e+00 1.383303781285883360e+01 2.551252281972646307e-01 2.792857405842887886e-01 2.197333220800319897e-01 2.456187740142677378e-01 2.631838270988314243e-01 1.843915426432197191e-01 2.223340888742996735e-01 1.908674800939416105e-01 2.193012407259972152e-01 1.896033655456609013e-01 2.226913043970820127e-01 2.715589337192377273e-01 2.709144773754101343e-01 3.607842577491239267e-01 1.888192707559919192e-01 2.834427806673118222e-01 2.510076388723409546e-01 2.309124714080734719e-01 1.732051198064379349e-01 3.716371291346809089e-03 2.304179755910642710e-02
1.000000000000000000e+00 1.381303884445676822e+01 2.506541698365499227e-01 2.701416445667599864e-01 2.293602885015253445e-01 2.407646153919736631e-01 2.591988137117912094e-01 1.855768225581054254e-01 2.141559312353018829e-01 1.892516930660388952e-01 2.261762726861448747e-01 1.741677330549082081e-01 1.972577505398390163e-01 2.740074548260537646e-01 2.672850212582560947e-01 3.386335052153612302e-01 1.861485382405227984e-01 2.666432538536599450e-01 2.502881166126736390e-01 2.498845357380506671e-01 1.673022294206428229e-01 3.528263795555340587e-03 2.443838086404809609e-02
1.000000000000000000e+00 1.064986437244617612e+01 2.567946286909247311e-01 2.559120008398650392e-01 2.274797486529767376e-01 2.449471424731364255e-01 2.641766903274336831e-01 1.830291278549141254e-01 2.354421930200046309e-01 1.949987301433255549e-01 2.233599691388443720e-01 1.782367061202288772e-01 2.034688981873267188e-01 2.778545458929185807e-01 2.825298979894012019e-01 3.369288399841763315e-01 1.946920668143076460e-01 2.773757180532553379e-01 2.655799445105939127e-01 2.477617596240898890e-01 1.684762308413263188e-01 3.713509056505358372e-03 2.342794373449097814e-02
1.000000000000000000e+00 1.550801178308537054e+01 2.601064780414530375e-01 2.698432166185486536e-01 2.303526177809625819e-01 2.430421133866861871e-01 2.621141227084118897e-01 1.922874856542383382e-01 2.375760127988338910e-01 1.882976277561393685e-01 2.318645205388937258e-01 1.893324888284384777e-01 2.017450816033947159e-01 2.709784631177518111e-01 2.942712143726976537e-01 3.296856865745779186e-01 1.916337116202189716e-01 2.766431935533469888e-01 2.608724041500580793e-01 2.741760929689501802e-01 1.720248240264718176e-01 3.844095855888242722e-03 2.325501942983592210e-02
1.000000000000000000e+00 1.503202140768460993e+01 2.716787699204187279e-01 2.682431116269479165e-01 2.215203043815453521e-01 2.391086325038419558e-01 2.554855047394924417e-01 1.881791790965354760e-01 2.467267987565470722e-01 1.755824272343262382e-01 2.360499843305408352e-01 1.937084388259080470e-01 2.048811205265998747e-01 2.604957525606164115e-01 3.096097650053613592e-01 3.567115082936996306e-01 2.016462776884669073e-01 2.683843567004700059e-01 2.577104177963595588e-01 2.765784735862767407e-01 1.712655510317923346e-01 3.761586326116384688e-03 2.097691867718449316e-02
1.000000000000000000e+00 1.581776745621121272e+01 2.678201558743055766e-01 2.599659228652371756e-01 2.212045665155937257e-01 2.498156047994943008e-01 2.408594518440524967e-01 1.810413759973387993e-01 2.409040624831811639e-01 1.607715111813498299e-01 2.430425611693217136e-01 1.981955455160090973e-01 2.029756036342492964e-01 2.698618816831070411e-01 2.997265618428067158e-01 3.607326862401294409e-01 2.042951659295713096e-01 2.618663240127386826e-01 2.536413950740041834e-01 2.677643530608528888e-01 1.722922736721064219e-01 3.566322314138270760e-03 2.080629833387765554e-02
1.000000000000000000e+00 1.658100950118664940e+01 2.658644514053880026e-01 2.734758420130290468e-01 2.206726329481836224e-01 2.417780076794696364e-01 2.504303336388375434e-01 1.715081719791629600e-01 2.485583904088400631e-01 1.512827062501322928e-01 2.334706123446393111e-01 2.006252121877310779e-01 2.091519263639919357e-01 2.641322012994429258e-01 3.044565547332721001e-01 3.790845076367349575e-01 2.152410341423487972e-01 2.677330471140710322e-01 2.563861125148088616e-01 2.684886084320671773e-01 1.694048031770273854e-01 3.624092891170576768e-03 1.976532279114006849e-02
1.000000000000000000e+00 1.551010318234679630e+01 2.681744723630970495e-01 2.739358042758758272e-01 2.279716463846582775e-01 2.349113443170114945e-01 2.561208198491467525e-01 1.773099310409933238e-01 2.516973692396305973e-01 1.573702729377480791e-01 2.298752813820146568e-01 2.077494451254497387e-01 2.165771173984741282e-01 2.414882950229814140e-01 3.006950634440027637e-01 3.587642854501278955e-01 2.227474108987895773e-01 2.699835730688734392e-01 2.550873907540113228e-01 2.875472242172572579e-01 1.723277078095338533e-01 3.630339666989870675e-03 1.855253249690257469e-02
1.000000000000000000e+00 1.279278232984836272e+01 2.674553394122950456e-01 2.927833579444106826e-01 2.157039744429881112e-01 2.388265696697674800e-01 2.563987857368752454e-01 1.737987024620979148e-01 2.538221999264469453e-01 1.671566118220131902e-01 2.316860031187644720e-01 2.011261688625938238e-01 2.168676047710998145e-01 2.455175771895737047e-01 3.142957127622926783e-01 3.553770663734832636e-01 2.251747250049112581e-01 2.736528843438555958e-01 2.430178520594363512e-01 2.762263911561448348e-01 1.737913724041370012e-01 3.702087644527268968e-03 1.892495224452217517e-02
1.000000000000000000e+00 1.241043905716392715e+01 2.602687426577992569e-01 2.889766055965509173e-01 2.105165375844336162e-01 2.364175106194753018e-01 2.576411630162386834e-01 1.825595429568780681e-01 2.620329597327503146e-01 1.579787248345198847e-01 2.257009390540613281e-01 2.043938455568448664e-01 2.094390754426000423e-01 2.517443981083046789e-01 3.004886389822368775e-01 3.231361953014904587e-01 2.087902887374602501e-01 2.717936206322062453e-01 2.711664993357247866e-01 2.614265457874055398e-01 1.700212215870722798e-01 3.818997669564291354e-03 2.131603682664250446e-02
1.000000000000000000e+00 1.449312496246552762e+01 2.631343994977407563e-01 2.993780666659223710e-01 2.131392587217260937e-01 2.588952142835464487e-01 2.589124488238463417e-01 1.778140717147126404e-01 2.734353810935969964e-01 1.594453769708786550e-01 2.257192074696970918e-01 2.134761942774102417e-01 2.072591666323475301e-01 2.422937995616488704e-01 3.024129927578858568e-01 3.310231916565349319e-01 2.089237895018403735e-01 2.697243378223626031e-01 2.614915012818757045e-01 2.675101328904995190e-01 1.725720861715089871e-01 3.769606254045275266e-03 2.218342920352149930e-02
1.000000000000000000e+00 1.266042522438752194e+01 2.483569150218208899e-01 2.942113965861809510e-01 2.162148496315085822e-01 2.552946724046197824e-01 2.545642370864947823e-01 1.584722533898752506e-01 2.662871324660291972e-01 1.508159587941204083e-01 2.230618884353464948e-01 2.119563438383943454e-01 2.072162886365612744e-01 2.560067229364691999e-01 2.991049426804919253e-01 3.394125649486753327e-01 1.975442959923459085e-01 2.669048623108181695e-01 2.577611157566927491e-01 2.519300833114747062e-01 1.718044317370478191e-01 3.676784869033183304e-03 2.291305373884505378e-02
1.000000000000000000e+00 1.185730038927200347e+01 2.500674924174579594e-01 2.896791891582798373e-01 2.268859247420226821e-01 2.601949309665735344e-01 2.521855430652250041e-01 1.701161091830812599e-01 2.618854468579329686e-01 1.539336371512066148e-01 2.195222972199959433e-01 2.204719206893203665e-01 2.250942418099309006e-01 2.613123783891029284e-01 2.853905530151003012e-01 3.344508765403215733e-01 1.903144118536742035e-01 2.592010160278793718e-01 2.722095320502610494e-01 2.408358482868807604e-01 1.759214694663656375e-01 3.685732380189395314e-03 2.379441874714731397e-02
1.000000000000000000e+00 1.242374296018464364e+01 2.429146597504683036e-01 2.987949381313401154e-01 2.164078012928822847e-01 2.497652650872358993e-01 2.487030704206983078e-01 1.847909768877858960e-01 2.454601180967412866e-01 1.633506609052559344e-01 2.109704551626076230e-01 2.194339584329544068e-01 2.397800566597252381e-01 2.486226471717850051e-01 2.852734321731764111e-01 3.462964758920870079e-01 2.005645021815322393e-01 2.500277725965836528e-01 2.815311301771220576e-01 2.450871184958877957e-01 1.698022836391004375e-01 3.604988792330690583e-03 2.199843716801956617e-02
1.000000000000000000e+00 1.332082673147177587e+01 2.565833879703662834e-01 2.881108642531589048e-01 2.074200978508782545e-01 2.467494071059134209e-01 2.434384366172702985e-01 1.728249980356320326e-01 2.503795520643794514e-01 1.607694925619926607e-01 2.040029887575023348e-01 2.144020510910257526e-01 2.516712903386835731e-01 2.456321127552617833e-01 2.704785577640407279e-01 3.427959971979773202e-01 2.012613365731812098e-01 2.512823872773003453e-01 2.601138740819327055e-01 2.448169966465275904e-01 1.711970576711788761e-01 3.544978848782144240e-03 2.140849038011556627e-02
1.000000000000000000e+00 1.278975445788494092e+01 2.465344444619343156e-01 2.929933807240090449e-01 2.105044081554425794e-01 2.596540269933869105e-01 2.499974759852571227e-01 1.669583754373556439e-01 2.557301642456166757e-01 1.659749470732080900e-01 2.139846076073191328e-01 2.115364260664098772e-01 2.501798311195234104e-01 2.410248175152612249e-01 2.673763850843277612e-01 3.545362819023982204e-01 2.006313885661387408e-01 2.517903265433355520e-01 2.762339427041310969e-01 2.374318538028190040e-01 1.703273355459894722e-01 3.727076460624010028e-03 2.106056674754806096e-02
1.000000000000000000e+00 1.297773582403936210e+01 2.499372997076236280e-01 2.981065697205101950e-01 1.995847838282731879e-01 2.570280960391138070e-01 2.520394737967244780e-01 1.626326329000651605e-01 2.437288114515361037e-01 1.662993955298743276e-01 2.071300627456265642e-01 2.119124949062584362e-01 2.496989829815902673e-01 2.412663806197375971e-01 2.749020867818934288e-01 3.467514314118140262e-01 1.889599267086997381e-01 2.578712832206861427e-01 2.767109613672600887e-01 2.366945458099941890e-01 1.702814100718149926e-01 4.070837665178975162e-03 2.097555418792064474e-02
1.000000000000000000e+00 1.142434567802719769e+01 2.487894063812154943e-01 2.948246909693246209e-01 2.056962212344538021e-01 2.553594982978767969e-01 2.499027468447720113e-01 1.746083194967703034e-01 2.585018708830785772e-01 1.680876790636100793e-01 2.189949378761014143e-01 2.078672426870189771e-01 2.517935165208271542e-01 2.409212741110881850e-01 2.761162711532000880e-01 3.645585879790929074e-01 1.850062406458194419e-01 2.548071188103775975e-01 2.826054363881987941e-01 2.417563287782068526e-01 1.710723549502840002e-01 3.708530721134169986e-03 2.319336312757871305e-02
1.000000000000000000e+00 1.116361381187125268e+01 2.499300431460986238e-01 2.864697841222981212e-01 2.177883167561168731e-01 2.481732810876168260e-01 2.502796044321849434e-01 1.839866276410083434e-01 2.535009813935908962e-01 1.767087318640811477e-01 2.236640458555546329e-01 2.073211697917693164e-01 2.379346480636068961e-01 2.399012096867213784e-01 3.008061082293906341e-01 3.698203137806317375e-01 1.969903428153659819e-01 2.709251919598639202e-01 2.725146555083622357e-01 2.336791797866036302e-01 1.722316195654046422e-01 3.955645163581331461e-03 2.359319196978612934e-02
1.000000000000000000e+00 1.167564718471387586e+01 2.556051447334949933e-01 2.777091731630876303e-01 2.354453888319337773e-01 2.517941832934597612e-01 2.476913185268574680e-01 1.968069860419509876e-01 2.556549422783193082e-01 1.784804738528647794e-01 2.312522590025105074e-01 1.969866747576716204e-01 2.367178704219526642e-01 2.285230976129419000e-01 3.022413473291810648e-01 3.630422236406646297e-01 2.012799300488787579e-01 2.766397458273315291e-01 2.778225497332359462e-01 2.495528323683260385e-01 1.740041472642838427e-01 3.855654166584656685e-03 2.488661115179636660e-02
1.000000000000000000e+00 1.522352261324213707e+01 2.700542209848348363e-01 2.721594092808318766e-01 2.430542648408431650e-01 2.431993395344556053e-01 2.476078940702768072e-01 1.974155463566401314e-01 2.675817481452115731e-01 1.663968917226100741e-01 2.293612089296445666e-01 1.942214226993727588e-01 2.411242585913694059e-01 2.376159311725361822e-01 2.989340577238747132e-01 3.655942766851392189e-01 1.915975098434775925e-01 2.836365696554725702e-01 2.740999797018707773e-01 2.581059154186868265e-01 1.742454485321155433e-01 3.896886304382610276e-03 2.420351366475258920e-02
1.000000000000000000e+00 1.432844795246636593e+01 2.657649136845829374e-01 2.880472461952461316e-01 2.260569744700251793e-01 2.547451213251534785e-01 2.491473583665899105e-01 1.962463178804999264e-01 2.489128390368182953e-01 1.524125111145765432e-01 2.443783770956831636e-01 1.872671835108078997e-01 2.398410279361193054e-01 2.455807982465758044e-01 3.057344543987434715e-01 3.633927639024148171e-01 1.812136560069493030e-01 2.971860796210038513e-01 2.715792274636272818e-01 2.512427807404298830e-01 1.743726556090539059e-01 3.802742871387169033e-03 2.491424009446041241e-02
1.000000000000000000e+00 1.337205001985699759e+01 2.634554827927809151e-01 2.877927854946605302e-01 2.261072367343610889e-01 2.693821231516165260e-01 2.617165581399190089e-01 1.985626543572694136e-01 2.496399899705914749e-01 1.679937296042132988e-01 2.386981632741170811e-01 2.002273285681769044e-01 2.340066660063604975e-01 2.510424685976204162e-01 2.881128756331007845e-01 3.602965201243804039e-01 1.850444785972378270e-01 2.844019915414058852e-01 2.713175253960287692e-01 2.371229853688918143e-01 1.754923214920576513e-01 3.800374890067635073e-03 2.458142945830783799e-02
1.000000000000000000e+00 1.133262196529896748e+01 2.597545754744899349e-01 2.762556505386256633e-01 2.193505952198842868e-01 2.713591846567638965e-01 2.595784341724521882e-01 1.878875692514353490e-01 2.515683427746471801e-01 1.610134482119705279e-01 2.314216515624360759e-01 2.007440211992410628e-01 2.410271697060626106e-01 2.524338752072249337e-01 2.928736143130390990e-01 3.670227627800153325e-01 2.081481179213657828e-01 2.886006950364792822e-01 2.722685062740944906e-01 2.325125403945512148e-01 1.745766106435622800e-01 3.751286970040360047e-03 2.479442132253440248e-02
1.000000000000000000e+00 1.055238248796955070e+01 2.640051105148773503e-01 2.788750233836971293e-01 2.273054147170235906e-01 2.641732866577818917e-01 2.644309769366058327e-01 1.951434968330602315e-01 2.464880161835543981e-01 1.644799086095974916e-01 2.416883429220456625e-01 1.969605506006084916e-01 2.574468594682295386e-01 2.468599208319271765e-01 2.994526733518697026e-01 3.594882920946182447e-01 2.192137857120134425e-01 2.745551149531241242e-01 2.795149220857157113e-01 2.320811945058111614e-01 1.770212295009995218e-01 3.666121631153866633e-03 2.378782499228193278e-02
1.000000000000000000e+00 1.374759352873967622e+01 2.614943965521927538e-01 2.718393071255294502e-01 2.205586890049774651e-01 2.705429634980048292e-01 2.720102827776382237e-01 2.022047514637293208e-01 2.366301955875640406e-01 1.712180372475393120e-01 2.377126922863409819e-01 1.885779622258207111e-01 2.577510842253754597e-01 2.502835376235653664e-01 2.997169512454768148e-01 3.817941617352253458e-01 2.093138095600660942e-01 2.766442453039606453e-01 2.728917326964336865e-01 2.296957009552766937e-01 1.747222291601862043e-01 3.768092017378087914e-03 2.289813336975843674e-02
1.000000000000000000e+00 1.332985839363775682e+01 2.708261397534668102e-01 2.682335345641648772e-01 2.323493232542148679e-01 2.716852025180686581e-01 2.728987552001545525e-01 1.985037264357507325e-01 2.340883003262043127e-01 1.660444684979613950e-01 2.356499664823438200e-01 1.833530791026561912e-01 2.723847685103375493e-01 2.460064878439666702e-01 2.998187105518362872e-01 3.783587866641464625e-01 2.197515986514866349e-01 2.724517937069448337e-01 2.894498579566625041e-01 2.265124969864169835e-01 1.777085990440117336e-01 3.685171174684206442e-03 2.092423129876767526e-02
1.000000000000000000e+00 1.106985476028879134e+01 2.608902850810239649e-01 2.783431627304746026e-01 2.378639204950898922e-01 2.615643750273949353e-01 2.649052300158082351e-01 1.983109240096943005e-01 2.376662406351759682e-01 1.789250939819978237e-01 2.380477526126663357e-01 1.956644464504992686e-01 2.622734834362128176e-01 2.564882675429632219e-01 2.884243873584848017e-01 3.524701074560570579e-01 2.130307702170282924e-01 2.830969400432063465e-01 2.769556604281552259e-01 2.430420068503825193e-01 1.800068407189349129e-01 3.586947205575637294e-03 1.943888454608195052e-02
1.000000000000000000e+00 1.316491899636696594e+01 2.702329139879089959e-01 2.717446224463714310e-01 2.432264617504673876e-01 2.600987651280565194e-01 2.408224706777970514e-01 1.953336783044965497e-01 2.339702104891006051e-01 1.899876342512817340e-01 2.382190575264936105e-01 1.905381017388435849e-01 2.632819696192953418e-01 2.550854624133527260e-01 2.734716557141990689e-01 3.540603745399155677e-01 2.147239864552576705e-01 2.621505309964999308e-01 2.769323813690705016e-01 2.552176345063575380e-01 1.760835396116985641e-01 3.748200216857143930e-03 1.971596513970465953e-02
1.000000000000000000e+00 1.220198276364679479e+01 2.706430776986451514e-01 2.796067030442984658e-01 2.296132675865022732e-01 2.515123492358127266e-01 2.495589905678367304e-01 2.016929250003895446e-01 2.413189341980268576e-01 1.906019868458186384e-01 2.270497405949486736e-01 1.788636479096603338e-01 2.547511148875873377e-01 2.464853648213428117e-01 2.829567654354345208e-01 3.711328181843442930e-01 2.098203692853146674e-01 2.781242146822200390e-01 2.700797457956535252e-01 2.418825170996400653e-01 1.734006176923501563e-01 3.806890683779028898e-03 2.034478670872323994e-02
