1.000000000000000000e+00 4.608625818791668394e+01 2.356579925550644772e-01 2.640676421948534025e-01 2.222463639761854404e-01 2.479641873540576469e-01 2.001483586987555796e-01 1.753152606752522713e-01 2.385462267816214621e-01 1.580650850006179442e-01 1.776597986870711576e-01 2.024254034140523517e-01 2.345222980284447922e-01 1.917515829111095527e-01 3.285305552581258559e-01 2.880523590842343773e-01 2.227022236412665168e-01 1.996649779156096927e-01 2.544783381883913842e-01 1.591121592622067316e-01 1.591154394248130433e-01 3.461421283901174820e-03 3.256447495609890441e-02
1.000000000000000000e+00 1.550682094725311799e+01 2.527452415017634735e-01 2.522569019596866413e-01 2.253655620931555303e-01 2.469393768740927309e-01 2.317460424897771210e-01 2.079007474759387852e-01 2.161206926422682972e-01 1.945947711139200120e-01 1.687516788204078688e-01 1.813149998740135327e-01 2.587149243091105277e-01 2.577989955011983914e-01 2.831544083928193012e-01 2.963295483124750995e-01 2.202876015804137999e-01 2.350768845427565201e-01 2.517193123889303608e-01 2.326045875681017616e-01 1.648399333527612309e-01 3.545085973952123281e-03 2.815263420967625829e-02
1.000000000000000000e+00 1.572331289839382862e+01 2.528751242751267614e-01 2.566936910326900190e-01 2.148847738690206899e-01 2.502480766261188649e-01 2.261365997467522926e-01 2.121850462158013373e-01 2.087482050702922365e-01 1.964066116163154796e-01 1.598832436012636027e-01 1.908456663592728586e-01 2.584284044729237007e-01 2.458486133682062091e-01 2.943274173395724613e-01 3.038746733541592415e-01 2.114999168912115590e-01 2.450128242271567280e-01 2.541178124893388457e-01 2.237509813050847507e-01 1.644520209288279911e-01 3.681032114439995555e-03 2.894169528161082833e-02
1.000000000000000000e+00 1.787245013292055162e+01 2.553946471430509346e-01 2.586006600526637444e-01 2.229088726166533196e-01 2.571723703451719856e-01 2.270297852949379747e-01 2.094467489118112535e-01 2.075741460830925478e-01 2.040520623880199835e-01 1.685822498145820303e-01 1.886358937171043193e-01 2.536980125051179202e-01 2.526523355887466682e-01 2.902330754882376795e-01 2.946651890012803587e-01 2.092035670432159933e-01 2.314408111392121381e-01 2.547731083244896277e-01 2.098618472656641198e-01 1.686553063675185204e-01 3.519331003871689102e-03 3.079547134390551652e-02
1.000000000000000000e+00 1.672813875257683947e+01 2.393406818524464463e-01 2.703205690080067169e-01 2.222840133937522555e-01 2.618787633456683972e-01 2.249783589992304655e-01 2.079735902920871460e-01 2.082847227884444818e-01 2.000468005100291546e-01 1.623859565540571037e-01 1.989631808376917388e-01 2.501037268006993664e-01 2.575946985657354138e-01 2.816180890903397516e-01 2.840686307336813266e-01 1.995728265447579974e-01 2.375773765503885471e-01 2.579036860748650239e-01 2.123588115904311291e-01 1.648386131205274996e-01 3.674466358289011671e-03 3.137871646049207597e-02
1.000000000000000000e+00 1.495870391534450938e+01 2.461007389882286789e-01 2.678121926869254099e-01 2.176790241451628527e-01 2.606490730672548772e-01 2.033251256246202954e-01 2.108152932334232954e-01 2.077079086541112618e-01 1.928990288109361240e-01 1.681061380161616714e-01 2.054373116403840627e-01 2.461010118308351313e-01 2.570196929656598517e-01 2.757095408145976423e-01 2.941280881004714187e-01 2.070665092955113196e-01 2.412278115836301029e-01 2.522821589552292632e-01 2.253692586998756464e-01 1.618819791767404093e-01 3.606505338608614539e-03 3.080658293410041756e-02
1.000000000000000000e+00 1.299406686253822585e+01 2.247426651097408079e-01 2.760829913672502300e-01 2.086347592340977164e-01 2.688333248565722977e-01 2.055414158942281966e-01 2.269942101273549340e-01 2.098492284573175992e-01 2.001523847700672487e-01 1.570030120164023490e-01 1.998744615003561487e-01 2.339008559897062800e-01 2.414911400566981947e-01 2.649588303113436516e-01 3.001831718917712388e-01 2.134890434871276887e-01 2.402857795131691787e-01 2.450021393362573907e-01 2.142752719064018874e-01 1.633325838998489488e-01 3.564987696771527124e-03 2.997971862579044966e-02
1.000000000000000000e+00 1.226719826157738247e+01 2.354332031734917008e-01 2.814596973298980620e-01 1.903916233599682040e-01 2.464727033135407641e-01 2.171446923245630711e-01 2.180881081863982329e-01 2.058217710048377558e-01 1.976780866218486588e-01 1.493403152161091318e-01 2.028229334607683787e-01 2.316611855338754911e-01 2.365763258038954542e-01 2.789256746337037129e-01 2.952264739416821659e-01 2.255544744721039163e-01 2.476464869386414969e-01 2.480842242899916894e-01 2.162960947859908778e-01 1.607078860966242584e-01 3.511554759123180179e-03 3.091650215857903727e-02
1.000000000000000000e+00 1.143486230250440627e+01 2.463935508066887881e-01 2.758624460765123909e-01 1.817746237437698753e-01 2.561217764963161780e-01 2.037131551657091755e-01 2.251007260091228701e-01 2.079238592733939905e-01 1.954067537669305077e-01 1.552727786186336167e-01 2.067632991448205004e-01 2.283957236029439675e-01 2.203952077968608370e-01 2.642859009225077549e-01 2.806339385939596309e-01 2.321870637264141501e-01 2.473714994508984244e-01 2.499921419534219813e-01 2.057674719925495221e-01 1.598976542168686066e-01 3.720672630181406145e-03 3.098885469478273799e-02
1.000000000000000000e+00 1.089717074479583836e+01 2.473044779731355114e-01 2.702761039136447607e-01 1.850011157095979020e-01 2.552668987274353540e-01 2.124709346021287637e-01 2.235800209003479533e-01 2.030819264353289078e-01 1.947327008118486524e-01 1.625515328129450987e-01 2.184919590438888781e-01 2.254479227811277131e-01 2.281683437545787563e-01 2.561650699462584280e-01 2.823110585766137604e-01 2.319550958704165722e-01 2.472394274068762665e-01 2.336824515918936862e-01 2.105394055704846168e-01 1.594817538469714691e-01 3.653990881589355526e-03 3.117196217859348820e-02
1.000000000000000000e+00 1.008752026031142357e+01 2.458018139207851227e-01 2.756856660096214662e-01 1.897193761588177874e-01 2.567790937046849353e-01 1.950557398169232293e-01 2.266982361327639084e-01 2.089477514330392305e-01 2.026763074597285608e-01 1.684808679259071351e-01 2.122898588206688086e-01 2.064081092972277764e-01 2.424784836796061160e-01 2.518127582509456786e-01 2.963751934310919212e-01 2.249967555124961216e-01 2.424272706155748414e-01 2.230343274737859316e-01 2.196516924401664961e-01 1.628141932176087880e-01 3.667509649419959002e-03 3.261630151491490964e-02
1.000000000000000000e+00 8.250673713159905276e+00 2.493155304870528222e-01 2.875297211677095843e-01 1.945594869593011700e-01 2.438650727239928262e-01 1.881768514862341701e-01 2.302824841810951761e-01 2.000735631235585343e-01 1.972245230091250467e-01 1.692650894850714072e-01 2.053763529252680131e-01 2.030509345292038081e-01 2.464059022360813866e-01 2.580596653569877663e-01 3.109051506873224957e-01 2.142487508040582522e-01 2.262301838375546104e-01 2.324354338761669414e-01 2.279904381830803461e-01 1.615096276364800798e-01 3.893978590941910619e-03 3.265989225735611151e-02
1.000000000000000000e+00 1.038901943679445239e+01 2.298046859359089422e-01 2.942325630674421655e-01 2.014712403435230392e-01 2.444475921849876277e-01 1.981911784804541166e-01 2.354654190535217517e-01 2.040099105001559332e-01 1.886469368176124650e-01 1.808970151091047474e-01 2.068213922372642843e-01 1.990716313484202082e-01 2.575549386665711982e-01 2.581929669959347473e-01 3.050969013889577308e-01 2.137343040889073675e-01 2.340386103574777221e-01 2.362585743137631811e-01 2.233438067557065310e-01 1.627173617259189964e-01 3.962484952768663936e-03 3.315740328678022653e-02
1.000000000000000000e+00 1.215258977881271463e+01 2.329515215851095944e-01 2.819790637854787674e-01 2.147874618151821569e-01 2.360167655303672951e-01 1.877098070240461603e-01 2.302217492804252696e-01 2.129005847691509135e-01 1.811474268808297150e-01 1.849310677330927022e-01 2.003110719672022422e-01 1.886989113689405695e-01 2.558863939953279765e-01 2.522970841543222265e-01 3.215412296319928309e-01 2.343997692893007856e-01 2.309747270842757993e-01 2.442933476807396809e-01 2.423655061199034011e-01 1.614102080967121655e-01 3.812137611695797044e-03 3.342797728385077383e-02
1.000000000000000000e+00 8.102917062102498846e+00 2.475898807425627457e-01 2.755593610393675674e-01 2.172225136322774586e-01 2.499094464342008215e-01 1.884748566463093078e-01 2.333083488088526225e-01 2.105401946603226715e-01 1.722883563322260281e-01 1.871095757008908733e-01 2.075978104373015776e-01 1.866099586110531450e-01 2.459530185194381269e-01 2.663249164962718796e-01 3.032020120340340741e-01 2.349081013068805568e-01 2.311788940097815326e-01 2.549468909038632436e-01 2.225781705875065353e-01 1.630537118030164490e-01 3.512357780949896570e-03 3.386106589374999337e-02
1.000000000000000000e+00 8.534836178832371445e+00 2.447369876217535822e-01 2.541204650921121133e-01 2.189105053595067907e-01 2.512274617037327795e-01 1.975901643271472663e-01 2.367701313585827416e-01 2.098304876901836424e-01 1.778482201610291358e-01 1.810276876871640961e-01 2.132836459247485772e-01 1.918811168517227106e-01 2.471511125641289441e-01 2.807585287606822466e-01 3.003925340858846771e-01 2.406830654528129276e-01 2.371989917302129713e-01 2.535085098385490565e-01 2.175588625189636693e-01 1.634599487864408507e-01 3.484631387159803535e-03 3.531755172337746468e-02
1.000000000000000000e+00 9.650487810394812627e+00 2.498836196220102501e-01 2.470476400473251011e-01 2.240378793950961178e-01 2.613466228187467655e-01 2.021812110254515016e-01 2.345153031125816467e-01 2.075971046456946689e-01 1.804542824669603807e-01 1.798282265244242339e-01 2.042302102736847369e-01 2.017769840678365900e-01 2.532228712729441833e-01 2.963517868108748732e-01 3.057023692993473540e-01 2.432566634471557132e-01 2.494881641669239036e-01 2.558670603795855092e-01 2.186293233291954630e-01 1.648159042080730163e-01 3.556188217606504054e-03 3.543308265559268894e-02
1.000000000000000000e+00 1.240651588836010077e+01 2.541606831165662550e-01 2.469686753641805732e-01 2.273899869648940419e-01 2.627613755267790285e-01 2.054136068918787361e-01 2.303057043035187934e-01 2.128504576781152235e-01 1.876788908674759115e-01 1.809590601784647479e-01 2.062772745455854762e-01 2.087805413710024371e-01 2.299879427428010159e-01 2.745284250765102074e-01 3.196413090688641212e-01 2.344419538636775269e-01 2.581250864751470364e-01 2.605206833371806474e-01 2.090127017118185992e-01 1.642454508721556683e-01 3.662832114502204573e-03 3.494829744929227322e-02
1.000000000000000000e+00 1.241043751063321743e+01 2.652818392285469229e-01 2.492692375553895445e-01 2.214956699911384552e-01 2.648852287213185330e-01 1.983167592955065173e-01 2.153047027090321808e-01 2.252437907918575510e-01 2.003581475639858722e-01 1.726747327358103823e-01 1.990564748235009729e-01 2.113075952776574118e-01 2.202666036277254602e-01 2.808173719311277128e-01 3.264509655173777891e-01 2.406565006167191989e-01 2.343873857689352247e-01 2.623691558159909620e-01 2.087283006350127423e-01 1.648592527252923934e-01 3.557724141079411564e-03 3.263002987105689812e-02
1.000000000000000000e+00 1.134430092658082678e+01 2.559393711923415027e-01 2.624457329062855337e-01 2.156161073562496422e-01 2.533892155525231393e-01 1.978243693373540057e-01 2.055052092746526560e-01 2.234781249860462726e-01 2.126341134561179347e-01 1.757917915052133739e-01 1.980772262836999198e-01 2.075047166088430928e-01 2.237405897612666228e-01 2.830926727987451152e-01 3.227972282406184612e-01 2.353183377371768359e-01 2.409059146530735385e-01 2.606222895892301716e-01 2.057291220859997771e-01 1.658018391074964903e-01 3.564700181551319191e-03 3.165454494103904504e-02
1.000000000000000000e+00 1.369368013987591048e+01 2.456260663655162602e-01 2.652004893719096534e-01 2.302164426585472934e-01 2.594087575396304968e-01 1.962083394850422380e-01 1.954655005832060255e-01 2.249710885201292587e-01 2.152552084429246171e-01 1.854483501626333075e-01 1.848136512209077043e-01 2.124945131958885791e-01 2.291611848940618701e-01 2.828617932028025805e-01 3.038260165558736015e-01 2.431245582810518946e-01 2.291811178773807411e-01 2.709442513451899570e-01 1.861450432643966257e-01 1.656979005866409116e-01 3.552331235586991039e-03 3.177985713502264054e-02
1.000000000000000000e+00 1.133449291261100633e+01 2.564691006523622807e-01 2.494956186982971447e-01 2.366230936240134031e-01 2.489343174119381108e-01 1.948514907426053822e-01 1.968836654159137889e-01 2.311149305696165168e-01 2.091824718734361932e-01 1.708096135565873586e-01 1.905912046655111047e-01 2.040825203237192909e-01 2.404241181187278809e-01 2.951485748786754626e-01 3.063031411602059051e-01 2.265456834390884577e-01 2.236724829933567360e-01 2.839686200988623122e-01 1.799596162513700248e-01 1.654266442786648250e-01 3.494369920724868083e-03 3.208634704471517718e-02
1.000000000000000000e+00 1.062652633459194718e+01 2.467612770654526444e-01 2.512370785997460332e-01 2.365389950691688670e-01 2.579882771022056209e-01 1.981452696034090577e-01 1.974536494189675362e-01 2.208781846937585280e-01 2.129912204325873359e-01 1.815264707350092155e-01 1.937079192648561432e-01 2.070581969787149701e-01 2.428144267309913229e-01 2.942059371309789784e-01 2.922854066879248536e-01 2.212653342467386375e-01 2.311705245270988252e-01 2.849612071687938619e-01 1.818792357133331983e-01 1.631985105207778286e-01 3.162294939303185969e-03 3.384569613122589277e-02
1.000000000000000000e+00 9.095375390886911049e+00 2.437310970356131035e-01 2.481524891313944270e-01 2.374619440521937019e-01 2.650936371236867761e-01 2.089184444893276149e-01 1.948578690764071475e-01 2.198078705677839195e-01 2.092006729349570882e-01 1.735841158807871210e-01 1.909295091743724304e-01 2.089342246606973874e-01 2.287697783354037673e-01 2.855465721599900197e-01 2.926240862150006339e-01 2.036577885206995175e-01 2.312469129108072341e-01 2.700865404088025890e-01 1.852073728442235334e-01 1.628351765409304930e-01 3.174856211741393722e-03 3.392017617149899883e-02
1.000000000000000000e+00 1.074650534701367377e+01 2.527136476857188008e-01 2.449074786288149008e-01 2.376477091759504612e-01 2.556994657052713560e-01 1.924352092955459170e-01 1.996760899335509876e-01 2.321007825404533265e-01 2.131617506615000324e-01 1.760183463000780657e-01 1.933121653006525664e-01 2.161891570001988061e-01 2.228006358649901597e-01 2.882790654554311938e-01 2.964014935287170305e-01 2.034528551577812483e-01 2.161148657900027192e-01 2.678542072806777141e-01 1.957173082133757680e-01 1.627414805845679713e-01 3.244587816892102738e-03 3.301834886528616508e-02
1.000000000000000000e+00 9.403378645229846455e+00 2.497822454847133111e-01 2.441335528642168406e-01 2.471988631347719068e-01 2.549547744118189074e-01 1.831847355027746427e-01 2.040603242326151923e-01 2.235202399529065409e-01 2.103082335191732433e-01 1.642356357421017876e-01 1.853028808814175254e-01 2.332638285474128159e-01 2.261867076204026605e-01 3.052607092316786952e-01 2.982293671307149618e-01 2.066536220468637441e-01 2.290019898139701304e-01 2.716627568297949047e-01 1.984594750174380196e-01 1.632624873775915808e-01 3.271716646227973944e-03 3.238123069467106069e-02
1.000000000000000000e+00 1.027792293461484263e+01 2.485467310969193544e-01 2.426167627795854098e-01 2.349512800473848584e-01 2.536328238389443657e-01 1.840720393213884643e-01 2.062694021807627287e-01 2.164121627819832749e-01 2.134634079176886967e-01 1.617135793280492506e-01 1.827193010596541156e-01 2.212482727581595865e-01 2.090205661027109973e-01 3.008397919268813170e-01 2.987712360370319287e-01 2.032109370324334252e-01 2.145314689212473869e-01 2.680804356891421381e-01 1.891887961469975177e-01 1.625372668677396437e-01 3.408106390632728577e-03 3.095323398107593590e-02
1.000000000000000000e+00 9.464650472835513639e+00 2.519283268669972875e-01 2.295818883340743910e-01 2.319758873690176415e-01 2.544985820599519610e-01 1.881940409039954964e-01 2.113422367619547382e-01 2.151431790684769085e-01 2.013712973026009490e-01 1.616919910177832820e-01 1.832787891093119181e-01 2.290883749283808002e-01 2.054490221224176405e-01 3.055236587643461732e-01 2.992986863340003079e-01 2.001291442006637167e-01 2.112757180529601930e-01 2.619123060256279834e-01 1.984483183980546572e-01 1.594922248243523799e-01 3.298083344312885759e-03 3.136376500698425523e-02
1.000000000000000000e+00 1.161534762683662869e+01 2.455199544148944368e-01 2.404737785307922426e-01 2.325406341768239959e-01 2.543143311370403836e-01 1.808550933272732864e-01 2.191909695143173242e-01 2.214472525241102940e-01 2.056809887345142085e-01 1.678354320019767310e-01 1.949415794363852372e-01 2.280533472527229710e-01 2.150441493466561105e-01 3.048602646429797725e-01 2.986863682093469641e-01 2.153264629107561334e-01 2.090787713122766456e-01 2.500809865813299893e-01 1.897068013880459925e-01 1.633169418509162751e-01 3.563393283143853618e-03 3.182251935986896152e-02
1.000000000000000000e+00 8.818077841327799149e+00 2.456497759751347376e-01 2.349150204367448647e-01 2.301972250800750075e-01 2.551854260546727593e-01 1.915507046997877993e-01 2.125149651414772745e-01 2.170125538193598547e-01 1.987848148486238975e-01 1.740129193291078402e-01 1.931887843036412811e-01 2.167992219655037189e-01 2.183061887689825287e-01 3.022692785295119644e-01 2.833709313852316170e-01 2.300107252424112292e-01 2.172775555163304062e-01 2.319984283358092758e-01 1.984108345522100914e-01 1.605681337816646237e-01 3.608142877394301257e-03 3.157497951425540517e-02
1.000000000000000000e+00 8.887788847494910272e+00 2.542560474095561518e-01 2.305916157190820159e-01 2.242679069219788157e-01 2.506701657435007613e-01 1.935590454901427726e-01 2.042915349363929600e-01 2.117397551837805203e-01 1.995818229776453734e-01 1.688843917060958433e-01 1.870892885858515819e-01 2.253408974710195689e-01 2.214384735976837604e-01 3.076964611235716296e-01 2.932030908322570961e-01 2.280851245418152595e-01 2.098357436767173123e-01 2.221522358646637052e-01 1.982245088963674462e-01 1.602710265788012955e-01 3.796384128116610506e-03 3.052639069272052724e-02
1.000000000000000000e+00 7.052528012232237131e+00 2.532151375148513073e-01 2.326149367873088791e-01 2.329111489369850019e-01 2.479919724342220799e-01 1.843860820534350964e-01 2.012615912664313667e-01 2.145864027808856156e-01 1.878191620952540108e-01 1.844782569943923811e-01 1.799805753110187700e-01 2.252382034094154717e-01 2.214816762031248665e-01 2.989496351463554746e-01 2.903211907177971618e-01 2.332136031012799482e-01 2.208579765357646663e-01 2.243484623489146457e-01 1.925431374100872450e-01 1.594867889135606898e-01 3.746858899897139925e-03 3.011193574390629013e-02
1.000000000000000000e+00 8.286829677703048347e+00 2.525292853555339834e-01 2.205172943892151349e-01 2.314986615972816075e-01 2.589934259940814831e-01 1.863618541736846435e-01 2.070364908888942257e-01 2.216391077155022427e-01 1.880784976042820522e-01 1.901383884858181550e-01 1.729002124108000027e-01 2.204223267240788542e-01 2.352760007436641432e-01 3.122375843767723480e-01 2.829830952157569857e-01 2.325236083370390561e-01 2.187157566710246637e-01 2.375325533254224741e-01 2.116545996851315059e-01 1.615570585500452905e-01 3.829533029940095524e-03 3.062299382775111184e-02
1.000000000000000000e+00 8.196129393435287014e+00 2.668398100103347992e-01 2.453849817443410630e-01 2.246594671114166553e-01 2.587642978099666258e-01 1.761294301330325884e-01 2.140981003908626334e-01 2.257100809300988664e-01 2.004634031254241833e-01 1.817254435825126913e-01 1.808081882051481570e-01 2.154533696582918156e-01 2.471637992916363435e-01 3.078076438926548586e-01 2.816615609585842450e-01 2.260992333087360473e-01 2.211085245011698008e-01 2.449316473325179877e-01 1.949969320617186974e-01 1.624659423677972669e-01 3.911790215909426681e-03 3.193947029583732444e-02
1.000000000000000000e+00 9.359105884500429795e+00 2.586719931722674115e-01 2.369061746898883380e-01 2.363925690673470692e-01 2.608620747806755236e-01 1.810144226515050803e-01 2.181508138414827991e-01 2.260436450432560807e-01 1.981348133228196529e-01 1.800229013159479197e-01 1.942700225322586960e-01 2.306410703667347017e-01 2.466460372809697876e-01 3.100993502893220066e-01 2.780063483373501620e-01 2.219205629212935016e-01 2.280689573266416192e-01 2.532830238935984690e-01 1.957596991028380806e-01 1.636767618301991634e-01 3.902370219410401363e-03 3.136191498949802287e-02
1.000000000000000000e+00 8.869438465104874325e+00 2.539154206970082317e-01 2.311609318737321284e-01 2.352438773289299845e-01 2.651307722657694765e-01 1.818808219529243486e-01 1.991088490443602699e-01 2.281038199634614627e-01 2.067452902919126312e-01 1.771660843630158966e-01 1.902645084247866769e-01 2.209717779292787732e-01 2.380783362260551206e-01 3.169082691584113043e-01 2.749260056637028438e-01 2.321161906962442845e-01 2.170484965785848264e-01 2.535637869991294036e-01 2.031768422788068074e-01 1.623070674227589660e-01 3.884327644256179140e-03 3.038918449583525097e-02
1.000000000000000000e+00 5.907945107377824634e+00 2.522800354859888183e-01 2.253156004439178794e-01 2.394378295713874838e-01 2.501932970621837393e-01 1.843988846125600711e-01 1.870505378342227354e-01 2.274109575979423037e-01 1.919649014283039412e-01 1.718256102866733970e-01 1.897820927331545227e-01 2.090100954497522145e-01 2.435481531129982391e-01 3.056684338265822087e-01 2.719043293696210006e-01 2.318921411260425336e-01 2.123671141273079377e-01 2.615922723832777019e-01 2.023111850959194991e-01 1.606487216363115533e-01 3.814034485213201216e-03 2.937324509506784864e-02
1.000000000000000000e+00 6.908930379900975360e+00 2.510437257543915446e-01 2.265603982685966966e-01 2.317014826190721688e-01 2.434233572421290459e-01 1.838886129414219472e-01 1.980212523416617076e-01 2.384693052878926189e-01 1.998786882980256585e-01 1.602939379580407553e-01 1.864328706628544940e-01 2.046793430086630006e-01 2.403496181946605803e-01 2.994696224866518208e-01 2.788606975080485939e-01 2.376911298922777527e-01 2.043191282326144442e-01 2.587504823970001588e-01 1.932686078300719923e-01 1.579958030109422373e-01 3.688086040084042998e-03 2.923285112472904373e-02
1.000000000000000000e+00 8.025971488483488514e+00 2.464654334151060444e-01 2.224354613410187698e-01 2.383782693348629189e-01 2.489158670165021736e-01 1.874530137931382234e-01 1.804708637780362279e-01 2.388192042400335002e-01 1.944720357205358963e-01 1.594971325513942773e-01 1.899701217257842301e-01 2.047582279927243065e-01 2.235398533922637321e-01 3.026395469589701626e-01 2.836014522000089300e-01 2.246173569552165905e-01 2.054020740961125524e-01 2.506335659954015416e-01 1.936860768838975233e-01 1.572155735721111613e-01 3.550802592113555273e-03 2.757547531278378011e-02
1.000000000000000000e+00 8.198713462402196228e+00 2.492959556685171718e-01 2.236243270693041851e-01 2.251321215864499903e-01 2.519456955725206670e-01 1.948375868535567046e-01 1.597061730319575268e-01 2.448472206179663768e-01 1.841622373498860432e-01 1.622442739813480528e-01 1.940504668476797645e-01 1.952985422210345712e-01 2.170350491412431637e-01 3.093116319892512123e-01 2.763365495567787766e-01 2.165735997948519953e-01 2.134986689871765653e-01 2.599782227878433827e-01 2.012015073558119926e-01 1.557553241772999530e-01 3.698391316712758975e-03 2.704321806239359458e-02
1.000000000000000000e+00 8.833835388382402343e+00 2.487362382587188503e-01 2.251357709296042953e-01 2.196074778574579334e-01 2.487257019118186696e-01 1.896682550877056284e-01 1.605845302782714645e-01 2.502052656723995905e-01 1.819815654895461099e-01 1.684060716066177465e-01 1.872506086237797629e-01 2.004460475886702120e-01 2.229128501983933530e-01 3.104943871654654020e-01 2.767692848034745690e-01 2.122643157806851921e-01 2.057374678357396514e-01 2.784719201725954218e-01 2.063735162863241934e-01 1.576461122835957906e-01 3.791373829391248181e-03 2.778105902653150300e-02
1.000000000000000000e+00 1.094303108467118335e+01 2.502680955791483086e-01 2.374290155505935085e-01 2.226785889944621899e-01 2.407008395264272627e-01 1.958355205589803472e-01 1.700681554939042217e-01 2.486092307402111012e-01 1.864527709234450603e-01 1.630014285890249992e-01 1.893185797721980423e-01 2.130675350455173700e-01 2.073329942275709548e-01 3.121165612652896382e-01 2.749564690691739810e-01 2.167232945573946412e-01 2.038801916642227485e-01 2.600403417506018111e-01 2.035285016720791429e-01 1.577563473101425140e-01 3.611583915642605815e-03 2.919999960847234968e-02
1.000000000000000000e+00 1.055479549899577840e+01 2.445490819348248857e-01 2.409313314619396240e-01 2.297155876858485712e-01 2.316697072977861038e-01 1.988127895938018308e-01 1.678024027106684579e-01 2.512495618413378984e-01 1.807835915150406425e-01 1.674091193356360141e-01 1.983344378317370982e-01 2.126347596244652083e-01 1.894047569359973981e-01 3.000783013604015892e-01 2.627433713073412114e-01 2.223096751978908270e-01 2.027599261358037919e-01 2.483421630728392948e-01 1.842770999546542443e-01 1.576105893648871159e-01 3.789107603993748137e-03 2.621663792305641005e-02
1.000000000000000000e+00 1.013241994376889465e+01 2.479298575853479680e-01 2.267783343835375887e-01 2.288649987373526651e-01 2.240007070130075606e-01 1.907287250264423917e-01 1.707409660474744073e-01 2.490125786507647598e-01 1.801053741887725379e-01 1.667309376087947603e-01 1.868508100623190171e-01 2.204772358884850014e-01 1.834611660143874723e-01 2.898422199214186201e-01 2.750009715069005045e-01 2.099291177584058643e-01 2.042162075564187551e-01 2.435978320720322277e-01 1.782396789713576180e-01 1.548728658166120542e-01 3.751402504881157750e-03 2.671228756797969922e-02
1.000000000000000000e+00 7.918819017163549745e+00 2.464842550033883306e-01 2.354729748731057282e-01 2.252680999376611148e-01 2.296944895977101608e-01 1.902850027310524772e-01 1.832810835523230597e-01 2.521950170142138181e-01 1.769847017805903922e-01 1.491395545791493749e-01 1.846874617126682827e-01 2.320131418755595198e-01 1.837188087253655011e-01 2.904941583670636596e-01 2.583177053463157069e-01 2.093227162357678695e-01 2.052950119417336350e-01 2.405730571802451589e-01 1.843508596863899507e-01 1.538007766986158598e-01 3.751477874858113494e-03 2.573531331338521633e-02
1.000000000000000000e+00 9.097666554039264497e+00 2.448630297350754548e-01 2.238102795069613626e-01 2.276647491433363146e-01 2.339870692967214727e-01 1.991778398423848240e-01 1.868091189544473230e-01 2.379941539316162424e-01 1.737871042968873458e-01 1.508263055803718000e-01 1.968841392186885808e-01 2.270647240139180012e-01 1.745781424758488243e-01 3.034717738082929328e-01 2.577758316757393087e-01 2.174068236189632131e-01 2.078592843621409336e-01 2.477212572484563391e-01 1.818706366621995196e-01 1.539886138397656978e-01 3.990575220545068864e-03 2.536086843565056939e-02
1.000000000000000000e+00 8.941132824743451835e+00 2.486543513406854755e-01 2.242821930167432365e-01 2.385003848596769505e-01 2.296990252403366406e-01 1.960877218504916142e-01 1.918163171333475969e-01 2.210889080335641244e-01 1.922438755735534632e-01 1.553973043007271237e-01 1.953615291200112292e-01 2.289510437090290507e-01 1.741387524731415060e-01 3.072821221310786388e-01 2.703576194578462544e-01 1.970725933998860313e-01 2.196970724130839492e-01 2.451017389158492432e-01 1.829328178453317189e-01 1.570843181013870382e-01 3.706314420306841030e-03 2.662878208655387532e-02
1.000000000000000000e+00 1.258675743099409949e+01 2.569889554429035106e-01 2.145981134538197943e-01 2.478678285396371528e-01 2.309694559661341073e-01 2.059644589518142277e-01 1.946872987974138935e-01 2.140040453976775059e-01 1.918023783104589042e-01 1.586072033365170664e-01 1.951829945983177828e-01 2.319545082596596586e-01 1.708718459653784105e-01 3.283664605447719764e-01 2.747556672244649278e-01 1.852087857007169991e-01 2.146946190727338222e-01 2.446683330947521107e-01 1.710041900741485765e-01 1.575022025058171737e-01 3.596509645727957120e-03 2.819314427337353199e-02
1.000000000000000000e+00 1.243259023060842239e+01 2.603174694072353801e-01 2.186899597004251239e-01 2.409150267203105933e-01 2.266126349583373611e-01 2.080366756587718746e-01 1.999748337457139258e-01 2.210598143305367580e-01 1.984317605593493850e-01 1.499819763941080963e-01 1.967542851754466027e-01 2.424032515077233496e-01 1.664283319535425076e-01 3.263614053781649371e-01 3.084381000718835475e-01 1.816402796997835523e-01 2.216679649343347436e-01 2.454825168776460509e-01 1.761942242927908853e-01 1.577068222344910065e-01 3.524666728611321968e-03 2.654774917089960592e-02
1.000000000000000000e+00 1.203931277589924775e+01 2.455681683167063589e-01 2.247231622446380084e-01 2.437921080400507756e-01 2.264475755496075382e-01 2.144659717687369405e-01 2.039306688644969834e-01 2.208209953441693241e-01 1.903552851557435976e-01 1.526468911134191975e-01 2.020881450476148533e-01 2.412774771631495396e-01 1.594030506552253090e-01 3.177522880357494528e-01 2.915789609003130445e-01 1.882064522825682706e-01 2.187674864842238664e-01 2.457936188280334666e-01 1.820913972079512833e-01 1.582063007591220094e-01 3.508684194153010704e-03 2.903959100980602059e-02
1.000000000000000000e+00 1.004846682444948947e+01 2.500847332971417591e-01 2.182858216241222171e-01 2.483060753414602917e-01 2.266038571090259746e-01 2.095207816196651696e-01 1.947858908579665482e-01 2.172144452581313279e-01 1.828327187212635541e-01 1.532750845009392404e-01 1.930327105449730629e-01 2.376449302778650963e-01 1.761874683784435680e-01 2.865803118617799017e-01 2.923738184303787402e-01 1.887431582463076629e-01 2.153999741772967269e-01 2.467390181106190461e-01 1.764198924656191492e-01 1.558073971615397124e-01 3.478576851110685118e-03 3.060667100519716410e-02
1.000000000000000000e+00 1.137113549732539575e+01 2.531524413267474127e-01 2.221044597935363796e-01 2.411979365068533387e-01 2.393715230247026038e-01 2.120841675618381494e-01 1.967936097909742110e-01 2.284057122286864971e-01 1.641855755452661103e-01 1.571008134829093572e-01 1.996979917202073018e-01 2.373380392516267201e-01 1.665383182821226493e-01 3.013666854707678922e-01 2.852474765111917554e-01 2.024751939040551063e-01 2.108268238099999803e-01 2.651941076828077115e-01 1.698733840219480151e-01 1.604424026434271011e-01 3.596823651422289669e-03 2.939365349506600431e-02
1.000000000000000000e+00 9.596821096066205925e+00 2.404164470134134701e-01 2.313799951706469737e-01 2.458408140667728836e-01 2.301263635680867448e-01 1.995304738345405893e-01 1.908610371226955316e-01 2.417846751773451708e-01 1.724834080249387225e-01 1.617941586014922106e-01 1.955505068907514299e-01 2.360901250048550726e-01 1.790233709806052786e-01 3.175493609320527155e-01 2.884231013538686716e-01 1.977837974021695311e-01 2.111169346182130702e-01 2.553690557064584588e-01 1.684937544607603421e-01 1.563188896064406364e-01 3.601021746971987993e-03 2.968887636240166022e-02
1.000000000000000000e+00 8.839585704782825459e+00 2.324368751101403563e-01 2.412411357061748363e-01 2.340325666511431646e-01 2.253111647641435900e-01 2.044657022727592310e-01 1.762431925007418299e-01 2.345639930904454551e-01 1.677943451240066219e-01 1.678408847166357465e-01 2.033863403721865859e-01 2.132477510571356705e-01 1.899968623446136873e-01 3.120625857165098549e-01 2.839557479621766523e-01 1.996695504067632632e-01 2.226888705787518630e-01 2.464137010823869156e-01 1.857855273140589236e-01 1.538556952936506184e-01 3.708794088798355020e-03 3.091951006152254822e-02
1.000000000000000000e+00 9.584131490539801845e+00 2.443301280313891766e-01 2.575427297652638226e-01 2.269719922166344994e-01 2.362215712263157907e-01 1.986979072950320335e-01 1.725212027535358295e-01 2.417749651725450422e-01 1.658584443461145752e-01 1.766040538161561535e-01 1.966900479473695507e-01 2.297236342059270076e-01 1.876619307259850822e-01 3.075218802171153509e-01 2.771271681022013933e-01 2.018436466078882274e-01 2.164978903543084976e-01 2.529631903315104902e-01 1.815041502781515881e-01 1.582333095277252966e-01 3.615709480556079675e-03 3.192935190005662810e-02
1.000000000000000000e+00 9.481060673744108769e+00 2.356679375676294097e-01 2.702747898854732100e-01 2.260233362854400796e-01 2.324818725495466087e-01 1.977905348917719519e-01 1.726442798947870894e-01 2.245511671136221354e-01 1.590208941522856800e-01 1.763705424088109208e-01 1.923423132930918433e-01 2.200830740186452972e-01 2.011517509485442057e-01 3.295972414512270965e-01 2.849558091276879201e-01 2.171088704713667050e-01 1.983296108633788024e-01 2.619087384071216440e-01 1.676289934210916099e-01 1.582290356669121545e-01 3.492886203736883001e-03 3.246593318959890145e-02
1.000000000000000000e+00 9.777190157465074805e+00 2.356579925550644772e-01 2.640676421948534025e-01 2.222463639761854404e-01 2.479641873540576469e-01 2.001483586987555796e-01 1.753152606752522713e-01 2.385462267816214621e-01 1.580650850006179442e-01 1.776597986870711576e-01 2.024254034140523517e-01 2.345222980284447922e-01 1.917515829111095527e-01 3.285305552581258559e-01 2.880523590842343773e-01 2.227022236412665168e-01 1.996649779156096927e-01 2.544783381883913842e-01 1.591121592622067316e-01 1.591154394248130433e-01 3.461421283901174820e-03 3.256447495609890441e-02
