1.000000000000000000e+00 1.877107081867877127e+02 2.571810220390469692e-01 2.556059113278435491e-01 1.909680497161738155e-01 2.797310817324448751e-01 1.630539026144813275e-01 2.182133111212201382e-01 1.930479592935832600e-01 2.075297069721750987e-01 1.656943421425283169e-01 2.096274038813437657e-01 1.757519885114290636e-01 2.652283655699554932e-01 2.925704527828322798e-01 2.747695749510435381e-01 2.223273894389533045e-01 2.292636200908344524e-01 2.365797153009973619e-01 2.731680168171780054e-01 1.591826512808384719e-01 3.492802142520129525e-03 2.683172986810271332e-02
1.000000000000000000e+00 2.753700257902823267e+01 2.357943443882073165e-01 2.412084074248886656e-01 2.369420382539292047e-01 2.323082268301232545e-01 2.229768356231580095e-01 2.091949753884112528e-01 2.270551903328203724e-01 2.124033770917394537e-01 1.887233940201671345e-01 1.732374425798399453e-01 2.232032037441590844e-01 2.463026099004208547e-01 2.553372813022930510e-01 2.901638672152754839e-01 2.175814853198154708e-01 2.229814181589935829e-01 2.409647766066186914e-01 2.457328091219906918e-01 1.630267144435776083e-01 3.386243668250947785e-03 2.508849056974461061e-02
1.000000000000000000e+00 2.416937721846786147e+01 2.418616192535704701e-01 2.420672955662225290e-01 2.364535460754714491e-01 2.404968245641878055e-01 2.325978455363807706e-01 2.091755966553530965e-01 2.225459545665856576e-01 1.982313047784982629e-01 1.817558768243404121e-01 1.767337435834402670e-01 2.321740611591188164e-01 2.415024243779448354e-01 2.550576321362619803e-01 2.925171890713581524e-01 2.160516930867253937e-01 2.333087445227205459e-01 2.583249427572750223e-01 2.316424152531755265e-01 1.627902249288664671e-01 3.287190925807745735e-03 2.475005013708762858e-02
1.000000000000000000e+00 2.246401701628057523e+01 2.366359648393645265e-01 2.476592488268134218e-01 2.192693731694615455e-01 2.451924045118780704e-01 2.344814941535645347e-01 2.009766718357062221e-01 2.134041237860467843e-01 1.946008872236184850e-01 1.918635981131212587e-01 1.759280284576169029e-01 2.335330731760443812e-01 2.368836215475961793e-01 2.434834038762277719e-01 2.934523162538414387e-01 2.194760266720566511e-01 2.562557041712904549e-01 2.494172808060867719e-01 2.441348643302940769e-01 1.628534006878207541e-01 3.389109731360966105e-03 2.419040297611797438e-02
1.000000000000000000e+00 2.330830667129485789e+01 2.509477405899095959e-01 2.403638077806421747e-01 2.457249512693604754e-01 2.472664380966165809e-01 2.211886317571972183e-01 2.078406272582442871e-01 1.980471851122237725e-01 2.000459310254378009e-01 2.077627354334389831e-01 1.769919926491233253e-01 2.267616572405838915e-01 2.496814902883022491e-01 2.266551990593342336e-01 3.073581009386607277e-01 2.242657479401078124e-01 2.585458210323308137e-01 2.460416447254645811e-01 2.381131899631629689e-01 1.654623406334571334e-01 3.415637781426823436e-03 2.393092599116045452e-02
1.000000000000000000e+00 2.304440325022973468e+01 2.378788927623179117e-01 2.464442806022495436e-01 2.485499469006836604e-01 2.554536008597850794e-01 2.224498579195386683e-01 2.100104117921621494e-01 1.898969958889867859e-01 2.033975693686793373e-01 1.976841974851260841e-01 1.849384857383498670e-01 2.386777600526296672e-01 2.467487817039187292e-01 2.318638685370325581e-01 3.336140971232251506e-01 2.137355190119545889e-01 2.782680182267137647e-01 2.488486180870243536e-01 2.467335813889955931e-01 1.651962617412637280e-01 3.421335349502306177e-03 2.383477645436783005e-02
1.000000000000000000e+00 1.398544231272778759e+01 2.488383916277229491e-01 2.431394273919959825e-01 2.340743917432707988e-01 2.525708390598155328e-01 2.105316418052312621e-01 2.078899207019758166e-01 2.015618151283808113e-01 2.036436965530044330e-01 1.999335683841270417e-01 1.797811455644966472e-01 2.371369896801753252e-01 2.584800606393759526e-01 2.281657692503187562e-01 3.325006207074871489e-01 2.219211291749444426e-01 2.762225887499519250e-01 2.325261540698760621e-01 2.387958716204788001e-01 1.638266083853017197e-01 3.512428325775398142e-03 2.299398799334243654e-02
1.000000000000000000e+00 1.346999327910998723e+01 2.467751360968834795e-01 2.391750560732582020e-01 2.466275921877554012e-01 2.464262182961909631e-01 2.148689555321494915e-01 2.144268147976464978e-01 2.023160182070365409e-01 2.073052153949474508e-01 1.931004612767849848e-01 1.908210126447691390e-01 2.416497746047274742e-01 2.547282510325356020e-01 2.438087337423765766e-01 3.369612073899008187e-01 2.259489819829890722e-01 2.753576667773471875e-01 2.100054357697918317e-01 2.471354193906667995e-01 1.669375909940859770e-01 3.674401111676053270e-03 2.287322168683686430e-02
1.000000000000000000e+00 1.296808432597628347e+01 2.608495469880759976e-01 2.311882674883122823e-01 2.602125942830529892e-01 2.366214680202347598e-01 2.042928176767930815e-01 2.136820909556250703e-01 2.001507023263499330e-01 1.988148575218381120e-01 1.763035598399812776e-01 1.877283948598086061e-01 2.355354934113942922e-01 2.446670002843110425e-01 2.568242878937473384e-01 3.387482290284408726e-01 2.111012582721492059e-01 2.772545044994996766e-01 2.134582808152805655e-01 2.358901856499567296e-01 1.631232487261302655e-01 3.578275201985769375e-03 2.300452248668578489e-02
1.000000000000000000e+00 1.196963824570934953e+01 2.529800432293350387e-01 2.335366784538069340e-01 2.648285482189798312e-01 2.363040272734544256e-01 2.077374038418912661e-01 2.278101905786060755e-01 1.877043315116782851e-01 2.130466470215411079e-01 1.803861365502521519e-01 1.917977062725898796e-01 2.370464438422853759e-01 2.406716583586546998e-01 2.615690859379488087e-01 3.477033858593219784e-01 2.080471274430939210e-01 2.619516320164819168e-01 2.033643639895909017e-01 2.254609507912271327e-01 1.651071128192111714e-01 3.405778525443413536e-03 2.155825319789887035e-02
1.000000000000000000e+00 1.294237723276155450e+01 2.419635263672250680e-01 2.372701780101968971e-01 2.634070383776092594e-01 2.281810574629476174e-01 2.075852241431505874e-01 2.471501390501864293e-01 1.968814651375549729e-01 2.055909418140821621e-01 1.785658433981405502e-01 1.851699191113796439e-01 2.197562870420771142e-01 2.583379918652494722e-01 2.639474498817403481e-01 3.442260630759441664e-01 2.028238991716104223e-01 2.566044890217679675e-01 2.021745266305839672e-01 2.380701643319568794e-01 1.653185052065025695e-01 3.379602446081740336e-03 2.246949490563389384e-02
1.000000000000000000e+00 1.186330631385512646e+01 2.445559439546334257e-01 2.301645798011640320e-01 2.607740907902764693e-01 2.215318231542022231e-01 2.080595511359854544e-01 2.558472182673136586e-01 2.131536060124344933e-01 2.061448583880895469e-01 1.740954781250188266e-01 1.911812432609633905e-01 2.081396784719603266e-01 2.549725418066834393e-01 2.534483085228391164e-01 3.344096000396272195e-01 1.919279884308668915e-01 2.685070989175233902e-01 2.215838543913882797e-01 2.276695972224484221e-01 1.649856643905965869e-01 3.290577785591706963e-03 2.244737511452225831e-02
1.000000000000000000e+00 1.192388166868524912e+01 2.493784739424184382e-01 2.342913616619665684e-01 2.589441427118583938e-01 2.289816516994674367e-01 1.989383529525340644e-01 2.408952340524374847e-01 2.100462802644307292e-01 2.211831426915250309e-01 1.664215557247080146e-01 1.984239871535936894e-01 2.008563986077692154e-01 2.680206643342882278e-01 2.428230793559472689e-01 3.329783174690502667e-01 1.898975705301758354e-01 2.607159898938991027e-01 2.198069285576391141e-01 2.344822711960259654e-01 1.655393358945374815e-01 3.390238150823678045e-03 2.468844090192934965e-02
1.000000000000000000e+00 1.212524183407916745e+01 2.512885348599835367e-01 2.406995062909614014e-01 2.669104648651199341e-01 2.365761706350001659e-01 1.939160494841598859e-01 2.359870339039712439e-01 2.084133686600875834e-01 2.217898894847461777e-01 1.778528529350136000e-01 2.033428061411724774e-01 1.937857696845298461e-01 2.731729766019422856e-01 2.566888415579558491e-01 3.294867132558198519e-01 1.951444442636041388e-01 2.489322751394871802e-01 2.329881758074642539e-01 2.443741806667642791e-01 1.661463496866888157e-01 3.327031428279319386e-03 2.618507785768413657e-02
1.000000000000000000e+00 9.714769364934285889e+00 2.384588653539827519e-01 2.443846061759864241e-01 2.669260162256160140e-01 2.260841900624115386e-01 1.830286133550575733e-01 2.306839460720440660e-01 2.163613763830788961e-01 2.156323772017642026e-01 1.648500064511555230e-01 2.205906229333653157e-01 1.991070043782866006e-01 2.790467850408159256e-01 2.697219269814365439e-01 3.193802303926663866e-01 2.078719353697831007e-01 2.639021011758411750e-01 2.429431170800029627e-01 2.391936141313579511e-01 1.656531600442328334e-01 3.260470342223522212e-03 2.669207937604422751e-02
1.000000000000000000e+00 1.094895822404801677e+01 2.389416086086657010e-01 2.514845314409029364e-01 2.616970408762715472e-01 2.426439319577128884e-01 1.768602976832925611e-01 2.362616482483617109e-01 1.888279053136279750e-01 2.216612172391089208e-01 1.498092612986023919e-01 2.329930968001091285e-01 1.845613825593566681e-01 2.638676751637129003e-01 2.723756313665206541e-01 3.106815945629990416e-01 2.123209056091361069e-01 2.616369336550198321e-01 2.128114563718427887e-01 2.385194172951348168e-01 1.643676084605036058e-01 3.170894815354625019e-03 2.640835830899813594e-02
1.000000000000000000e+00 1.058657250434343844e+01 2.359668773168043521e-01 2.557946093649638430e-01 2.555841165040731444e-01 2.418142801925636798e-01 1.687179689190147769e-01 2.386702350561547281e-01 1.848655456815710141e-01 2.261302760211679752e-01 1.437961620607828284e-01 2.319053077163144572e-01 1.827528153615520512e-01 2.620079182952745334e-01 2.855851958391425471e-01 3.200241522269597905e-01 1.960747413029850506e-01 2.696936566702035631e-01 2.228732696135201918e-01 2.500324204353078228e-01 1.622483181726795676e-01 2.939900255889265138e-03 2.826133154836156514e-02
1.000000000000000000e+00 1.273332842600873072e+01 2.427319950012042371e-01 2.612813427234422781e-01 2.539250692048904412e-01 2.341479796634231558e-01 1.800451535748759380e-01 2.478546683402633177e-01 1.957661103412498826e-01 2.192461587449541782e-01 1.438175394699330034e-01 2.213520315621615442e-01 1.943560463155498408e-01 2.574110241146419509e-01 2.837042143387018545e-01 3.127669617399497226e-01 1.983363274399574938e-01 2.754948953297615133e-01 2.249587309895043352e-01 2.462654232778368757e-01 1.648646766841350697e-01 3.004499775840038800e-03 2.738725352134805530e-02
1.000000000000000000e+00 1.201109671487827946e+01 2.406007914660686364e-01 2.726014297365021988e-01 2.441488633147572418e-01 2.244688068789867375e-01 1.849604052161741841e-01 2.424057890584138120e-01 1.913351559823296966e-01 2.198717400460006299e-01 1.387608710205621432e-01 2.358861242579868289e-01 1.957837109618488503e-01 2.595349163406928117e-01 2.906858356587438963e-01 3.071949539821749453e-01 2.061042147860023821e-01 2.716114918164348468e-01 2.226929424973850269e-01 2.612532295376600588e-01 1.663659658324987689e-01 2.759538174487747783e-03 2.703042527472566611e-02
1.000000000000000000e+00 1.318577422936584931e+01 2.515342732648992996e-01 2.657373454383676337e-01 2.449783489547083526e-01 2.285767759743932148e-01 1.846884327653422198e-01 2.636047270055266178e-01 1.921117485649954937e-01 2.265495647015654535e-01 1.532628743994133291e-01 2.388539119211894046e-01 1.793879615038109498e-01 2.641782355091138457e-01 3.067937618361843422e-01 3.145369238847892657e-01 2.101070397717021421e-01 2.768765979525464327e-01 2.276248547211296436e-01 2.623356296850313241e-01 1.675384994458458954e-01 2.658043270090612760e-03 2.603793654939994331e-02
1.000000000000000000e+00 1.480989611354588043e+01 2.546638807353843181e-01 2.529360284343609711e-01 2.474797143742598626e-01 2.336491042614613767e-01 2.054867017028782772e-01 2.587389524989935352e-01 1.889609941086823064e-01 2.064519124099423453e-01 1.650319255030004706e-01 2.318491045411782137e-01 1.715303306263034899e-01 2.656480530797878381e-01 3.041450016796144462e-01 2.897228433312783458e-01 2.046844550757324910e-01 2.721268372996469842e-01 2.385832050649005498e-01 2.566704003366251374e-01 1.662021747233231872e-01 2.649261316009665461e-03 2.540376451505683975e-02
1.000000000000000000e+00 1.077793476894064462e+01 2.601243308376653962e-01 2.492280433510078996e-01 2.423442981676950381e-01 2.459446748135070693e-01 2.024860967839848258e-01 2.565082715591541218e-01 1.956440950450039906e-01 2.068152565407731791e-01 1.520209937742167394e-01 2.353242710071173360e-01 1.750127953164031802e-01 2.596939870321640642e-01 3.000115917350041905e-01 2.973884982575702440e-01 2.212488484533592370e-01 2.572872134401575916e-01 2.419486055039418715e-01 2.508044028564652694e-01 1.659731747069316810e-01 2.580541377785914529e-03 2.485370535105581660e-02
1.000000000000000000e+00 9.161746887666952333e+00 2.555790238641044154e-01 2.350776707348319339e-01 2.399855938364644503e-01 2.409612681214135799e-01 1.936094950963564432e-01 2.578819027368072780e-01 1.950004344849893267e-01 2.036639144925830314e-01 1.431162457785090103e-01 2.350031875974482876e-01 1.870143947923451067e-01 2.539421209089484655e-01 3.029876385153987273e-01 2.888193312493311793e-01 2.141989714170625114e-01 2.537678998689021359e-01 2.296116863328810376e-01 2.524190899517169684e-01 1.643085541837721597e-01 2.676939702074743969e-03 2.480817405674713011e-02
1.000000000000000000e+00 1.152450764109601877e+01 2.602280457180647377e-01 2.422103186231290006e-01 2.420972471039104235e-01 2.533257549561326871e-01 1.895528244465905787e-01 2.621987907482517532e-01 1.954516484183689007e-01 2.105001444624775842e-01 1.611346522245024615e-01 2.406391611641898465e-01 1.793502359147550462e-01 2.515785779698825331e-01 3.139866106058026851e-01 2.944179258685484801e-01 2.201753636118759239e-01 2.478488409975021511e-01 2.377338254174320431e-01 2.428567984038219330e-01 1.689132480269485148e-01 2.869368247843489400e-03 2.401138622515270812e-02
1.000000000000000000e+00 1.037561615758239952e+01 2.647199206621260736e-01 2.492825739980381594e-01 2.352641760222084488e-01 2.599994216123685531e-01 1.941559813698883197e-01 2.477211673258553626e-01 1.957662874187619528e-01 2.156544052070937245e-01 1.600487391549000604e-01 2.423105489525072542e-01 1.782869134972122904e-01 2.573748366836029478e-01 3.180761745329229728e-01 3.028866569153603749e-01 2.151508139498416461e-01 2.332892173746623776e-01 2.467757828630849359e-01 2.480151451843184973e-01 1.693585440571381551e-01 2.790511891349534840e-03 2.573514183593341234e-02
1.000000000000000000e+00 9.508551449046013460e+00 2.661557689878608080e-01 2.415433926741777371e-01 2.263437677986368524e-01 2.708112020411843068e-01 1.814018908133604446e-01 2.480774195933215798e-01 1.968712742809572147e-01 2.133288540041429482e-01 1.538512320787715770e-01 2.274018081186956752e-01 1.835299810096119311e-01 2.530776733320568295e-01 3.331940976703772206e-01 3.004158387737744240e-01 2.031177933802783830e-01 2.370697997400591228e-01 2.678654254419117198e-01 2.547161134981190678e-01 1.649588825928382241e-01 2.981237485788503904e-03 2.531942354463275272e-02
1.000000000000000000e+00 9.244804732313580686e+00 2.591093097527109035e-01 2.478906606614310060e-01 2.199038928676141647e-01 2.745094071407357394e-01 1.840061242464519353e-01 2.423052771035926201e-01 1.845958399629733238e-01 2.190622819662650933e-01 1.666331588473955738e-01 2.287460338625682821e-01 1.790251601262672632e-01 2.572828126931436254e-01 3.094828111187785669e-01 2.816086636626377593e-01 2.152916269360595491e-01 2.348589701335803137e-01 2.440521929460811867e-01 2.470986240798641598e-01 1.633858171528681513e-01 3.357465916854943111e-03 2.371780502600375623e-02
1.000000000000000000e+00 1.161383247554103804e+01 2.627491153726554396e-01 2.486082091133706429e-01 2.188898715834725894e-01 2.648944503149837648e-01 1.823937553448864990e-01 2.406083139121432957e-01 1.938885356392628101e-01 2.188879036337354755e-01 1.727959893320620000e-01 2.279994286332749087e-01 1.676412387788464575e-01 2.584836516320473399e-01 3.069883445245052411e-01 2.860139017622367885e-01 2.085798636276526286e-01 2.480722235927796671e-01 2.400149352573778816e-01 2.563584853058332724e-01 1.656404417072236124e-01 3.318471593147257793e-03 2.483056315955681909e-02
1.000000000000000000e+00 1.096821705752030418e+01 2.524293401019470640e-01 2.521254429068111591e-01 2.108146203782919059e-01 2.585565937517018686e-01 1.561193033143445374e-01 2.535099743018974783e-01 1.866026579417245368e-01 2.174902237233177216e-01 1.716874615418858274e-01 2.148269826427275930e-01 1.656329530067805755e-01 2.619761313319271534e-01 3.184328121372053677e-01 2.802985198304367986e-01 2.131733173889257260e-01 2.480603991283475696e-01 2.392748303906116203e-01 2.613855395508585255e-01 1.629065041886726406e-01 3.301986998209482330e-03 2.562333567474918763e-02
1.000000000000000000e+00 9.358700390867737084e+00 2.506419483128863868e-01 2.638850045700369962e-01 2.086694010659192466e-01 2.696629324333519317e-01 1.625694005745666748e-01 2.372997852210117775e-01 1.867970742929905559e-01 2.131433876883239431e-01 1.718187020137156851e-01 2.046471350003349898e-01 1.645454639789650508e-01 2.659001093271962657e-01 3.066500247738773721e-01 2.762180648747607492e-01 2.237854127574993579e-01 2.362515612782582208e-01 2.442405218147282731e-01 2.588531997671186247e-01 1.622650904830697238e-01 3.524905553408178276e-03 2.646484109316579042e-02
1.000000000000000000e+00 9.161722538749277334e+00 2.582940460900424173e-01 2.635595769406967603e-01 2.041047672126107271e-01 2.630597819959221706e-01 1.641826532397782645e-01 2.331564742528553225e-01 1.929587907618974529e-01 2.130464793742923302e-01 1.705880335349430066e-01 2.021265903820538279e-01 1.696860145645829876e-01 2.572438006708333558e-01 2.894470611603201515e-01 2.689099315707035309e-01 2.216603235961706331e-01 2.327447457785507545e-01 2.359868116804807181e-01 2.643326007881914852e-01 1.619041005684137002e-01 3.469526744681345354e-03 2.670477527805372939e-02
1.000000000000000000e+00 8.127539958528801733e+00 2.571810220390469692e-01 2.556059113278435491e-01 1.909680497161738155e-01 2.797310817324448751e-01 1.630539026144813275e-01 2.182133111212201382e-01 1.930479592935832600e-01 2.075297069721750987e-01 1.656943421425283169e-01 2.096274038813437657e-01 1.757519885114290636e-01 2.652283655699554932e-01 2.925704527828322798e-01 2.747695749510435381e-01 2.223273894389533045e-01 2.292636200908344524e-01 2.365797153009973619e-01 2.731680168171780054e-01 1.591826512808384719e-01 3.492802142520129525e-03 2.683172986810271332e-02
