1.000000000000000000e+00 1.234429289058705308e+02 2.860370551594634825e-01 2.603719263160743647e-01 2.607493859338610442e-01 2.197581979518886119e-01 2.788986066413323694e-01 2.066847896544732888e-01 2.328076125703449351e-01 2.335150479895355402e-01 1.933198742314168883e-01 2.347304593946391293e-01 2.360200614123570406e-01 2.621221114075155678e-01 2.989115585509022899e-01 3.256011948701779679e-01 2.721477143996116066e-01 2.549361800632518049e-01 3.001729269963986368e-01 3.602689562763836673e-01 1.801954571465649579e-01 2.972977463908562084e-03 2.485527996278334359e-02
1.000000000000000000e+00 5.510484723996013656e+01 2.688681523815928953e-01 2.297513718858139042e-01 2.310905242814920157e-01 2.220599055276486489e-01 2.282418178065042935e-01 1.956324961715630861e-01 2.312807754599394139e-01 2.212591349295489618e-01 1.898337121086527413e-01 1.894153147726737041e-01 2.520543623822931179e-01 2.386012564536259262e-01 2.841631695773813027e-01 2.909359817112409097e-01 2.280970260823942386e-01 2.277420405289023730e-01 2.462870796763124148e-01 2.482965996270776465e-01 1.629798496041325317e-01 3.141098379718996851e-03 2.338055478033430543e-02
1.000000000000000000e+00 2.586693130523341821e+01 2.740929930996163777e-01 2.305938216392797169e-01 2.462881860333541728e-01 2.288242892040554255e-01 2.382283505740957763e-01 1.820842792733456394e-01 2.268315277056167645e-01 2.074821049623860325e-01 1.859794255800100438e-01 1.977267838985584392e-01 2.369286952779735278e-01 2.547857565062758289e-01 2.773136991242038940e-01 2.936240343651057016e-01 2.178479793511298446e-01 2.323576048728484278e-01 2.460573574387199258e-01 2.463531340950699533e-01 1.645674123434895664e-01 3.117606087470168891e-03 2.236335806959752551e-02
1.000000000000000000e+00 1.970008778871190103e+01 2.766087843573694638e-01 2.314312034920210925e-01 2.561894265238313095e-01 2.327603524614373920e-01 2.394242676474646891e-01 1.837524805409916362e-01 2.320162392010661490e-01 2.022973778529072730e-01 1.778943889127256039e-01 2.064469567152849017e-01 2.492172540799736935e-01 2.614198698415515221e-01 2.742499847666053925e-01 3.201809044345003685e-01 2.208089673834479350e-01 2.225060972965581807e-01 2.513741089404755158e-01 2.550534802803973711e-01 1.696785205649211092e-01 2.980471090565240365e-03 2.422269108213968847e-02
1.000000000000000000e+00 2.036366180713395480e+01 2.746363511676457314e-01 2.461960771475694421e-01 2.518513314350446231e-01 2.153683212814772596e-01 2.335611584207780145e-01 1.804723522652220968e-01 2.342169566912655210e-01 1.887471013963800404e-01 1.762596843918199929e-01 2.111419435614226292e-01 2.336988573217752552e-01 2.759081454655705756e-01 2.738779210219319804e-01 3.064877849698293133e-01 2.270951908343094017e-01 2.160669179719471589e-01 2.650237757982270015e-01 2.611542093757847072e-01 1.697089436064351531e-01 2.864495619756502517e-03 2.545867370565649962e-02
1.000000000000000000e+00 2.072309729872902651e+01 2.747292193490731838e-01 2.390422437984243142e-01 2.629690564314936529e-01 2.148218345703841736e-01 2.280668015110217384e-01 1.819495917762117276e-01 2.177537358046610083e-01 1.930803452484650684e-01 1.858527935843560797e-01 2.037816195339140768e-01 2.259281969273965740e-01 2.839991747560781654e-01 2.972868240623998126e-01 2.988310544159791804e-01 2.486664439102778679e-01 1.914067006328588338e-01 2.578549670289806972e-01 2.756909732989809569e-01 1.695167162000081884e-01 3.010113107224864429e-03 2.372012283893167039e-02
1.000000000000000000e+00 1.762215887950337390e+01 2.691827428772464170e-01 2.506211928917558285e-01 2.610669071709580402e-01 2.144522118217302431e-01 2.476566353560456790e-01 1.852815434352646506e-01 2.299523307730746702e-01 1.967086108757175322e-01 1.796943017164279732e-01 2.009494579801238967e-01 2.267617038263449736e-01 2.884919442584311100e-01 2.939556533481480494e-01 3.050276800891679185e-01 2.569716285780732634e-01 2.017650695919024351e-01 2.484914011869828188e-01 2.795202270265980671e-01 1.694449937905145864e-01 3.041738527989025758e-03 2.381270287542749248e-02
1.000000000000000000e+00 1.553928901017679287e+01 2.673310646999388918e-01 2.539157861548529960e-01 2.631248379017835926e-01 2.205886867136044038e-01 2.313303057577473232e-01 1.896026642111001137e-01 2.234439363460372918e-01 2.043336195762470164e-01 1.863619426951980407e-01 2.050733076481893735e-01 2.289867110188712196e-01 2.740106495545854282e-01 3.075058061276579879e-01 2.899649006777800797e-01 2.757495117218427549e-01 2.088648539423333117e-01 2.635591327233462455e-01 2.965212234047449602e-01 1.715855166844409696e-01 3.145394090414452108e-03 2.304574820304430144e-02
1.000000000000000000e+00 1.433868091694789904e+01 2.600317112325966074e-01 2.652838791355497938e-01 2.534332752554644408e-01 2.218241202293657621e-01 2.481160921218437676e-01 1.975434583785209974e-01 2.175474695578026585e-01 2.075799774264304454e-01 1.967325082800159830e-01 2.144101635965357522e-01 2.234442827544020072e-01 2.744888205978564533e-01 3.076902753523632073e-01 2.995062450296697709e-01 2.730469383704611785e-01 2.081408508255712386e-01 2.636917529929710402e-01 2.874158557477142772e-01 1.718009710410410562e-01 2.928936465775319395e-03 2.318210488518704371e-02
1.000000000000000000e+00 1.465086134886831104e+01 2.637117676045602210e-01 2.627414654334351285e-01 2.579341210550389896e-01 2.133017050457339248e-01 2.537874397556404982e-01 2.051885299481207570e-01 2.272692465910748361e-01 2.048892913951334827e-01 1.891024153237685357e-01 2.132812071543293553e-01 2.316335354636317179e-01 2.725389571639705300e-01 2.959088163317402653e-01 2.854536064366006154e-01 2.836038188679627647e-01 2.180031766570035834e-01 2.710927337232364454e-01 2.881942219992650323e-01 1.717242714155285399e-01 2.709511091244764733e-03 2.472185044404580367e-02
1.000000000000000000e+00 1.249689671367018740e+01 2.627145885890470045e-01 2.529577279253484856e-01 2.524163458799361104e-01 2.183927539155762765e-01 2.542299149355287113e-01 2.115729797785927957e-01 2.377335208537096345e-01 1.910908236322864939e-01 1.867988272268131522e-01 2.026803180469186338e-01 2.309558868290151890e-01 2.634486200979940240e-01 2.765067319057641915e-01 2.778214104887145042e-01 2.903432642471423519e-01 2.283316086684701318e-01 2.790416818773422958e-01 2.771140702993817317e-01 1.718276313200141070e-01 2.792029798650902915e-03 2.369421425964216357e-02
1.000000000000000000e+00 1.238150765708085643e+01 2.643703411021876559e-01 2.402654804900666574e-01 2.448862519217221700e-01 2.154486846320744220e-01 2.610217090084679947e-01 2.203155388662852709e-01 2.315891915728738315e-01 1.990748625672516259e-01 1.851962883405585403e-01 2.044643344866309553e-01 2.245305922183133129e-01 2.594457396073956978e-01 2.800150838511200058e-01 2.757809344344043234e-01 2.800858999850417974e-01 2.336606110782309398e-01 2.602436835591590003e-01 2.969609117992765834e-01 1.704201718878770311e-01 2.755164296241291097e-03 2.356243144021991434e-02
1.000000000000000000e+00 1.384691720446049068e+01 2.734408505497274988e-01 2.458744077191496180e-01 2.451864639423781411e-01 1.977894584109448350e-01 2.573382575787489523e-01 2.283237327546954742e-01 2.325532433575485947e-01 1.944462773251961762e-01 1.858611589968560962e-01 2.018493026275831881e-01 2.275865766071959451e-01 2.531764435727100748e-01 2.915311887936577473e-01 2.870704709292634660e-01 2.783048078217150167e-01 2.274056860885151632e-01 2.572192951331065403e-01 3.008206803102891347e-01 1.726364480752442532e-01 2.716508777141449574e-03 2.406168771908805126e-02
1.000000000000000000e+00 1.323708557491646154e+01 2.691995082045139376e-01 2.408961559252580376e-01 2.356986222288182109e-01 2.033234109287501423e-01 2.523230854081405239e-01 2.293842327563707095e-01 2.318375795129351546e-01 1.979959537086589116e-01 1.738174709859356126e-01 2.039916206328113157e-01 2.300907704918254693e-01 2.346598519982069364e-01 3.072518539809315774e-01 2.809600900839962501e-01 2.806107218911821355e-01 2.140042235113372715e-01 2.423890685679435109e-01 3.088237574824497234e-01 1.685747192714449894e-01 2.815731175017109015e-03 2.387106428958040566e-02
1.000000000000000000e+00 1.242716101923360661e+01 2.777450713965227136e-01 2.424815804228289962e-01 2.437266013178268076e-01 2.217079877003178268e-01 2.533983534746945820e-01 2.251122165055809143e-01 2.277191137227932149e-01 2.010951867912948166e-01 1.682696146684965477e-01 2.109301226726445766e-01 2.347373332941840307e-01 2.343763870704094476e-01 3.091438256813275887e-01 2.806409484008088873e-01 2.900045548964299003e-01 2.167899457775561423e-01 2.427951334243654280e-01 3.022187548834929793e-01 1.713802836172992061e-01 2.939672719733274660e-03 2.438710022862835419e-02
1.000000000000000000e+00 1.747867645388105018e+01 2.731644535822418951e-01 2.523554904098297968e-01 2.526255960419045432e-01 2.084646288449807372e-01 2.512449567246002879e-01 2.205015902208688761e-01 2.182327627586279351e-01 2.044036283432928980e-01 1.729362750129644632e-01 2.064407158943947496e-01 2.345515686405061084e-01 2.466881812898105431e-01 3.217178336561177243e-01 2.810366984627513109e-01 2.793265026441178467e-01 1.943549508513271185e-01 2.423164915943560871e-01 3.090674934967274079e-01 1.692476659139223738e-01 2.987586729134532673e-03 2.377883913635022578e-02
1.000000000000000000e+00 1.749487258740834861e+01 2.687480934601026994e-01 2.360565860781595471e-01 2.614219389211245304e-01 2.094958936859234455e-01 2.543843108936146846e-01 2.153343400244868699e-01 2.117464511480935674e-01 2.156620113808391526e-01 1.712269476655990108e-01 2.039391706951668992e-01 2.284084494071031979e-01 2.438475006861082206e-01 3.151925458424846838e-01 2.957901243831593252e-01 3.003376944795060899e-01 2.028325867817162287e-01 2.388760340392470927e-01 2.988630463698290218e-01 1.683738587154337274e-01 2.979794012012404111e-03 2.567323922658585125e-02
1.000000000000000000e+00 1.089877021372716648e+01 2.736424198210168357e-01 2.423563971817251361e-01 2.662488537103754327e-01 2.274436245714376026e-01 2.337578504231798970e-01 2.193180816609860695e-01 2.327448689839526075e-01 2.146348488686334877e-01 1.593985572771183523e-01 2.092900544618167269e-01 2.364684717758478438e-01 2.505451299312482782e-01 3.036904285522541991e-01 3.100240214427606444e-01 3.067074838840976869e-01 2.278472341873691853e-01 2.380039552622716659e-01 3.045034306901024945e-01 1.734451075062211356e-01 2.993337322359568720e-03 2.616385254865479307e-02
1.000000000000000000e+00 9.661985035462780758e+00 2.694476829783951644e-01 2.374859110619595148e-01 2.601673893946450655e-01 2.251887159298328611e-01 2.162658094045673829e-01 2.278834093020858098e-01 2.250935170350817638e-01 2.130535828792837760e-01 1.584586681094999339e-01 2.076926285842271847e-01 2.410793312548127620e-01 2.467002337713935789e-01 2.985466789872516791e-01 2.873401455296636930e-01 3.056835834649189176e-01 2.129676933182087784e-01 2.515782229338682785e-01 2.811653338208809916e-01 1.691829103190316819e-01 2.978399012613554796e-03 2.603619955024651100e-02
1.000000000000000000e+00 9.490090665721066188e+00 2.653174948433746350e-01 2.281891958429834444e-01 2.669900389940539909e-01 2.217324141010021676e-01 2.158795145650447833e-01 2.298025359057079553e-01 2.215091721689980142e-01 2.192815707945346415e-01 1.523628776295956611e-01 2.009988814324256412e-01 2.432722401800083978e-01 2.485623764105131805e-01 2.975396891183629267e-01 2.887746972981962701e-01 2.938487741782568330e-01 2.242299153299394943e-01 2.546104219344885733e-01 2.832172505913433946e-01 1.675086342951439822e-01 3.248199247479287288e-03 2.654001391802488299e-02
1.000000000000000000e+00 1.365577282504409062e+01 2.517571700109804134e-01 2.293831307942029718e-01 2.621335833831280326e-01 2.262192295937635600e-01 2.166803106151869718e-01 2.349188037641622984e-01 2.209330107152859268e-01 2.178560867869001327e-01 1.512126471377536474e-01 2.003783282027089274e-01 2.386265480277291740e-01 2.324746867078707202e-01 2.941530077981945879e-01 2.893147890670628164e-01 2.980866677384064189e-01 2.193210447555979381e-01 2.675038682782523991e-01 2.949433176129078737e-01 1.679051794275782661e-01 3.256863186054220240e-03 2.655370656595083811e-02
1.000000000000000000e+00 1.399236907886006875e+01 2.669502808325762699e-01 2.240535096715922381e-01 2.675211427169079670e-01 2.416604570548767650e-01 2.112059841094471035e-01 2.373181445087723662e-01 2.099349665199062021e-01 2.215371884885382336e-01 1.593405892189238005e-01 2.053143864118470441e-01 2.303565199703437316e-01 2.323998565425622886e-01 2.865003448215091009e-01 2.920311828630680062e-01 2.939817264775392847e-01 2.373779035964476147e-01 2.509066776159541434e-01 3.196542110610139931e-01 1.688659522644453126e-01 3.306456580912532205e-03 2.613117383117966736e-02
1.000000000000000000e+00 1.302390841628004736e+01 2.718832151179670920e-01 2.220707196022675134e-01 2.670383036883148264e-01 2.477527702270181653e-01 2.152311234723129907e-01 2.333596977753539803e-01 2.009054000415315122e-01 2.215180264466490023e-01 1.564059143732203783e-01 2.125652860459583959e-01 2.462425724549094919e-01 2.648634461765738690e-01 2.729694199444510083e-01 2.883243601666143907e-01 2.801948305706398745e-01 2.349066749963079348e-01 2.542161363150666209e-01 3.254412197622094105e-01 1.716795595897860349e-01 2.918755812391874566e-03 2.648474961436203881e-02
1.000000000000000000e+00 1.366198546512911705e+01 2.721272898352258829e-01 2.324072080939492135e-01 2.446030333313966021e-01 2.478440277041385476e-01 2.265174668143409287e-01 2.335501123749576247e-01 2.056811682013676701e-01 2.197871713776602953e-01 1.496878731455069389e-01 2.141759336868275243e-01 2.377145148551742249e-01 2.664261427025007012e-01 2.693252839320376957e-01 2.947876290366981400e-01 2.907864908060934783e-01 2.313404657943227971e-01 2.479052255692411610e-01 3.204667777882951318e-01 1.707358287822230702e-01 2.763438851070197395e-03 2.746434630410084926e-02
1.000000000000000000e+00 9.983931407565982852e+00 2.631867712967029260e-01 2.344560825644017854e-01 2.476925625785686425e-01 2.411903663880712312e-01 2.288092910392220403e-01 2.250631555757402480e-01 2.046749422623710957e-01 2.341986891965186224e-01 1.558139717041388816e-01 2.218810419640354359e-01 2.338983744615519833e-01 2.635480377486671411e-01 2.801407992338308950e-01 2.890788972246225441e-01 3.001330536720270281e-01 2.300058694402895010e-01 2.464112349811380387e-01 3.201591809390062493e-01 1.718273863412172753e-01 2.882521034242042229e-03 2.667852683366254973e-02
1.000000000000000000e+00 1.058112483791363090e+01 2.758029686872661146e-01 2.426652241922051811e-01 2.268815479089791864e-01 2.432126823032730589e-01 2.340236764108861167e-01 2.279114383801270904e-01 1.991790828684166514e-01 2.373383538280151861e-01 1.584169693328866257e-01 2.236144893051686677e-01 2.282480796142353774e-01 2.588196316182220236e-01 2.755646406489972167e-01 3.004065098028120273e-01 3.127381082864988393e-01 2.288256928342116692e-01 2.509417693748263178e-01 3.173270120775718017e-01 1.706045367525681478e-01 3.080686760369315703e-03 2.785370385301919050e-02
1.000000000000000000e+00 1.081414283852017455e+01 2.676089590919521477e-01 2.550980493983840414e-01 2.341245972628268612e-01 2.337055535756219771e-01 2.526449864269546541e-01 2.046711399589488944e-01 2.118854140171653466e-01 2.343824437574710262e-01 1.694230731069280849e-01 2.350028893205632907e-01 2.275376542894662069e-01 2.552167294632224359e-01 2.763322503165372424e-01 3.004070804144257645e-01 3.072637995740373218e-01 2.165924102793199690e-01 2.484945094973562418e-01 3.207165217190778850e-01 1.698197123755904314e-01 2.929762448764818526e-03 2.808728644489281653e-02
1.000000000000000000e+00 1.107206598438521539e+01 2.699719262089557703e-01 2.646569907117773957e-01 2.365120672517452005e-01 2.449289567112044597e-01 2.618228526396952915e-01 2.112790747141203018e-01 2.145775424343299154e-01 2.274592013445777272e-01 1.673390063987162668e-01 2.221599702331687742e-01 2.349311360671659243e-01 2.659548715138855268e-01 2.770683590987471634e-01 3.121105808181933172e-01 3.053935512473163749e-01 2.125946397540791344e-01 2.586936563587801108e-01 3.393969581262200608e-01 1.733475448164512600e-01 3.116241003126790123e-03 2.869663109268519308e-02
1.000000000000000000e+00 1.044413591085974069e+01 2.635555654411504412e-01 2.502588741836422326e-01 2.445773450811580541e-01 2.405009056498011444e-01 2.573361944674638635e-01 2.177520316820033830e-01 2.228520687487478835e-01 2.340380631974316450e-01 1.641436571271102374e-01 2.265456912177015447e-01 2.320940094067744097e-01 2.594930803236167316e-01 2.968341220465841035e-01 2.888748413941462090e-01 3.057823286465198298e-01 2.197878085160294148e-01 2.497997400047773930e-01 3.500945511342680172e-01 1.734388616566385211e-01 3.006149080551854744e-03 2.916943867326754827e-02
1.000000000000000000e+00 1.057494390946309437e+01 2.726857664040087670e-01 2.311022108695317268e-01 2.500856484580835093e-01 2.516176463378624883e-01 2.548362616744026532e-01 2.140624870885068642e-01 2.168247488440273318e-01 2.175012938197207479e-01 1.659936702626526872e-01 2.294994487884695900e-01 2.366132941445278082e-01 2.561065752987245481e-01 3.006689139552273793e-01 2.964152120875956364e-01 3.048144195053627548e-01 2.122983419324306065e-01 2.411918794841774738e-01 3.426563187471932115e-01 1.725618844627853088e-01 3.181709252097383346e-03 2.901944922781266034e-02
1.000000000000000000e+00 1.466192490642547064e+01 2.715733505735867803e-01 2.417749179361137202e-01 2.464593649187627189e-01 2.583529794305762795e-01 2.516847407652096913e-01 2.074246402713518511e-01 2.084993315209275333e-01 2.195514363383942180e-01 1.714658234364898337e-01 2.378604346918497536e-01 2.393035381342349666e-01 2.500248341417903863e-01 2.912294878327381653e-01 3.023480112445671164e-01 2.987238419840684833e-01 2.126436149731846526e-01 2.477380977964401820e-01 3.449568180565794617e-01 1.731806090905268214e-01 3.060957169068619782e-03 2.854686468909712130e-02
1.000000000000000000e+00 1.656595426634030588e+01 2.610070941851909132e-01 2.452133961475909396e-01 2.520079707744639075e-01 2.546682457251095433e-01 2.617878590552699114e-01 2.164161469789935843e-01 2.112315351115235662e-01 2.139841978245704268e-01 1.776695805769202274e-01 2.286943961559818328e-01 2.500750668023624113e-01 2.568693171863117852e-01 2.904873947238374998e-01 2.919854447915384843e-01 2.948060393294400505e-01 2.266074364665517094e-01 2.633986586323711077e-01 3.406213350869191081e-01 1.748457428186780127e-01 2.974573519690412553e-03 2.868396324576381537e-02
1.000000000000000000e+00 1.667321702940357753e+01 2.612496083420139947e-01 2.285579677672526788e-01 2.526335701254049937e-01 2.581349768860328187e-01 2.627644591319009959e-01 2.124413580282482616e-01 2.152694092042157781e-01 2.264624939797074410e-01 1.845607491640590958e-01 2.398144359843059070e-01 2.395612793353029402e-01 2.603054495791531919e-01 2.848829895947330715e-01 2.989335993137559599e-01 2.937635044781295446e-01 2.114609497581889930e-01 2.661561759468275556e-01 3.507961798474112936e-01 1.734908281474420721e-01 3.200773920886622673e-03 2.834763384610838877e-02
1.000000000000000000e+00 1.288716911442186941e+01 2.887191774169745040e-01 2.300814443110587859e-01 2.529121332818314305e-01 2.474289945311058669e-01 2.649096241667234786e-01 2.137176978424246143e-01 2.163486663700135981e-01 2.220459771797012039e-01 1.997534186181100790e-01 2.284342935556548382e-01 2.427128108553523178e-01 2.555617250753850489e-01 2.759089739878134440e-01 3.100140662659507940e-01 2.912810604916527546e-01 2.077086203015086896e-01 2.746951195050941208e-01 3.396452103004395928e-01 1.744671386704370331e-01 3.407507587464066699e-03 2.797149532554602316e-02
1.000000000000000000e+00 1.060659792398814538e+01 2.773696178413486146e-01 2.341048703422541621e-01 2.599891337054259233e-01 2.437901867772003794e-01 2.584514504966738957e-01 2.218102458384611231e-01 2.162457333940570325e-01 2.264034868758135755e-01 2.005195464833206820e-01 2.272912583709879031e-01 2.414947378458775218e-01 2.561756280611366954e-01 3.011959862721717007e-01 3.290016923755742506e-01 3.083502777733634348e-01 2.085948285263807822e-01 2.788890396580699371e-01 3.501556889372590131e-01 1.764758492364836007e-01 3.375264730077322597e-03 2.673071343934397062e-02
1.000000000000000000e+00 1.167870266948397884e+01 2.797122111384660603e-01 2.263947895917092779e-01 2.534125174504327505e-01 2.413692109108964146e-01 2.540048341112979280e-01 2.259554237382102315e-01 2.113398620974571429e-01 2.305628449358009258e-01 1.957577921513718178e-01 2.106543999853403848e-01 2.384748406197110260e-01 2.708605857249410387e-01 3.026310208028746285e-01 3.175545572608640121e-01 2.967908780602447893e-01 2.200347906387961627e-01 2.903158278034623785e-01 3.449594389557859575e-01 1.780469079392594522e-01 3.343941297018280211e-03 2.721343908737047790e-02
1.000000000000000000e+00 1.215097308017484323e+01 2.848089830253309751e-01 2.346916773585833171e-01 2.471129621705190627e-01 2.464775815170213158e-01 2.607666227100319256e-01 2.290558614962886486e-01 2.290714335456628947e-01 2.403665150676754236e-01 1.871875928765875663e-01 2.198968757562072551e-01 2.347600769345418448e-01 2.728409933649230124e-01 3.021095234457004675e-01 3.260412707230150309e-01 2.903251248379884464e-01 2.241915654387845458e-01 2.885600649735495793e-01 3.271350010089146831e-01 1.798843259048386045e-01 3.451722681708597942e-03 2.614199944451074675e-02
1.000000000000000000e+00 1.096262784813311342e+01 2.868097832081165643e-01 2.313924666323896595e-01 2.481038738859750459e-01 2.410058398279827929e-01 2.666263218491555231e-01 2.390226660254512192e-01 2.151527431884385499e-01 2.307527732175831403e-01 1.839415271952089814e-01 2.249896509569146441e-01 2.443215503425531787e-01 2.692347330709558562e-01 3.028155655809264268e-01 3.255491354116540892e-01 2.900792824051324215e-01 2.187646821845443956e-01 2.815225486523110776e-01 3.349366380964177714e-01 1.786799704054996829e-01 3.399409649782962617e-03 2.482691748683381328e-02
1.000000000000000000e+00 1.028428281914809617e+01 2.801872708962648839e-01 2.442352154408936049e-01 2.510972759484659811e-01 2.384283863442560880e-01 2.650846564584924403e-01 2.306694394621974509e-01 2.250572806084603084e-01 2.261584930783726577e-01 2.008967404701167414e-01 2.344618721984149390e-01 2.244088411522615067e-01 2.612737358697381218e-01 3.026463029782843761e-01 3.271465960875337697e-01 2.905333607325839007e-01 2.215887928791643036e-01 3.007675643485607786e-01 3.388991681184360116e-01 1.784669509457460779e-01 3.337804073944082833e-03 2.642127005742643878e-02
1.000000000000000000e+00 1.331246887325520056e+01 2.826275319893155613e-01 2.535050801994734870e-01 2.609741272721589622e-01 2.197068838386766754e-01 2.870602086681759424e-01 2.186796826203230293e-01 2.341791973937121796e-01 2.312990728379358540e-01 1.922894092431949864e-01 2.350975668197540225e-01 2.250919574144309987e-01 2.566992142282165656e-01 2.977719272894077118e-01 3.306003778907197210e-01 2.913866545796907070e-01 2.490998697557259001e-01 3.049167501974822669e-01 3.588623082018249089e-01 1.786079164573503297e-01 3.154425933983896497e-03 2.408188496508282053e-02
1.000000000000000000e+00 1.344284994829861901e+01 2.860370551594634825e-01 2.603719263160743647e-01 2.607493859338610442e-01 2.197581979518886119e-01 2.788986066413323694e-01 2.066847896544732888e-01 2.328076125703449351e-01 2.335150479895355402e-01 1.933198742314168883e-01 2.347304593946391293e-01 2.360200614123570406e-01 2.621221114075155678e-01 2.989115585509022899e-01 3.256011948701779679e-01 2.721477143996116066e-01 2.549361800632518049e-01 3.001729269963986368e-01 3.602689562763836673e-01 1.801954571465649579e-01 2.972977463908562084e-03 2.485527996278334359e-02
