55.581724991771054,0.23356404053546762,0.24967334193483287,0.22613685813612824,0.2260571514937838,0.1600326102519929,0.22400066045319772,0.18158785021286086,0.21851197115935894,0.15535246264037356,0.1547735820076776,0.2056624689128157,0.20887835663597987,0.26778920578273424,0.2956896541779953,0.1909269608041293,0.22817778444965905,0.2508293201899849,0.23933789768420274,0.15400939918179618,0.00369634518818226,0.027712213511248477
33.937515447394034,0.2598967383999912,0.23905594921706025,0.2423743263945946,0.21741260159385475,0.22484730783380993,0.2076287931014647,0.2352812554646312,0.20893425042919836,0.1902715433476014,0.18496377230276845,0.25751714612792076,0.24901571835709674,0.28364149965169716,0.3081006189006744,0.2520427338944533,0.24318304753620962,0.23287963467343958,0.2436382593360506,0.1665303981540129,0.0034068866645597814,0.02733504971452491
22.925303724058185,0.27094049577346,0.24541119691615662,0.24553036095117473,0.2078541862456008,0.23162166134551368,0.20570328733885287,0.23294739240869444,0.2132250799895124,0.18907318874770584,0.19245031642719287,0.25203603586305623,0.26177912434328704,0.28104619043048856,0.3232857433170492,0.2540623752429773,0.23837623773946964,0.2298871866312454,0.2499028358856929,0.1717418647715653,0.0031582592788985875,0.02763678477710834
9.125258505475507,0.26840849556798274,0.2545444451499163,0.2571108912713217,0.21634783416196984,0.23560560656910387,0.21358408766896908,0.2450721887145059,0.21526451234001998,0.17162614383950547,0.19404204859463417,0.25591517245693923,0.25768489823764196,0.28618271244382404,0.32883528464556877,0.24601117291717278,0.2476403845446872,0.24078248554713622,0.2569070626243972,0.17189639743897356,0.003375806407387719,0.027825137759083608
9.74468433094438,0.27315104305945564,0.26533863194766866,0.25737697181469443,0.21828437667799064,0.24850720219336533,0.21444720423649022,0.25264510485833336,0.2032855613766983,0.1789149101912972,0.19418887119294623,0.2533529765067327,0.26363525503191493,0.29252822047623933,0.3220101564621263,0.24285879664710436,0.25231765335117073,0.23605575922833077,0.2648049416605007,0.17561938053012058,0.0033817665454677465,0.0262541086267068
12.290640404643913,0.25871180389657067,0.2814889669706577,0.257093921524836,0.21252779752154782,0.2421426775831086,0.21500487819408737,0.25540350243695986,0.1934575025402625,0.1839735635457982,0.1959196365982169,0.23936920453303262,0.2615356263293194,0.2910466001758488,0.3262766457806177,0.23846122369574968,0.24816020076711237,0.24362577101673233,0.2767535442719047,0.17382354310727283,0.003334856879279555,0.024728889202851975
11.822852595839112,0.2656076648279115,0.27565841028522897,0.26154031460427546,0.22189530848533437,0.23748901773200334,0.21609343628259461,0.2550232069248062,0.18416809366593723,0.19400414993578685,0.19166009689788796,0.23435318975950623,0.282789069654626,0.292652443033944,0.33109763378030455,0.24844290769471028,0.2639612416765432,0.25585051491364125,0.2753162540439231,0.17400016322321152,0.0034306027443648003,0.02511760425926132
11.27484798101872,0.2561699464749893,0.2771053877997108,0.2568707083812329,0.2150153523672138,0.22813549039361086,0.21946445574519455,0.2555976646220117,0.17193578958894043,0.19752970355087002,0.1818682519665163,0.2352837820877123,0.2796483092961215,0.30180654966473636,0.33646850083164087,0.2451867281498364,0.2611182753819143,0.24802515771273026,0.2669318034742453,0.17349191236659886,0.0035716064151632074,0.02588829875116933
9.846295158464525,0.2627054599027711,0.275669066570426,0.25511185830611993,0.2216075636926269,0.2264248248594084,0.2158343390563665,0.253615499378603,0.17998156395837145,0.1959903049032483,0.18668467832877303,0.22418878774159615,0.2841926901906638,0.2855543770317657,0.3142343331868431,0.2510019559145308,0.24077212307828672,0.2744456357929953,0.2694814104522557,0.17351327134365405,0.003675918474599714,0.026330422224213577
7.253719744139363,0.25619047278383994,0.27840526195623094,0.25138563054518015,0.22841207584142226,0.24039876266482915,0.2281119565708139,0.24328049058893617,0.18671935631092268,0.19638642199854503,0.1932946040750646,0.2266309297010193,0.2658590691791317,0.3003955797465219,0.33208005811120717,0.24599721415027762,0.24568229097561187,0.2773699041035443,0.2637095992029476,0.17294627518452546,0.003806621899134376,0.02635656654835989
7.017057886051147,0.2601308279424512,0.27455078636164526,0.2641520284973229,0.2218550503481519,0.22882388024883893,0.22926240579326318,0.2327074863705208,0.20044321664394824,0.19552617981235743,0.19723173667757438,0.21862591289470282,0.2517208554080676,0.30644344750438846,0.3305422805147641,0.26053055426778754,0.24756448341981013,0.27425968077461477,0.25823055195004135,0.17208621068791663,0.00363067000525708,0.02684648362539606
10.19612309785709,0.26647014065376584,0.26108853797303105,0.2520440282306274,0.22160148791088305,0.23291129431230412,0.22913147195403158,0.22717430651969753,0.19836690555173223,0.1989755263376321,0.20136436600133106,0.21424903764668415,0.2482923488621388,0.29162130959318044,0.34357256724802226,0.2661081183794547,0.25404803035713414,0.2768671844197815,0.2621852176827162,0.17040488600014428,0.003941852236134291,0.025791060226465386
13.21947814863664,0.2699869641745361,0.24379918198018954,0.2569782893934297,0.21572499584025803,0.22314185124954322,0.24086022655072944,0.2194487319913392,0.19602057307496745,0.2056562323496806,0.19789541242253542,0.22006123551314954,0.23739300763662444,0.3025172374983972,0.32733283091401566,0.25498464607281945,0.2524022921090148,0.2697707093825382,0.27653369375160475,0.1690653554435284,0.00399430555872046,0.025996655456404005
11.925762902372128,0.26355490697244455,0.25310616575022044,0.2566195591588154,0.22517832489047884,0.2309607877551763,0.25289420892814046,0.21744581149204845,0.19550881605613996,0.20651378948603508,0.19133710123175499,0.2212988682822132,0.23222689310603717,0.3015784694695096,0.30814586096002744,0.25787570254522557,0.24848281099579594,0.25705268809501497,0.2730432159082029,0.16934792132930548,0.004152149657660821,0.026297256066680902
12.590901345177075,0.2644590688802096,0.24827753880155704,0.25378714104863875,0.22470988277745843,0.216238768436751,0.24893869717973136,0.217459857252448,0.1935200780613599,0.19253012689260596,0.1964557227008245,0.2277949765077567,0.22289691836693676,0.3135878293188532,0.3057294418361846,0.2605244212694427,0.24937130614591488,0.2625696998545406,0.27686650963678466,0.16804313437092308,0.004090674703470582,0.026779349647592286
9.081170754064923,0.2676416811338459,0.2438892572261474,0.26642207027935266,0.23222114818938547,0.2143762431934826,0.23659352621771637,0.21728150222804898,0.2016850843611424,0.19329891048232273,0.21278465355682863,0.2395135475289841,0.23306154205472288,0.3070975832340033,0.3065931639593146,0.2652555547245691,0.24352901296053164,0.25641996014198887,0.28086960746106454,0.17152698127279684,0.0039012721271826623,0.025710808375561747
7.80909420306032,0.2679330652716513,0.24448687825292226,0.2701053074579696,0.24040736389807177,0.20911121096060625,0.24277773227075303,0.22206619360086458,0.21222250417499072,0.19501753810969988,0.2069649164498225,0.2412547846109018,0.2252011904780621,0.31383447112297974,0.32037808643058213,0.26629244841332217,0.24759196323486354,0.2542054418686172,0.2863101501914984,0.1725411396722471,0.0039048638489932418,0.024247552595950208
8.576677656595255,0.26603000955747413,0.2393463436937384,0.26132648588518204,0.2534749925147406,0.20070750278250454,0.24591413599262643,0.2198985248440659,0.2179781310450635,0.1983803676250404,0.2062860405786154,0.25626534303660403,0.23700959052446396,0.30746029728728314,0.3231504250256463,0.2523847749437975,0.23348888750248686,0.2559441188915798,0.2822791504345141,0.17447600902700933,0.0038522035770610238,0.023008277105416232
8.277248977822815,0.2749579224665592,0.24305771915035512,0.25898821834013147,0.2593819820004891,0.21034156462626766,0.23924714324187613,0.20878340990592587,0.22174574819991016,0.1980530910714727,0.21072455800672474,0.25412549509767574,0.24359530510082975,0.30881263579845264,0.30648154458074195,0.2514947397808806,0.24070332694961527,0.2735219199413776,0.27328815492480035,0.17425588610195825,0.00389873344524668,0.023018582919412233
7.082917764665913,0.26985989305458435,0.24386485201026983,0.28192245921538905,0.25421417571510596,0.21134846149229003,0.2287966613702522,0.2092127161862666,0.2251830492359631,0.19836140330021435,0.20934375785642267,0.26223249195622195,0.23163727548138754,0.30323804796699005,0.309777883366984,0.25617894124663076,0.2528867315247261,0.2693603009008905,0.27351733516693416,0.1755978604716711,0.003590571833393084,0.0235693175977733
10.23998357014004,0.2684066018915178,0.2361113375655157,0.2660805437800434,0.25587397490975683,0.21090756942132227,0.23064728313472957,0.20041955442097478,0.23140046016230748,0.19347028652387485,0.20582311562921787,0.25205124114053756,0.23336138835837983,0.2900571631832732,0.3230982317355759,0.26295541065113476,0.2658097715984527,0.2805243480158707,0.2910130087377659,0.17296670399804764,0.003859722953135344,0.02392525551919623
7.724861902825442,0.2647520883616197,0.2442220624144479,0.26488649701496764,0.25222386445832706,0.2185591221043772,0.2360513448641523,0.2039308833563217,0.22620763810193367,0.17581750421379722,0.206740153777931,0.2636165788679776,0.22925923322859726,0.27460057661768855,0.3423812457741807,0.25266849762606525,0.2683392154982949,0.2759860878458835,0.2801968501775917,0.17486890016233003,0.003765257558466559,0.023872029091645573
8.00341365705954,0.2647517148401055,0.2504549525705534,0.2705617461167666,0.24176284331256198,0.21829254751635294,0.24168210257834538,0.19018450220853708,0.22715645243545102,0.18318073442519323,0.20166728495050718,0.26388224300362695,0.2232675222372447,0.2808336833441108,0.346795378342267,0.23979390237049045,0.2584777925619195,0.26591101625539226,0.2806444804523294,0.17380877547378215,0.0035853369625234712,0.02317120807977003
9.350102715027058,0.25718462068180015,0.2558000903620672,0.27940575843078125,0.2456981539106887,0.22435470001206104,0.2402406169360248,0.20389479406194072,0.22341026873680814,0.17724131795735237,0.19321359605264357,0.26073039019958777,0.22461438105073514,0.2768725891582952,0.3363951172089953,0.24297523290064268,0.25436291333957106,0.26828894016958194,0.2806587454324572,0.17547715608055894,0.0035222990744866937,0.024518799860991522
11.316739193548635,0.25699920649748964,0.25023771666455885,0.2726786306623187,0.24831336013416802,0.2111388039878286,0.2452815653285441,0.20724891157854894,0.2312912979739533,0.17587524957303652,0.18181322720954435,0.26411650287256405,0.23234663888075524,0.2921227661016607,0.34852232564533314,0.2404365048160315,0.24418691429280806,0.2794464573202217,0.283001922941087,0.17228531602717834,0.0033142205421110163,0.025088844059825866
11.082032296467226,0.2523274577801816,0.2582413066750467,0.2752960701002909,0.23647130611917563,0.20328490686388487,0.25075004190510075,0.20546500049491584,0.22928389899384613,0.17798795409317467,0.18507966413768207,0.24668033125256061,0.23156448551434308,0.28349434036823695,0.32605041321846645,0.2390023301536465,0.23956802996152257,0.2768542980446091,0.2779873378971932,0.17370186880091057,0.0033687028917507244,0.024935935227318975
10.517522824634192,0.2517160544129851,0.260079501922011,0.27001812158725946,0.24505573725848367,0.19035778782736457,0.2453400905120184,0.20722398954582608,0.22309002816730816,0.17884654865856,0.18002681955629563,0.2559159246805173,0.21661607399564478,0.29319308885046347,0.3222910603302119,0.24811849896462643,0.23067962406716883,0.2810773331901106,0.2833789659328685,0.16954330982146606,0.0033264902091542834,0.02621509933572063
11.65462323648475,0.26149376702051735,0.25515389362494834,0.2522379618031458,0.23981505951721108,0.18390399558219328,0.24714387573661967,0.20103639188186626,0.2159854989938354,0.17604433046773454,0.17458414849302026,0.2561228657813579,0.204919809690473,0.2982275952314343,0.3150350648039292,0.25685957570364076,0.23173040548640086,0.2737393497430013,0.27910282462337843,0.16794309111568378,0.0034598507829342296,0.02660453920448452
10.449098433872974,0.2600094739312955,0.2477671757441429,0.2564745976019107,0.23642122435539556,0.19270772944626258,0.2430610721442586,0.20962421299922873,0.21982004333152005,0.17435414780372877,0.17414932978016467,0.2520740642803896,0.20070697658228753,0.3082997352155548,0.31237264605089377,0.24995573002525157,0.2320965809153985,0.2718134448920984,0.26941520579572975,0.1672748773872316,0.003355295680844011,0.02742412130416602
9.553929544490364,0.2647650685211394,0.2523114546239119,0.23201698400980456,0.23454772523725925,0.19762882480927424,0.23855193855690943,0.20723435698489315,0.2179790594041017,0.1712684815222892,0.1707006732994351,0.2550250800500716,0.2025296578004029,0.3279794182962206,0.3040276116093085,0.23607644584343723,0.22307966135523505,0.27321971125399314,0.27192321757649546,0.16535660945322433,0.003341659811101084,0.028118589568319176
10.065518488473458,0.2611573698911344,0.24452863996208493,0.22392812709921803,0.23140947241365495,0.20482151287689296,0.23897708044179441,0.2098087300613313,0.21250522858677517,0.16983661713363768,0.1747222682577947,0.23522904862605598,0.2143663758880415,0.3244385463633336,0.2884434199377272,0.2332979413380049,0.2254410323789661,0.2656422777544779,0.26766837545648514,0.1664994585692157,0.003324833117445369,0.028872751308913418
10.3508374763871,0.25961090400721687,0.2376304511014592,0.21970369279895824,0.2311074276120553,0.20481918771007684,0.22610618455693635,0.20698955328806978,0.20360040661042303,0.1757316128295245,0.1727110652382354,0.23299033361424298,0.20858598744531792,0.3177525344625164,0.2773154344062246,0.22507330797137265,0.22084940659063956,0.26146882135770066,0.261757391787443,0.16247562523899411,0.0032968888566935555,0.028601838611256244
9.845394882432773,0.26068341200821904,0.24184184654674382,0.2307744587863142,0.22582458376114023,0.20401116115851695,0.22736237441553406,0.1963769545911186,0.19588571149030595,0.18243762819790385,0.17678614584612168,0.22878306531847636,0.19786825691199275,0.309300258945325,0.2858932194784025,0.2292958075768009,0.21286970082623974,0.258890003679704,0.2601772842203051,0.16011903398199326,0.0032697266909063718,0.02900186160045456
8.803773686237163,0.2624268400804594,0.24454189039686378,0.2152033401224657,0.22458926369008253,0.1983056340137102,0.21474265654500513,0.20077824080017218,0.18774512789699335,0.18847825148149758,0.16800244714290877,0.2181546490792055,0.19232852040574175,0.309261907874483,0.2778629411821182,0.2327131750520726,0.21118578294997095,0.2650975614784168,0.2491244014409504,0.158692483625691,0.00320710409142324,0.027934547752576484
9.363622109556042,0.26068566136762955,0.24551657590147644,0.2202819841153789,0.219434579562181,0.21333755994026124,0.213527953740595,0.20707595825698266,0.18554570831612205,0.19261745732608182,0.1671838900993803,0.21441000033423754,0.1863062799484418,0.31913006197082666,0.2912691217133645,0.2364043883129756,0.21318257627228243,0.271664643735161,0.24981182930374116,0.1598180770487221,0.0032061251743027933,0.029504130897013328
9.983293089282649,0.2660196023665643,0.24404770320502545,0.2160007389463821,0.22769881231401543,0.21423556338403915,0.22069531092253356,0.22012597456554034,0.16924703954970935,0.1837995452239143,0.16460387643064817,0.21769251604834083,0.19087440196721614,0.32551623620558134,0.2806472939812864,0.2370166806191774,0.21057539520117255,0.2677812411131293,0.23739067028209404,0.16110043948982972,0.0034295670096510652,0.02852192297060543
13.929030127871924,0.26834011756253817,0.24723901310736948,0.2188531118172076,0.2260420147068103,0.23123941249017352,0.22351668110766587,0.2331627607914589,0.1770524601471105,0.17594956384372662,0.16396080381801137,0.23144980352383532,0.19733133652820656,0.33121870316822316,0.2613378114190928,0.24683180351924405,0.22503999506341435,0.2651944451249625,0.2523401898624953,0.16561764404252072,0.003433626839293814,0.029653401249545904
14.634899940035769,0.260249729020726,0.24466601571513946,0.21661621825350116,0.23112084187290577,0.23796515201679422,0.21479764437748353,0.23175989327726262,0.17950344428893855,0.17057976120341112,0.16413340540391833,0.2358900111015739,0.19636582760459997,0.33407439768083036,0.2719093215321941,0.24260986642976087,0.21301089465490136,0.2623396841030902,0.2695281055610256,0.163672172011621,0.00334003907322608,0.030005312095613086
10.642044111413133,0.25426415034992206,0.24736956317306513,0.2164607756655356,0.23711886493234818,0.23076712296452132,0.20948353058652713,0.2138718279629606,0.18917308411286946,0.16972296530054193,0.178992383831883,0.22514770834290487,0.1786448454459254,0.3504431396234187,0.2800936635429721,0.23801699397430984,0.22138741326876568,0.25299965333360624,0.2797554662352224,0.16285280178577705,0.0035052871313147574,0.03007557133094202
12.950535855020027,0.24464873202951384,0.2456065246728518,0.22416874537649228,0.23026309064042141,0.22308012649944792,0.196012997576978,0.21021713299780956,0.1878893430505997,0.1694234021239803,0.1818838949559114,0.22282760946135055,0.18667088691268294,0.34370138388765914,0.2642849932621472,0.22530275428891025,0.22435755711622937,0.2536922230979572,0.2746271747842645,0.1578831136962267,0.003321387234493924,0.029998766130370842
16.01349984027677,0.23632765028560038,0.25356722394497083,0.22153774738293955,0.23814680090880458,0.2075571311990295,0.1997936539338347,0.21356654077129436,0.1917743101680337,0.16506658489507828,0.18425836545371455,0.2180417262717172,0.19279005801679353,0.3394697565027728,0.2763379376815083,0.22523668830722643,0.222838842727465,0.2603094997725052,0.2793079609393496,0.1595523014193326,0.0033112831800912687,0.02845946192293798
10.89304049052971,0.22873499789916862,0.2620748585863096,0.22092858840200125,0.2558823827500548,0.20082387082641298,0.20283575341164517,0.21954209624407217,0.1911709713231727,0.1614257296655119,0.17057619428826848,0.2185139251393916,0.19896104946175827,0.3304744364510478,0.2900154359060662,0.2140283214120186,0.22264406764870223,0.26048591653747327,0.2764975049389572,0.1593290130115812,0.0032032105368643552,0.027931368106132882
13.1131546578219,0.23762744142236025,0.2603329783059438,0.22495621384952344,0.24491816637463834,0.2073238767080661,0.2084483108110259,0.22033498090515646,0.1887822710654565,0.1705682963442952,0.17508929215611904,0.21556132124805472,0.21292346120826341,0.3349824278972468,0.29320368200668656,0.22368869349968418,0.2103618068500428,0.2753219713079643,0.29258734217181565,0.16122419808732827,0.003184631012648857,0.02684495428291017
12.933813301704104,0.24192423902203414,0.2541983411705785,0.2319261795149281,0.23805644428760742,0.21746379059791646,0.2004873194810949,0.21809122216801843,0.17595573954089871,0.16940774548092224,0.1855052865287286,0.21027721520343853,0.20970130002741677,0.3378362869265318,0.2773207462753036,0.22022291758722753,0.2135444411527265,0.26635409948327576,0.2908842121819161,0.16099383612288623,0.0032244171581399263,0.025798890712044324
6.394935370106731,0.2451958739818676,0.25107502412185956,0.22969229527323423,0.24797138095949706,0.19628268213938402,0.1975354332062756,0.21002806921837033,0.18175729553676945,0.16873318428062165,0.19393724735704881,0.22581144540792283,0.1864940346524742,0.3421511056696993,0.2979835464300992,0.22399339069663357,0.20875592990680578,0.25765384642529493,0.296477894983247,0.16007322148696193,0.003231679021520475,0.02573440857935296
9.472100683694531,0.24352071671187253,0.24218023382576134,0.23382120773664733,0.2559615389575045,0.19385063041199435,0.2026314129912793,0.2140476874712944,0.1713985248301138,0.1790014767671436,0.18370014859607395,0.22473630119109886,0.19043993359391617,0.35597330955549256,0.2958280715990531,0.22628340887533047,0.19423994500747285,0.25065620065935523,0.3010051315171372,0.16095877312885887,0.0033994348405655293,0.023789904349301887
11.998244124206572,0.24689410754636923,0.23654663243846102,0.2439055567579581,0.24788842087906426,0.18941806192471083,0.19845881992276432,0.21234174619490354,0.1818836963768561,0.18112403609759314,0.18556796168833428,0.21773497412996892,0.1898295354585308,0.34316171061636846,0.2886515469863464,0.2394272599560494,0.17973494130429807,0.24834435031269708,0.2986827242504225,0.15980812336177777,0.0034477519378450427,0.02389670009444501
11.10786217510417,0.25094134172026883,0.24178440368300425,0.23226917178464318,0.2507796071652992,0.18867819518452983,0.19606889388831758,0.22456484227872553,0.1854881482404073,0.19010881820723638,0.18547725361833337,0.21386919096744064,0.19104805400000532,0.3523631397948641,0.2926811605216325,0.23944117494520165,0.19935443246966375,0.2405109922016375,0.29048968986117885,0.1626373942536469,0.003526303121692045,0.024768320852773463
9.778416661085764,0.2516649508786739,0.24825014848906948,0.22386577364028395,0.24621601346159666,0.20601472295131648,0.19904602444427438,0.2228393796234731,0.17806061057733596,0.1959175096034597,0.19025580770300865,0.2061180347379346,0.19149945965490994,0.3296791162232736,0.28051505962634166,0.2553486033560788,0.19801423315327324,0.2380614383028562,0.2773436467015217,0.16078810643986197,0.003625116734111033,0.026064655159495943
9.529224121994059,0.2638855733791016,0.23008523118111415,0.22073086278925313,0.24774544652562422,0.20005901225314385,0.20399706601378748,0.22002443169095,0.1827740028338733,0.18831603284912385,0.19950070568574732,0.20770625146664132,0.19148974350120374,0.33647360787724406,0.26520355039643556,0.2556708266164583,0.19817530776582346,0.23883240954200755,0.2686377247614906,0.16027733731319768,0.0035870910950211964,0.02672186713931516
8.275764054244572,0.2571918338384847,0.2310106647561393,0.22665562580783233,0.24946857008567763,0.20134016423747475,0.20708360595269054,0.20973368091650477,0.175656697735876,0.1840347206502103,0.20117554092085926,0.2088417242530418,0.19237608758733907,0.34934331399825663,0.25190786097332235,0.23970612451860496,0.19366060498685086,0.22753691110171503,0.27442298428044165,0.1587577825031068,0.0036861599742609545,0.02666056217381535
7.754309390171413,0.25714478205862906,0.24717225257680053,0.2131661058411343,0.24924397308149915,0.19652763771949636,0.2055773374037448,0.226013728412418,0.1846144621250954,0.1809286410189255,0.18817755064626285,0.21271471119939162,0.2037146144452761,0.3447615911190811,0.26756122150662703,0.24356393768974188,0.18074708932977607,0.22980129268727476,0.25938593122032244,0.15849376248393507,0.003916362312786713,0.027090607714690438
8.195553564722486,0.25587922427522974,0.24435258984941316,0.21536419613672747,0.242098121477381,0.19838130309990937,0.19908492379684745,0.2266564064028714,0.1844014634873539,0.17834576642473443,0.1930217337396796,0.20620291731190638,0.21301511778935542,0.3438364161139519,0.25930987120586896,0.2382968126996888,0.20095647206392095,0.2225193333274692,0.25368122449784364,0.158620042540687,0.004044550992096423,0.025587220361576908
6.729552383458272,0.2500030795505389,0.2440784118559394,0.21504411329190756,0.24493338846560223,0.19553027181517219,0.20110510435608644,0.21615985809413504,0.18530566921683053,0.17407630916359026,0.1932063696173508,0.2014660339146509,0.20646704312811479,0.3490557348112311,0.25720755561997477,0.2455081705645249,0.21094481810619026,0.23167654217901704,0.2712224960783783,0.15904773235339206,0.003859192300963825,0.025266980338865465
7.352318567363729,0.25193509661212893,0.23782449592064092,0.21647393197729548,0.243799788402602,0.20429074484641088,0.20137218832529963,0.21799312683941352,0.19829289722154392,0.1821650632879626,0.18048939536999808,0.21337588813932734,0.2069169235800261,0.34289248388602506,0.26723154037429336,0.25643325781633175,0.2119079070979138,0.2264457692960724,0.278819435189526,0.15941860091708468,0.003930417939715493,0.02495160811514192
8.346471462772293,0.25121984204293424,0.24789965062387995,0.21679814502097747,0.24068443271271708,0.2026334646479879,0.20605616974540805,0.21910481305010596,0.19986877432290254,0.18301444814832035,0.1896395932718902,0.2224335553168143,0.219093384912299,0.327675540816267,0.24984951264179067,0.26905644550663266,0.21666499622203184,0.2374142546503379,0.28631120160763324,0.1615805186285816,0.003936758507496435,0.02401691516367607
4.6513106501201085,0.24446319622210583,0.24965137670218945,0.22771546696066694,0.24165983759891535,0.20189101920091646,0.2015854162178066,0.2159515343952856,0.19362410678882835,0.18169440404597378,0.17921602505363707,0.22180211231227637,0.21020110462998173,0.32897050940477174,0.25667196808557424,0.2621374397949046,0.21695032532931421,0.23223739483805111,0.2778580129755175,0.16003607383660426,0.003832609504410404,0.02422269718542463
5.432412769865619,0.25303921877171276,0.24986417905315855,0.2224869765571457,0.24128217262438137,0.20134156880118967,0.20193234854952846,0.2158973678752449,0.19472843232588763,0.18130528445494046,0.17944467006921852,0.23246437386248375,0.20056809231641895,0.3252962552433697,0.2635548782281684,0.2553911364664949,0.22456635843928693,0.24449846849056617,0.2895997198383261,0.16072141259218775,0.003911922586370717,0.024150103093971514
7.071511497686365,0.25057991373580873,0.24659576605504294,0.22760247688129165,0.23681074974341546,0.20179521245038165,0.2021288729615025,0.21486518982868602,0.2077909938357457,0.180450946732371,0.1733227531540793,0.22205901512318268,0.19652475806563924,0.3201822850691034,0.26663918832864747,0.23577566225918073,0.22244958495395425,0.2322159848448378,0.2941975791980083,0.15902801061421049,0.003986566873882735,0.02479320090296022
9.853926965943424,0.2522731384794102,0.2507196418557012,0.23590345571293053,0.23703705869782432,0.19931798729961972,0.19322672322391618,0.21893059594374603,0.20178282480554108,0.17538442479398716,0.1723300952678796,0.2346315549014279,0.20728135874101786,0.32046445325367534,0.2789215042123957,0.23984595127890498,0.22476233114315053,0.21940600811710556,0.301549968326643,0.1606330856495327,0.0039300213568659245,0.024975928626602487
9.21202878379696,0.25517547384719347,0.24843211396502446,0.2493765318828638,0.23050148116654817,0.20368159190612783,0.18771309826531996,0.22417140233868194,0.20358581024590044,0.1744337119134772,0.18029705051213363,0.24152433436698795,0.19877640885356546,0.309644417367139,0.27418496252811025,0.2439241729828591,0.23876525607001303,0.21716843190442553,0.30229619419827597,0.16233546888253725,0.0039361476248635655,0.025864621892197
11.488402801877244,0.2442265194788254,0.240698579967403,0.2623545254609161,0.2308123336079097,0.21935449243798114,0.19667318545639223,0.2186234156301427,0.20309290077299252,0.17938940698116645,0.17392196905207416,0.23354504203023152,0.20169891038210896,0.32446774346397333,0.2760201019722406,0.24618484177786265,0.23611138543959734,0.21896095526561996,0.3019536852982348,0.16103006133445857,0.004075677780177195,0.024914883477623752
12.985361435309454,0.25146816395817345,0.23340711584656126,0.24471247393007,0.23190827835611952,0.21649652610644768,0.19821256061576426,0.24218497390774715,0.20368287905797536,0.1773490650119546,0.169201192234676,0.24904206178242594,0.18990741867299674,0.33629429363582813,0.2667385319967952,0.24780304876156348,0.2223430557459847,0.22232684135391348,0.30014070785279545,0.16382988013277858,0.004060404226169476,0.024463734536280018
10.609201367953785,0.2558779475900677,0.24679398679215375,0.23780316896810488,0.24612909615675277,0.2138105183481895,0.19673270590076006,0.24853061081198688,0.19891186733938726,0.19158184353092336,0.17143269985051154,0.23760771235435094,0.19449716556418264,0.33299257701780516,0.26824921722322287,0.2509292115359563,0.2372673194948322,0.23050032587446406,0.3105476030581748,0.16525404257068566,0.004133805988183154,0.02380826156638605
14.986856235963103,0.24673456269260188,0.24645436700893905,0.2435910655430776,0.23895478274720577,0.21882234121795144,0.19322844622433225,0.24299714330874933,0.19796141164548278,0.1949544049994325,0.17651497540882394,0.25009728202433584,0.20470909207460905,0.3261963194414274,0.26145296212062513,0.24099892685693597,0.2349913195341484,0.22778250983636275,0.3252493264290025,0.1634775778073105,0.004171712376144039,0.02312661512788769
12.784382623474151,0.25784688222443625,0.23563306948493656,0.24174786727918182,0.2420965174608891,0.2240946850512504,0.18456708235863364,0.2412691876595769,0.19819390557568523,0.1821362627242368,0.18563263372724464,0.2448617543988863,0.19535074824612914,0.3267674586247422,0.27083042698320414,0.2489370528282254,0.2235448936834143,0.22804210682019418,0.3157667857866709,0.16385663738314665,0.004300875134521587,0.024247508224392155
11.686804548662732,0.2607286930089273,0.22582055909985882,0.22993869141852938,0.24269009003521835,0.23261959067246935,0.18898856956996685,0.22629292665925613,0.20008392368795586,0.18596535056062666,0.18620326039957524,0.24182423789573426,0.20152970841956264,0.32519097638261313,0.25442765166021925,0.2465695618036178,0.22511227825868835,0.234134498941684,0.32428726897767407,0.16102686581092485,0.004383156056518963,0.024194606549242038
11.736804622812144,0.24611746217658237,0.23255342076491256,0.24131761207183683,0.2401336749392681,0.24282867485029405,0.191280029413659,0.21353612170698597,0.20666496183704502,0.1813689774623815,0.17502941872952926,0.24164501408035163,0.21573608803114816,0.3351594812191174,0.25265259795506917,0.24620797010578535,0.22331429971638095,0.2366998390889989,0.30899777740248424,0.16083807046912127,0.004276497624816902,0.025073862449463635
12.139731215847478,0.2482740209368318,0.24030398424819485,0.24409130829660514,0.23607202883933462,0.24472419406246965,0.19973614132469136,0.224578354143444,0.2130513356402686,0.1851938183499781,0.17285368529733217,0.2471696077300747,0.20951108198138016,0.32647128290979227,0.24033339116067,0.25392887587028257,0.22344032855907645,0.23295258779516492,0.3111612787711337,0.1649535124741159,0.004074613946180828,0.02547561540739421
12.810257741581005,0.24710232482267275,0.23564012111360055,0.24926905542983463,0.23353030611048664,0.2443249939280512,0.19780792932199903,0.2269266045097527,0.21696093549404608,0.18482063949130448,0.16968027851560769,0.23479489420758826,0.22241904837872734,0.33982367928936125,0.23494153829338354,0.2674688915542814,0.22235518150556025,0.23341120716826858,0.306524788588271,0.16330981195361163,0.004090317799019941,0.02477434178554428
13.693789172422148,0.2497381094884636,0.24328646722982894,0.2560570123362259,0.23649282868842364,0.24978013037642788,0.1943446790969514,0.22717574985764402,0.21976571164674313,0.19260859696762306,0.1685119545996493,0.23212443342720132,0.23389655335911158,0.3489637619214226,0.2517040491693553,0.2665118057149425,0.23677386356304572,0.23891117897904354,0.3042741922584918,0.1643781288611231,0.004086792635639778,0.02402097024854558
16.34392547396205,0.25082055896041766,0.25066343070847524,0.24857200637351168,0.24372434485725825,0.2501345172859777,0.19148839456562378,0.22619573836035192,0.20533007265672454,0.19265545518552313,0.16068932383139808,0.23563728774213896,0.21933515024193373,0.34951185711377736,0.2676939099746099,0.27253768488858027,0.23027251807844656,0.2405071458551008,0.2967755724611143,0.1638669263618431,0.0041645059709593596,0.023453796336039823
13.766867366694163,0.2523038064108023,0.24059560591921333,0.2552099513832394,0.23610381123384955,0.24268323246576798,0.19515280792199705,0.22464344753536925,0.20704895044626678,0.19727568408360555,0.1680016390199379,0.24346846317401377,0.21039398966022846,0.3331191201136509,0.2548373592131341,0.26436600902043866,0.23931021470002223,0.2286630446671636,0.29246824463933757,0.16630026010109564,0.004077991226072057,0.023139061444716107
13.682496425962734,0.2437054697805535,0.2545105904269095,0.2561565651149616,0.2353212914061363,0.25278545574821276,0.2019427347896675,0.2212340567586913,0.2018881507197987,0.19669867506649116,0.16609463830416543,0.2400861457749963,0.213136326652945,0.32272028361177885,0.2617571867774982,0.2727345629687227,0.23315580510475045,0.21398873172203012,0.2868639538610886,0.16595693742236317,0.004232549315588525,0.024253685939166925
12.258770658548395,0.2475440386699008,0.2543389973667931,0.2516371983608125,0.22672300097360557,0.24882409181963833,0.1995795084466282,0.2309182966258485,0.19744670074295853,0.18607358040811367,0.18766639191726864,0.2422071904836765,0.2142612423313595,0.31707942379728893,0.2754410517681709,0.27038250638095773,0.23721189964644643,0.20779842695980347,0.2817547021209177,0.16488698047850434,0.00394133573158898,0.024732205121111264
12.005792840317604,0.24844878113791194,0.2597283017351758,0.24943580287403574,0.2247046824083692,0.24905017363208418,0.19434973703999903,0.21365812989378552,0.1888324620696664,0.19061126966803354,0.191664488131148,0.2639302614221288,0.20756693927160683,0.31826479144677045,0.2719149889069209,0.2601748548041929,0.2254589394506133,0.2089873947806493,0.27307414604528457,0.16545531751579082,0.0037689777019403207,0.024309111732866946
8.86816881961382,0.2528099205724474,0.2692667215383229,0.22966131278204807,0.2283923920788449,0.24182959714581734,0.1956102399165951,0.20724288518039494,0.19088241431169442,0.18201439485440207,0.1876827401878396,0.2417137212249829,0.21220218722824294,0.3170893119389929,0.2981768849430941,0.24402119700378808,0.22195307958434032,0.20727618558457336,0.26936912949327707,0.164100271341783,0.0038330644128302116,0.02365703572942883
8.177735657552736,0.2540799269937416,0.27262624091841103,0.21775580761898675,0.22693200958362797,0.23716175828084424,0.20402550614474055,0.21000930784231928,0.2018724468721395,0.180709363555437,0.18503095434807687,0.2231089739048734,0.20574945359706565,0.3179069413154717,0.3041035780203685,0.23951995995793324,0.22365494255018864,0.20470794847956705,0.272129759432055,0.16313686572434788,0.0037690638974254196,0.024039912678650348
7.880055771947474,0.2470794440657185,0.27794569634740107,0.21645498987230447,0.22012454222914407,0.23774614060494847,0.205255522305064,0.2185978791157758,0.1875486896071868,0.1756121152673668,0.18926179630434983,0.2118345675850449,0.20526596617975817,0.3164283016190557,0.2977293500259467,0.2384593812223426,0.23017091437701073,0.20084945173161642,0.2741247485622764,0.1610281502190765,0.003686620280020614,0.023994678609534074
7.711515838940601,0.24960484715025336,0.27832364475064064,0.21061378176196027,0.23450839283140357,0.23446357445103902,0.20190267188399866,0.20778902069805572,0.19474317658448587,0.18465520745110187,0.18377262528739002,0.2210325476469914,0.20291284403826956,0.3065130254804146,0.3023750748345133,0.24152779586268344,0.23096697560908322,0.21101580662385955,0.27493730585402876,0.16270550553566301,0.0036345759364369277,0.024564535106845094
6.6630675350926,0.2535729233704229,0.27076084999753935,0.2038652301912745,0.23445717831328622,0.22821425871980733,0.19374639758880527,0.215199386042802,0.19337153088570339,0.174520495228591,0.19089501080209056,0.22307835804705534,0.20365642037293769,0.292564222185627,0.30633438616167685,0.2291938763379698,0.24060209393736115,0.2021709479301611,0.2709391578714884,0.15964868315766442,0.0035696256914493412,0.025232565253915873
8.584470266225559,0.2576381924903526,0.25781278791754614,0.21754996377912195,0.24346862103558878,0.22506293597883398,0.2199473991950957,0.22965509426068165,0.2004150610237757,0.16859709884436677,0.19863296274525924,0.2248614135237617,0.21232370748613916,0.2932079554833518,0.31374613810121327,0.23417070817940933,0.24769173341838585,0.18917612012527457,0.289278873328311,0.16686741323773802,0.003413196940722178,0.02565565290032765
8.396446257112588,0.258874779360228,0.24967798274195296,0.2211859052016805,0.256873150133193,0.2147913033483689,0.22245609899277335,0.21478369753676316,0.20913381112291568,0.1630235641068462,0.19738332446787624,0.22381449994614108,0.20300592762808364,0.30243281196799143,0.3296056790751964,0.22610237629037808,0.25583686434963027,0.1902281689919623,0.29684020669510086,0.1651240117205641,0.0033715924063507036,0.02437736547332316
9.419583167897395,0.25206807593589836,0.24430539142986232,0.21954025278015474,0.25124754400971,0.21575563650649407,0.22253397781349238,0.20762566666767068,0.20406311814877867,0.16912603396104123,0.18682484113080688,0.22162329720278354,0.21614704030742138,0.30031601058471674,0.32361585723941877,0.21737611617461672,0.24944370786010503,0.19381674957661735,0.29064828821668964,0.1618965957383844,0.0033981474458386427,0.02509340725983174
9.730287347592906,0.255688109969293,0.23387662071025245,0.23647619722236105,0.24685582871300574,0.22316986444539338,0.22921125690173186,0.2039638138272081,0.2083540356310019,0.1707409258203934,0.1712123534745149,0.22730448460904631,0.22484073155336712,0.30091239711749224,0.324193975447135,0.2250608966047485,0.2483790480814873,0.20408904235619582,0.3002247035125293,0.16550415406070335,0.003148342647017915,0.024944863737504656
7.0902178991929565,0.26271979724201044,0.2315261047160144,0.22932574731092048,0.24669939509469133,0.21275197785000813,0.22362840075599696,0.19748201286207315,0.20725633039582594,0.17219469840539905,0.1666239980322808,0.2314238170176807,0.21859969159411805,0.3128854711055913,0.3244739574793004,0.22014935680248418,0.2523215929634221,0.2076833643803838,0.30357079934019576,0.16461765589914812,0.003168072653417002,0.02533008626869306
9.635165686719498,0.25209940897769406,0.23374881062548017,0.23003768583779954,0.25805264475582096,0.21620924737526623,0.22074020733471597,0.19261800064142356,0.21264638581576017,0.17222917731425358,0.16335648916178355,0.241941018208056,0.21072982152549466,0.31116864117506426,0.3375511366840012,0.23023686629204373,0.2572036619212869,0.21445133952888396,0.2994062568746889,0.16289725437095848,0.0031280385998810885,0.02757598460254203
11.877856923274766,0.2619890549002157,0.24229722788058417,0.23544789272704914,0.24764338565898322,0.22749402590992254,0.21379015517981503,0.19610500049066174,0.20752562047424802,0.16090658159817656,0.1589637836306155,0.24687164351840934,0.22096466027713216,0.2906617793877366,0.33068434500248134,0.22545544501804632,0.262970900235516,0.22758212853781112,0.28367977909068265,0.16525567473103686,0.0032957447001685106,0.025903212090994523
11.460403164469865,0.2569656076883072,0.23697861716569207,0.22683089033139237,0.24880701214572623,0.2161918038729478,0.210441166334983,0.20993761211205164,0.20167628932866824,0.16765489790939586,0.15516416405777897,0.2575975593394435,0.21512463954654343,0.281353205946445,0.31571651508540616,0.2202538289754276,0.26392206459801504,0.24050346635840453,0.2850043506590618,0.1617122917671019,0.0033507253222503823,0.023607661146070345
11.243239571832676,0.2506147851445156,0.24441962575434764,0.23247795955537373,0.24431492002978328,0.21029620197851231,0.20372354637606296,0.20637250313243508,0.19949186628566912,0.17322327135289303,0.15887990054769183,0.27045123470829746,0.21525943541927733,0.28259865281000524,0.3032969925790109,0.2214755016361868,0.2659037347877045,0.2240410512961926,0.2682049712064821,0.16141038370470717,0.0034445316158223595,0.023926336347828144
10.483649219046914,0.2584842131521452,0.23470936674276988,0.22346498981358967,0.23507271770715102,0.19954405243029716,0.2055647196403121,0.2124379018562234,0.19160345019428898,0.17430831700587196,0.16677329040861782,0.26395337637528854,0.20081590304485347,0.2811193491354935,0.28662522691051234,0.23072309974003138,0.261022964498884,0.20660503262583382,0.26164002930546093,0.1579314816620663,0.003238502166815686,0.025011768191479298
12.581314449098965,0.2568125468389074,0.23434127115587225,0.21717502163302163,0.23434218713354293,0.1912461797449135,0.20410282332960294,0.20114519112915163,0.1894828231547703,0.17626051676773624,0.1718489454316618,0.2629235582494208,0.19801101687460324,0.2775334793164745,0.2818815286175705,0.23209193245519033,0.25951797108902613,0.21833186556640233,0.2624744064286016,0.15835472072670057,0.003297182443858435,0.023706599548906387
10.748395588598566,0.25414636094598886,0.24060505807534405,0.21870758332372775,0.23015992088804896,0.1926609903334755,0.1990476035218438,0.20255357842463184,0.19308431924499556,0.1704391151398547,0.16537466393261377,0.2710960543990419,0.2080912353366028,0.27510326944303437,0.27129084218302424,0.22754370361737017,0.2522406297488053,0.22286750008802503,0.2659391056830707,0.1564948878533026,0.0033530814125144006,0.023486151511732504
9.760709763311546,0.24903714339149013,0.2444305558811307,0.21456714680865704,0.24091117434294818,0.19378262400418306,0.20661763274352,0.20863892916794904,0.18661846817201844,0.1702697612328185,0.17558636934566182,0.27436313622853575,0.20048048357662,0.2947547922048696,0.27275599658942234,0.22061289677310186,0.24955475625200552,0.23763520895846615,0.2712286338137767,0.15798412041470858,0.0032534588747734437,0.025526252457760756
9.2421434582738,0.25633472127288137,0.22539032912223433,0.22551605622138732,0.24063587236447148,0.1951514946076063,0.2010394499871517,0.21567750641280936,0.18183819858557637,0.17637115733143635,0.17514284656184992,0.27934889650789474,0.20460153786202254,0.28490385283568853,0.26481791782492115,0.23722812967417445,0.2467206859272643,0.2313540146374638,0.26804910449092234,0.16133419193139348,0.0033722304064629925,0.02647081543464869
7.982988997264199,0.25610669500904515,0.22364542976921775,0.23273070681921454,0.24882535206881642,0.1874124708692514,0.21416400438768196,0.2196089404563355,0.17893741036038072,0.1810057166213973,0.16729014790792235,0.26873130196469014,0.20312197959176495,0.283538087961079,0.26219151577465266,0.24383161678755794,0.24142638121343563,0.22892929344335608,0.2698521438527862,0.15929632746020914,0.0034514857133018354,0.026375856344894116
9.512560176789007,0.25543645972834433,0.2177650031891293,0.24611064903559896,0.2518215850950687,0.19045027429308786,0.20650375497927848,0.22704735562289027,0.17311603674450352,0.1804906322506286,0.1673495360025275,0.2679697467283518,0.20992313309256305,0.30461860525370477,0.26428802836774407,0.24444943664947644,0.24221564947938598,0.22570138176830296,0.24981100309238083,0.1590350321374162,0.003490395179792201,0.026428954537031896
11.894627923445237,0.2664645981100673,0.21516486201379612,0.2440432992356664,0.24638674756091883,0.1889992695174618,0.20868501881015764,0.2266771140670556,0.16406328480244622,0.17747391887486752,0.17303925495357214,0.27568909836885586,0.2174582038396231,0.290131522581781,0.26964433368109036,0.24912813290103988,0.2372938477594207,0.2302039480790859,0.25412224473437556,0.1628142464190831,0.003703371398065269,0.02712091426855046
12.116689033441753,0.2541932640627534,0.2213327088688466,0.2519123200023231,0.2487004648463404,0.19644018207039438,0.21582547230251325,0.2178812405650886,0.16719157881609356,0.18788612599339607,0.17172482304183817,0.27891673244977633,0.20921860814095897,0.30512911459026415,0.2555809332907157,0.2534598093001091,0.2334533070058225,0.2298387695212394,0.2520804634034392,0.1633275204026589,0.003648181734644637,0.02813348373960058
11.42630693599251,0.25350912499139133,0.2164439963294937,0.253922383692547,0.24103401545651174,0.19801939323476103,0.21861193308329288,0.2198920052375017,0.16357955240306898,0.1810588630807324,0.16931309968405225,0.28769570757906704,0.21358154290601633,0.29518224660206416,0.2571626294647919,0.2515578928648792,0.23536819310598597,0.21934529664990818,0.2566701235092832,0.16040242019270523,0.0036125759541458333,0.028615934069035513
10.312017756482273,0.24861797197858607,0.22470543699681111,0.2498340084570679,0.2435742826706496,0.19171211490610882,0.21569957805771622,0.22387614014188187,0.17285872509751116,0.17550505000187433,0.16189716648763655,0.2860324706617937,0.21688383847392434,0.28021448469424676,0.27270075952811734,0.25509570368251006,0.23352461398352178,0.22627660614770864,0.2640594575245582,0.16053277282414138,0.0035796714312673447,0.028861872788983882
11.928867590020634,0.24981598641260494,0.21582957119283866,0.25737706208672456,0.23458076709804307,0.1845603066940622,0.21360931529255733,0.22226909710805345,0.17552909237961561,0.17814767478196475,0.15774354408716065,0.2817479950939516,0.21551217568493664,0.2781541977159296,0.2809674182224534,0.259479109176042,0.22256957216325973,0.21673542212887995,0.25496331673423184,0.15672330253223685,0.0033875359376415505,0.02874380971999462
11.49585886791084,0.25621026384239554,0.2102203405848912,0.26311696403333523,0.22049399904237038,0.17425958252351986,0.21830249510845798,0.21698878571352254,0.17028551315172277,0.18392315219975564,0.14959827416317853,0.27818795336043267,0.22183805009756655,0.2637936157063639,0.28638045622254477,0.25555669898045846,0.22034712374059173,0.21372668833957228,0.2570841850119357,0.1589581549781454,0.0033525204249947875,0.028859578476681667
10.547358411825783,0.2601945330017096,0.2140997001750356,0.2602679285778146,0.22330105951368992,0.17879331073745153,0.22160607086579923,0.22359732643695457,0.17271005290554878,0.18952181808000204,0.15455070177145366,0.2725996237195959,0.2181354463280524,0.25732744045629335,0.29302374816995447,0.24639523467155366,0.22936930481964912,0.2128949137623912,0.2582678411393577,0.16044620192418982,0.0034139506192282986,0.029586868357434848
11.280405430918814,0.25864666932403685,0.21553954103098,0.25264237076217516,0.22371029277264293,0.1916979785416777,0.21606457927422723,0.2281003539026208,0.1689481094919949,0.180852889949141,0.16273619604818731,0.27322578750851323,0.21134547666100972,0.2640803902476781,0.30890958219638875,0.24322181357751987,0.21863754768369476,0.22896616796110608,0.25050679391215974,0.15930846668541154,0.003270921278640102,0.02952619142684252
11.340728174166923,0.254010426623594,0.21916003359259079,0.24201220494189257,0.22432725608896406,0.1867675168406486,0.22237923658491585,0.2255917010956785,0.15168965604270454,0.1858157715064645,0.1591402159690514,0.2782467480808299,0.20749277114425882,0.26591709345159775,0.29685464669443956,0.2388627302078647,0.19578114394795307,0.23714195100685945,0.26258182731578567,0.15750463713377363,0.0033131187693361116,0.030510845653083117
10.054337795115163,0.2502986163553524,0.22822496193884637,0.24569636375166656,0.22504311307295138,0.19636428256357816,0.22722354022263294,0.21366967147045507,0.1708757270987117,0.18383422878202565,0.1560948511257325,0.27780393033433315,0.20301589167898584,0.26685341873583895,0.3048768366662435,0.23910037254221325,0.20189049620045146,0.23497873605976569,0.2613650446664311,0.1581012796635949,0.0034805938938875522,0.029640273041208046
9.403364612550977,0.24976007687495302,0.2278449730097424,0.2533287273954554,0.22044686577854825,0.18595050185037457,0.2447184836933333,0.20665210982316923,0.17498563269380088,0.18532723737086232,0.1472648851599723,0.2630199653655963,0.20625064839996446,0.2805336946436684,0.30033304153993784,0.23448116680973327,0.20449271800763164,0.23095949130812468,0.2594603544068382,0.15905093338124612,0.003544793090926379,0.028588185706562547
9.083432631070051,0.25651933659253234,0.23105086747375111,0.2549195147580923,0.22571685356517923,0.18159450678359768,0.2330512678858716,0.21410888746707563,0.1756308360160659,0.18373213665789967,0.14866024915261844,0.26347720456413865,0.21351259729376892,0.27875892201478847,0.31430432297558497,0.2332062557328094,0.1982395940153867,0.24301062817365618,0.2546461212086395,0.15933762511859934,0.0034940564078722192,0.027605292774444713
12.80935504504816,0.2598406420178132,0.21737849585577865,0.2567278562135902,0.23138884983563066,0.18253348413269257,0.2181923486126489,0.2026925158706985,0.17857516920293467,0.18467341434010218,0.1444877320622041,0.26013890932295475,0.19807174864910768,0.27145602336200597,0.3186332298104426,0.22833776068006706,0.1985267242090307,0.2528544328584668,0.25133318024611173,0.15764349979302592,0.00342890837581981,0.029256051288116793
10.452487079229565,0.25381845112040236,0.21379573833177173,0.24615225214724368,0.22443915338175807,0.183190103524842,0.21861663094455025,0.2010223865590083,0.18561191024447876,0.17945176677171137,0.14662097666255716,0.26654648603086967,0.1944567807496213,0.2712068125783519,0.31269351582099286,0.22447196003337633,0.20588955520314586,0.2407829218510484,0.2610760000469801,0.1562923345943711,0.0033465819077183904,0.03114165511890681
11.980285608299639,0.25029768856870765,0.2156339050657785,0.2548869933020587,0.2152020559085735,0.18052997021993955,0.2182717685827426,0.19443718903048746,0.19648193954388946,0.18319588188941618,0.1340190995577054,0.2601931182267071,0.1839548279739872,0.272356639166237,0.29823970037310626,0.21530232453518824,0.20924199162544946,0.24299869920471892,0.2563275614504909,0.15572619196659784,0.003156652765280086,0.031069854305536278
11.937158152996732,0.24664600714380858,0.228026566125778,0.25129837010495343,0.217755968627413,0.17833207288505024,0.22378588122867435,0.1851906400498327,0.203977024494512,0.1747276804121913,0.13393997702530117,0.2505028582040053,0.19539666496396055,0.28750319798452895,0.28536420020722725,0.19829689202819673,0.19473892512289998,0.24114093872272957,0.25093579234722224,0.1522741702861448,0.0032195750074884883,0.030129962898728956
11.248703386955693,0.2394399216670309,0.22182625591974428,0.2490163913007378,0.22363129400912743,0.1980104271822744,0.22672058132503403,0.19155755099368946,0.21371006248517266,0.17669103585448934,0.1425350359505469,0.23223652576445972,0.19403527180068203,0.2916956937277417,0.2993361822124209,0.2027915408267939,0.1949544617603175,0.2303001455934937,0.24586286180738015,0.15749422738675425,0.0033941792771157403,0.02825540364169133
11.98216732121643,0.245983093446075,0.2193340374698838,0.25073332454772473,0.21737707299302045,0.19295772009561876,0.2229818224287225,0.18506266336268445,0.21010933754810893,0.17555187179660073,0.145132584792846,0.23295046837571243,0.20321619712243671,0.2765378291941288,0.3145316942722035,0.193447219872697,0.18947184477857118,0.22691228726449303,0.24156228235886443,0.1562895348690055,0.003139775055773234,0.027697512607683397
12.611335263457647,0.24435821403341984,0.21279821984607494,0.246000932483219,0.22149165019272413,0.19091692060805815,0.21864527225444086,0.19115173412788483,0.2109579838819467,0.17276064290666562,0.14147902486992198,0.22598533029557358,0.20778410785915308,0.27344432460106977,0.30574306647374877,0.18860524819847813,0.17865729130360958,0.2213469875026821,0.24493352996613915,0.15426607503107542,0.0032275111248712116,0.027735352559797845
11.411896868987485,0.25135976025311224,0.20169955759222769,0.2450459402176261,0.21470285218534982,0.19343038935629875,0.2102380627202453,0.1914258307626371,0.21598354846166848,0.15698991579582336,0.14010788466329074,0.2313156386655064,0.21274665342310858,0.27759345774258204,0.29472022495765565,0.1970795272271937,0.17830992904818307,0.2331895879912802,0.2445191942757287,0.15448635589155094,0.0033697128215361546,0.028265886179445275
10.265542954359162,0.241278813358044,0.22159055566306318,0.23559160295593234,0.22576317761437711,0.1758795666810874,0.20911438765927856,0.18504249991292349,0.22557097957768804,0.16183390170487721,0.1486249522630276,0.23068057529675734,0.21264344006624353,0.2780200632334425,0.2956910730305203,0.18516844779428773,0.20000777987501211,0.23328291975035256,0.24320151183861485,0.15339823755982826,0.0037150922813870557,0.026764930303343582
11.547437726116469,0.23518964677985502,0.24219202198910394,0.237088668910059,0.23298931707696954,0.18075083241259665,0.2254942238132597,0.1858926651757889,0.2228595622008559,0.15810848403845348,0.15364028881746242,0.22645149028876166,0.21228564788305893,0.2784562384916203,0.300017153619688,0.18638818043318844,0.20036779683476164,0.25186078158057545,0.23652652937456592,0.15506119967884557,0.0038160606256393654,0.0271216344279641
15.571354032636936,0.24073618677542422,0.23692729464460965,0.22608896003705525,0.2324471153659652,0.17715359033708736,0.2263004868079946,0.1818472155689855,0.21690803420284002,0.15153285848699652,0.1527157667162104,0.2046687416953251,0.20841190695821,0.2697189590731269,0.3029874518508573,0.18718778983728326,0.2129519571305844,0.24940474167348042,0.2398546974434979,0.15371399375268965,0.003902287279107747,0.02766832597306172
11.696483089809483,0.23356404053546762,0.24967334193483287,0.22613685813612824,0.2260571514937838,0.1600326102519929,0.22400066045319772,0.18158785021286086,0.21851197115935894,0.15535246264037356,0.1547735820076776,0.2056624689128157,0.20887835663597987,0.26778920578273424,0.2956896541779953,0.1909269608041293,0.22817778444965905,0.2508293201899849,0.23933789768420274,0.15400939918179618,0.00369634518818226,0.027712213511248477
