78.80703345349438,0.2780456369811473,0.25895610899361715,0.23219084351756605,0.24890129737913963,0.2138990460233758,0.22257430828591587,0.20874380465267475,0.24629972636299563,0.14460604366350013,0.22172569823481483,0.24961431927681793,0.14126364465821878,0.33530221923594183,0.33788058538416094,0.2611944966336361,0.2600230727721699,0.2777147449506717,0.25714120571618226,0.17253108597330444,0.0032528633565999127,0.012400374039168147
24.67132342600367,0.2631656941211889,0.26966637055448756,0.24150740977863738,0.2378026242553987,0.22709107795125505,0.2188699054982962,0.2266583996146579,0.1934981040035921,0.19298568565401544,0.17597586757030467,0.24650781355584134,0.24038005297125892,0.29991546566792254,0.29721013125353846,0.2459392123132763,0.24125969041850115,0.25089871522710266,0.23575256106383483,0.16983319825028328,0.0033014281667277643,0.023728603614440312
4.293948763738248,0.2457432787734684,0.2773129433909733,0.23278297920062868,0.24302791631609227,0.22906110913545605,0.2277410076965662,0.2241407102922174,0.18331150602715574,0.2007424858704039,0.18703919060429658,0.2597387659495787,0.21974160951476718,0.3139507652276931,0.29052931772153584,0.2515638978830561,0.24187384410398233,0.26482195469250913,0.2480494774184214,0.17013606013638252,0.003364900126089496,0.02304108288543026
7.151240360614787,0.2500557368648854,0.28557044157607303,0.22709407421248073,0.23421844415462437,0.22928984478836387,0.23195855069623803,0.2307355782278429,0.18539081745480102,0.19755919413050765,0.18238164013982433,0.2662859768451934,0.22761101249031926,0.3022639741023629,0.2899350038077972,0.2570870729425282,0.24997614017349706,0.259546852350442,0.23743997612546225,0.16990448544061354,0.0033957714294824016,0.0222658905434364
6.921735145393174,0.2545803752071122,0.2869298507037122,0.22302360721284376,0.24583983671214227,0.2351613643459648,0.22290946790320354,0.22590513464005446,0.19055580603003536,0.1976567198459468,0.1852922777562616,0.2547747456901138,0.22223076593495067,0.31431227425583375,0.2953635537947146,0.2498503244241825,0.24527739295770376,0.24514227521638904,0.237651666838407,0.17013808908035025,0.00358449102250998,0.02345257766838486
8.356822481338197,0.241467215335753,0.2925974840294199,0.21796224740152786,0.23823970687368093,0.22790415148141963,0.2242508091794337,0.2320723982984728,0.1838776517249547,0.20583232633106352,0.17078892381124344,0.25234016411197235,0.21250689171399204,0.31279735207285697,0.298311655021171,0.23412867862410275,0.236950512113681,0.24689532599821407,0.24161712289845064,0.16675871966706451,0.003588691371389449,0.0221533775195497
7.480157770249466,0.23455825792526824,0.29181485957061926,0.22214165661770657,0.23203645940429157,0.21427836943150244,0.2258576435448097,0.2343982149817148,0.18795105783036675,0.21113373627941018,0.17583963837325012,0.24034914434167756,0.22023280711879087,0.3171626802437181,0.2944481696342245,0.22882039209119617,0.24542190238490308,0.24008169586623251,0.22854480544759948,0.1654384309719477,0.003783787316582257,0.022382130940252088
7.499057831434209,0.24405362375173847,0.3062982225481223,0.2277501693373921,0.2419816168084017,0.2230933901731179,0.22351565372265528,0.22908924137511277,0.19033682258075654,0.2181803543482789,0.1765502759587138,0.2415928197146061,0.22432191316247643,0.3254057583260581,0.30298590406486087,0.23133353861750386,0.25145986871686465,0.24749355645852106,0.2213306908284367,0.17079527507536552,0.003835709709200498,0.022132078883720405
7.0421938400202695,0.23509155964156225,0.307960851584309,0.2348280872444687,0.24428305185727825,0.22498545424031513,0.22025229988250938,0.22557741717055246,0.1833084269017245,0.22473592598433603,0.18428099814451454,0.24909824922532983,0.230443648932703,0.3240860573566172,0.295375059747807,0.24352060873596879,0.2517640041368981,0.24832857733821992,0.22898008057494562,0.17043370719792297,0.003804275518694451,0.021580388117067306
6.964635930480338,0.2368439924089417,0.30862711816582844,0.23838645089268795,0.2363266388213125,0.22716471391340276,0.2151794733693798,0.2282480564332402,0.17916393150000762,0.22665000048734602,0.18552977790338948,0.2447437286393982,0.23008121651105606,0.32498064003438,0.2928839133694743,0.23899486290600483,0.24806361224437384,0.2652513683507471,0.24259961254118742,0.17104656980167557,0.0037597183093403294,0.0218378250235873
6.52425956021826,0.24246714807052183,0.29628091845325805,0.2340337031632324,0.23305709392830445,0.2191605878820778,0.22697041224888914,0.23110021828518337,0.16938338451287513,0.22073999728865612,0.19153832563388537,0.24820462274392804,0.2375539954483582,0.3239433860320078,0.29702638523463726,0.23111010970307996,0.240462392513463,0.2692437870297582,0.2477342730833298,0.17041085202032363,0.003892041261545925,0.022629518915267398
6.651979952564292,0.24802588733744008,0.29070225262589033,0.2289976791648791,0.24768260818258472,0.21715987580075133,0.22853133717920562,0.22913905994072578,0.17161410399335394,0.22352998324614853,0.18455715493833086,0.24689862960452993,0.22982078007742912,0.33105416033567797,0.29603325184753276,0.23050337748329566,0.24635899504688363,0.26798387538189244,0.24743343376529042,0.1702054988556593,0.0038251216125450784,0.0222369983096389
12.124517442899288,0.24700281581075006,0.30072760291571937,0.21265666129166746,0.25602630173213803,0.23020343781221964,0.23201115599711356,0.2312485212887572,0.17185751837023294,0.2355860488514354,0.19124219413276197,0.24003313996644532,0.23158663316432362,0.3197758460431121,0.28533292721266723,0.2445598519603404,0.2602981702292062,0.2739131896439024,0.24822318185447162,0.17196820304607954,0.00370052941277432,0.022072458953648042
11.53730611676541,0.26089605966081353,0.2978598869766247,0.19649431972309678,0.24253279026176894,0.241705951756944,0.22987138142205873,0.22735030295346584,0.17936591771828994,0.2245928233059987,0.1876012520550885,0.23852430112804618,0.23921675049080302,0.32871710517270414,0.2911009016560021,0.24826095801692524,0.25746197195647336,0.27371097906895614,0.24682760086155356,0.1701832137220065,0.003733300659044207,0.020144416632571664
11.270923406327709,0.26826306149638734,0.3034004857958805,0.196991699462999,0.2520461583489204,0.25027995909458756,0.23182476760813361,0.22153774090571882,0.1838622635610225,0.22205573738797624,0.19142502469778877,0.23692258102097397,0.249181155064249,0.32885880048674027,0.2824905328757191,0.2390337813808801,0.258897558231099,0.2783962634054018,0.2543033976226412,0.1736155991073272,0.0036613693981925473,0.018583491003772233
12.402869262931466,0.2566915287316844,0.2914061539778808,0.20426877880841068,0.24988769197505958,0.23699369949642046,0.22933387181712206,0.23170917337715002,0.18449430793105714,0.2155458455580996,0.19361621270753607,0.24820451591140377,0.23619015772906116,0.323626433193274,0.27928021665466396,0.2371860758242672,0.2722211031912795,0.26817737119598106,0.25465239245651067,0.17153065787520475,0.003635541563636266,0.01704307541739125
14.333875913445985,0.25991641944038146,0.29910641306789715,0.2041190812639513,0.24493711631563383,0.2373093918441161,0.22838491163861976,0.22251294450427758,0.18868329864291297,0.215996811395795,0.19689350618335844,0.24474089477056435,0.2410328809839586,0.31466422072909267,0.2773858235581581,0.2369799365864132,0.2714404722506025,0.2665068075980445,0.25924332075029866,0.17029006621044407,0.0036317040284151963,0.016330954125953815
11.780863459067781,0.25338202298119106,0.2914684452484674,0.2147633317392793,0.23810752446075187,0.23031843969897012,0.22402430623192782,0.2234822512937271,0.19237936847060796,0.2036441887026795,0.19189269920648513,0.2387933123760707,0.24081907781365197,0.307417108605016,0.275366279997515,0.23662036190842534,0.25606105984371735,0.2603710220436172,0.25456382229687186,0.16853757744308376,0.0038685481062510534,0.016652257502671915
11.582649152699954,0.24390373386572417,0.29863992522006744,0.2030101223329141,0.24104122211031567,0.2218494910816067,0.2251784183734731,0.21874469949749936,0.18638533400967963,0.2024089635569969,0.19353409242172587,0.243314146098656,0.24115930347463785,0.3053915551999581,0.26757818642641684,0.23695208079344132,0.2638658674801892,0.24752440942475315,0.25012972191103516,0.1664263714041721,0.003982272595750665,0.016236243933450967
13.780565638145074,0.24804057445396122,0.28020662026165427,0.19687823021954834,0.24016968538888936,0.2244337807872364,0.22202045083626906,0.2178585944232702,0.18001353019697058,0.20983220938548053,0.17796893595355426,0.23892907799295546,0.22653088018821754,0.309700068422109,0.2798474821423289,0.2296193347769917,0.2580846240136059,0.24125018811694698,0.23055208349346706,0.16125637149215746,0.003934413911343118,0.016226588839813996
14.07682480339885,0.25784859492770484,0.28186373922571695,0.19831433201031784,0.23734512337208702,0.2396206471904073,0.23105248375205129,0.2193988120532837,0.17802124520360463,0.20835710260602774,0.1792616340851524,0.23464551886723442,0.22035447444893985,0.30235039728808216,0.27778606958908597,0.23567291559533152,0.2492652057087618,0.24447388200572773,0.2326442715177109,0.16517330918962486,0.0037367815717777495,0.014853772169382683
10.85192638486773,0.2434636167452604,0.2843393431644084,0.2054183283534938,0.23600132014737035,0.23355656762165217,0.23227031205266538,0.20230963806469385,0.17823205265603137,0.21550539001954713,0.17354826226379944,0.23767863951171656,0.21342508905674873,0.30415377577112734,0.2890842939130242,0.24011935085799113,0.2529829329768858,0.23594086427287467,0.2283877937183082,0.16654973877721832,0.0037729364853707975,0.013327140391364865
14.414724438702635,0.24661774318872737,0.2798455677430561,0.20594500284018666,0.22544880443705306,0.2245308788045535,0.23078586427528452,0.21050696954853695,0.17811117409243407,0.21440486612047577,0.17749925147042084,0.2255801875412877,0.2136115549653091,0.30188690806901197,0.2798752040670098,0.22635784432869158,0.25411493783575867,0.23077910583391914,0.21178880302940853,0.16282255689857136,0.003882538913778426,0.01292982517824017
13.28984508294989,0.246320552901057,0.28022734208153444,0.20880455106840387,0.23046449570387526,0.22298436055752674,0.22578453999229156,0.2161222009678253,0.17813422702298043,0.20775838759753718,0.18358102805817164,0.21954979482085282,0.2106796233482535,0.2962133602559799,0.2902093125064101,0.2304635727187327,0.2581902747958267,0.22704344147829386,0.2204940228191311,0.16398654531053483,0.003791488234498679,0.012746302914732369
11.592102517558377,0.24345852350625577,0.28545820059049815,0.2081118380066708,0.23239577329114755,0.21901826231387672,0.23292961058408396,0.2089973242048568,0.1843479869170875,0.20383188880857203,0.1800095866230363,0.22566326757163024,0.2120877983925898,0.30135745366997907,0.2882613849227461,0.23091839624316865,0.25276945329224315,0.22880265449981071,0.23346331741708834,0.16300169249255006,0.0038956598664862344,0.013706181008034864
11.214344714214798,0.23951787290450471,0.29356028467688783,0.19901150605114387,0.22628628744789606,0.2093410672449404,0.23561003192817298,0.20975958770012362,0.19202302496712176,0.1990697071300521,0.18924584473748787,0.2318052501783039,0.21746891229189902,0.3046866639077596,0.29578772355537264,0.2181373143280794,0.2594924768864535,0.21789564490112445,0.2319494579118411,0.1623299336835773,0.003901665634168974,0.014095986690687257
10.162434332092815,0.24787154171218456,0.2880393991273097,0.20943693805484073,0.23422037876574203,0.21013284125842338,0.22843948108547626,0.21416376285335081,0.19623837105306471,0.18744514500236675,0.1829758562686007,0.22653381035232886,0.2399180483670059,0.2947203694718534,0.29604928583456147,0.22996302942027103,0.26065310493564003,0.2174566981583857,0.2357914072796673,0.1648907293483799,0.003869300585730203,0.014247551384673922
14.25726285854542,0.24423018369635172,0.290659259082616,0.23138961757690105,0.22969743421450542,0.2117735423607451,0.23078811934192137,0.21634007255119736,0.20490938110268453,0.19055664339508835,0.17072676707465845,0.22502526169082532,0.24130634643675583,0.3015574616086753,0.3060774868596345,0.23607939770629027,0.2584037119886364,0.21688646452328048,0.22378922575718335,0.1683441933728789,0.0039006107034309963,0.01482150581845703
7.3125826779159775,0.25427321248943874,0.29262805252756763,0.21055033851329352,0.23374103630248141,0.20996433085949134,0.23544698575255665,0.20992049681327607,0.20746624749766493,0.19215732383017595,0.17295106958585468,0.22000444999327215,0.2425201021428032,0.3073481343593606,0.30966236710870787,0.23109811216647672,0.2505999213985576,0.22754418675211766,0.23351591774824365,0.16543707164465588,0.0036454277728424993,0.015697783312478425
10.831714142193423,0.25669930508078936,0.2908290677035821,0.2051644351667538,0.24325999233808046,0.20222251247731887,0.2311615684052356,0.2013404175686079,0.1943357601443957,0.20333436618560274,0.17217295547145134,0.21615902669220613,0.2434230918070146,0.3053717850389535,0.2917113323203583,0.21910204480098228,0.253360043278043,0.23423980528304783,0.23046482676240107,0.16264955681235327,0.0036512669771653155,0.015584496291910045
7.41292945983769,0.25212000625600217,0.2859810333583652,0.1999505832748486,0.2506811214658208,0.2065694696078046,0.22365724223191194,0.19628005460560263,0.18815192428280683,0.20307188458601375,0.17845269164396496,0.21284427426361374,0.24150992649702174,0.2943732554987482,0.2799466465555412,0.21265116793260586,0.24571671268692388,0.23308711112582278,0.24213524474493228,0.1619973294707991,0.0036837385102128617,0.01712948569038551
6.103314684701112,0.2501371620817203,0.28794667001415797,0.2053053414434679,0.23982632339492746,0.2119390786171999,0.22172700705105985,0.2073745108049106,0.18328958466248138,0.1966257715788388,0.17833401841191215,0.22182683931366573,0.24051188235179916,0.31033915769906917,0.2940119911254646,0.21620878059683013,0.2460666929848691,0.22879786877599043,0.23543976489767124,0.1617886485755635,0.003675938822318277,0.016937224959768866
8.9271009773517,0.24545545843315372,0.29078368651637027,0.21246773056472185,0.22973413468564,0.21054107216071746,0.21243379053444789,0.19410974665596883,0.17849848526224474,0.2023696010918762,0.19098440415607446,0.21257742302820043,0.22603259275325838,0.2930627291811642,0.3055221181285372,0.2003179635031678,0.23646317965697589,0.22565538181327444,0.24372721773084516,0.15921181907860224,0.0036888828597289565,0.015760173613854147
11.954402470263174,0.2470825209156748,0.2900530585458043,0.20801994510431238,0.2270755782483449,0.22343160833897155,0.21175974443370238,0.19621010461243463,0.19480405506258594,0.20081599349575624,0.1818646122601513,0.22994799833416155,0.22211158130256808,0.2896380524229142,0.3037749812094798,0.1978441209864933,0.25139053873595135,0.22362703616107046,0.24999286548690397,0.16039637281073416,0.0037520928945844025,0.01464369001107233
12.522344396975633,0.23178228879062754,0.291553742395905,0.20777350250600743,0.23530260329918917,0.23516849334746626,0.2106372900053085,0.19324888905382967,0.19715129860248315,0.1982352544497561,0.18197627377455655,0.23916637164454516,0.2315685581334281,0.300116002351665,0.3077590709086028,0.19336728666432118,0.25251953225609114,0.2195286482692444,0.23763654830307832,0.16339281065528863,0.003754933046074728,0.014451754999074267
12.22976655458778,0.22552237895622718,0.2900982853996425,0.21814337469174885,0.23610326336546741,0.23523110783418058,0.211507860751367,0.18511534511050914,0.1970510545448563,0.20299169729978983,0.18360574485106929,0.23455939549681315,0.22378008485292666,0.309194818919376,0.3031928415613678,0.19636474033220827,0.25911127804543754,0.229226365780388,0.22758593654075562,0.16331604049843035,0.0038908529102151725,0.014845669705165888
12.184583896726163,0.232363943067812,0.3055150717831346,0.22122459009928724,0.24227829640190995,0.23324602378301898,0.21409331336987653,0.17822073582564554,0.20805200398049162,0.2015967958283802,0.17867033943724103,0.23059175789513048,0.23205432057724873,0.295690408500387,0.3075711749611227,0.19810886657540908,0.26729972002532787,0.23106347649958692,0.24900245019715622,0.16605622558990626,0.003921955597250143,0.014974913270117495
11.960133288431006,0.23309211265253688,0.2964022339013033,0.22183250970101023,0.2372610616339222,0.21572030248030347,0.2184286803881343,0.18576011932369213,0.20321745197778526,0.21115501402854134,0.17503383159611724,0.21635456995318703,0.22489322296042022,0.28792419627588434,0.30238782310443446,0.19420108977710682,0.2641285929873415,0.252130456788342,0.24744186336307733,0.16419815867406248,0.003837228670361127,0.014550709659739163
12.325017956327804,0.23349731288463815,0.29135752330480175,0.2202009946460681,0.23116815677426894,0.2219259567554241,0.22287101655973188,0.19640455876767574,0.19708283918456632,0.20299480987685858,0.17864389176154172,0.21222766729849227,0.2402675284641049,0.27186613605758336,0.3083356624405526,0.1926318129248633,0.25014713672338557,0.2570322911753517,0.23917424396318235,0.16200302882512702,0.003769103021432544,0.015264294849642998
12.220645218118142,0.22854001997984902,0.28393724283642746,0.21145338098701377,0.2374602450797478,0.22671998581319594,0.22772795803042617,0.19923752273233444,0.1918511752550668,0.19536608224240237,0.18000258387223164,0.1927791124702677,0.2588767151231463,0.2562828789049126,0.32510076004679106,0.18169944556224316,0.25815738945728184,0.24719169813776182,0.24613319956450866,0.16247163107080628,0.0038707862384770794,0.014923095914413705
12.802569374600452,0.2337009328657218,0.2778498880419006,0.22103982485368268,0.2422706346106001,0.21865318854070787,0.22193687695061415,0.19796578129228282,0.19532243141408395,0.19599097347506642,0.1808441249955026,0.20338129883524778,0.2625904827389262,0.25913120084980085,0.31652597037658203,0.20354083472565077,0.24463121660020348,0.2653446279903433,0.2507966767857272,0.16340000234825927,0.003998999065559607,0.013762299973189326
11.50606629511722,0.23116363432369846,0.28330166569309967,0.22445078573285335,0.24926575948284108,0.22281611153808523,0.216336101630474,0.19781461073758388,0.2016845530236483,0.19529568359851596,0.1914746239360717,0.21843812188061634,0.25951846082560837,0.26262767870847503,0.3255757200687558,0.19928999579721315,0.24708445305356017,0.27129041242117286,0.25039201166739544,0.1666339514209481,0.003927916657608193,0.014777821387476879
12.336185398174175,0.23114223310475357,0.2764156983873145,0.22970171311866655,0.23857671813453127,0.20670449533279947,0.2059347754162278,0.18829693161212674,0.19330215389344935,0.20198138534127066,0.19283612431575703,0.2080826262473422,0.25628552287594464,0.24881330414372677,0.3328972927528721,0.2019117180345971,0.23862048601830796,0.25914524298285063,0.24636810357565112,0.1610036959429602,0.003932239724318379,0.01509148174080004
10.009528313705248,0.23865427766220051,0.26348586459226286,0.24294304157108415,0.23263310315940966,0.20633667041164877,0.20777115559765172,0.19486310100663884,0.18695161099489316,0.19387610995479124,0.1888298562083661,0.2135996815315738,0.2479431632087573,0.2651090172356133,0.32991737777252317,0.20978977541968727,0.2311256757530438,0.2484725720552254,0.24219068335231317,0.16053957001395075,0.003912667496123709,0.013572219554235205
11.845577682087498,0.23971889557739226,0.2616728093226367,0.24248405246575094,0.22189548396631442,0.20938557791349252,0.22047275863862434,0.20486216965293164,0.1866989876322618,0.1839295069409391,0.18813601604021282,0.1989909193773622,0.2423811132508957,0.27777795019148876,0.33952776898996767,0.17562581791997015,0.23432925735933066,0.25557282314778507,0.25046194751101175,0.1605354175866366,0.004001169727054749,0.013579608477344483
11.213150766806814,0.24684075921218,0.26366035021178946,0.24006238140610994,0.22475235367872579,0.207820197650996,0.21712398491645013,0.21349242258473547,0.18520661812086683,0.1761715394488021,0.1863864013326903,0.2104694251563357,0.24318346299892235,0.28039452702716045,0.3368642862950861,0.18285629959268837,0.22487716506728228,0.25757413706703947,0.2549503135110384,0.16269344153832108,0.00392484737058557,0.014111241216643314
12.84342537010646,0.2420831718895401,0.26095198615536813,0.23749959801436188,0.22601638779519342,0.2009581607446438,0.23054765105547195,0.22487079282511024,0.18774812213265263,0.17120156554975072,0.17915490728266092,0.22799505338331147,0.22561516892303402,0.2703900186462515,0.33764908359734674,0.18074432160041262,0.22864099292782497,0.25315781415127353,0.24780386346105276,0.162705043377982,0.003982945998421742,0.013534912204813955
11.780163940801678,0.24944125602398967,0.2695583496544845,0.22928517772502782,0.2322831952672089,0.20711196645263938,0.24070299985082838,0.2122145339798042,0.19071958206404988,0.17458451260992644,0.19684374018246806,0.22941325118090275,0.2280521314057964,0.27335006176382676,0.35593643246320456,0.18874748976067568,0.2352329769492822,0.2544937436158437,0.24864757758631895,0.16430662710315935,0.0038763067423953465,0.012016660290756315
15.7715226517193,0.25774756028222284,0.25398607833860837,0.23382827854969915,0.22677503731009935,0.20587022346040593,0.24770634764791075,0.20420691280679687,0.19176652678295328,0.18188793044151505,0.1911370620639556,0.2216685313777517,0.2300111491531915,0.27429262507168606,0.3626845142095488,0.199461142083402,0.23802832370565202,0.24811254505996694,0.24739953730706377,0.1636677394792214,0.0039269710259775634,0.0124250677315059
18.33648913434712,0.2671823047637183,0.24628555582960593,0.23933727940449417,0.2226028778003136,0.2150177782305328,0.2551491492369909,0.1959755804420056,0.1967986701796001,0.1783193971252466,0.18961899678434696,0.21589085862773885,0.22365364691220815,0.2798817186653775,0.37180934004193184,0.20203201949038563,0.2459624535744153,0.25308784457886097,0.23479618213287087,0.16522481385323273,0.003839160054136194,0.012156569751433843
17.665197880371952,0.2614285231194726,0.24567172843887192,0.2374899476400111,0.2282960665484167,0.191459048314988,0.25911141991091924,0.20571009072721286,0.20122912779747631,0.17094582086554644,0.20710466105846168,0.21589506073447862,0.21461342889009935,0.2782380622355065,0.3526641417300234,0.21190099582717953,0.23554564617485016,0.245630073721575,0.2345685117256749,0.16347435360674753,0.003991431932821766,0.013850185611278949
17.034817218229264,0.2595121441392548,0.25052925379324836,0.23687353996815405,0.24228206950903786,0.18054450040535544,0.25568109396044947,0.20761780205571012,0.1952037217208789,0.17330803034341935,0.20380360155794922,0.21775675786901727,0.22096450178530053,0.2616931485773555,0.34565985572477065,0.2307127364457358,0.23345698692044006,0.22941275256490798,0.239385521812525,0.16260232638332606,0.004194182628855626,0.014217376104324955
13.696040888896366,0.24758744694966733,0.2474278499575739,0.24049570480110066,0.25603191828318134,0.1878581307931972,0.24307111238990414,0.21377338594283715,0.20938630993231355,0.17488848403437235,0.2183057806286496,0.2187655726534985,0.23550603473412113,0.26787419003255303,0.3552415634428707,0.220799342682355,0.23436949721909017,0.22755666116576637,0.2347526517449791,0.1660661260788241,0.00409664435551992,0.015114063659968943
12.68701375491172,0.2706027093638496,0.24004087635344779,0.2361432285427679,0.25006804701902186,0.17915667480504568,0.2506248235017731,0.20853806113380485,0.21305033450816246,0.1672034470987055,0.21831754317482407,0.21017691353682239,0.24067247233410022,0.28778801972848894,0.3702293670119832,0.22129742502940894,0.23921016422156385,0.2411830576156417,0.24533538737213376,0.16632951720482922,0.004189864801523062,0.01505671917490952
15.676328761408966,0.2633919194728671,0.2314285613181637,0.2385958230983215,0.26267949359986864,0.18826335011404172,0.2464879243926801,0.20063578056599213,0.20448604155351396,0.1690207866176108,0.221423957940467,0.20713562372391608,0.24191464795737566,0.291963366285965,0.35516387182476694,0.2111095488610918,0.25482614105985024,0.2635901730417702,0.24431241650580296,0.16677664644904494,0.004016611939792445,0.01518324941227302
12.802727820794034,0.2658921150250875,0.24361287912911928,0.2277330860798229,0.2625698105441834,0.19493958169932332,0.24975772337295768,0.2055949993991701,0.21325869589131075,0.16761501744322893,0.21695141003983456,0.2103470988377204,0.24076769620967695,0.2985079464779136,0.3333815258400223,0.216661695874099,0.2561042746698633,0.2515407316328862,0.2502946903750997,0.1689205206060211,0.003980240504673092,0.015149013791378925
12.734672173277456,0.27400514636358386,0.25091618859923587,0.2238531691482291,0.2611184347151388,0.19506193316025497,0.24248547724455324,0.2162863798801035,0.21432382342635994,0.16146917242928033,0.22548771636808798,0.20622067707847358,0.23853471109069976,0.3026522952174619,0.3402517117107843,0.2083325195534065,0.24839052530072858,0.26379271900474244,0.2603476703208574,0.17047088712816985,0.003928360719833201,0.013070674926461467
12.52943431363366,0.2667824895075108,0.2496679135493494,0.21863649139381489,0.26521179081431745,0.1875179547715738,0.24771921831395616,0.2152980575309073,0.21201513471988132,0.1583515434587215,0.22518646338907114,0.21149705855510548,0.2371438890995414,0.3182134264458363,0.3506162162428524,0.19996252002329926,0.2558487490605818,0.2523580403243352,0.25219445521809447,0.16683207268831876,0.003982813994573956,0.01300145058330944
13.878551975571327,0.2572320158385293,0.24670343164315114,0.22722823123232513,0.25227953147821325,0.19328883779732753,0.24329944902578365,0.21817202828648438,0.21904621291415424,0.15156826641661672,0.22166579593508257,0.2047799974019119,0.23091369298443074,0.32700484943463376,0.33947424762404,0.2059063954102789,0.25901286108318233,0.24391264842104265,0.26126617036920297,0.16722776458447672,0.004105604914413845,0.012818550289712429
13.260115976083037,0.26423894323204655,0.2611495342241666,0.23627862856184567,0.25241487451542005,0.18801370896840872,0.23489556912336104,0.21674857463223043,0.23174574636557344,0.14450419991930843,0.2224200097441324,0.2046074892255076,0.23056485660176404,0.31624618117985726,0.3198292617608621,0.21351653937507484,0.26279800944046044,0.24492969962486724,0.27457823714835383,0.1685506744027857,0.004057667115459744,0.013135570539946746
12.13986070337091,0.2536041230558901,0.2646225067092528,0.2340128680188768,0.23809739481283015,0.20862151788157515,0.23442036414282413,0.21332796034381377,0.23477990133550114,0.14978535017601013,0.22031276449586187,0.20899026075319926,0.23766470882789903,0.3093094343177106,0.3098153361628563,0.221102984887405,0.26545301106361296,0.2471634186996078,0.2698272201399151,0.1700369466734587,0.0039164304327828124,0.012808451408004767
12.16671383322358,0.2614727316708974,0.25601961114521254,0.24061560376799454,0.2320947351245895,0.21248241333915646,0.22992405229101986,0.21350546317758518,0.235905160136753,0.14038004253329198,0.22518777077948457,0.21116705838886385,0.23722885247386946,0.31270454664452857,0.3221169371258916,0.2287877326734326,0.261822379469703,0.2436742572514654,0.2703472474502503,0.16904037625038926,0.00389553937449669,0.012132588148439104
12.258536441342073,0.2637119078571444,0.27204553782791446,0.22831777979122214,0.23838555169902867,0.20162497214392827,0.22899584403232254,0.22620826339217892,0.22781895408401298,0.14477500855618286,0.22872294363914786,0.20977685956803027,0.23573118675812682,0.31594959702082664,0.31790228899232315,0.22485152974271358,0.2577478965662023,0.2461218678198993,0.2565379991743007,0.16906207213616659,0.0037728294116033136,0.012927426484316233
12.535367358057817,0.26794112214586246,0.2746937091463739,0.23534116491691792,0.24095390457186217,0.1962171342528596,0.2354517884433116,0.22298479152954082,0.2222334182176711,0.14349052263422707,0.23828246406516032,0.21492858782803628,0.23894913604204485,0.31913186330283766,0.32290867915529287,0.22143869686281467,0.2607764684766371,0.23488455246195528,0.26432252091224223,0.17095397835476328,0.0036163693266152053,0.012325249064433106
12.360049981621811,0.2660538446327886,0.26029606733099164,0.25235292122454145,0.2427290213803734,0.20926656026800353,0.23439648719547548,0.22897433562750538,0.2098849778002151,0.13759864674305108,0.24727970710842845,0.22501649357614883,0.22980504582260594,0.32125784187864254,0.31615056243336565,0.22729635029766312,0.2511840592523468,0.24407421285103253,0.2559324093037605,0.1724435841984193,0.00364776975134158,0.01231727501880361
17.82375553594846,0.27561521108900927,0.25845160046250953,0.24334700922394037,0.24582093981437508,0.22205480531087077,0.24179739336201223,0.24063208568705305,0.20043710006424623,0.14182831395931655,0.24831107204295386,0.21794964676716175,0.23420544629786225,0.32279575079683165,0.32158245081362835,0.22780454836658628,0.26113905853212627,0.2613927399241989,0.266900959030769,0.1741379638478166,0.003599332965644229,0.01120185176992598
15.815424195635543,0.2624484208939357,0.25854488680265714,0.2421256405235137,0.2359594760722027,0.22285032385502934,0.24507850411766746,0.2384540785056068,0.20707650133243405,0.1510739532845236,0.24732696899861317,0.2132543321841647,0.23238325965649279,0.3262092468868316,0.3279234678197449,0.2243096785778201,0.26704906918774207,0.2628144402847429,0.26439481226852624,0.1730242580853945,0.00358502438221219,0.01166623098205753
13.307937638229713,0.2556332518305179,0.26036568451337677,0.2493034639506842,0.23044420871633708,0.21980756653351824,0.24119143245409105,0.229817513511296,0.21020472447898347,0.1466029884557661,0.24892569255542035,0.22175974918646693,0.23073988481485533,0.3207208400667241,0.33297699658807905,0.21046432848179192,0.2594376116793181,0.2523657207687004,0.2753171834555955,0.17057682848997865,0.003647942245781262,0.012647990071142546
12.040166407138269,0.2514776713182845,0.28302240490869596,0.2360200275841164,0.23622012805667705,0.20745992714483832,0.241303195026958,0.22288584224292815,0.21430477146762827,0.1427231279553444,0.2438028769527015,0.24272469393443877,0.24227965640489654,0.3215664092048915,0.3253330797501476,0.2119383626267443,0.26782302676077613,0.2671514892597713,0.2718654433290092,0.17082479391479782,0.0037474107461668996,0.01160098426022482
12.802238871537412,0.2507879277149991,0.28761009057676346,0.24094717504632535,0.24056999373479232,0.2109346393795886,0.2336963544859807,0.21979809337738718,0.22169845572275498,0.14049068475841087,0.2476566934807843,0.23186414417092474,0.2398577886952977,0.31725274373699996,0.31728762527055765,0.20759482679461325,0.27852230514010196,0.2686382088321761,0.26605969491462844,0.1706137937513209,0.0039990348680779605,0.010603997757051389
17.133139683055393,0.2560962130907997,0.27167421517613677,0.24199903704573866,0.2463821873773797,0.20223618564707807,0.22352898090066758,0.2143939142581198,0.23034487298078637,0.14539550296893217,0.24979027801391698,0.24627379436239352,0.23841711681459457,0.30204634600246705,0.3236734241494473,0.21064027926046788,0.27056387640046103,0.2752317305288646,0.27786309945446935,0.1709466375797357,0.003834639841888186,0.010284960992547398
16.533496354211977,0.2661704388587979,0.2787507378191225,0.2428362349496828,0.2533371947424489,0.19893764767924996,0.22264316682091737,0.21546713729357994,0.22765007711309665,0.1449333010299342,0.25125395890282637,0.24793443656443964,0.23659151344380752,0.3091712869492265,0.3164199841912947,0.22042125942484425,0.2738276119829719,0.2811972962565714,0.285631260355128,0.17470240874747225,0.0037367537913503123,0.010175846923110205
14.665908547942106,0.26494463904644705,0.27384253943160436,0.2379229216674011,0.2582654172856978,0.20142710370000078,0.2167914289640064,0.2266560201302896,0.22948454399176862,0.1398733560554739,0.2537983701043444,0.2557230094160207,0.22002424495880923,0.2968917947665433,0.3103187589281564,0.2281680478543741,0.27821388814784737,0.2731176953327893,0.2913969482211796,0.17373944244958808,0.0035478919866965015,0.009642955055176336
13.220549139070641,0.2617556752997715,0.2588827077952055,0.24430951431014183,0.2640248762307687,0.19686776134306583,0.20131807773253033,0.24336391713164712,0.21214875508991504,0.1544173425134476,0.24353171476298466,0.250176328328763,0.23573568094307554,0.3215580786813741,0.29700148151883166,0.23894628039660798,0.28154610667724583,0.2634514572224817,0.2990002427408689,0.17391744324033792,0.0033464645042659328,0.009680469168843351
16.65238557452288,0.26547167592131143,0.2510951314932949,0.24311436544667772,0.2751205985393417,0.17867058109997674,0.2113545609790508,0.24086903965350848,0.20783447059780719,0.14706374731299957,0.23536268717333814,0.2596857190540298,0.23653304900753894,0.31486069055755217,0.2918435305056961,0.2382405063038825,0.2754387095979526,0.26572720193763455,0.29341633438827674,0.17135240049171602,0.0032214012704613296,0.009416770411410038
17.05420733586045,0.2594442492503938,0.2563433997436862,0.23748235744150792,0.28384109876077185,0.17413924710946696,0.21999143612383318,0.23978308786209412,0.2171630868300236,0.14799215121713175,0.23497624684317733,0.2506463791941356,0.23207810898748327,0.3363214391516341,0.2882605545050593,0.23623947581187468,0.28279621570051994,0.26235963448238886,0.28603363018122263,0.17448940838770846,0.0032921696450520697,0.008911635795242918
22.52832627080174,0.24461907934346427,0.26968593690325027,0.2291909806715347,0.28556454484476507,0.16650049332158312,0.22100104621192107,0.24089757722597366,0.2126479999697465,0.15119790187781856,0.23600115976116398,0.24191116867213036,0.22390299651315881,0.34192371393512344,0.27551327808299964,0.21980104143830487,0.26975465980771224,0.26473118217425207,0.28329845039315604,0.16963202150292345,0.0033837004521578007,0.008646298259675346
20.304017932691846,0.24848752984732206,0.27108213539801523,0.2382220166185158,0.2777834729904862,0.16678301293546544,0.2199975982387707,0.2546116501563892,0.20033364763608202,0.15492218105616865,0.23367297302580886,0.24112772603770155,0.21655261390921016,0.3356058034560063,0.286552586236135,0.22594070041355832,0.2757264437672798,0.24522542013564705,0.2837755687704192,0.17320870604510527,0.0033407964205959253,0.008571429138997666
19.960143929047412,0.24789676994743207,0.28608274727478544,0.23548689627057373,0.2895440368161917,0.16465256275869838,0.21966626658602662,0.24369384760762114,0.204509817202426,0.15698903244607187,0.2341307416018976,0.24173061581782462,0.21845122710207246,0.3316330216686943,0.2887866976564868,0.2306897628594823,0.2884322443533717,0.23527765421587776,0.28182078582647013,0.1718503900601208,0.0031048958395908117,0.008039596021972266
19.267319405616774,0.25278771519378956,0.2769267730192065,0.23162716377731757,0.28286449007174347,0.1771494753649161,0.21454302703854686,0.242530399517984,0.2067902169856455,0.14715082399001742,0.24602321910418393,0.23931326307279724,0.19540643012314707,0.34226402088209057,0.2860313493493767,0.22949929542745479,0.2851316129888228,0.22879677423586264,0.2783817755325585,0.17141631826704726,0.003186643766221498,0.009164177364622455
18.233705352167284,0.2603960105792878,0.272653454397714,0.22304574400312643,0.2845074874907941,0.17787107925621287,0.20538594273556687,0.2559020574009894,0.20372308086220836,0.13861095789421396,0.24491025819446868,0.2334176460931615,0.19951151160545186,0.3505849123485958,0.27547531334885506,0.22655130249134636,0.28614088157487133,0.23015023427946016,0.25786863276747385,0.17013567464585094,0.003324743676034449,0.008658813202349168
18.48618754706762,0.264957588830048,0.2708072492281148,0.22558879550316424,0.29016220465555326,0.17645836713584945,0.20400981716924133,0.2484454479572752,0.21174835553294521,0.13156814220745536,0.23997446161418104,0.23615417100401948,0.2086828217454338,0.34329200433385476,0.2870332393167997,0.23227446291085363,0.2749077806831155,0.2324351143350275,0.2593852845502736,0.17259138881509326,0.0033689359301242584,0.009576326947492646
16.511699949256556,0.2705406113404298,0.2664573335010073,0.20684401928401472,0.28120618824880445,0.1794173511934264,0.2028706832588254,0.24721856863913697,0.2123088705865486,0.13284346546537235,0.23513383690754971,0.234335315965572,0.21025302284899017,0.32821720284536793,0.28668288523216395,0.2343345282154794,0.270515643517376,0.23355293620302056,0.2546798254603168,0.1694757529676937,0.003345895358979621,0.010470999425762573
17.909004327212806,0.2600518256463578,0.26768335135371585,0.22504616082585346,0.2896417588791998,0.18431995563518244,0.2251606653128423,0.25155830823835834,0.21502097212047871,0.11781356589079214,0.24066229976449305,0.23304020918191254,0.20694748218387898,0.33858254108638874,0.2903663935595788,0.23312345583579028,0.2711614746565506,0.23885539601282504,0.25972854319816013,0.17180521010793637,0.0033430264562100778,0.010917433889680736
17.08629969933304,0.24485237198215365,0.28369617381532575,0.22879336911268155,0.2863028753037052,0.17371375512065879,0.23826379546963494,0.24842359541351713,0.21636219212876528,0.12743991181134073,0.24267321571836672,0.2361675592657146,0.21085623636801057,0.3417718507528306,0.29380121782101176,0.22955868072334615,0.2756509953721583,0.24480456828617667,0.26778749438791216,0.17189794063760666,0.0033720804405466096,0.012602111174980373
18.124148052011247,0.24903836064322668,0.2799634443723568,0.23747924013567395,0.2754981922938604,0.17582759493532651,0.24390694753030714,0.23596881950509505,0.22532600362640745,0.12086882618071322,0.24373843828004166,0.23932441813008976,0.20197131865859622,0.35120700165649577,0.2921641565840838,0.23525861079209334,0.2602172111417122,0.2517620808686409,0.2613512581306692,0.1727017104257497,0.0032092552725243428,0.013490483772261981
19.828473711645266,0.25642392360747623,0.2743197878263518,0.2300189608646447,0.25835564808481615,0.16842296158830675,0.25567599327146917,0.23003344135318451,0.21820309950878367,0.11536385240292917,0.23813003816468914,0.23732140446031844,0.20070352702723757,0.3485532488525665,0.27614166948004326,0.23781532588167814,0.261001780354475,0.24069198401678865,0.2762277271335198,0.16872995484377445,0.0029820417948101144,0.013635703002619808
16.851050331097913,0.25736617195754563,0.2694980517311041,0.2433356690115884,0.26677751956826934,0.1808638889478548,0.25106650717345325,0.21844344207525643,0.22246670098777588,0.12527446769957562,0.23381940868297993,0.25461875246320237,0.1897427797360202,0.3589744509281152,0.25940797634846596,0.22872514850540615,0.26918938296230244,0.24697738604401168,0.2791703985822218,0.17215731474826274,0.003219054919429963,0.014742215766096294
16.48452036948462,0.251796276516104,0.2703999475109933,0.2500870884083308,0.2637973350123177,0.1880321382770491,0.25160621868383376,0.21654167982658398,0.2315600853831411,0.13040172092834817,0.2380878527544352,0.24324651253187876,0.20286511670396506,0.3420566539076135,0.27636352970853223,0.23768763759817754,0.26547127704778506,0.2323314620098215,0.27544756501150786,0.17193077203773843,0.0032796359532712882,0.013456532444733273
11.799014600693456,0.24984335202211663,0.27517427499575847,0.2440894815651177,0.25288451545466545,0.18613810463405586,0.2540027706636047,0.21932742100783534,0.22734722329997673,0.12276087411490129,0.23836381426725206,0.24830788382186542,0.2067722241388873,0.33557581731430025,0.2619987388864216,0.2491082775613074,0.26531623142683036,0.2374743804137334,0.2736184659213853,0.1722338952295342,0.0032650745877484057,0.01396382284275173
15.97886397498517,0.25993366789169925,0.26468667971975196,0.2314377457826577,0.2600606281541995,0.18309000633160255,0.245920672125171,0.20596935595895086,0.22825392707130288,0.12371277556737292,0.23625133659265626,0.24924488028463535,0.2080900737425268,0.3217454286600545,0.2803515488837144,0.23399052903320697,0.26895854534780894,0.24540062790734685,0.2728266742493652,0.17209201474330313,0.003277572103531132,0.011756188171082128
16.42241083622898,0.2573810466819273,0.25936516335537696,0.22283638585471569,0.26921874331731294,0.1903842646125631,0.24358587401685355,0.21407426573624205,0.23299532829228112,0.11592540072488167,0.24438760813632376,0.25695162838047403,0.19371717611389289,0.3303792571276159,0.289794976426777,0.23041642612781335,0.2666208820948052,0.23289190037307025,0.2704139458238826,0.16976519502002996,0.0033770102700666524,0.012052269802897852
16.08076251956141,0.2630853162056598,0.26258284949542743,0.2259565735579948,0.2826162771048061,0.19566021076789109,0.23945537968702366,0.21298958082625669,0.23675382294104474,0.12471912108587616,0.23494609811952924,0.24504741580569925,0.1913490212829777,0.32935793233927285,0.3025671075888998,0.23252576164210387,0.25813763031814596,0.22758484097110812,0.26389513427530925,0.17047636906723287,0.003435358841136303,0.012238693873942181
16.249219462902094,0.27094602882281577,0.2800733334987674,0.22873196933641834,0.28294203340127705,0.19095752449049844,0.23452933288385225,0.2120030237324708,0.2271980265784047,0.13328080796066163,0.22988648339043952,0.2576975646918188,0.19364575002510756,0.34539927879992866,0.3046096594592718,0.23193528608237776,0.27136896563251217,0.22820455341772977,0.2749725525275406,0.17176421715094162,0.003314172462641456,0.011877743447672057
15.31448231937838,0.26507253998978164,0.27848366356561094,0.22163240420278557,0.2867064854744507,0.19922766230136926,0.23503175822294975,0.2247186544022324,0.23634810932797534,0.14085663733709436,0.2324181707589044,0.24938188374178538,0.19475001969836794,0.34638939820723263,0.2924278352654435,0.2263075264146512,0.2695755466712775,0.22873217384015612,0.27983313286286726,0.17279823810422426,0.0031519801663636936,0.010795334750021026
15.37880942744678,0.2551244888284746,0.27520329102126584,0.23108601456833822,0.28104219906768996,0.19879786835509178,0.2457151607325907,0.2157168778918428,0.2290571231128007,0.148340424950442,0.23827755060793154,0.2671613613067959,0.19348177059897467,0.3465641326484799,0.31207048083402894,0.23108788413137044,0.2836603768915122,0.22339131631980175,0.2836617819581411,0.17556528009114689,0.003089876330051287,0.013020039971012646
16.95835926908341,0.26850300870602195,0.27535838002733704,0.23207030982085516,0.27026627644533263,0.18935424054665953,0.24745477716291212,0.22226272920878845,0.23436776361882256,0.15778946802614713,0.23622206834636392,0.27621755416531646,0.19059679998730164,0.3238872526913272,0.3194972432706169,0.2369030815788633,0.27720199864878736,0.22509913945641014,0.2738870877118778,0.1751549416933299,0.002998858348697682,0.013521235064123121
16.227889394786935,0.26578133631258843,0.2929558599338231,0.229852582607628,0.2817849348582807,0.1937996368453117,0.26019057853864974,0.2136193815028958,0.24312553253768632,0.16165049832134779,0.23433684617206638,0.27220872934711876,0.18464651421390477,0.31320609478404365,0.31852119380396016,0.23440183519554494,0.28396392160668826,0.24177651449630277,0.28230820064087725,0.17515854915859122,0.0030538316395642673,0.013548578335084535
15.953996780128652,0.2582118392962818,0.2958804428163642,0.22740556477012028,0.27315225790976005,0.19357657643852255,0.24605422720143283,0.21600259546633163,0.22789038908412082,0.16416199159794634,0.22834437778248706,0.2682634242909042,0.18888487126834136,0.31422762804967946,0.32254326586574644,0.22944403992204118,0.2724447434849252,0.2489285415040884,0.29080399708374854,0.17663108392671234,0.0030001103626380574,0.014807968604191136
17.621863249783562,0.2549824893367804,0.29641068825713246,0.2307910516340126,0.2634389112806628,0.195434946453752,0.24544182295809203,0.210944555063168,0.21877874194043773,0.16627895086459427,0.2228433747809558,0.27119025884354225,0.1822859610147338,0.32119897729971186,0.3249283954472728,0.22468318455015335,0.27403798503968224,0.24300146793089705,0.3099777733300459,0.1732842825236514,0.0030735143543422438,0.012363999915549699
16.65869702478684,0.23654742075035878,0.290889371776615,0.23891543165118093,0.2601055339462792,0.18965030888025225,0.24632873855142062,0.21693399139720174,0.21492898227256144,0.17182049393314686,0.21376523147188697,0.2761553073285127,0.16452009258167005,0.32789492107366275,0.3198595486912367,0.23386943173860916,0.2672606994168394,0.24892430541591298,0.3049587595746246,0.17304692710067784,0.0029144392302340337,0.013741236381765814
12.720086064357545,0.23417026377510997,0.28562330987967177,0.2455678265629746,0.2519757603167519,0.19273429377393034,0.24674631905372704,0.21917956992762205,0.21786912885402104,0.16295113336003736,0.2215394314414923,0.26832374286785077,0.17862354192136123,0.31189105958152463,0.3207957939164951,0.21947268607515763,0.2595157677232663,0.2464465176935504,0.2969960463240471,0.17060926744757615,0.0032305311464377547,0.012957423961816043
17.613445980643338,0.2376029379062649,0.26875366264541095,0.24881637016222874,0.26033025583747343,0.18976935898421018,0.2526295358011829,0.2146951872367083,0.2222252667260593,0.16877551578412678,0.22192841590429044,0.26898400505045617,0.17236743703242197,0.3144573094152803,0.33170252495190966,0.23471520973911747,0.25585660120031245,0.24275207467851054,0.2875822296813637,0.1709491136392452,0.0030537122081956535,0.011589011994303868
18.67457506237734,0.24161883030666992,0.2474146090505313,0.2599780034426038,0.2564672926840298,0.20406729684413488,0.2402196569117491,0.2006464559240677,0.22425048278064777,0.16732954712624226,0.22732138910408198,0.2768157683471195,0.16580873696527737,0.3099461660897022,0.34119728519287923,0.23684106078668066,0.2563255850345285,0.24836684126829944,0.2773758477473874,0.1695430664842798,0.003242639635078524,0.01183584366224797
19.63183637461806,0.2382640958053845,0.24004027446183177,0.27036453499071833,0.24417678136398926,0.2096107038518313,0.23411181278005824,0.19730647062030965,0.23950935283989686,0.17382448702474143,0.21837520563912613,0.2633871397609191,0.15538740709207505,0.31010174345534763,0.3521072329580272,0.2227000766916451,0.2472987366667328,0.24807371177175397,0.2690652805952519,0.16923552349290594,0.003189981889093256,0.012548811998934558
18.90271742063043,0.24796184422743733,0.24883065388107678,0.2716420115401567,0.2513966411673503,0.22609792631247305,0.21979185365293746,0.20038591284760274,0.2485347067118834,0.1733229213248623,0.2111421457857455,0.2707748404189757,0.16874633905399286,0.30578114413785384,0.339423291643221,0.23149196062891808,0.24790558786451447,0.2474174056383055,0.2729653594521026,0.17251846890028463,0.0032715153305512825,0.011923450081745892
18.208478714207956,0.25960604071141746,0.25146245799800615,0.2724856516299198,0.24715709865872237,0.20989995244471632,0.21239061733669687,0.20512136298100309,0.25477499281053667,0.17349082306051153,0.20754953499504822,0.28227635179385774,0.17314329624782307,0.3015692396531198,0.34246671375583204,0.2273429865498903,0.25779642780565354,0.2437866310694509,0.26663760079677074,0.1730017079151402,0.0033432838940525675,0.012667806894271157
21.608397566604705,0.2679763020211636,0.242670264472028,0.2661443043613532,0.2511634556775398,0.20795833365688826,0.2149718901087188,0.21145040843369703,0.2559602453196359,0.16838921934275097,0.20417168109338432,0.2782419447822649,0.16941663080671712,0.30787826033989507,0.36513742704605373,0.2350342669646071,0.253766343340268,0.2539237611559612,0.25363214135354856,0.1725411143586438,0.003291534572165488,0.013323595690034945
20.45040550077769,0.26213802647537005,0.24865518196257164,0.2591116327782202,0.25428786430360784,0.21351390923568256,0.21233036983730574,0.20100251147504478,0.2558270221514785,0.16288926862385875,0.20499567855971512,0.2692787585332436,0.16309783802475986,0.3307599627699561,0.3711454543429786,0.22894450152116272,0.2602846976652261,0.2671089081133304,0.24437089627210568,0.17351384031289363,0.003226178401757462,0.01351863868639209
19.903338994942562,0.26181338428411155,0.24695318556048335,0.25584004355708206,0.2652949547483725,0.227138697016981,0.21620550762353746,0.2027717360825434,0.2530792939573908,0.16590727062317287,0.19841567577845057,0.2701842587494174,0.15419659125086024,0.339373130648051,0.36683781625385836,0.23731599603229764,0.24878354992230883,0.250167032930922,0.25246664263084867,0.17391357589164091,0.003473492314249714,0.013917802421067216
20.204921586922726,0.27063216003544793,0.264093370262922,0.24336023758283923,0.25951882479488914,0.2173934013787583,0.21263115780742492,0.20177581079557208,0.2500003553241109,0.16755071877468938,0.20919966384702662,0.2682173080539837,0.15003292152141703,0.35484195524847273,0.346509786598564,0.22803312462060343,0.25852416396072286,0.2571536490806654,0.25718419468745696,0.17584904084349182,0.0032862190310902002,0.013950125789350927
18.053313555835338,0.26437245338330806,0.2560431305527094,0.23257801089661628,0.25713359252428114,0.22216211851972595,0.22219180674911193,0.1982133372520641,0.24648286732004404,0.15922176657363582,0.2100086793707766,0.26085690025380504,0.14585824560918223,0.35604317415921427,0.34159547213147595,0.23254670137488653,0.24824501601967167,0.25822948305964855,0.26170066187147767,0.17260360016607468,0.0032700535476303198,0.013063607548882496
17.41084958734204,0.2589129290698158,0.2693683190785178,0.2302063233987241,0.2599817315165849,0.20966093852980897,0.21220133828980417,0.20296993167440464,0.2451833804902842,0.1491255851254103,0.2095153119265189,0.24309852506955085,0.13631593500254408,0.3540741731947063,0.3385902983632901,0.24540576137915407,0.25353860012969276,0.25719162677997165,0.2580839696487878,0.16948301629258947,0.0032333303092534167,0.01418409747812535
16.484719110696133,0.2638931156908034,0.2640262288092752,0.2297144371906197,0.2588087857083986,0.22046612251049139,0.2063841987142879,0.20096011375488873,0.24822374607305298,0.15162398917014597,0.21825300981452345,0.25349243822867357,0.13841876773364614,0.34652691991985424,0.3390750470218119,0.2578220402387952,0.24861635170152213,0.2644848394751645,0.2563078633890465,0.17358348829990947,0.0032442745866717057,0.013459130357026283
19.6991207654001,0.2780456369811473,0.25895610899361715,0.23219084351756605,0.24890129737913963,0.2138990460233758,0.22257430828591587,0.20874380465267475,0.24629972636299563,0.14460604366350013,0.22172569823481483,0.24961431927681793,0.14126364465821878,0.33530221923594183,0.33788058538416094,0.2611944966336361,0.2600230727721699,0.2777147449506717,0.25714120571618226,0.17253108597330444,0.0032528633565999127,0.012400374039168147
