133.65230774286638,0.4842556709002084,0.16037093958518236,0.0001979638117605891,0.4087999221498563
100.35356062202219,0.6276991789369135,0.20228365729564513,0.0001544004233376855,0.04890592826784206
72.80483365416282,0.40414250937831364,0.13661452691581394,0.0010554957007399561,0.04812830336654651
37.604978363237684,0.5044115036438326,0.11533705596347357,0.0020941795518566045,0.046317826810260816
11.20837374673011,0.48275291379391244,0.17757226239990703,0.0032239160498432444,0.05523478779986929
10.297624254793035,0.5268283450322668,0.163545949129185,0.003056425812150696,0.06934510140158882
3.7411275667572994,0.5196304315187645,0.17796465118811378,0.003687039162967112,0.0716345313677849
2.0659636968668433,0.5004247675629175,0.16763206401604838,0.004372591516611827,0.05743253941445705
2.8234941140700314,0.5193607604999229,0.18366138322241818,0.004330176455818378,0.034127216652471766
2.8726857952428815,0.4809628970442747,0.15800209988772967,0.004625750420292593,0.04261997007244255
3.6689353145988273,0.5249429516583943,0.17905034553782162,0.0037211723865859985,0.050898344604865364
3.3427597957446493,0.47922769572162127,0.16262642970900756,0.003362284022311305,0.02857741305227981
3.4937987499936294,0.4925497892365239,0.15273106703884032,0.001413938887835445,0.04105329169352649
2.876895463026858,0.49810935186108146,0.1556416452405432,0.003090627388503401,0.054145647882224035
3.3674127677529944,0.5032514477799024,0.1624400975080465,0.00484779752812132,0.0563633411094783
3.4743702780698547,0.48770069829676665,0.17014298174189282,0.003378925581411599,0.049496483492348226
2.092131181747833,0.5093148055272201,0.16488781004633832,0.0029883267524869485,0.04270015837054859
2.0231904531117455,0.507650559334721,0.1782662585272325,0.0015760108781007114,0.01155743397341008
3.3122957144983363,0.5055365659311715,0.18127898139781198,0.003210567737335785,0.00892026150686898
4.715632742370212,0.4739363303569382,0.14566502007743232,0.0024668760454121625,0.0065903654876319495
5.961761132737224,0.46928595917332877,0.14258173286118242,0.002727074955879806,0.009558686240850857
1.2675794993634129,0.48828399245055004,0.1570953308573541,0.00415882515877857,0.016770108082604145
0.6422045882004425,0.4979350596368736,0.16363278354531494,0.003721307954633076,0.016197445663824653
0.5359922057017037,0.5015223279662238,0.16728266475620598,0.003737617536920192,0.021525519084217796
3.5591826667204,0.49933623173105307,0.15446759319692888,0.0064756334635059885,0.017527801604908515
3.514466637383909,0.5214885677284529,0.17080659780830004,0.00496722626650993,0.02667130068509342
1.4922036812275143,0.5049340020321884,0.17352144497580446,0.005121372885630924,0.01780309268942797
2.6399379541195556,0.5123761468482854,0.17282585031932898,0.006669698551740168,0.025397506517196678
2.8685534366781016,0.48366253559063244,0.15070252499841513,0.00555516852873801,0.017633185541612705
3.484963559020709,0.47734175591643846,0.14724029073458408,0.0033093667386397984,0.022010836649997954
2.8340347524286953,0.5149457371696867,0.18452186318679184,0.002411256268802206,0.0201253673387787
1.0543312839720422,0.5013019803470187,0.17242692011994765,0.0023626623726815,0.019217297058963807
1.8624001257212164,0.4820006092444375,0.15859012255268068,0.003319768407440503,0.018121095153510854
0.8323872290138723,0.491327457537404,0.16220810713716574,0.0039043858516444384,0.02756751444905916
0.6332584531926095,0.4974858908501786,0.16359513426606823,0.002943594257087577,0.024174572709959312
1.0816515399618771,0.49152533733484016,0.16552619294731452,0.0037916806617770324,0.029015112815366638
2.923696278355626,0.4888569377507599,0.15494499548159807,0.004407749363435242,0.054778274484689235
1.7282509815330878,0.4953324905294659,0.16124619194347492,0.003554069521757953,0.061172486775404336
4.603443011506367,0.47794757236482016,0.15832979424331142,0.004054758908604017,0.07162571561629087
4.236963031075719,0.5025823632735225,0.1579095091191157,0.0007824773204110794,0.06005113206834253
6.554832462321563,0.5322031543695791,0.179830377223613,0.0011318576512330742,0.08612140444965918
2.1484102585617277,0.4886782784533137,0.16594304357459164,0.0006272603976837185,0.08280250115596623
1.45672481262884,0.49452697853784233,0.16262027024869968,0.0012163155160443205,0.08035192763182795
5.484568123854493,0.5002910304586148,0.1827710828107594,0.0023593423479821704,0.08430201986941978
2.759276581390967,0.48648885417358645,0.15312515019190248,0.0015708388608456855,0.0752690116222918
2.767960297379151,0.5043249510866704,0.17966765706098717,0.0008323045573094127,0.08593522686172783
2.717500202131031,0.5154635496767364,0.1797182294895866,0.0007078113347399886,0.08036748778119097
1.8184795294194738,0.49739333271447544,0.17079098752053143,0.0005647412716934468,0.10271738401619666
2.917613175371079,0.4790658096749807,0.1596544639171773,0.001232786180042779,0.09445541534771226
4.496515214635465,0.4812464300214378,0.1682695204513574,0.0018311549925508815,0.045243269244985757
5.075823131853753,0.48241110957356387,0.16586034757626358,0.00578393433066945,0.019424549606839286
4.348907230094159,0.4830173552775979,0.16483384663558,0.0045338520373363065,0.00042530369882522526
3.8002478578497167,0.48337564951903195,0.16464288523890447,0.00302271450430639,0.090828245555766
4.423205522013556,0.48638507060052044,0.16958365718219287,0.002197523066536081,0.13973782879682972
2.201452468787008,0.48597443743621305,0.16020749640257353,0.0013438415771699517,0.15732034394723332
3.652834975818826,0.48918885535082496,0.1548329468401069,0.003137810412838976,0.09223241423085556
1.9735290478296315,0.48925136855975343,0.16492876139588478,0.0014786699095222337,0.14336613340737875
2.194626391941551,0.4894243232497461,0.15855333300822663,0.0008047357830230002,0.14142753187148188
1.7935767703363634,0.48911389451746007,0.16362557929266233,0.0008300648413212528,0.07675373340430781
1.710776962041874,0.49076825212124486,0.16811395606107318,0.001567177055542962,0.058805838769687716
2.2410838360232828,0.49068111776923584,0.15784471838807787,0.0030513273076812047,0.07512375238347468
4.174895154718223,0.4909637018954309,0.15330609351119479,0.0003931616892424096,0.09779672781085344
3.46112066446684,0.48933540271870696,0.154635595974578,0.00047282457626648434,0.0770620676983959
1.170651881265262,0.49244479090053395,0.161752927222919,0.004321311217006052,0.03858543195347107
1.5127788840033003,0.49355778812173867,0.1674974222006912,0.004729283805139288,0.017238016240189544
1.24264092609185,0.4899827274175418,0.1643349558375834,0.0018927033484315093,0.02631336778691859
1.771123471033727,0.4903901103134404,0.1652059916320988,0.000836960979960953,0.05131607350643749
2.323362253825802,0.49374520789206716,0.17082631026583997,0.0038464079532626637,0.0070706715473763185
3.728776408439652,0.4926178759553295,0.17056671231279227,0.005419402726896281,0.04096248095418596
1.891295804150276,0.49574891587417186,0.17271463615773955,0.0018627742851917168,0.06472969213930783
2.2131011850139375,0.48994613874057974,0.16715750893101133,0.004712255672801994,0.01613382258947893
2.155526099562541,0.4882763423390946,0.1642314012995305,0.0006678813654596794,0.02293798497399742
1.8095628213250339,0.48731339767216497,0.1623864294130965,0.0028216028788074733,0.000474092618585685
1.567846918104087,0.48739266264425757,0.16483354217593915,0.0030145327450347738,0.0233239064061303
1.5108974754440987,0.4864614314359206,0.16144114662321496,0.0024594661432569,0.05775538798931845
1.2828647586052557,0.48878745080513847,0.1617072592453001,0.0038580006093354184,0.0398306421075692
1.5676167904014717,0.4875182430962779,0.1593721962494651,0.0034579145576649623,0.05174316864994079
1.2398071183547832,0.48614675542987684,0.15821435742672532,0.0037284901902631456,0.025006090193514102
2.227708535810192,0.4847113384687482,0.15471337560013848,0.0016134903876907636,0.04618675216497495
2.2584436092298157,0.48549705084569206,0.15239908379073538,0.003611242311303561,0.04125586895812906
3.5530327377453337,0.48598937009246534,0.1514624816346043,0.006205547934809813,0.008553269454696283
5.531745117990194,0.4836961233196015,0.14263127471329184,0.005306486703182208,0.022748343379819833
7.458144267215442,0.47846244051844916,0.13934142913576192,0.0021119279858215134,0.04797024787480379
5.667037297966417,0.48145370835818135,0.1430037715351162,0.006152536401316712,0.022221754846176146
7.370205194407295,0.47404693492581956,0.13841578668992885,0.004082330672498813,0.04170679037562073
7.517710275965929,0.4740103532851074,0.1406663402602579,0.007080097124310759,0.024274997205500512
7.681598277925132,0.47258758382445665,0.1368722343980942,0.004662978709532403,0.02263816106511722
7.454567355417881,0.47112414523436846,0.1385108748226431,0.002335653395272017,0.02336175447584326
5.212050634416545,0.4744371415820473,0.14287946900282544,0.003609237458322295,0.010029304906319501
7.130095553921563,0.47605479548787233,0.1409308064446366,0.0013431320993684327,0.02490027163188519
6.168885114708781,0.4714703464486811,0.14052784684868097,0.003457857109485443,0.014137958419122361
7.908919752959431,0.4672235588926504,0.13925708091741387,0.0015695494147672279,0.0410605279937479
4.4416391783721485,0.47283708281659154,0.14697599467856579,0.004393660728389776,0.03859686815244369
4.013515986466256,0.47278517424012345,0.1515084166899188,0.001960040281109534,0.00700419910672774
4.3020300360553865,0.4739429499407794,0.15200586174850314,0.004650793424824639,0.0045001969090030045
5.107053757177486,0.47496631849148796,0.14514992645807837,0.003916232396928119,0.00037775429745933765
5.11808319335171,0.47552294252816457,0.1476171203762635,0.0006243351099744039,0.0573960892320927
4.0698855998710295,0.47715914795638437,0.14668137362735567,0.0021757233480404997,0.03830519706992995
3.9598310873237716,0.4810334517853347,0.15718674018945347,0.006772121572674468,0.01701782260700302
3.0673169671430562,0.4827681678433849,0.1631692724172178,0.00036508220881784504,0.06675984513504746
5.190481826915391,0.4829966274657567,0.15799825941478027,0.007676762828252237,0.030128896432211436
2.86156304397006,0.4797693302389054,0.15534600542283777,0.0010556327509966225,0.041023354934251674
3.1342334270459884,0.4793048939848408,0.16177010249967583,0.0016119806567378055,0.018675491563664236
3.8899144851914196,0.47893251774624496,0.1635108957737802,0.0006749002198295942,0.05819633174437067
2.587295747445334,0.48661787270270224,0.16617219383141144,0.0008824755779095923,0.009698723456629074
2.4953662258302414,0.4930376038271936,0.16582804699291798,0.006244892106801196,0.02757683932214427
1.7640871307158412,0.4956964908151568,0.16945315614039108,0.002167649567455917,0.09980660642971295
2.314931512676806,0.4992857827484605,0.16205488231777218,0.0009334063794598844,0.01407280811532187
3.2116700933060347,0.49574758113574524,0.15827537265605063,0.0005162210460372927,0.02227323337698916
0.815999926774035,0.4956765250587663,0.16034260676402762,0.0037254861678579186,0.023701439979093034
1.9618330925837235,0.49113436456625126,0.1600569497592965,0.002260881023361535,0.09848418720204914
2.6382286726243964,0.4860459546303749,0.16113707745395509,0.00025600474661171364,0.055925427131878945
2.456214189481893,0.4923527525625028,0.1575886099673197,0.001005936636530435,0.022067541993808462
3.3863399300953154,0.49880314664035275,0.1614192728010852,0.007247765925028488,0.006993724879436832
1.5727493807247797,0.49621680603448926,0.15757763096283242,0.003118147373710054,0.03717731638740339
1.4590512258996744,0.49017096833628404,0.1624827693011628,0.003399967161115869,0.055908809456972144
1.4432631966835865,0.4938783921144289,0.1646458243368843,0.0053174549062032245,0.028796487820762856
1.9491334797686448,0.4866726936092633,0.1601628355674229,0.0013741226256688832,0.12410502849717339
1.9869024542574363,0.4849892994636273,0.16239828983041282,0.0012744710583780152,0.07163555140549968
2.2381538268385746,0.48169596558164285,0.16008028917918574,0.0018202428479113754,0.06738840327771571
2.1782189449195255,0.4853682899943445,0.15381284184678773,0.0023255127715515345,0.011294774701536281
2.606637230524268,0.4861674132716402,0.15762438704366674,0.0015887207760005302,0.15739374629961453
3.180452031396525,0.4802688915913918,0.15982558495295932,0.0003363697898659441,0.19388441401476503
2.923104804790973,0.48173515593569527,0.1607649239383098,0.0003794436970302648,0.2293248017701459
3.3058108332618987,0.4794311657681774,0.15925355969593005,0.00032643576661593764,0.24504689643344282
2.8462772807953414,0.4810814956012623,0.15940847857484344,0.0007853214872748356,0.2435286810533603
6.708025482491402,0.4823118330688494,0.1601944982002688,0.0023702779629631047,0.2485264810379593
3.3122397855832104,0.48072380608266524,0.16028122058248692,0.0012528448830390671,0.2327369589477823
4.911368892693195,0.48270624772227083,0.16327519475796634,0.001980873603269593,0.22916133966738142
2.387227624868517,0.484936863884515,0.162111553362299,0.0005403495053665098,0.2126577058785573
2.349255781617469,0.48842669709891545,0.15945207194577657,0.00046094030755869267,0.12170444307693831
1.7947712118438177,0.4942300902513833,0.15955183675572152,0.0017223456944929487,0.08629781539776432
1.8365405953219844,0.49394392357270706,0.157001338943134,0.002177266113968834,0.0468277190932248
2.2601569477607044,0.49864322884081685,0.1554544224872389,0.004212433551883709,0.02350290350122601
3.1055300836954833,0.49395922833430544,0.1541687911126879,0.0015320822018612137,0.028402879624633295
2.5916074615471723,0.49556717753430307,0.15417579524558203,0.003580774750651905,0.006983118245697705
2.3455920765228604,0.4936400209176814,0.15296498341864168,0.0037875994288373506,0.02567629021363536
2.3334317952500534,0.4952661006730437,0.15653807300197667,0.0049148527163850545,0.03923515737391318
1.5523258628594385,0.4921699367490726,0.15546024909534475,0.0040666243131416875,0.02817358626061332
1.7783871842289556,0.4869145530437207,0.15554468324397566,0.002765677596228572,0.05174082988600566
1.6839713533905334,0.48968279964770695,0.15831827742395427,0.0018580392193077082,0.07485740009863587
2.0994581271406956,0.4886236032297144,0.15812900769731633,0.000960430321275345,0.07828068284863832
1.4853938555175148,0.48760599676399524,0.15746007594405395,0.0020746541887978693,0.03425500821164383
3.1815000630001067,0.4857301608459818,0.15650803880328368,0.0003329471730093383,0.004923707766149588
2.4819369904437374,0.4832187810081588,0.15620379948931323,0.0010038489969972648,0.05797662136988464
2.431041372063938,0.4807251294729786,0.156119343898085,0.001451273991665391,0.0626728397899644
2.631198625045972,0.48458208498327987,0.1576278426012182,0.0006691477424246698,0.024965888911380456
2.3188846021048346,0.4875546632006609,0.1573791053085805,0.003075051399916303,0.07524005793885569
1.8640306654832015,0.49092714553868316,0.15865347349772946,0.0019156923245998011,0.09184650762569453
1.9727776128678396,0.4883064148669538,0.15718860537883522,0.0016205982873649426,0.08600909188295693
2.571695071287617,0.4814120486379289,0.1571526065194064,0.0026732449095387386,0.07716854801190759
3.2963931829127984,0.48356918847850794,0.15836842596006995,1.6493146539254926e-05,0.054730966510987446
2.0262071472834107,0.48067137234390545,0.1571321055353563,0.0027564283779528864,0.040464780143260666
2.351614506031105,0.4853369205556108,0.15704350152151136,0.0009098144119696564,0.059208075841015714
2.214148041208623,0.4809469674115577,0.1577752431378511,0.0042905007114327305,0.018516489289879624
2.5170617906625607,0.4814075759447117,0.1590650915669239,0.002656301023320861,0.00031324180231568494
1.813166255448006,0.4854678664946626,0.16119360397132135,0.0015937978739847766,0.017265644658330474
2.319341524119207,0.48435083315046934,0.16056179943983512,0.0027379448173501233,0.0792643414979443
2.2422205224406397,0.483383067611021,0.16077671760937712,0.001121542942664433,0.10464533946007933
2.809361729874717,0.48380226434912976,0.16027427809575812,0.0030176369636596475,0.08433993529906739
1.6717722854328125,0.48701151591051783,0.1603933174510582,0.0032265442722310272,0.05753456479901985
1.7767601383552356,0.4874321597175107,0.16074238388067447,0.004946227690423195,0.011994412297616747
1.549986694183073,0.49005829770420023,0.16047318884530892,0.0020623436819128694,0.0015411550538290426
3.3099079570339387,0.4896597067630512,0.1614388649254683,0.007083439355560936,0.02695481705808226
2.052677129226265,0.48524763323007947,0.1618014565563843,0.0012745678189969778,0.015288253799418236
2.5138160810669103,0.4869871353582725,0.16247386303307956,0.0058202933046320494,0.02358535365172472
1.5787847300581757,0.493617676325798,0.164011163297453,0.005273378925089512,0.009730622158999315
0.9612834174021502,0.49730801959816195,0.1649887232342923,0.0033782665752830916,0.005239752351914671
0.938131544106026,0.49976511798985596,0.1656753191535227,0.003256281358911615,0.05017093196253333
1.2533427359087121,0.5034158762067843,0.16553862059697833,0.005601512331899159,0.020470917095360138
0.8983644792783815,0.5023868558384154,0.16521628175402614,0.004326689227426102,0.032293006394359544
0.9796332528913915,0.49801736404907027,0.16577925022656517,0.0016904839026761539,0.03757555820847108
0.9290234099523225,0.497756810170949,0.16598120028041483,0.001758666497579052,0.037378424788163306
1.4771488337666836,0.49587785297737075,0.16624652603455778,0.0030009682417115172,0.0718244103675993
0.9397275203719515,0.4979637887619871,0.1657372656106091,0.0019754157956333846,0.05876646835826794
0.660292776607073,0.5006516131999145,0.16631302514429588,0.0026106639549299785,0.03222278722124862
0.9091176095898984,0.5024763831429033,0.16705375075646015,0.0025257358159721517,0.011676477543401589
0.8626347363788552,0.5045914290312218,0.16824085195641197,0.00410119136690794,0.01117327331474256
1.4817272735786422,0.5079556139037371,0.16979712824222526,0.0016510146031891498,0.03631903328411712
1.863909506544894,0.5049382856186506,0.16930493249437056,0.005830139608817337,0.032596340405573035
0.9174752900876753,0.5077576749169369,0.16886494754406775,0.004423565615304092,0.021427863970572218
1.8367796767285043,0.5140740139505044,0.1702020618675906,0.004998417521758868,0.02485702826449689
1.8394582943990405,0.5140022154928706,0.17064793432918024,0.0053372520221944405,0.020367858581499518
2.4282664824922944,0.5144796026801787,0.17074104563600084,0.003478408346516825,0.00025098491490015487
2.284378662250317,0.5135699342684908,0.1716693096696677,0.001514584593449083,0.034724797020856235
2.246496302995514,0.5159392725186318,0.17221593265239682,0.0022101528446224128,0.03963836496948392
2.962034132667349,0.5196988271030494,0.17262672105786686,0.0027494179630876982,0.04448782177091595
4.036896270227508,0.5187273456611791,0.1732323806213762,0.005840993117164538,0.041378455690343374
3.6923395851920895,0.5184927813863849,0.1739937188435696,0.001010486926828708,0.005713844689161959
3.8008064023464794,0.5220182401838325,0.1745290421873342,0.001621615705372626,0.052808566201303905
4.8438030065590105,0.5187970147875138,0.17648031194574565,0.007605613699693222,0.030630625193426655
2.9050876351243797,0.509419880232214,0.1709800138137956,0.005931252616772749,0.0013884551752143745
3.042810553919386,0.5090524910749095,0.1726576385040107,0.006668697087594003,0.03300984425255312
3.0004466924695823,0.503524136088072,0.172037158890705,0.0059518451634947254,0.002340162950357716
1.2934956094391363,0.49470503238769303,0.17012137994157767,0.0025552067798240716,0.028804528201502887
1.9552661165479264,0.501291422985355,0.17221715237542942,0.0004599756129651028,0.052719927460617065
2.6227066515187527,0.5069519835020457,0.1750119457337284,8.372176985346351e-05,0.04989283300253465
4.917894662152441,0.5114591891638327,0.17719673682719933,0.007503143557172228,0.03409308755439572
2.8074309899799506,0.506434515848252,0.17276683364761508,0.006944475134745424,0.02379351884873311
3.6345946390389186,0.4999464738735034,0.17112121598449578,0.0034813147867842455,0.10166947001657614
2.272217974117342,0.5017578132152577,0.1724661414585671,0.00013069987678649602,0.1485587863361109
2.66183531836322,0.49719662911313706,0.17451130168283696,0.001223431200802294,0.19500439596134359
2.4702948141697862,0.4942333482664524,0.17240802609577113,0.0005178642317850951,0.15908653617079355
3.1073222516582084,0.4895345305382359,0.1713935811503947,0.001638742456392081,0.10357959066719538
2.3572642753585775,0.49309335332657245,0.1710159946455107,0.0006639994726523912,0.044351656868922285
2.1158812446819915,0.4909526712296962,0.168869878175138,0.0036907491402778728,0.011933906571570868
2.700475476018018,0.49068171470510724,0.17011533109141846,0.0021977359877696067,0.09761486525654642
2.531186606729648,0.4888295422466717,0.16918691715169856,0.0012335800161244657,0.11331499860754413
2.841695291094622,0.4870674178986336,0.1670723126993826,0.0003935457806226487,0.04606271530119713
2.6309800610243075,0.48815692693632645,0.1665104638306779,0.0003066382784385461,0.04610664146468257
3.0260294550755487,0.4831311557359116,0.1655814846231916,0.0017265001676607275,0.012282071288163506
3.2320634924655303,0.4805788841008092,0.16371146236981599,0.00336323807505544,0.03203258383760903
5.051872946239258,0.4765881333821197,0.16309728375052124,0.0037703524086829788,0.04731743644115448
5.0352541501056765,0.47438998697703016,0.16003074147037688,0.004245037178187087,0.04166143979655166
3.470618821078608,0.4765218850723028,0.15930377312996008,0.0017825409751659029,0.013923889127261519
8.081118413907873,0.48335921196452025,0.1584212046739222,0.00880386749298736,0.03680748313114536
2.4778314266438093,0.4821789389018048,0.15542483739581006,0.0012873990070065063,0.03265630984477015
2.1618360492367605,0.4812595701487175,0.15475769672325113,0.002296563814194414,0.01783265290460584
2.1693617247203494,0.48321382507909777,0.15746746145972199,0.0050199357141382525,0.014721307517121586
2.253110960832714,0.48147660594875674,0.15726899796385643,0.0027052200565802725,0.06311643724947082
2.3617783320877686,0.48126758210580933,0.15638956556125833,0.004379877877705607,0.009915545386509822
2.9889236322595125,0.48384523566568,0.15521436052406393,0.0006879546549484819,0.02713984508925784
3.0097884679375633,0.4840160795586143,0.15570700392711176,0.003994402568861321,0.06325694849771654
2.265096065175533,0.4835687919217893,0.1575779905342308,0.00219224753936978,0.08869567312155624
2.9398578267260653,0.48224005311486273,0.15751428108097432,0.00043233648524603364,0.07274388957669803
0.7828910744735228,0.49516407926980266,0.16139434708500205,0.004133655631338117,0.02860713984116723
0.9558100437383729,0.4931695332326757,0.16063176550611047,0.0029712700553329403,0.04319408457295449
2.124318734783764,0.4936132461960601,0.15824265515977454,0.005107824851972091,0.04064215905188558
2.418336747448675,0.4954240011846852,0.16092506462461997,0.0018640776801996791,0.13911157578404415
1.5821419721450312,0.49971842527388743,0.16348014859682322,0.0025888927239973106,0.07427669969873008
2.491158166193234,0.5019398265007995,0.1603441030847773,0.0015251773917831272,0.03914997164002058
2.1390399135815565,0.5004116624413287,0.1680679292135594,0.0026053141300522724,0.10558794816016093
1.4017760470773666,0.501147911284326,0.1680403959454523,0.0020939802942313095,0.09313431048521258
0.8429106324042486,0.4945125575203521,0.1615493772761694,0.0027910091943021843,0.03977710020992723
0.6831171630181789,0.4965230321605008,0.16255535746047797,0.0029911532423400325,0.02952710960960826
1.2590048972646544,0.4937397793216344,0.16176352620148854,0.002181532446086736,0.07007901423917003
1.7980222212645551,0.5025106333730889,0.16790724802068724,0.0007298037312563638,0.05716362454694858
3.5108293791030496,0.5100404415686293,0.17464632440995567,0.007455605173591114,0.023126165120354786
2.0770381009938603,0.5123092169773513,0.17996658564573229,0.003438569293086299,0.008111440795812889
1.7828763279403366,0.5053875417262462,0.17080454058218647,0.0007445114756885942,0.09139938523012094
1.5746614570404007,0.5069366232428874,0.17029529399997106,0.0014928369810177835,0.0887004905949088
1.2932511856438464,0.5053025149378298,0.17226068740057543,0.004745035521678941,0.03355917990141312
0.9696224374630236,0.49853084423085475,0.16871613839367117,0.001880795825484938,0.019624140450506932
0.945208664760827,0.49932938133552324,0.16719663556634715,0.0018772875203178028,0.018970936002592233
0.7236880161396392,0.5022010216353164,0.16712117741987573,0.003943240532761968,0.012536064588702309
2.1969676207168938,0.49613783049676224,0.15891238662717475,0.0013319646554321761,0.07877580168840735
2.501131886524663,0.4969973262952017,0.15580372831396783,0.0031657295438511784,0.04984149627801425
1.9660756827268568,0.495124725899862,0.16047253190120545,0.005196441216596793,0.04072852955041298
1.4362990788873922,0.49583616246156054,0.16352010607824777,0.002892916151646547,0.07116590565746769
1.3254468542974933,0.4980681712374229,0.1667544134471239,0.0011808024950454433,0.02574630642671688
3.4780182648695206,0.496583358643224,0.16229708376871219,0.005308990212276106,0.05707038921174232
1.8350957616321706,0.49678459032804784,0.1622149906220868,0.0012403962673730945,0.005790891043216347
2.4420859244046604,0.4991741568565407,0.15798139437501585,0.0034298094502164585,0.0544512567066707
2.4683539726688544,0.4948272655474295,0.15491037595179885,0.00558967096629756,0.027584523718936122
1.3386681202622754,0.4970811907524428,0.1641915981539227,0.0012785709057183438,0.03820227502361498
1.855615224923234,0.4941153016857501,0.16181672082289905,0.0009440875247558963,0.018869911296012228
1.6824261512653087,0.4917167882879996,0.16013209165443984,0.002860107159418956,0.07164652934674816
1.1274502272404776,0.49587280487277824,0.1605509413280719,0.005108202111902339,0.023633039525199344
0.5637377685088465,0.49655553289201154,0.16524359106681344,0.0037753092135922803,0.023763987049640223
1.372586379751536,0.4977872423863749,0.16155101241368985,0.0025323866053354976,0.06018819989917955
1.4715974780342853,0.4986747359849298,0.16715369262326785,0.005522969092949233,0.011717520203080485
1.0964829211596236,0.4950194429118765,0.1652657425514324,0.0022200874421804476,0.005466568393044266
4.758043158979052,0.49727272052858645,0.1696510483621343,0.008171291117656564,0.01854741509399935
4.1731889857301585,0.4974270617205989,0.16996306086355858,0.004991515692578827,0.06738516507775025
1.5042914759112962,0.49822383859301256,0.16952234467258004,0.0014820520030380258,0.12804209050718252
1.8375926017225126,0.4976562700794801,0.16909474170090738,0.00045665053200111944,0.06823224562355293
1.5539640008357472,0.49492763502804826,0.16882160884815808,0.0010734727456038996,0.030119701027922052
0.9897834937940228,0.4951404175534455,0.16758143909473236,0.002348219897385097,0.0544040764105431
1.0343436279986618,0.49172389003853356,0.16075730124259316,0.0024010234479496613,0.04701566262874466
3.294521828851881,0.4980019799518546,0.1584767564292968,0.0006018234543600928,0.059500884941575766
3.1250510261300612,0.4989271086867979,0.1579097670111075,0.006821951882858535,0.02629937709656692
2.2992897998596233,0.4957483321188197,0.16367047350655944,0.006827688327168964,0.01691333131667121
0.9584026050690875,0.5003857419091625,0.16470782977505255,0.002253860472735649,0.01976315302797468
3.443711109622915,0.5036050317255725,0.16567612713649363,0.007246829028089155,0.005696953283655454
1.3418565603948707,0.4987465385769244,0.15917067743144964,0.004620247814241695,0.022887137413201013
0.9099833172375694,0.4956721784500285,0.1621376440244754,0.0048864549029797935,0.01886746276310061
0.6619257707642425,0.49485095875470597,0.16204562784526116,0.003204120770891201,0.022643297969326036
2.0842317682769482,0.4948544248903128,0.1591241832696208,0.0020049820025089963,0.09404165288347338
1.3681558433946255,0.49273268815310217,0.15982472756016464,0.0026899104218458224,0.003850396491431249
2.2887263476410586,0.49667116505335596,0.16323694112856613,0.000521410513414448,0.004564467331716988
1.786693792579047,0.49359479549678437,0.16025942361727552,0.004209488040609058,0.00035191500435090804
2.1274580621845054,0.4981537433814845,0.15567825737085128,0.0037639755602645016,0.024281238591525083
0.9772803838147655,0.498628595941696,0.16175694866298618,0.004712304065994189,0.02563239182009207
1.157511976229543,0.4988365338180257,0.16282593239196655,0.002142902862270821,0.01764861367925186
1.4135988810727544,0.50044323311208,0.16143035590762678,0.0025453577637085186,0.04350617950299428
2.6653987100868384,0.5059549139248287,0.16318016539309252,0.0018614140215560105,0.08626109478106575
3.3110319519232356,0.5003037497949586,0.16004742394007557,0.0004893195374340231,0.11118238514094893
1.411414249370714,0.4987292521444247,0.16324784936544467,0.0038905139958383276,0.05081206070699037
1.877235910883018,0.4946101158408662,0.1677465823176875,0.004997847643859533,0.037011190281475724
1.1834436593158482,0.4960865602962942,0.1699984647667319,0.00368768859412426,0.02194360899861794
1.4026213000357655,0.49499582140194215,0.16889949979616767,0.003077736485324129,0.0059829277115345005
2.428701224280536,0.4900383049040442,0.16595770383747813,0.005607461419511633,0.018914370855025658
1.8893400067284651,0.49108833459293344,0.16571883242395344,0.0010259060681790883,0.0002891908267741647
1.292890435651586,0.4923595109788425,0.1666346550576226,0.0015101201854520944,0.04838702146563028
1.354851243180622,0.4971335073551081,0.16964954915418967,0.004256364248788974,0.037065398023098696
1.4954523908437913,0.4989198401332276,0.1670837587269666,0.005584316302584182,0.011584530440293186
1.221747747727225,0.49839989547339386,0.16509987161504192,0.00563940913131461,0.020739620344030932
1.445126725719477,0.49603270902224655,0.16135922448206996,0.0052737105571125965,0.03241036687123969
3.455662599577296,0.4986677273843013,0.15973975136223675,0.004267602630284785,0.06697272405874197
3.6446194797198164,0.4989218585949721,0.16031248340517093,0.00464332085975869,0.06387272964412062
0.7877682521484789,0.5006158963796544,0.1650019686309383,0.004641352959506089,0.026480555262620782
0.8995226986645015,0.5004269257131622,0.1632332565693193,0.0031397534184247344,0.036880123116078224
1.1182611517020722,0.5009897055634819,0.16518392408669214,0.0029667870861603694,0.05583528403236447
1.5210215306262134,0.5007903359966348,0.16469487410422265,0.005151477689810278,0.006072393953643951
2.937254413360945,0.5005747689095995,0.16355738818567367,0.00710611289765274,0.02900267469527032
0.8934375487662799,0.501157567523201,0.16578447740406266,0.0044349864895576714,0.010708182823329446
0.8661854856669536,0.49805440975044485,0.16340346723114527,0.0037025449692908545,0.00926142507174005
2.4107288794511805,0.5016676398913195,0.1625992352676618,0.0010140208411960738,0.021477223115706358
2.158715271896853,0.4997641622251787,0.16334952307365286,0.0007681930463870076,0.042126759026014246
3.3876934765876254,0.505200643513497,0.16358382256116086,0.0077235649953366955,0.017888442242735395
2.919606646376158,0.5011038300035858,0.15964704487813008,0.0011150687876330771,0.06252714767724046
4.8533921377242555,0.5013452413640753,0.15778566803761224,0.0038165281208123354,0.07970463176301953
5.072095480147061,0.5017457529421282,0.15315931163079835,0.0016764617547339001,0.034483689477083114
5.14867814405311,0.4993933387847679,0.15007956168137035,0.003283377885765228,0.006153998298795142
5.921498308634351,0.49930790820772336,0.1538714583743952,0.0003543370501668695,0.0023705248017656094
3.477299266893494,0.5054808550607182,0.16066910834900813,0.006001892739623402,0.03600745821105452
3.5954214965673565,0.5080743922666054,0.1614645088786634,0.0018241867044551906,0.004302007859098157
3.474684208796275,0.5080772904291267,0.15976400968321353,0.004051142053927969,0.04238716632246978
4.389208969394224,0.5090055178650522,0.15991697886740805,0.005485730909693692,0.0015469665135108904
4.497551438023001,0.5070541746053112,0.1637101791561514,3.300645477278836e-05,0.0027959182162190606
4.6356949040806805,0.510673200069565,0.1640129549706908,0.00796813696653545,0.010950483828589132
2.8623129862360144,0.507011209175725,0.16122702955864535,0.0062331382138130454,0.022457340443236128
1.7028580023230184,0.5056874999374641,0.1631093176405236,0.004743169969898972,0.010354161684139076
2.993749285046542,0.505426577182694,0.16687875660718413,0.003609399130781147,0.08031707290262693
3.6101080585206824,0.5051109644169022,0.16520868875385814,0.004765332458012221,0.06272385237806206
4.898002603939049,0.508709071903469,0.16049181942873986,0.0022610706928107606,0.10565915549683269
7.322633489143957,0.5120732350987748,0.16124855459340703,0.003253755017642309,0.10469774553990252
6.449304155571627,0.5132722801672366,0.15997231392598527,0.0018703277341120556,0.10772978915096863
5.330795988429047,0.5159788692518111,0.1602338152676751,0.004675957862505995,0.02893330647709931
5.374999776306559,0.5160161106363145,0.1645223223297254,0.007750459984672998,0.012595199355969616
3.3741479542173165,0.5142599536951449,0.16516989752902217,0.0024161555386392475,0.025712587626455376
4.027312425537171,0.5136417620535693,0.16444619177127417,0.00169767296060587,0.02380042414704835
3.921581209591917,0.5155617034869633,0.16688483169896967,0.0017504340295064415,0.009614870109957383
3.2902892487867943,0.5157021804211475,0.17033225455334816,0.00703484428992459,0.01950950910940339
3.0882418540477143,0.5202783340052207,0.17030387933557237,0.004579205611586642,0.01979872586075466
3.4964333249931614,0.5161975134189489,0.17039627195945162,0.0012078352339584537,0.025299690283438116
4.421407555069009,0.5217601068351496,0.17134212813996968,0.00653322397816436,0.02701030678954792
4.106839575921857,0.5220274913441344,0.1707816533346001,0.006313722227678899,0.019765554892667583
4.4986242639898,0.52207235994414,0.17046957583104022,0.003257902216728644,0.00036584691355404445
4.121105521062816,0.5200348407236598,0.16852186211019787,0.0024597741741507503,0.027576147281559108
3.873366027284712,0.5153206858240142,0.16532130515434282,0.0022431064344330984,0.014439928044760896
3.9581771651958637,0.5116150171231194,0.16390419217259233,0.0013480889468178957,0.02336992555362493
5.044401861696189,0.5112118289629245,0.16635830918290126,0.008675046936636281,0.02024714842423899
2.846857532177639,0.5107301908103365,0.1653179100422827,0.001906077172632397,0.013220190738662145
2.772024835547913,0.5099009297093362,0.16162412669880774,0.00463442704884128,0.02574859955823717
2.0669518509843137,0.5043628332151915,0.15978153452124821,0.003497614673619597,0.019561708372746213
2.5344492470395896,0.5088739388474502,0.1634348606622259,0.0022970369925698368,0.022710151149666437
2.294688882507675,0.5013115942187036,0.16291736944501314,0.0028628198499004542,0.08196736275480633
1.1016373059499274,0.49599620598610744,0.16134667219312038,0.003561791624366207,0.006543154753915328
3.2253599993228677,0.49854900212051545,0.16102391121022172,0.00021751180446906958,0.04087385629869036
3.296867028909812,0.4985217558704581,0.16035349866782955,0.005461885698140594,0.04949792038030293
2.6376534889021883,0.49576895224428497,0.1579249425516633,0.0011081928907231081,0.022426532455458965
3.4381458235828317,0.49767676057334426,0.15890447145869327,0.006970582893255747,0.03171178898033282
2.45132053732534,0.4995217318507681,0.15652014291886218,0.0038327392031498562,0.0070313612316817015
2.796096372203462,0.5035151228719404,0.158177011608078,0.0025754551860226083,0.034658286585954615
1.7794670097242349,0.4980569886561823,0.15694559283289322,0.004156711841338987,0.02756472585038711
2.428746019314474,0.4964728305926824,0.15640878944496323,0.0031162357857862947,0.0011330521414461142
3.3862191446488024,0.49600577575239013,0.15574546608870615,0.0010583572739555286,0.027199187317981
2.3851835879512673,0.4932937392432508,0.1546124925370853,0.0033866508429244028,0.0035772899476966755
1.479845813404804,0.4917739481263077,0.15560985571544234,0.003866521235237968,0.02836336785040334
2.096009176061076,0.48738372258780194,0.15620049026935381,0.0013983165678417347,0.05753857711798728
3.039696596952979,0.4933187180750784,0.1546283069785543,0.0035777127032763367,0.061837730229121805
2.325045035786273,0.49081072106534795,0.1525445246697261,0.0030211257101819327,0.020996024734410687
2.6359007499702316,0.49254442666560283,0.15499618568152482,0.005230060314953794,0.00475155262435966
3.0918452056638395,0.49186361758579816,0.15475185667800892,0.0021660235708070084,0.09892416336614077
2.0957329460921454,0.49319144192009556,0.15554134966705893,0.005625173448616342,0.024683382975921472
3.284847701735903,0.49886804310891114,0.15547070204760854,0.001914959435599559,0.054974919783497125
2.8371262811502143,0.49989243610710377,0.15450414409241353,0.0038246913055954438,0.021736538718534537
2.330343282969981,0.4965086567976192,0.15563895731321792,0.0055859412553243195,0.014305872615798361
1.7324187407454592,0.4936642616174674,0.1568791475672495,0.004566987688566287,0.03588272153428718
3.5970239583237005,0.49132399075631455,0.15553727312482796,0.004288294143502168,0.06548515337205196
3.139857487126587,0.4905595935415767,0.1541917976476596,0.002104407827058783,0.1017505707019992
3.5738104427156303,0.48709791550639286,0.15382684745835812,0.0004085431463583416,0.1082557486752191
3.4004741058122585,0.4832355193684084,0.15460260278147886,0.0003097921037376782,0.12568752261719138
2.6707844248187267,0.4887060003653237,0.15578378341675408,0.0008946314920480157,0.12934338351689292
2.798932183430887,0.49276382366026844,0.15507333403365883,0.0013281366660393924,0.05178796104285825
1.6172506986701465,0.49429102360485366,0.15730507728500215,0.005033830521549482,0.028682159179009157
2.9853574249606036,0.4969862801445002,0.15711916579791887,0.0011055319593735952,0.07267969635855528
2.175021484476023,0.4931020339085063,0.1573279917236925,0.001420391969448368,0.06920408305160294
1.4995774839230687,0.49386920587584937,0.1588617462349041,0.002671139321124825,0.05716616591168949
1.338429064947127,0.49593021622286204,0.15951584534387417,0.0039677354617660586,0.04057786560966852
1.7430070538187246,0.49897539605465063,0.15939869477817573,0.0034870364904790304,0.0465307764186717
1.320603850734145,0.49867198823252906,0.1588632468810554,0.003910111762652359,0.021434809717363883
1.5151126578714122,0.4979707793642716,0.15781511433577985,0.004451451073590631,0.02182107505022252
2.6766046520658358,0.49260020079713634,0.15650939320397894,0.004232453189496684,0.05576795067162353
2.6046122189953707,0.4905759615768032,0.1554316631744663,0.0013740582569264953,0.09822762981454564
2.234653401572523,0.4860493783472951,0.15636241267358825,0.0014241171330892403,0.10052403179205613
2.5565332241678553,0.4873023070970589,0.15608860976337557,0.0010262012843373755,0.1510854679586636
2.54855575839082,0.4884182530326592,0.15615721437103758,0.0012762023051058398,0.1409671075571301
2.2262987429005485,0.4870374064221967,0.15797991992726096,0.0012283598357841045,0.14660119057810284
2.484589539522489,0.4887145445507396,0.15703505786712849,0.000998029526911709,0.17452567438633354
3.041224246602126,0.49165549472791464,0.1587110315112871,0.002089552722509087,0.14658551263495803
3.1993801219982116,0.492559965662127,0.1586098068331607,0.0022212403181891957,0.14004278425242156
3.643864681085314,0.4963865594048257,0.158598334248041,0.002168016888675555,0.14440106510473708
3.0273523728293275,0.4982887564807974,0.15897883950999384,0.0011554833713128296,0.17514594138337725
5.202553058163793,0.4991026969137597,0.15842925179716955,0.002492645928237871,0.15325610760468322
3.478786648539538,0.4971910490614261,0.15597171338600796,0.0016991574453385687,0.11176627949787107
1.7627734252222764,0.4991259412285935,0.15842953900651519,0.0034709805925912073,0.03893004873363427
2.383648109436857,0.4941715030981949,0.15960349097265,0.003428244162472667,0.07325651195553984
2.759253135118289,0.49346084106454363,0.1607427754333464,0.0022942472968314276,0.13107424548423854
2.3019000167241095,0.4904658926115706,0.1609714003788022,0.00032702010701234985,0.15151590841104262
2.1273388011720287,0.48654760077488046,0.16153434457931576,0.0007417219484401203,0.20986345683561405
2.190865160555318,0.49172668479326154,0.16413090031221192,0.0002104065159236416,0.18467525004677166
2.155356499672114,0.4937440223975564,0.16123129253028387,0.0005060015855018512,0.20307957289223721
2.129913385231876,0.4965032235557249,0.16341737257262035,0.0012629013218908398,0.2068133638968443
1.8678244584040298,0.4958714801980218,0.16306310502975943,0.0009306616289757323,0.19726191946437152
4.348497108601981,0.49602119320973764,0.1648440475001058,0.0021539505512557008,0.22179483425049362
2.0918139098432054,0.4908322373762609,0.16265320881879033,0.0010392671522896015,0.25315808163323883
2.355304422383021,0.4922339451615106,0.1614721433408026,0.00022917527090886823,0.2776851376298112
2.1280474155702445,0.4892218609691125,0.1611089475048919,0.0005753475853931113,0.33810033504786385
1.9907297038758847,0.48970465218636705,0.16318321554673434,0.0005389382588481008,0.3095238328207733
8.559746101667052,0.4870385545816143,0.16466730775300173,0.0023445867901989567,0.33347893891716046
7.024080121338214,0.488491978579009,0.16407323795940956,0.0021573382257546315,0.3267250580629425
2.610778959186048,0.4862886330940334,0.162589734243796,0.0010193607514999911,0.30599551596825875
2.9642461711566317,0.48209674795958873,0.16321404967723666,0.0006503486992884809,0.21502623233867574
2.7730430573762437,0.4863962491327232,0.1626261278421392,0.0013551535515490113,0.23720123904012058
2.4156225261786877,0.4843459319265806,0.16258137793185456,0.001041828249195099,0.17703127883730552
2.1416761269491538,0.48584172915533475,0.16155918498985042,0.0009339027177395977,0.1782828906820334
2.069814835628931,0.49408161319747057,0.16139294070856355,0.0007349371186554194,0.23606602420744296
2.9234601963039077,0.4952433164999744,0.16149343011930326,3.133040107473049e-05,0.2117126880886322
2.273955406342625,0.49835407723341524,0.16294891303242665,0.001037220432149456,0.23118602050747286
2.348330981031648,0.4958853091336456,0.16175889119944942,0.0003759425221682366,0.22666599891102793
1.9812417733978342,0.4945484981914801,0.16165057557252013,0.0008989320963335606,0.19468572400554252
2.2252618088769553,0.49195358154878005,0.16054321669215713,0.0011948827386538223,0.20574646567877572
3.270396868998244,0.4907305638295791,0.1596658621563824,0.0017659328051106333,0.20558677296054437
3.167946051206067,0.48662691630959026,0.15980085033838634,0.001675610652196589,0.21122848789436371
2.606840520151968,0.48346997269341047,0.1603240540653794,0.00043741069920297465,0.20649026702458326
3.667309543847184,0.4881220537438353,0.1597849430851232,0.001976330494155282,0.19966534815435874
2.5024795001620026,0.48769995214643935,0.1588626502323914,0.00036350767721364183,0.20991882571096251
2.336820174958643,0.486642537540911,0.1592711931369811,0.0011268951015795182,0.2040796919766249
2.79915300829211,0.4870246298174202,0.16006117250105031,8.706347873843026e-05,0.1956936806608459
3.173506103896225,0.48115997279572426,0.1599580686252514,0.001371147165593541,0.20353279368954197
2.5662604800150426,0.4835366684948636,0.160154517227572,0.00047829924949342696,0.22086619917020067
2.3675678604640447,0.4868253821259323,0.1606472165492499,0.00035242113990178846,0.22642740675076792
3.489741284910493,0.49039381952570177,0.16082922963546017,0.0017478437880243812,0.23325714346404172
3.0065898495470793,0.4855044758283432,0.15957579832419486,3.5273262489044985e-05,0.22912154204333585
2.742425066578131,0.48519954232301415,0.1591771451964756,0.0002179650439371993,0.22187482277549217
2.50908486063658,0.4858280319592242,0.15839405198800025,0.0011471665818367182,0.21108138636015267
3.1425914813807236,0.4862957173534066,0.15823113129676997,2.9919642155902017e-05,0.2128443014699942
3.512655612078042,0.4818031691383303,0.15735054862046274,0.0015990428393496312,0.20877576195038244
2.9604168830905935,0.4810313334036376,0.15710871071790308,0.001135962136322602,0.20636272655103916
3.5095503701246114,0.4770086687872329,0.15648295907776383,0.0005685325984341656,0.18355522195793397
3.922790320006338,0.47827137531063085,0.15655576235446422,0.0016857968077428013,0.18807783296241085
3.46937673199221,0.47946809569247667,0.15616202238598714,0.0015018436066635854,0.18743313738097517
3.223232467480751,0.4806855395457207,0.15574303553306826,0.0003842980801801632,0.1776068855355881
3.2429182506477243,0.48122357195141735,0.1553575637012696,0.0014712420240218496,0.17884530833593162
3.2970546657937976,0.48292029348052823,0.15621036990484496,0.0017286336659945814,0.17235446660366302
2.524446299081474,0.4864147773950582,0.1569889439885977,0.0011748861754423043,0.17653729170441546
2.908242210360222,0.4868561457381659,0.15705103146928448,0.0002802361318933349,0.19561785636703086
2.5216948847147918,0.48698499248902927,0.15729955726596964,0.0006294542872075119,0.2040963848434386
2.2800911407510256,0.48589941040798057,0.1593272750350294,0.0006805807389231394,0.20682776313023005
2.902954669440518,0.48510373270794604,0.15805519147102842,0.00018678596681307314,0.24393934028964837
2.502717484709205,0.4879661602895467,0.157721303084599,0.0006999448084124757,0.26607383422055564
3.055295404750203,0.4886377740817422,0.15668788485778254,0.00025158754867309833,0.24961242451531024
2.825903707869486,0.4923019927495474,0.15722054993763182,0.0006572947447220465,0.2386438550182175
2.9943755672622507,0.4968603340362971,0.15871144787397906,0.0006518976511942858,0.24284565327514676
3.1645200982459616,0.49459274801582576,0.15814943850867078,0.0002846043203126288,0.2397260468059283
3.4635092149047604,0.4963568190144233,0.15872463018612085,0.0013920478127924427,0.22739000220564975
2.8638645589891616,0.48962145067790475,0.15668033213371546,0.0013594052952174722,0.18463192499652736
3.0222353804892443,0.48549683695289203,0.1571490236012516,0.00019408424306475297,0.20554220810774748
2.4079095854153323,0.4881956182268904,0.15792129541330152,0.0009261632455394477,0.21278139432539445
2.729456392922925,0.48680799528369945,0.1568022506221835,0.0010664354842990639,0.22806442951850595
3.0780401669221313,0.49415587349586554,0.15868600664721755,0.0012867087608501577,0.23589807090294612
3.2629146012840424,0.49270512528501803,0.15960884128347239,0.0015483483703091498,0.2345263349796713
2.50063427701444,0.4948837964378969,0.159863316375914,0.0009421656546612033,0.24036373211820203
2.709858327544042,0.49426251579795155,0.1585545429573835,0.0006325103453737114,0.2539565273104833
2.998082064430047,0.4960105860249667,0.1588422367118216,0.00041082893936414053,0.2388074907351474
3.251492552578285,0.49981484482110056,0.16031661920880894,0.0010542966139918512,0.2570819661570095
2.349881836170314,0.4941605294286687,0.16041817068750827,0.0005066590039457736,0.2846352211206777
2.3875119407058634,0.49426928601752007,0.16084369904988133,0.0003664721241798868,0.2813826246299192
2.3138128414911985,0.4936786156688271,0.16049934838399507,0.0004748270724066867,0.2734984042467742
3.4712201618410057,0.5006751363452441,0.1611811747634458,0.00015909995497975847,0.2552834342814169
2.5214209680733854,0.4949764362663056,0.159677648214859,0.0005995060530057029,0.24895969402923065
3.138742250907419,0.4952252249454942,0.159731277537574,0.00010329409472073676,0.2779793206072252
4.062794650574767,0.5021016234761961,0.16249081311909605,0.0014974240810150363,0.26481160093101097
2.878140528240817,0.507485869971287,0.1672096460842784,0.0004198630175956386,0.2801494514462177
3.1610947104120357,0.5086410469690427,0.16819559352302518,0.0010822481889548564,0.2808622548336328
2.5868913998331786,0.5116795807128109,0.17366684382498138,0.0008171601555508128,0.28109724158134786
2.098844291092449,0.503186123350192,0.16936321787602523,0.0002820410634307869,0.27872755567533947
1.9883124655760618,0.4972999752739543,0.17001329764344936,0.0010231182864076987,0.26750826612679157
1.9582142354583008,0.4989537675470544,0.17178528085656825,0.0010091166335581161,0.24276848135521029
2.0561150963908625,0.5026892702656427,0.1736965472128562,0.0003222209576978477,0.25075751110615446
2.09087594259801,0.5084147929516583,0.17471784440913316,0.0006379408784328545,0.2635245354728915
4.216249227127816,0.5034493349327553,0.1710598972381427,0.0018188512682071549,0.2763445598476524
3.7369906807739417,0.5000966277636533,0.1732280252421943,0.0016753147950713963,0.2736164632217869
2.4595999340459445,0.5003609750347003,0.1732325027494809,0.0011587425613643107,0.2849196507598639
1.9184869854885664,0.5022546906860884,0.17359630318381805,0.0005191595136060413,0.2917200808540946
2.6754122202531416,0.5017036701864792,0.17416673188809897,0.0011849919854771635,0.30375976713963176
2.3498393466704006,0.5043560311570656,0.1722176093035756,9.840045818720238e-05,0.31311091509474803
3.6038273584326337,0.504046612136039,0.17244056400822697,0.0015487985436458602,0.3044728766962015
3.8134004125557297,0.5030147657575872,0.17372281972274914,0.0016707643370567611,0.2832239867350939
3.504752041318957,0.4979316810500528,0.17426289396185712,0.0013695479540767007,0.30399045019835313
2.2420613628837396,0.4980546300871772,0.17367729817249397,0.0006743908230931764,0.3014034820583678
3.6121128237352096,0.4968553776465944,0.1721340588604942,0.0015087947225070875,0.30191719524566646
2.2736772307401028,0.49983275206996447,0.17405405493411466,0.0002777589805954654,0.29903525780725126
2.7494928408522252,0.4930583888831838,0.17072288399121727,7.179280963794368e-05,0.3103795471003816
2.7835209867323516,0.49428982196824106,0.1735130265191437,0.00052828896222988,0.31413514516682617
2.0455461660815777,0.49498348923314417,0.17040047199031702,0.0006617638806799596,0.3249751939975038
1.9878318194922913,0.49744837834943256,0.16520218916325463,0.00033719293693669543,0.3566671937144018
2.137154919833003,0.4987325547218393,0.16440013316656307,0.0003961907672060467,0.3613631229807824
3.051252596192946,0.5012877507572385,0.16180010398396463,0.0007235180819536715,0.3522310177228834
2.510374056928229,0.5052255688835466,0.16832333143302394,0.0009026804147228118,0.33659988711407196
3.359394841757311,0.5029340712810036,0.16411991306726878,3.504276247888677e-05,0.3346268017907237
2.9191334806267544,0.5061663939439319,0.16749661626591814,0.0009937997645166501,0.32936643491009754
3.185369438177865,0.5072035584696537,0.1672922301117724,0.00014890097606257255,0.31543271058278005
3.5010818595407023,0.5091734106839858,0.1670030357611282,0.00024926044806113784,0.3106469159540484
2.3035837471347604,0.5058492266464321,0.16843241623955083,0.0006657517532758469,0.30348692475017125
2.1571781912068317,0.507914137406029,0.17501368693201852,0.00043431359907306435,0.3300038717421162
2.1472575558905986,0.5064285336384203,0.17120856901375597,0.0007017718887566686,0.34366476943075835
2.1934342706421233,0.5042684362838898,0.16922137341185106,0.0008118396137911813,0.34718956239126025
2.4006263224253317,0.5023553899383113,0.16875876932311265,8.166971652293954e-05,0.33972933999181454
2.687244794626059,0.505130530928523,0.16874349634550706,9.488404462309676e-05,0.3292399156258902
2.049059438779512,0.5036015852950569,0.1685815404095927,0.0006433031508447,0.34660940828157066
2.0533282778646478,0.5004336638027079,0.16766781420233473,0.0008436040240854985,0.3513239791403088
2.4456251684310866,0.5032659945905039,0.16548300122763684,0.0005795616563034126,0.3406242267515618
2.44642123323208,0.5037883101510604,0.16818462029718326,0.0009280760530200232,0.35402809526053985
2.659357975736323,0.5034072448842942,0.17183354463483222,0.0011316500382061814,0.35240875362815866
3.5783850262111607,0.49933311480784787,0.1686479483449337,0.001439207166015732,0.35446699808858145
1.8796507593491993,0.49865245624211113,0.16887581643498314,0.00029285804267633383,0.36422232693482937
3.813697926377314,0.4927473415258171,0.1753109259713006,0.00048657947542873447,0.3658406567092186
2.8448461870431867,0.49759925276620864,0.17489214303627768,0.00016406252625201015,0.38307281869201215
2.287282732256966,0.4960316905666803,0.17228020448247996,0.0003616645641413535,0.3742760659047252
2.3558020302047287,0.4949127328177942,0.17181773706924072,0.00034767141804357477,0.3913899519316615
3.9163579251172416,0.4961940738156278,0.17012012533815904,0.0014390079635884778,0.37901787804582143
2.1411132664159167,0.49473434652631004,0.1670572453884444,0.0008864911034992694,0.37996247525919635
2.6719327770587213,0.49770645230030564,0.1638767288074678,4.325674124675623e-05,0.3460318459714859
2.3557644167348393,0.496739553876984,0.16326708418628896,0.00021388394851925543,0.3280619370342762
1.954364590040838,0.4939553794707615,0.16750344969409417,0.00030715149643675344,0.32187017984239974
4.108493743754397,0.5012679951697007,0.15835932620590068,0.0006871781688464389,0.342209526020815
5.556791146014325,0.5023981778823285,0.15643876851273256,0.0009886464313396746,0.3370339949552689
2.524750138490854,0.500534325668681,0.1640690924082634,0.0002787279831301015,0.3322274252502338
3.0577740383549843,0.5009149437911676,0.16249149597169985,0.0002054783761924237,0.3077781922421198
4.662086826630728,0.5025014998825038,0.15972052399545195,0.0012172208621839692,0.30892943377026716
7.602780019790063,0.5000763536205922,0.15500572173585123,0.0016117419780294878,0.3235952022978672
6.439033726924035,0.5022449745052391,0.15442233277544884,0.0001717759933057895,0.3132834567254558
2.4847609393972103,0.49079715912855887,0.1694853688261933,0.0004067820728203298,0.31893224333865194
2.142451627513368,0.4926228707415056,0.16894833390785635,0.00038064114988155566,0.32357566160522044
1.9754793489711018,0.4943476910230997,0.16934155496132527,0.0006225180438076067,0.33979097494766886
4.5313657683299216,0.4891786755819913,0.16786873692716764,0.0015762397481939305,0.3360467913771022
3.5569420309723876,0.4906386238193293,0.169191979241876,0.0012824219715698655,0.34099672388185687
2.5520277096430086,0.489763324911677,0.16896604609398116,0.0005590859912935071,0.3469760392813923
2.8761883768592336,0.4878275489233877,0.16753765317421845,0.0008855444784733709,0.3399241507597608
4.481603450723036,0.49115990147304195,0.1687793774857089,0.0015734764781491876,0.34602564881951603
3.5580335673418144,0.4953632200124147,0.1680045601621898,0.0014485003208641173,0.34864815618364076
2.850354545053464,0.49890029254191387,0.1695232531424647,0.001212313134321531,0.36547832435592786
1.913969280417768,0.4968479736365714,0.16994965764828784,0.0006861301818130758,0.36503612188893053
2.273384747653569,0.4984130383900909,0.1707775324302619,7.787305760892198e-05,0.36527942349385306
2.0529016347383116,0.4969621646096138,0.17056562933889513,0.0007508111968147664,0.37975759877321846
2.0986036255155085,0.49913596736687,0.1721758532103986,0.0007495583367817782,0.38190741060509004
3.0972039828676508,0.49677346305429404,0.17027382932948398,0.0011904607659453858,0.39845068952019996
2.248956064412904,0.502466891130983,0.17165483331923595,0.0008777219894008333,0.401620289297153
2.1256545326152585,0.49424433453011357,0.16936558495729012,0.00026497097836954207,0.420709721239171
1.8721630287592508,0.5005397750256473,0.17111939872326853,0.000574852968821792,0.4211969734646851
2.9409383791572026,0.5054939608835857,0.17212879066122716,0.0010227315331766632,0.446789921028414
1.8381223358679943,0.49789669469067366,0.16968425484575178,0.0004127378846347652,0.4481832316893393
2.518027673652065,0.49665758868965654,0.1694724634322865,0.0009458859866262159,0.44373488878536294
2.43961557393864,0.4958266040509253,0.1704147060811061,0.0008437577249305755,0.4488279647017827
1.889012279492544,0.49701917421273023,0.169477213571543,0.0003372543349493195,0.4446970823706231
2.2728451720918903,0.4973769924851073,0.16883688349511672,4.7908596342231716e-05,0.47283433230847044
2.022265746720436,0.49748078704159404,0.16565571902588475,0.00025782459565997374,0.47715478107401815
2.129144696729167,0.4985811683675251,0.1694367417292836,0.0007660765406125316,0.47110111875890964
2.326761640061274,0.4967199089610695,0.17224852849524602,0.00022374684407776594,0.470589750682639
4.418565951552397,0.4954202703919993,0.1776007444847552,4.086291702127317e-05,0.48137403904294523
5.743796598861725,0.49318073530242384,0.17938654687646424,0.00040228848530703484,0.4860272523468974
5.383364104910573,0.49406435827847933,0.17705422372039006,0.001064558986546997,0.47607546042633936
4.735310694455533,0.49400859249100915,0.17155636660228454,0.0013332667936712106,0.47995872763267106
5.109092363647305,0.4948455917598998,0.17393255381437434,0.0013321941806970611,0.47085533739823215
5.161958101454378,0.4929505020183452,0.17315021463777924,0.00129586161201158,0.48184831784810755
2.750424176281393,0.49253096230648413,0.17179451303031854,0.00041033352203487337,0.48874417827750677
2.3877700295009046,0.49307741050979187,0.16954291029125895,0.00016767229197756637,0.5033813774409663
2.434259796450277,0.49323036957948524,0.1706105031033143,0.0005551281992268648,0.5066841874700141
2.1657513381072167,0.49573692174811335,0.165970119307303,0.0007470615861213956,0.4957537601313903
2.055775576786082,0.49641446915940746,0.1708002352331135,0.0005008282978635637,0.5060717919888397
2.155722469729975,0.4955065226252995,0.17101700033227743,0.00036265073623128054,0.49970393096441007
2.662532713473609,0.49955858643306794,0.1717126086028466,0.0009016022519961113,0.5072291459477263
2.234996240064386,0.4998101269779039,0.17087063377683126,0.0007676871792420079,0.4988301117323085
2.827687275428536,0.500965907865513,0.17257291257201282,0.0009452099897321142,0.5062707613199954
2.2058578284386194,0.5038686995482093,0.17546826858193074,0.00043661068701406893,0.5107258699952076
2.3951102875698385,0.49829132432601836,0.17297423563959496,0.000681953646709451,0.5016140873130813
3.555184139774025,0.49473603329780413,0.17188346755889938,0.0010343382404959358,0.5070900831091166
3.9214526836058923,0.49026772806740837,0.17106062758950605,0.0009641110692786177,0.5024294454694588
3.5413593986618856,0.49570364158382,0.17119683898549665,0.0011168130140264683,0.4887433946069309
2.6046381324001033,0.4935998262774519,0.17198503050905947,0.0003896634376268906,0.4948704854370462
2.643949929232461,0.49681627537091405,0.1713072351636234,0.0008621770252873646,0.4972109276925825
2.8484853311403238,0.49694495953407986,0.17246196453422083,0.0008826686989825347,0.49038024753950804
2.8649781066604683,0.5023676743445157,0.17144735674357964,0.0009992211496931747,0.48379099358202077
1.9145530114098013,0.5010751356886058,0.1705036211455068,0.00029707341825606533,0.47369981260227945
2.056314520764926,0.49812180219544994,0.16920800809637843,0.0001581207491920703,0.4506006392868756
2.252748891002869,0.500344514088724,0.16954179168669317,0.000830375192275555,0.4614251065143344
1.881436551270908,0.49629621907597576,0.1677613951616513,0.0005739328546360725,0.4815275690804185
1.8910775884780144,0.4995687905724521,0.16779515315080892,0.000538261744030949,0.4774601439353644
3.164021397237848,0.5046253024041405,0.1680707621484457,0.0009614413620930519,0.48634276328233494
2.5293375421602633,0.5002454081280563,0.1691012091395966,0.000907031879250659,0.4874533781595899
2.4317887158855194,0.5047694110158312,0.168556930257747,0.000692659532769448,0.4772377527156129
2.7965353733527785,0.5043803037586128,0.16779637218549331,0.0008448364413515607,0.47804861249182534
2.35310221304921,0.5007484324946165,0.167213090378366,9.743521506926621e-05,0.47280591699624586
2.3234168164097517,0.5048074713888573,0.16857451193122688,0.0006101701051243299,0.47430496081027007
2.9235242065469524,0.4996352589371439,0.1680845669381997,0.0010281374776116479,0.48483389193558013
2.6945827681801773,0.5005321923121523,0.16437415506861094,0.0001207501695701924,0.4794210073974617
1.8502636252102747,0.500015393609005,0.16924619830508533,0.0004952920332267619,0.49096943642177754
2.0570773566014267,0.5004014111050694,0.1710152900301589,0.000680199316407676,0.4873139790748871
2.659070852418064,0.5060154896519119,0.16725999868303196,0.0005220166431067132,0.49201228494836735
2.2011641437255163,0.5032712911825739,0.1723474966638528,0.0007156976572018411,0.4925245666033245
3.6222959869708644,0.5019178009179424,0.17218145093914503,0.0011772022461691888,0.49135909476470757
2.7838385999786412,0.5031339794686875,0.16767142161324392,8.970318290039796e-07,0.48149063540726234
2.2841324282845505,0.49994725835708376,0.16564510711236619,0.00019602993511365715,0.4752655013186932
2.331859151073186,0.49415113086054746,0.168237032145461,0.0008042864067978612,0.475312541084863
2.2646475633858727,0.49101528227067875,0.16340683254907876,0.0001521829231366348,0.47507815241650025
3.1590320058450545,0.4986632471279859,0.16248337585043945,0.0009132354917875617,0.47502035185624353
3.700529538179139,0.4984827479288167,0.16428733485902908,0.001152891905133137,0.47888562897058173
2.3877780945604195,0.49462610292943426,0.17161096656306682,0.00031827179660146986,0.48351069216875303
5.653383389295702,0.49610386478621576,0.17460905962134418,0.0014371078136977233,0.47545133510408677
1.8567343707850363,0.4962595875895963,0.1688208160653933,0.00044651784456365925,0.4703333226953319
1.8945081506370471,0.49524296004419344,0.16855453886578042,0.0004554028569753257,0.47371871614053757
1.9395000995941656,0.5033435787299217,0.17246552392737416,0.0004540955307293436,0.46088729718790034
2.13536266312978,0.5004258163715418,0.17028142907862306,0.0007801580921449629,0.45254461654664824
1.8484334966434577,0.4999217984547678,0.17073195685461948,0.00042873658942937844,0.45440118940877366
2.0157256651440947,0.5049093586602091,0.17338438491927297,0.0004998006477880365,0.45021495237553566
2.51534355698744,0.5007835266601082,0.17381799417453897,5.5224831989379936e-05,0.4434134160345056
2.6471929633879068,0.5012791194076188,0.16711002600527816,0.0009389990529926108,0.4397999036825518
2.910933522364889,0.5033233721260088,0.16612262810566736,0.0008802410034615607,0.4475636136004215
3.230415749057423,0.5002115589656002,0.16074692798204976,0.0006354575251464597,0.45741645082775106
4.573950376459892,0.5091826892965244,0.1695125344934233,0.001229170582612808,0.45027382941820787
2.918122507006775,0.5069446242391119,0.16722452983020222,0.0006827964306021025,0.43983508987199416
3.724018478072235,0.5057363796441912,0.16605871616337264,0.001021788420075771,0.44148640948513007
3.813317133441353,0.5065411388387367,0.17258661672052084,0.0012437368997494807,0.43951737740126506
3.7413867262848965,0.5020523866332036,0.1667257570911112,0.0012283439409479045,0.4315838304469274
3.2629677627896365,0.5087571861443501,0.16766643548217539,0.0007515324362517158,0.4240185780717144
2.6393857458479313,0.5050783279904332,0.16643868778004892,0.0003807118904300003,0.4292510052237345
2.589836606395154,0.5105661483282374,0.1737332088429367,0.0002743388136688894,0.42063931291708156
2.0397298297339646,0.5042762093509457,0.16968914467198004,0.0004659681120067937,0.41268454810991395
2.3088156687200474,0.5000882832370942,0.16415870081639408,0.0004608610560559235,0.4130271772882544
3.5014099478724257,0.5041906079187413,0.16242312861865582,0.0006831474264979473,0.39741626573318944
2.6064678923247686,0.5063072963768795,0.16745119260222538,0.0005305951075305858,0.3952270740198057
3.2872738712639626,0.5053761457244222,0.1637870734111208,0.00047469007671862695,0.40154861228536776
3.702543578184182,0.507771317298252,0.1661457338732281,0.0009150476257586331,0.41141526122934996
4.164834383346916,0.5102442664317955,0.17254063983758974,0.0012469316548027328,0.4198869204534788
3.3155480175093253,0.5089615377024561,0.17301300682944548,0.0010673320703306693,0.43041948846326233
2.923160325762132,0.5084215673224601,0.17115711095368363,0.0008966455782553168,0.4330507017254851
2.599376488853701,0.5049444027879323,0.16760433711580316,0.00020089259311284794,0.44010639710210503
2.663765153680396,0.5013326590117589,0.1641296364840316,0.0007083199142065205,0.4483696680274246
2.3176675760328522,0.5006303506306893,0.16583460744235634,0.0007458607730435861,0.43512095360125447
2.4496089797588465,0.49558996626626506,0.16125904760214127,0.0006378925959303931,0.43418424477449835
2.4876673603398594,0.503069231167676,0.16621278918370586,0.0007179405625868977,0.42015687843390687
3.2326867740356544,0.4995728905335011,0.16715799052383426,0.0011867818452765634,0.4228609292311322
1.9031130500613174,0.49595045618100164,0.16910074507379627,0.00035379082260292684,0.4247198013985223
1.8820420240615516,0.49393023230689476,0.16491702886215664,0.0005001028251994316,0.4419555986595861
1.8786630726330098,0.49557847305662034,0.16871624257270118,0.0004083662548841295,0.44318423133570667
1.8707538909258954,0.4949066898899429,0.16707909257013484,0.00034380542964341826,0.43571474437331104
1.9175754486204433,0.49551256247929504,0.16679236403212114,0.0002719834421746895,0.43478152454787955
2.4125656870774552,0.4913233264795508,0.1603000776385619,0.0002640845082724512,0.432665419528833
2.423983144593679,0.489290133980666,0.16130477564740958,0.0007850877459004639,0.4317134278401885
3.282455192849339,0.4948496295908897,0.15863306931952412,0.00012308435632393973,0.4390625382037231
3.8653607704022437,0.49645523738351227,0.1570723011592882,0.0007741618672197447,0.4385095381375401
3.7838043256290543,0.4978377556056225,0.1609777315428028,0.0010673136998414663,0.44918456135287327
3.8371522229961,0.4997739421177663,0.15924336274870407,0.00015071322326851296,0.4587100444880978
2.4522733548054982,0.5016327546998615,0.16459234633022765,0.0005028545640535717,0.4615140017325998
2.0209251005931277,0.5005934161644044,0.16791919059438465,0.00025308184479753114,0.4655327273625933
2.1731328213127448,0.5047679880970731,0.1700271655618822,0.0006082074781294765,0.47729496850988445
3.63295538526952,0.5003033862928067,0.17661340439793521,0.000977855647359395,0.48901396891150506
2.032007864253423,0.5022346352890565,0.17170108221150523,0.00022628740937770907,0.4879168301474773
2.0604242580473127,0.5029089819775432,0.17011729516461524,0.0006225626607110249,0.49699657528930896
2.7311418814113946,0.4978248037328652,0.17298200040611533,9.240263889707815e-07,0.48418511744961795
3.0650663223666768,0.4972877529416807,0.17431817002187686,0.0008351471356880542,0.48426711104589887
2.2120246822003278,0.505495895574726,0.17143965532113795,0.0006432097440898172,0.49030882264166736
2.2422602134136302,0.49880386355136896,0.16517655467402412,0.000196825028966969,0.490394734721848
2.9799529226141255,0.5015697826462244,0.16491299823175384,1.9267132260890882e-05,0.4858550254345785
3.2504289402517275,0.5010876351288875,0.16107845617316766,0.00035142511678552465,0.4839212866726533
3.8375579710837258,0.49659706927327596,0.1584469920590114,2.0548333458316522e-05,0.4787586417625608
2.9825422642307795,0.49697960321880047,0.16231779161523363,0.0009077874066082652,0.47546825795625425
10.009642557739792,0.4964087326396997,0.16021801711658903,0.001966367934575065,0.4790360193508712
4.458502881921698,0.495053106993691,0.1608582000553978,0.0012374929965469897,0.49029631677680696
2.7475248763611178,0.49206179935970373,0.15904252259913265,0.00020848902892787774,0.5008441381528881
4.302059439546269,0.4955392388671238,0.15496496133901236,0.0002903752038670767,0.4980034164041823
4.839223131280893,0.5015594290124954,0.15680791333278235,0.0004854916279342147,0.4993511641729559
5.14436159493428,0.5074100502614631,0.16020511329666576,0.0005680121977399967,0.4939640874213026
2.443625902676443,0.5015048465820837,0.16475500677717758,0.0005237170953702805,0.49948056676981445
3.3803018497938915,0.5015415652456152,0.16325654455903646,4.601774205287789e-06,0.493027548156708
4.71139731949466,0.5087147252408346,0.170593635097404,0.0012563828351721232,0.486612028972969
2.7221765655953356,0.5102396462335604,0.17245347448317272,0.00021698556782493187,0.4908686284023359
2.331413044670931,0.5029516564356307,0.17015614377510618,8.135697101111839e-05,0.49133470995073547
2.8895903924837008,0.5086296811723817,0.17100899883700357,0.0007873338780073246,0.4930153213801302
3.256027665097887,0.5095116189649618,0.16778082047068524,0.00033226316325200394,0.47788025460734646
2.3760182196579933,0.5082214869973543,0.1716735657225683,0.0003501915967413293,0.4894289769769333
2.318669285930131,0.5068467028880953,0.1734324099292604,0.0001856000195804369,0.48313242809787177
1.9512725853589266,0.5029862691919413,0.17211118184766358,0.00034719897821040857,0.4800797001645746
2.4915728104637,0.500131566096187,0.17475268085692436,0.0006796989226088719,0.4692163166260432
1.949482799334436,0.5029965866660103,0.17214272359532273,0.0003498177581327434,0.46900275946835973
1.9336332991193146,0.5023999373516745,0.17187788493823386,0.0005380092196692515,0.47029886297493967
2.966995273674384,0.5017361499321499,0.17148244271673338,0.0010530338230343287,0.4677271481831438
4.117716530911316,0.5074530638773004,0.17233593329536956,0.0012460668081314436,0.4649510753519624
2.3015859238398986,0.5084890012463571,0.17305889513712416,0.0005284294826439231,0.4736530872521791
3.4082027022678307,0.5058193829526385,0.17213592395370253,0.0011063222222800007,0.4745790827674674
2.3956765369915356,0.509128333485772,0.1727034247368371,0.0003741249619699772,0.4851241869457536
1.9695890573715165,0.5019912602565504,0.16946110681313617,0.000576738972110621,0.48461052196950993
2.7475274999556962,0.49688226257802987,0.1672005421042714,0.0009847354337578626,0.4892582383779135
1.9408559636010794,0.49745346992945577,0.16691392545795636,0.00025482758073335095,0.491072579499576
2.089817482269716,0.4937369974670876,0.16841284522124314,0.0006147190647830955,0.4809394261238029
1.9652747446867473,0.49396209163232246,0.1678155690826605,0.0005485003716016102,0.47764343382557295
2.092498008487972,0.4950017076844338,0.16671113105698612,0.00014904475627693477,0.47589756363414243
2.1965360149572217,0.503194353603403,0.16956810794501107,0.0001793947671625565,0.47650384805571483
2.745042624681564,0.5041313410992716,0.17090054258536536,0.0009270439788761732,0.48789051188416577
2.018453685709939,0.5048971467955757,0.17250805580789186,0.00037849613808727596,0.4923286192613616
2.219819412610544,0.5035383492479881,0.17041110373250629,0.00015149924144884527,0.49103155747226973
2.6454122962594213,0.5021497540576654,0.1728263481189143,0.0008959352682549535,0.4964774301195478
2.762309543130357,0.49901215335847343,0.17502348299699172,0.0007145541120018909,0.4902866453837079
2.1477112496367456,0.5034839522012883,0.17484996164643768,0.0004947560209848439,0.4925199462538019
2.0546477939192793,0.5018632115210175,0.17251835464262433,0.0002356020548730445,0.4867869762293084
2.554397353840723,0.50358011904931,0.17377159020652147,0.0008479543152845086,0.4873632412464642
3.5710302474768243,0.5088112463292566,0.1744940853768163,0.0010668219562592622,0.49577595268082325
2.562812564231477,0.5095232810684589,0.17481345095735687,0.00016448293125702178,0.4970833611912785
2.5828051735167814,0.5117920832202356,0.17605710805140298,0.0003372605308419893,0.49820058670605083
2.5266011558741055,0.5099957067276855,0.17534235709698015,0.000644220570659874,0.4942034876368374
2.97284469330468,0.5124401980983334,0.1766334291458789,9.886187050180996e-05,0.49126411682047305
2.8480005422743013,0.5142029671686568,0.17722438222301515,0.0003514640238256792,0.49335044460006106
3.1662188962506335,0.5153261865719712,0.1766830567598399,0.00022392460667422737,0.4874903454436481
3.2651303457421346,0.512372258366956,0.17460945369707123,0.0008557705977378663,0.4878644787548159
3.5141542042312244,0.5163340704719361,0.17416759859583042,0.0004279985876331997,0.49667014485772387
3.392628481888852,0.5148533678190509,0.1731786117853246,0.0003110121595121309,0.499615041905533
2.7529728106606304,0.508337144505555,0.17315787478794178,0.0008177336970058681,0.4964967705205422
2.7091022049615754,0.5093383087396042,0.17199460048518125,0.0001698287843758103,0.48945922648751494
2.6176116264302203,0.5098209826746565,0.1717330382372745,0.0005548521818369548,0.48349721922502503
2.514022337333386,0.5056784887992313,0.17017812628081763,0.00011422974278525754,0.48008122874296105
1.9115613945621641,0.4994501822460015,0.16881096124934827,0.00027057012680635505,0.4784150275697318
2.7196908290019532,0.5037689309977607,0.169386793017856,0.0009128237674671984,0.47552007740616
2.3511129436194476,0.5007393784815445,0.16813280181395565,6.156497311055032e-05,0.4852946447406702
1.83759045887847,0.49689050824549064,0.16705759184039043,0.0004952823402939875,0.48600011662232895
1.8957222347901,0.49815948925532494,0.1679678665325068,0.00027808062340224285,0.4853031759430016
1.8772975062863744,0.4963264722978675,0.1665464854166648,0.0003216210657618405,0.4834931574291124
2.3467531653260085,0.49847350818524616,0.16587183561406288,8.60542262939721e-05,0.4812946041363744
1.9816514766275068,0.4965778654658181,0.16629698063808132,0.00022999308072619995,0.48154908688624337
1.94174588200843,0.4971506147323984,0.16700949417074606,0.0006366312751617962,0.4775398216530205
2.1553962769791433,0.49516976419505476,0.1661505200138835,0.000767532056377059,0.474312398449385
1.8757690058021002,0.4972689169764636,0.16687106620921216,0.0003229850434251987,0.47029085262123316
1.8658574860792072,0.49707345804884295,0.1673486601507925,0.00031327197374362615,0.4639793067412211
2.9449411951724844,0.4957530805265416,0.16717839675049198,0.0010732710249149449,0.4641370968118591
2.107492299642509,0.49249350153299065,0.16595247257546425,0.0006918312715923718,0.468369554330724
2.9344224101181573,0.48967568807766443,0.16449454517545534,0.0009903046060261414,0.4694348924378809
2.5713663536893567,0.49153084525847035,0.16407430114610524,0.0008993835980165472,0.4713815823092739
2.768141089316023,0.4916185251189584,0.16384889288177298,0.0009657350030722949,0.4733499699205371
1.9841295287306153,0.4950587539685396,0.16399003906711715,0.0005183697260570316,0.47405171685578035
2.208400083961917,0.4911219034530017,0.1632259221257864,0.00019062073221289835,0.47209293326543184
2.293034057613047,0.48699893215635714,0.16268838415891218,0.0004401322604360235,0.47021103985910995
2.206500891210158,0.4935320733871803,0.16152314994392625,0.00042659944217880605,0.4657667367366447
2.3467729292692243,0.4917886652915457,0.16085812860266444,0.000260586146773341,0.46544563586131316
2.875248699653382,0.4931338712677983,0.16081803164457395,2.0545120152835558e-05,0.463564978881515
4.926472424151841,0.4902866502904391,0.15958287414082614,0.0013964105530604926,0.4590014024987223
2.9388525242605303,0.49286290569230984,0.15921555334993845,0.0008049987542958842,0.4638532775150035
3.288030305810288,0.4867166150148,0.15667573927927236,6.60765120089915e-05,0.4625855956524057
3.0613917672774416,0.49004483763923934,0.15804197331752481,9.171436313591337e-05,0.45980656447033175
3.377999548343555,0.4877447762932776,0.1558534507986438,0.0008107641297306978,0.4619546759195917
2.92715394058819,0.4952701060553394,0.1590220415293324,0.0003203001342453411,0.4675181373984507
3.2877146725671134,0.49698507780402834,0.1584580370566645,0.0005497440892622582,0.46340919658632873
3.676856091638227,0.4997282470386536,0.15939592766424376,0.0007260306023810375,0.460049704947078
3.8955551176632914,0.5026713783038091,0.16073830757103771,0.0007465785631256706,0.46004819409254194
4.385594564974399,0.5058342356154172,0.16226626222329033,0.0008571968525863988,0.45757343963387465
4.300833852427249,0.507032434225177,0.16280127996960284,0.0007636212948500135,0.45680393784959095
3.997237529570315,0.5073229144348447,0.1637451385018602,0.0007317085890004291,0.450328910842391
2.9925937412856998,0.5035466558237133,0.16361751616184922,0.00039946671872856957,0.4546763734121203
3.442436741295924,0.504501477370838,0.16351648919015394,0.0007454736792800491,0.4535199241787778
5.298081829201134,0.5040722130458105,0.1626042343033468,0.001243375036648115,0.45510058225560074
2.9442086527041966,0.5002054983128504,0.16196475490468173,0.00026057407352590863,0.45299747835294474
3.0968069790627615,0.49873706891907726,0.16138273077448453,0.0008180773007223185,0.4485677933089299
2.5321140932287194,0.4930948031599379,0.15949462692589925,0.0004326487804760284,0.4455025107976507
2.609102479730404,0.4890769394618092,0.15893377306907663,0.0007073137803997855,0.44658453064906545
2.6353365553085695,0.48867405373232153,0.15789834366875488,0.00038996519530469455,0.44537467490644395
2.900015921080352,0.48786450484560784,0.1567261735695125,0.00031097120075824467,0.45189491094820394
2.818558549763334,0.48605508857142865,0.1566969459204322,0.00040735232232532234,0.45155866445317655
3.5844024278440267,0.4804211782747897,0.15629907780579252,0.0008712390258232916,0.43963859922637544
3.1109514925855106,0.4817512856600393,0.15658423627168527,0.0006740173526925511,0.43656428049447105
2.7832687977168535,0.4847420791286996,0.15885057481048404,0.00019631189999740772,0.4301112285442706
2.713271277323134,0.48438783793570284,0.15854075393736153,0.0006636174926434905,0.4308048841626411
2.8181649790258065,0.48423317985816244,0.15867747669971638,0.00020581766618281178,0.4329665654158511
3.354525018307769,0.47987493643238904,0.158262598178539,0.00018851110430224518,0.4373517787907755
3.079092298626796,0.48078030660674037,0.15684002506066688,0.0005018787266830065,0.432691143597188
3.7891501114980004,0.4794879039804467,0.1563243375447838,0.0009221181807330273,0.43494151647893925
3.258533910090101,0.4799075171365979,0.1559482270981087,0.00040801195276882174,0.43670422817563403
2.8630522535660563,0.4836541206569602,0.15676270835456987,0.00042595979346749825,0.4376714502644002
2.765526270935823,0.48480745473130193,0.15884755499938874,0.00020486669930933058,0.4403676509820621
2.6423775548248685,0.4885193088619219,0.1608596172347398,0.0008546520454759317,0.4433921063414155
2.6281080229767078,0.49084595700207134,0.16248277833073477,0.0009261089442592988,0.44134076356772
2.249902572888944,0.49469936098913453,0.16300252159270864,0.00020431015277850445,0.4369743971495636
2.7234619543841,0.4930897207351683,0.16326461246759996,0.0009916978291152154,0.4371403608628299
2.448481907697954,0.4898398744900877,0.1621151014238467,0.0008164449254686244,0.4473450216666738
2.9772119847905003,0.4824697109506765,0.16216496200334868,0.00061548617774581,0.44342538349682376
2.928379684055787,0.48513456818142064,0.1622952336141093,5.044510431822895e-05,0.43965165126217587
3.1334620313873205,0.48064080755764493,0.16084753787288514,0.00048089561690319266,0.43032323854412813
3.783508456067743,0.4840496531316308,0.16081335098810387,0.0011557180000700018,0.4309071205714569
2.780711969076515,0.485936792285809,0.16321437090038776,0.0008379413829369028,0.4305132350404308
2.5433372579768614,0.4854351969942607,0.16334084025655324,0.0003450423363864087,0.4296639342957642
2.5990081746970466,0.48730987265731646,0.16315372435189024,0.00010448521110060442,0.43375278715473614
1.9782136980056237,0.49643945675704604,0.16449839597928198,0.0005730284432084839,0.43005590171417657
2.034487284229228,0.4969238173641682,0.1663853317100813,0.00019812055433754427,0.42747078047525644
4.7940751353978825,0.5043179959068304,0.1698714049487251,0.001462096601548367,0.4335831876657923
2.198053658528679,0.506946501731471,0.1718464972537592,0.00035867247034735155,0.4309906055512554
2.2336372706061876,0.5060097109360159,0.17116066264912128,0.00026240020361754755,0.4384225960172246
2.72269892746484,0.505677627459772,0.17140302554047132,0.0009482973030312545,0.4371716914887626
2.7935145792054987,0.5108537118310135,0.17181398038020268,0.0003109478233082881,0.4349215304187327
3.144133566834943,0.5117339162685711,0.17291002782201093,0.0008478668500896745,0.4342893352643543
2.5339018483845934,0.5104456467930132,0.1734228782458678,0.0003347460961328078,0.4341789328197567
3.0624832800838115,0.5130902986821674,0.17841650641642104,9.701281614786863e-05,0.4331496292956873
2.945871076088256,0.5100731562582184,0.17583100914464103,9.727055488218035e-06,0.44296341269504425
2.82856481319256,0.5112719777942631,0.17856116556448165,0.0007529978474592592,0.44587344071767826
3.220846121475485,0.5122796578455574,0.18034588504974058,0.0008453795089471139,0.4404219759731948
3.1778971911384586,0.5141605863214624,0.17956063767952046,0.0008051441902999891,0.44175480382379406
4.146366696395899,0.51009351499318,0.1821698198459273,0.0010534252061866849,0.43923595632006607
3.51202557875318,0.5096766171890454,0.18149572605851072,0.0008729447956811491,0.4385608841051088
3.710601990622459,0.5105325726503669,0.17794496527263517,0.001125979842344394,0.436972257944506
2.510923106765106,0.5095893130264502,0.17300263656329243,0.0002715192216550433,0.43594462071949797
3.0624041603044754,0.50786104115955,0.17558564825530307,0.0010078270438242483,0.4425399878956403
3.3428947315089896,0.5050439178615649,0.17897549132357363,0.0009087679363288051,0.4428529229665349
2.7780552284806586,0.5064431930138398,0.1793791373488865,0.0005546708429360017,0.44041264012008297
3.5664509132774826,0.5052599724653059,0.17836108141916746,0.0010457573586983072,0.4422698560882733
2.1801949143529615,0.5067414453570092,0.17218574610793372,0.0006050308735505462,0.4365794563960582
2.6397890489970997,0.5101261820107363,0.17645067846982884,0.0007810976063441233,0.42630112936193904
2.3485449898680444,0.5099538957535295,0.1750972692995983,0.0005097511103638291,0.4233321054485914
2.8872479810834406,0.5067144145184352,0.17612710851117416,0.0009804512666027106,0.41885657091043765
2.0227189152618426,0.5039109285423097,0.17370892000114108,0.000579498491414488,0.4200936729853517
2.0373350711824476,0.5029754142554053,0.17335814699396762,0.0006373907625270485,0.4187679271408502
2.4677408894397503,0.5016547033918427,0.1736289006246662,5.0954278947065615e-05,0.4226087769971274
2.4962259651177745,0.4996301578222288,0.16924154533600588,0.0009906641031144918,0.4203590017860509
1.8084150802499273,0.4971253840010194,0.1679329632730662,0.0005657143227401865,0.4200146704059643
1.8519722657059265,0.4977333115197343,0.16773301213394415,0.00032517325407594187,0.42105564690680747
2.136776646202822,0.49609306945161397,0.16729571094740583,0.00011783190982794868,0.42323089792862534
2.4046623973960393,0.49061538833521856,0.16459679834377297,7.886814994283636e-05,0.43455942177444085
2.4751316338797524,0.4929326983982082,0.16266063720109497,0.0008686087270709929,0.4406031639056914
3.0962298089110765,0.49055967129713585,0.15900456041139377,1.056158053942195e-05,0.44725683711387954
3.2934528566652466,0.48799895200955623,0.1565054063705409,0.0008610552904373941,0.44204711468126096
3.3628416872045466,0.4898339769557413,0.1557368607539838,0.0007447468917361292,0.43705408617755087
3.433781862569724,0.49235415777936076,0.15771237254069279,0.0009256368432410361,0.4341036873644106
2.7309412320733557,0.48963475703015297,0.15836529786111478,0.0002290329189479647,0.4372856656662121
2.259307982342701,0.4920103800447818,0.16063399662530067,0.0004880968570824748,0.43929704237329664
2.4621929579013826,0.4941413799452899,0.16373576847612617,4.425764756383981e-05,0.43849547865080873
2.289388811164229,0.49413324659890323,0.16157209979769122,0.0003144893289994315,0.44067771373050013
2.641839123383912,0.49519727812291275,0.16358931873740482,0.0009520549080904605,0.4371027055910477
2.125294093646117,0.49364699853249244,0.1628353376186095,0.0006634940128839435,0.4352206105081403
2.4805493489414037,0.4969520647522791,0.16537065928573574,0.000928493576870094,0.43632478750259934
3.550618181276728,0.49371569891784084,0.16848593244508067,0.001240570039321159,0.43176760828824506
3.1161927966665455,0.494128064006456,0.1661935829436422,0.001166542343497929,0.4278836476467027
2.2366240437631166,0.4962452931960628,0.1676654674565142,6.695809330239293e-05,0.42734285845562925
2.1450501227500847,0.49438859586567396,0.16831696106505303,0.00016616502000579579,0.4305985526497735
2.1841664377084604,0.4893465289312475,0.16506006145368154,0.0006111819543338,0.4275395564370171
2.3672100083838115,0.49201901700394113,0.16799651062541807,0.00013851198229966307,0.429892897304542
2.4995348202288556,0.49040977270999553,0.16808230986629052,0.0007058824088604622,0.43903107099938293
2.6999590749571762,0.4914592921982193,0.17048111173424282,0.00026436759687467745,0.4381707627614154
3.4519815351877194,0.49062239727394685,0.17197758599287416,0.0007467660793484651,0.438440357592568
3.4906685088457503,0.4971314371265168,0.1772375219809694,0.0004278586293591574,0.4391535948989847
2.969617712570739,0.49604049934497124,0.1744640980630041,0.0006941920628331789,0.43838721358256133
2.2512960940458497,0.49824606975255514,0.173373855384855,0.0005246111186335588,0.44036566138597283
5.619698424170856,0.49469303301134737,0.16958532502134174,0.0016343597815460273,0.43767022854987375
2.1623075133845955,0.49557763315662395,0.16759042870439825,0.0008180172284906104,0.43792939641225287
2.9171831414769818,0.49315710749418057,0.1634890812063663,0.0010578200327205512,0.43921378903528163
2.7887663045194238,0.4952152544072121,0.1593318292996389,0.00039214601081154796,0.44111881300668626
3.1694024083396015,0.49492245851812733,0.1592713519750493,0.00010246231429349118,0.44256906882698843
6.54197082613793,0.49784036440125967,0.15916948939856462,0.0015249613880016966,0.443687618067621
3.198658969907589,0.5000631776612309,0.1614158609490655,0.00017586973556802895,0.4419071631152395
2.832529327076391,0.49889342934547515,0.16134491105446147,0.00031742533867192376,0.4453592468889594
3.6398101978102524,0.49951881036683227,0.15948706247551522,0.0007567730115419964,0.45006183947727146
4.275489626166203,0.4960208879683773,0.1580916231839492,0.0010516075033157486,0.4539613522918645
5.013819009367297,0.49914979575415563,0.1558395224062114,0.00012512281345497208,0.44580055728136775
5.326246249095271,0.49683976083824155,0.1543270601280502,4.660359266613382e-05,0.440817746840916
4.6692871932673565,0.49746907943711555,0.15480299223887165,0.0005710162258366168,0.43971596362939075
6.098810517307756,0.4982605953494402,0.1534493940854695,3.156197216717862e-05,0.438588801298009
6.46328312239218,0.4955386380565852,0.15017937606884205,0.0002691699971330639,0.4414153702156589
4.747739195188761,0.49677317887372197,0.15495334500786195,0.0007871777069876219,0.44628631125088036
4.190824388113925,0.4962819442966651,0.15546276481243376,0.0003562756936404405,0.4504361018815621
4.125100325972545,0.49804818464364353,0.15646027834525644,0.000502830368434757,0.4449338910221906
5.086621767763547,0.5002084148343308,0.15590055492866856,0.0002015121450019455,0.4493148122752878
3.5907803741724975,0.4990014711935227,0.1585568719977766,0.0005318280186301405,0.44771187609557633
3.3924577821197044,0.4982956216964892,0.16049745601950732,6.845091722950243e-05,0.439899848650918
2.693136329416415,0.49971591430753554,0.16235982328325502,0.000336714809537357,0.4466398866393739
2.432432676822093,0.5016401541496888,0.16564726409016559,0.0007021774926396695,0.4553737964179732
2.202350647048145,0.49742024575298033,0.17134718825684578,0.0007206302354334523,0.4475412600158324
1.9776640943541632,0.5005292575810425,0.17144729699295405,0.00026003486360795584,0.4426216068907443
4.321811545093672,0.5006972466789598,0.17052082227427265,0.001413210401841914,0.4409248807565437
3.0190284815026045,0.4977744965487663,0.17308949999144238,0.0009895582158469566,0.44532124903437753
2.229970120418123,0.4973684421890519,0.1726113721632032,0.00032559002537556185,0.43902625674160806
2.4381170239176053,0.4992098955873383,0.17027267976318525,0.0009318643839801675,0.4404801656485227
3.7042628140749176,0.5018237409560102,0.1700291452321779,0.001285473229862853,0.43505331643888473
2.7038182634120345,0.4992303408519269,0.17006261638937972,0.0010346019322874836,0.43648246357184467
2.8286863993597082,0.5029389038697604,0.1694293579025349,0.0010250467943893591,0.4375310526677341
1.9608561091716332,0.5003867205346607,0.17142624100546744,0.0006448012986381248,0.43564862953448624
2.3031254174535913,0.5039653206012615,0.1728761823344976,0.00010818701127669175,0.43957936780650325
1.8635852834393116,0.5006659123355931,0.17123955707720145,0.0004254927941116935,0.4462078729152612
1.904414065962718,0.4964533580929073,0.16976511623147902,0.00046597934487757517,0.45034992592235734
1.9603686658226094,0.49779124740005704,0.16591119442419713,0.00031267076745810447,0.45159381616964217
1.9232261816566625,0.4959638975397314,0.16820560032737367,0.000642385060769021,0.4439989189004134
1.8032919543875774,0.4979961683736121,0.16882750804362828,0.0004388103329787881,0.4461306004923901
2.811552926762804,0.4990145085187362,0.17102638876233509,0.0010229906020510554,0.45627835180374626
2.3286745142598257,0.49850694370765863,0.1721698723211527,0.0007786507423610822,0.4503035808510012
2.032290225639603,0.49957186431163225,0.17070066823925742,0.00019542740787308283,0.44910324114519684
2.760804096263087,0.5035023191726038,0.17167774635148247,0.0010052344084352247,0.44441724910471
2.2642479611999553,0.5061567093372396,0.16968615216710345,0.000464681108658622,0.4426268692369839
2.6829313804802157,0.5069032616567359,0.17080397386737614,0.0008551714437525903,0.44176752924120594
2.194775999391756,0.5025579947810002,0.17169863838523255,0.0007925750964830078,0.43980331175863274
2.35991006658327,0.5043780911237669,0.16742132085238634,0.0005637533264023298,0.4470033017105928
2.835412341132761,0.5081877843326634,0.1694668783229332,0.0001913499242715785,0.4415878103905771
3.1717414604181107,0.5076998242262409,0.17153312386482128,0.0010136898510969639,0.4466460104175235
2.339685695704631,0.5053682364958647,0.17205631638518334,0.0007950695614682389,0.44353145105902725
2.6564221904905363,0.5062868116833564,0.17165859129147318,3.11143747483458e-05,0.44779030363702865
2.20412260907301,0.5063494581402409,0.17123020072251752,0.0003222685315366839,0.4502950067763053
2.0406591879471265,0.5015722487863322,0.16930520035629334,0.0006926898183566587,0.45299760185533744
2.1994757046399185,0.5011397471289755,0.16859291725907075,0.0007872699525650966,0.4506499929107517
3.3007485831697774,0.5037596322089273,0.16874514726930195,0.0011016544570419241,0.4512101733367326
2.2094135239496353,0.5040064270033069,0.16980908819500332,0.0002069692553674776,0.4516547478627538
1.8678396869458318,0.5013346914144504,0.16943384580427945,0.0004052982957414593,0.4441154329496904
2.1699498314604933,0.4963808746068031,0.16810936313672264,9.914900730541857e-05,0.439655900234802
2.212112340308794,0.49801360311233045,0.16670913505213003,0.0008245941723006567,0.4434276826494165
1.818583903893512,0.49561224113045405,0.16698189165346497,0.0004375840269840326,0.445634970276911
1.9704414611152457,0.4944083606868818,0.1659832355318954,0.00024848687517406193,0.44622538515372034
2.1200096294009874,0.49180859668067084,0.16789662719421125,0.0004711967312643271,0.44018204720853366
2.282224179703056,0.4905380159333652,0.16785113751467312,0.00042304787615787386,0.44800342520331554
2.1796207790759983,0.49098448623373137,0.16731643215794983,0.0005612556427366002,0.4393733504269404
2.8176925098084826,0.4866383462425119,0.1652948085476872,0.0007849649189688382,0.44170938909669616
2.35673747407519,0.48789846484687865,0.1636471210237426,0.000230953522728291,0.43223555786587564
2.2921792519047046,0.4927992364268766,0.16613202689646536,0.0008686965956547781,0.4193607205117232
2.6358161790170582,0.48731598275766247,0.16488366499828083,0.0001393607652662712,0.42409378020535443
3.176086086680895,0.48481550685109015,0.16571941694631903,0.0007620253979005888,0.42452567207557595
3.4584246568980666,0.48718398495338494,0.16782560639873176,0.0009401907007047481,0.4282350705092381
3.295009189619817,0.48558430238240374,0.16650662462098068,6.995110846721411e-05,0.4284439363967467
3.1511435832728067,0.48527955612329005,0.16668312154897727,0.00024254411511190279,0.42440114188896627
4.2846379361848115,0.4806691858485693,0.16376934604011079,0.0010209610015209482,0.4127291952802678
3.90670997764274,0.4792113451430145,0.16093421641853772,0.0009236568719314508,0.4070657476583503
2.619074751391987,0.48589676699762857,0.15957747789672577,0.0007710840893386905,0.40570543054605324
2.954915648434087,0.48792861467440246,0.15946919316286087,1.922435851073063e-05,0.404402017546666
2.7809684640664867,0.48779459591974095,0.16018055059298147,5.9140527337921546e-05,0.40576209940470664
2.6032420973823385,0.4849498791499418,0.16043849994754256,0.00025423630034506183,0.4069648663321721
2.57850252150307,0.4879343971584965,0.16037633287650166,0.0001483628219940943,0.4062266283496147
2.362685894288424,0.49043371322305773,0.1599401907738738,0.0003473059670834831,0.4091585774189441
2.488613415035742,0.48943583608037255,0.16058775818903187,0.00017162213234071282,0.4097737727316066
2.922522422926705,0.4879860451285299,0.15936937164221426,3.7469782936176845e-05,0.40606130137815655
2.3894992417957273,0.4863724998355498,0.1602313284929701,0.0005904261724470285,0.4151429054218049
2.7601093564921686,0.48424796248286534,0.15791690147999696,0.0006798736478341323,0.40912936306441444
2.6851435194409405,0.4867947771613295,0.15779728553293682,0.0003204264944147371,0.4038074774700816
3.4894177224401473,0.48367229236192993,0.1566278503596769,4.469956240040927e-06,0.4089851629195477
2.7850614409516625,0.4829993659970399,0.15781664239717147,0.0005635403731450815,0.408453810517951
3.1573610810223096,0.4798572175870363,0.15770986620018432,0.00040825932379892215,0.408312939464153
3.3903433452008795,0.4813845522913487,0.15906872157646984,0.0009245433776165829,0.41351968684226764
2.6937701920289623,0.4833259406180862,0.15894148794371776,0.0005886472690722429,0.4049721550877214
2.914529408333128,0.4814495601940085,0.15992752732825805,0.000532834104872098,0.40328935654611087
3.250212559260507,0.47986494235978866,0.16026863448021397,0.0005975169020364902,0.40485944372366944
3.6707952553154515,0.47899231618273735,0.15963651005917287,0.00011331498358264713,0.4062022380896989
3.3281759247009752,0.4790624733884143,0.15825480894643468,0.0006546897410646734,0.40156008228424717
5.263273110684759,0.481469241052715,0.16009354551900953,0.0014799014121508701,0.4062959859663636
3.370066616814162,0.48429130519462954,0.16086837719787256,0.0010738053554464994,0.40756875290778977
2.7474210011310802,0.4842556709002084,0.16037093958518236,0.0001979638117605891,0.4087999221498563
