1821.0515699646485,0.48375779517119377,0.16069505129631093,0.0009138735723164044,0.2332308338854623
627.0268663929169,0.8357344768233027,0.3385294350573489,0.007637818324492597,0.006033763288947279
141.4354604664305,0.7013026345511792,0.296239421218195,0.0037255861392777702,0.021276189793313034
111.11413748174111,0.6661838762572796,0.31302518468371754,0.0036641893542000317,0.00767737319105577
108.07466329410417,0.6655147438355627,0.3114678085699196,0.001973555016340671,0.014676249836333657
91.68881058389685,0.6224412720721684,0.2940708424479837,0.0017500352420692414,0.01623542055125728
4.127312371629501,0.5171855952175535,0.18774703428095518,0.001196027371413416,0.007958446976527983
2.353640785596304,0.5156519329617687,0.1787837558089817,0.001480932352630899,0.011135182556882742
2.2862213043511503,0.4987552559391027,0.16489864995158762,0.0004116200234451236,0.014009482953982865
1.2645848738923884,0.49029487667749394,0.1563458673760853,0.0034012937568266483,0.024072983107180534
1.1273347705216608,0.5013792040360426,0.17095011765093407,0.0016405436774802186,0.022189078971028793
2.3056458974394425,0.482681037711193,0.16237229136121736,0.003547940729540031,0.018897231715370895
0.7848343780463545,0.4933348921240341,0.16157414056781183,0.003988766781512122,0.016223428990343774
1.4352482549871792,0.4943669616450332,0.1648131216476545,0.0011931610905882338,0.016093683064182223
0.9352411543325329,0.49844804531884057,0.16712971069481647,0.001802586399867912,0.023970549429156104
3.4003532874684637,0.5137927201066048,0.1808673355254909,0.006183403082585005,0.014358879438152328
1.3651555196967113,0.49366207649561,0.16755608125057367,0.0038749839960782162,0.010282772136577705
2.1772352319782966,0.4859457622401472,0.1532986688212679,0.0027277673949961667,0.00957576404231249
1.4574398345693615,0.49328702406011254,0.15783109518778296,0.002725865720969755,0.011061270909086058
3.620872563537569,0.5223622992935225,0.1709827506943746,0.004839801485698628,0.014399856473852234
3.39040086507289,0.48065727320428553,0.1624499634962112,0.0005668255494727693,0.015791592266026083
6.633062736662794,0.48957363067445675,0.1472590317064097,0.00044230155191616856,0.03925295881889625
3.139742857385802,0.4938272083932463,0.16031774838954463,5.970856450531424e-06,0.05021320656507
4.6414239513157405,0.5302083509444577,0.18074163081543693,0.0029480671991546454,0.049345378941220396
5.185347660303968,0.4925910904128261,0.1501249299684701,0.004217971725917924,0.06141095093464955
1.44607427670461,0.5008439917285595,0.1597885832598161,0.0041582305210730855,0.015685512317722534
2.7532819622235998,0.5190269449677909,0.17122532112344802,0.004481883423011515,0.03072310698560446
0.9400459773897081,0.5003554947195136,0.17055235638037292,0.004055277286486195,0.031552488775183
2.049543325963104,0.5004587843226462,0.16062029887592966,0.0062440344086607934,0.014925180417024633
1.6692299658020557,0.5122441011639532,0.1757558965772953,0.002414501065823013,0.005398465849477929
3.480478669096529,0.5141604218575558,0.16443518140145957,0.0029414346765662836,0.009829893276582864
7.71389979656935,0.5425257334154068,0.1957607973303307,0.0018392333465260993,0.01566007152711163
0.7701970509322444,0.5012470992353985,0.16471651516151126,0.0038799445372693477,0.01331006531004076
0.840665419748534,0.5010449451556873,0.1643470332040257,0.002680569561896355,0.023999919001301613
2.3561521171554958,0.520206932801419,0.17900721247393958,0.004271481353533016,0.03508515809038747
0.5388892809066069,0.4964668563197923,0.16460222289228654,0.0035120243006980757,0.025736212442417847
1.2193615212255624,0.5106173656229824,0.17669407984823676,0.0029526545909610096,0.028009616663915812
1.943901905630577,0.4821654146542025,0.15761480629432761,0.003365291096017494,0.04393368628837843
1.9988944347260733,0.48204338003497416,0.15310034088726052,0.0037442199141145185,0.027615419569696115
0.7815105564672747,0.5076044388193437,0.17020094044020134,0.0038329895682195788,0.02020795747115895
1.7100272217931454,0.5078524851285334,0.17122574689937498,0.001483643705144224,0.0059859526149167105
1.2513786954770272,0.5051007998388772,0.16986424410090276,0.001971311154561456,0.0073921022410581225
2.3025373265131814,0.5122131629413641,0.17951541452929484,0.0015242765071123519,0.003484099029484867
1.8666989158003346,0.5118025297770566,0.1701392537496755,0.002017088136593681,0.02106661417988846
1.2702599967922492,0.5133765060751414,0.17554793215407455,0.0030755207986435254,0.02740001603118767
1.9135789405119548,0.5147646227451695,0.17656686780123104,0.0017131199435269483,0.03606030928562521
1.5563153216816257,0.5143753699306411,0.17696185941050416,0.00329704908938406,0.011790528414423268
2.198734494158625,0.5125641243717944,0.16637769354148357,0.003424803634712212,0.01443556852317009
1.7497928625224444,0.5126266375807229,0.17647350809726145,0.0017656631313954698,0.0655692876996933
1.9584437683320974,0.5145837791085917,0.17580495725511175,0.0054432278181941575,0.026204507822661767
2.1543069877084644,0.5127551328158716,0.17762049210706574,0.0011013011750279078,0.031007285069077295
2.2135919608835093,0.511925687734582,0.16538787718653497,0.004679912359244972,0.025493823922314578
1.4250550037323766,0.511615259002296,0.17046012347097067,0.003045111734900719,0.03917997454485949
1.8507119197465056,0.5089734560536514,0.1664654132427805,0.004388799950005658,0.005296426875448651
1.6779779078742585,0.5106278136574363,0.17095379001119135,0.001991558053141443,0.012651467759171444
1.9872532982184858,0.5089995144807123,0.17228329247457455,0.0011255717876325491,0.008083192353286101
1.5394600743231428,0.5083269353764085,0.16733400506268173,0.004683748224882462,0.007934855464942043
3.0717794806426277,0.5114363235582355,0.17445133631102275,0.00011038756839007371,0.030541780279982784
2.495755068194785,0.5081542921096237,0.17409535364820397,0.0060129696454167365,0.007472980700713075
2.619190474975144,0.5104374280861986,0.1744607377173626,0.005544248247693578,0.002691271561952044
3.028826500224821,0.5083412550202357,0.18177772943722925,0.002818387474900855,0.06541554039224207
2.297141030259058,0.5047661943160389,0.17861526307412146,0.003803599678669942,0.021864156365133933
2.715285161730031,0.5039700910269022,0.1784214996942527,0.004288717494698574,0.01449826300804297
2.6265445456360457,0.5028551406676413,0.17851914978153172,0.0008648440298256004,0.06778557366653776
2.7562185406696713,0.5028073768629745,0.1613254974646687,0.005938660161334873,0.035570519168809656
1.5432077731527853,0.5032147597588731,0.1621965332591841,0.0032089958329424104,0.04205892212454643
1.9872916408384818,0.5065698573374998,0.16781685189292528,0.0014743731002812063,0.002186479834514747
0.8706591401938043,0.5054425254007622,0.16755725393987758,0.003047367873914824,0.03607828924132439
1.4423192024781657,0.49910641422717594,0.16244126201279532,0.005220221910239994,0.03297778936848411
1.0644961956147334,0.5005161146784686,0.16558652110324806,0.0021986140328007575,0.06125155074247218
1.0260018748096602,0.49802657505363485,0.1693925852540035,0.003796486484578211,0.01206761679289213
1.054686631812046,0.49709534384529785,0.1660001897012793,0.0016775124037134628,0.06901167760255662
1.602815535647716,0.4903662607587408,0.16579593783544178,0.0020126396992215514,0.08418208034535296
1.5523875625321637,0.48899477309233974,0.164638099012702,0.0022832153318197348,0.007432821501898071
1.7203304587714965,0.4875593561312111,0.16113711718611515,0.0030587652461341744,0.06376002085659098
1.4349831699978122,0.48834506850815496,0.15882282537671205,0.00216596745286015,0.058829137649745095
1.340688490655456,0.48883738775492824,0.15788622322058096,0.0047602730763664025,0.026126538146312314
1.776418898608495,0.49085872074924164,0.15674965364517973,0.002579545395053545,0.004992815284542155
2.1674664986312515,0.49384998858897383,0.16041199604453402,0.006620153810548743,0.02075567774408549
1.6939445533444495,0.48644321515661204,0.15582401119934666,0.003614713263266782,0.04317286747771139
2.637704589909337,0.48861783476766935,0.15507505038901995,0.006486038080097923,0.01909593866684427
1.3172688473065903,0.48715439617758116,0.15671369081356884,0.004158712765837536,0.01981953207757031
3.008135604235284,0.4825387088188359,0.15278568116956429,0.001172586763818451,0.035487640073612464
1.9039930857006122,0.48585170516651477,0.15715427534974663,0.002446170826868729,0.0020965806914497037
2.117861645714506,0.4881112361223143,0.16058382854666134,0.0006519664932847346,0.057167996510671934
2.510869227769499,0.4839576889313808,0.16041137814202377,0.00048409433237619906,0.21174601694971845
3.04289491529438,0.4868051283710815,0.15774821070767872,0.0012816544193167312,0.2573555153714013
3.5665775012400145,0.48844133379930127,0.15681246395877088,0.0015184040386981724,0.23826462320923852
2.205039475830849,0.48797689754523665,0.16323656103560893,0.0011492093690362555,0.21591675983865108
1.83828987285965,0.49566225250169393,0.16589785909324017,0.00040816642870293096,0.16741915155090947
2.0697496624738445,0.4953228862560867,0.16699292095648965,0.002662578129908597,0.09971147988416228
1.8989975859947497,0.49798177324404996,0.17061803010396276,0.0014146644094366815,0.17194124699173097
1.866978255156228,0.5015710651773537,0.16321975628134386,0.00168639153747912,0.08620744867733988
2.415134168621257,0.49803286356463844,0.1594402466196223,0.0012692062040565283,0.09440787393900717
1.176410851825639,0.4979618074876595,0.1615074807275993,0.002972501009838683,0.048433200582924975
2.0446195366633,0.5018775405844194,0.1615930382507685,0.006170430116959559,0.013004086358857386
2.8600839119473895,0.5055773187170193,0.15876186726466907,0.004192434384012263,0.03457802203576256
0.7586076338379663,0.5046376555419193,0.16818757039058188,0.0038010826954610662,0.01349270243572008
0.9460223083833587,0.49954924560604297,0.16926769808524048,0.0017962064187112448,0.029066057634450117
1.0765851908815707,0.500010605070782,0.16784075793372846,0.005246297832804014,0.01908288641707421
1.3335937290027746,0.50631740300291,0.16429229044709306,0.003984356449661865,0.014774998720996274
2.9895796173437885,0.5037310623970465,0.16045064860884029,0.006381556849076677,0.02939604254584395
3.3815090030142647,0.5008550319114342,0.16017426463786816,0.0016133166020133143,0.16025848724484687
5.451031403330191,0.5013844157617351,0.15652530014089125,0.00012305874968774732,0.13161586745521633
4.531277983068783,0.5016547963185523,0.16169268453210994,0.00802612234451747,0.006539897773374714
2.602730940235084,0.4995971145569768,0.16438986082943463,0.0002157776270564878,0.058714511393940905
0.9179918070614462,0.4999169107127494,0.16304038210286353,0.0028648606557589973,0.03724879318382576
1.003654693302287,0.4993175513273767,0.16408215941040757,0.005037227928172848,0.013788548736313307
2.5681262233140654,0.4961410277384982,0.15888192578569266,0.000998840480946863,0.01819039096987656
1.9493214188196997,0.4944576335928622,0.1611173800486826,0.000899188913655995,0.03427908612179715
0.8671342959242423,0.4933504371857104,0.16430066260810527,0.002422807826258697,0.04806795521295027
0.7969569940436086,0.49303145469823817,0.16546899116928804,0.003313596517952695,0.022628161459198687
1.9148150452993304,0.49347056465977907,0.1635582410470424,0.003285560393670582,0.07484900979835842
1.5803198298411414,0.48910859694212133,0.16470025002400157,0.0017694868444318576,0.0825966705633309
3.381317938288565,0.48777886035166573,0.1680772795570413,0.0037083970757478446,0.06305923682336931
4.948913493979121,0.4862333612269719,0.16806823902982823,0.00395932157930623,0.07882914655517792
5.104097653995937,0.492144604774854,0.16906005835144655,0.005289511957388339,0.06449791786364371
3.667302927917188,0.4906529658364551,0.16876546877224313,0.0034825451625497897,0.08760984649065538
2.9303987625452708,0.4948402025564691,0.16583758070620166,0.005665076042838291,0.04617484533662488
1.201060958578605,0.4944738584733561,0.16441690107610699,0.0016752988788357502,0.01162709997064209
1.455173945760368,0.4959401228176596,0.16535624006145747,0.0009594853919395413,0.04706748772602294
2.2270858394911217,0.4936361326501417,0.16384487581907772,0.00025360592829333885,0.06278958238931986
1.3713190472775332,0.49294406706212784,0.16552927279801402,0.0015766038244029732,0.09853459234627701
1.435349628041321,0.49459439689521273,0.1656841916769274,0.002035489545061871,0.09701637696619451
1.5463242403088617,0.4896622251764387,0.16542626111153727,0.0018935856456754364,0.07660578132658079
1.5502370618145656,0.4908925626440258,0.16621228073696262,0.001262013804562504,0.08160358131117978
1.7094557778521184,0.48930453565784165,0.16629900311918075,0.002361109041439668,0.06581405922100278
1.216033829130196,0.4915366017019848,0.1655201130017495,0.0038022394060872617,0.0374889121461955
0.9708829381426196,0.49502643491638526,0.1628606315852271,0.002800949593162059,0.0534643506554235
0.8368616161808315,0.5008298280688531,0.16296039639517204,0.0040623549800963155,0.018057722976249517
1.1031776741711858,0.5029703433199171,0.16281613622333033,0.004398739459584572,0.01807837138339676
1.2857593877480433,0.5010431867032954,0.16160532439638997,0.0029696347199046833,0.014581037075936304
0.7677234559622209,0.5026692664586577,0.16517841397972496,0.004096888007452388,0.028139904236214125
0.8645326821663659,0.4995731025346866,0.16410059007309305,0.0048845890220743544,0.017078333122914267
1.4692830365053169,0.49659631282149436,0.16044481458254392,0.002285294699163965,0.00758372416360892
1.5867248711898905,0.4993645594254806,0.16321840876252253,0.001377656322243101,0.030700294376239126
1.9577875359993715,0.4989423746548809,0.16188610567774153,0.006292798824310359,0.012189853036518768
0.9677058131627829,0.49922611657994953,0.16259234217144483,0.0033172591565304816,0.04083805344490613
0.8175361052043503,0.5004856773590434,0.16313504338068063,0.0031796031690400793,0.027899409915385275
1.0932481698911305,0.4984569499248023,0.16240788474296147,0.0032304115169360338,0.04747463019198843
1.1031224531351902,0.49727111918630523,0.16315050486294647,0.0022728161979799462,0.06042332395118151
1.4863474112711652,0.49021735585903164,0.16451452665795369,0.0017251521157422224,0.088813274570119
1.6590681436997952,0.4875966251873023,0.16304965853905945,0.001430058078507364,0.0829758588273814
1.50147722311508,0.4897537650278813,0.164265477979723,0.0012596799775706296,0.060538277326461255
1.9968708805455788,0.4868559488932788,0.16302915755500935,0.003999615208984261,0.046272090958734476
2.1917515946540513,0.49152149710498416,0.1629405535411644,0.00033337241906171823,0.06501538665648952
2.0222227535515187,0.48713154396093106,0.16367229515750414,0.004866942704340668,0.024323800105353434
1.9700924807303366,0.48759215249408505,0.16496214358657693,0.003232743016228799,0.0061205526177894945
1.8484419726876875,0.491652443044036,0.1670906559909744,0.0010173558810768388,0.011458333842856664
1.5787789700415733,0.4905354096998427,0.16645885145948816,0.0021615028244421856,0.07345703068247049
1.8005917114413545,0.4898080541495556,0.16623198875246858,0.0017389208093660032,0.09983363630100764
3.056754930220216,0.4884751159182733,0.16566196023724217,0.004190649545456572,0.06149296691076332
3.890454664619667,0.48889431265638206,0.16515952072362317,0.006086743566451786,0.041187562749751376
2.472484765115079,0.48866661834954694,0.16502181822724998,0.00021587154836035568,0.07731965812713018
2.0310312885283546,0.491875869910935,0.16514085758255007,0.00042477885693173543,0.05051428762708264
1.315851893896026,0.4922965137179279,0.16548992401216633,0.0021444622751239035,0.004974135125679541
1.6131853962851523,0.4949226517046174,0.1652207289768008,0.004864109097212161,0.005479122118108163
1.5930145197631649,0.4905105781716457,0.1655833206077168,0.0034938980773457527,0.0061874411405558605
1.4995748514661824,0.49005575055327416,0.1659386722491785,0.002524303041000399,0.00947850908656343
1.573598777705692,0.4917952526814672,0.16661107872587375,0.0045705580826286285,0.029395098364579524
1.0397161254518417,0.4954855959538311,0.16758863866271306,0.004081087417743975,0.014424723853665538
1.1836762064512758,0.4933933972521964,0.16842782352476354,0.0028241196884001432,0.03852026527066163
1.7536908149655577,0.4915144400586181,0.1686931492789065,0.001935515050890426,0.07296625085009763
1.5437206671218566,0.49360037584323446,0.16818388885495783,0.003040868986454476,0.05990830884076626
1.1605579204892307,0.4962882002811618,0.1687596483886446,0.0015452107641088873,0.033364627703746944
0.9691535850897158,0.4981129702241506,0.16950037400080886,0.003591189006793243,0.012818318025899913
0.9897338948690277,0.500228016112469,0.1706874752007607,0.0030357381760868496,0.010031432832244235
1.8898015641939339,0.5035922009849844,0.17224375148657398,0.000585561412368059,0.03746087376661544
1.5658323058151975,0.5005748726998979,0.17175155573871928,0.004764686417996246,0.03373818088807136
0.6887592750667884,0.5033942619981842,0.17131157078841647,0.0033581124244830016,0.022569704453070542
1.0470258282997247,0.5034770319999327,0.17111544136674958,0.00275838339564714,0.0061206128835681155
0.9384883198380466,0.5059139217199712,0.1720134486637338,0.002779533387984151,0.012277491080969143
0.9640325238902803,0.5043590861975826,0.17133670223866318,0.002737331976013005,0.05262046283933891
1.4539641393318168,0.5081186407820002,0.17174749064413322,0.0032765970944782907,0.057469919640770945
1.4312732114646756,0.507884076507206,0.17250882886632662,0.001553909095857539,0.02180530863958953
1.3814214564844436,0.5114095353046536,0.17304415221009123,0.002165037874401457,0.036717102250876335
1.6045928287999045,0.5110421461473491,0.17472177690030632,0.0029024823452227107,0.00231880282310884
1.0665907812597133,0.5055137911605116,0.17410129728700063,0.002185630421123433,0.033031204379802
1.5704963968316017,0.5111743516772024,0.17689609064529963,0.0018093765780117937,0.030204109921719582
2.564366662158795,0.5156815573389893,0.17908088173877054,0.005777488749013898,0.014404364473580646
3.6301887208805277,0.5160793260811498,0.17899711985491476,0.007009333371557749,0.023293398526476328
3.4122911910676823,0.5178906654229041,0.18034204532898607,0.00365871846156,0.07018271484601107
2.0512318644360708,0.5112215442384027,0.17974251566805588,0.0034941167980470163,0.009165084635839135
1.4304366385914509,0.5082582633917181,0.17763924008099005,0.0027885498290298174,0.02675277515471091
2.339950512755978,0.5035594456635016,0.17662479513561363,0.0006319431408526414,0.028754170348887255
2.2961458710738487,0.49703961388929074,0.17442127054353188,0.0029996928000063905,0.013024899559510937
2.0016412458728077,0.5005984366776273,0.17404368403864787,0.0006969508709619185,0.04620303423876216
1.3872863363039505,0.49845775458075103,0.17189756756827515,0.0036577977419683457,0.013785283941410743
1.1816585430430613,0.4966055821223155,0.17096915362855525,0.0026936417703232046,0.02948541729240845
1.164360819397163,0.4948434577742774,0.1688545491762393,0.0018536075348213877,0.03776686601393855
1.0341095552205797,0.49593296681197024,0.1682927003075346,0.0017667000326372852,0.03781079217742399
1.890465109546791,0.4909071956115554,0.1673637211000483,0.0031865619218594664,0.0039862220009049265
1.6229395829525242,0.48835492397645297,0.16549369884667267,0.001903176320856701,0.023736734550350448
3.299088729575912,0.48445912404306046,0.16593971632622334,0.004532708191128694,0.03082401304793978
2.4744347080745857,0.48226097763797093,0.16287317404607898,0.0034826813957413716,0.02516801640333696
2.45421579324496,0.4843928757332436,0.16214620570566218,0.0010201851927201877,0.0025695342659531814
4.2774356775226945,0.491230202625461,0.1612636372496243,0.008041511710541644,0.025453128269837026
1.4217299625958753,0.49004992956274557,0.15826726997151216,0.0020497547894522215,0.021301954983461817
1.481915491871516,0.4891305608096583,0.15760012929895323,0.003058919596640129,0.006478298043297507
1.894069192235552,0.4854248683768321,0.15598018370340125,0.004525397912753041,0.009503476242411005
2.095278209539191,0.48368764924649105,0.1557817202075357,0.002210682255195061,0.0683342685241814
2.674755006249116,0.47685673404212636,0.15338952264133932,0.0032409857079262155,0.03483582480888538
2.7933872227917527,0.47664771019917895,0.1525100902387412,0.0038441122263596634,0.018365067054075618
2.8753379755320325,0.47620042256235395,0.15438107684586025,0.002342537881871438,0.043803791677915316
4.433905790156221,0.4727629071681307,0.1521305555168329,0.0008853159948802197,0.017794395679879373
4.829410376182325,0.4714341683612041,0.15206684606357643,0.0008745950592435269,0.0018426121350211648
2.2817343605982865,0.48435819451614404,0.15594691206760417,0.004575914205335611,0.04229413760050964
3.8017547018516313,0.4844042493629328,0.15604659860076328,0.0063398559526358245,0.004309144616299908
2.741077246351577,0.4912668058742791,0.15717941879052888,0.000672785624145902,0.04569235747859958
2.5936173119680985,0.48927225983715217,0.1564168372116373,0.0064321400625251554,0.02610886693552214
1.9213674054448378,0.48572403093659505,0.15339715547123114,0.004491283804068051,0.01584341851238897
2.4547710128780915,0.48616774389997947,0.1510080451248952,0.0035878111032369804,0.013291492991320061
2.5954969502431844,0.49312952169685986,0.15530259901831375,0.0061210858429122,0.02707642199799455
2.6911031306933317,0.49494027668548496,0.1579850084831592,0.0008508166892595703,0.12554583873015313
0.8109168356517579,0.49341211262601414,0.16570883461194127,0.0032796748325758292,0.01919208107002837
2.340821672862897,0.5083576667248039,0.17419470684239366,0.0028402129943030795,0.09126078500330038
3.57143257525267,0.5019170779911581,0.17399833707583884,0.004451080895467911,0.06809944024298618
1.536059290107636,0.49528172422718425,0.16750731840655592,0.005148109795538786,0.014742229967700839
1.4730666224493596,0.5040525782786388,0.17365104022575462,0.0022367736181956865,0.001826840275479389
2.0122452029929656,0.4971309030275337,0.1644889951622088,0.00045728419920201824,0.08511478470978744
1.9343628614448107,0.4977844676798586,0.16486076778345432,0.0005129296093518838,0.09449124662349312
1.4740420072879585,0.4993335491964997,0.16435152120123891,0.001724418847354494,0.09179235198828098
1.3601524784859969,0.49769944089144214,0.16631691460184328,0.004976617388015652,0.0366510412947853
1.038520693612808,0.49092777018446704,0.16277236559493902,0.0021123776918216485,0.022716001843879115
2.688451734640429,0.48506035353725496,0.16454602144506814,0.0013944778087198123,0.16552704202442786
3.481705622842553,0.47899716239870077,0.15633723065236715,0.0012167980686099795,0.2317667791241329
3.3749282032333783,0.4797085989603993,0.15938480482940948,0.0010867269963402665,0.2622041552311876
3.7584659613759905,0.47649743971586755,0.15428644151939805,0.0005757738120499158,0.31907224943326146
3.8899108265804614,0.47601378270888545,0.1583073429650451,0.0004374932055064667,0.2760868774506505
4.40049303189834,0.4734566745762865,0.15538229975063594,0.0003608056016127177,0.2968945416144077
4.777545849626528,0.4741394025955198,0.16007494948937748,0.000972087296697341,0.24949751503956813
4.500617706303531,0.4743007498484599,0.15313075317568858,0.00019211899987765237,0.3359945683472408
4.611603994676381,0.4751753840633332,0.15696608720037802,0.001411051542368585,0.2434866318949445
4.240581711453125,0.47640709355769656,0.15327350854725444,0.00016812893411180226,0.2799108447444838
4.163373458751339,0.4736784585062647,0.15300037569450514,0.0007849511477145824,0.18155889809300882
5.83008530473066,0.4702619309913528,0.14617623784236594,0.0008377546982791468,0.17417048431121038
8.21471833492121,0.47632913662636417,0.14137151402589365,0.00020624732652931022,0.20746310581184188
8.261082271939442,0.4801683673985451,0.14087736230080403,0.0006164294646762489,0.1687673767293537
5.3399408021078845,0.4769895908305669,0.14663806879625596,0.0006221659089866781,0.159381330949458
4.467207365815469,0.473915230703671,0.14960503538928172,0.0008883729977247764,0.11762673077315638
4.6503060027358805,0.47309401100834847,0.1495130192100675,0.000793961134363816,0.12140256597938182
2.8329157299052374,0.4782842420909603,0.15041605515645687,0.0043387133304134,0.027110489359919332
4.4835044996386095,0.4761625053537497,0.1511165994470007,0.00035617909394141875,0.0707815600149853
2.5724366231964453,0.4801009822540035,0.1545288130154022,0.0018123208144899556,0.07149563085527104
3.412447494705771,0.4770246126974319,0.1515512955041116,0.00291857773953355,0.06657924851920315
4.1798895825381015,0.4741143456417752,0.14909596516916276,0.0014752059514816524,0.07752813775480011
3.7209166719519553,0.4745891982019867,0.15517465646129766,0.00242353445721134,0.0788792909833671
3.8486138015557194,0.47479713607831636,0.15624364019027803,0.004431672471053669,0.03559828548402317
3.6422811950497076,0.4790384380560415,0.157610242850968,0.003890751408522736,0.06424463068273711
2.9669384284042257,0.48261957078313217,0.15337758863847561,0.0013760336629136459,0.11897626408529997
2.793878675583538,0.4842262700771866,0.15198201215413584,0.0017784885643513434,0.05782147090305384
3.6581297912933137,0.48973795088993527,0.15373182163960158,0.0026282832209131857,0.1005763861811253
3.779566524878965,0.4840867867600652,0.15059908018658463,0.0012561887367911982,0.12549767654100846
4.5164590846313795,0.4911973031000385,0.15187884199564128,0.000557265529247503,0.10841594169157624
2.0929151715031917,0.4896228054495046,0.15507926742101039,0.0038225680040248474,0.04804561725761768
2.029854518492722,0.4855036691459461,0.1595780003732532,0.004929901652046053,0.03424474683210304
1.3007262197612943,0.4869801136013741,0.1618298828222976,0.00361974260231078,0.019177165549245256
1.5805592223653873,0.48588937470702204,0.16073091785173338,0.0031456824771376093,0.008749371160907186
2.1661907512930716,0.4816984489725894,0.16017815536687066,0.0030461950021218134,0.013616303154602348
2.7840488189524297,0.48296962535849847,0.16109397800053982,0.0005101687484906307,0.035059909137802096
1.3857913726967315,0.48774362173476404,0.1641088720971069,0.00325641281182751,0.023738285695270513
2.673566552115588,0.48952995451288356,0.16154308166988382,0.0065842677395456465,0.02491164276812137
2.5953395278404425,0.49222108529405584,0.15998111367846815,0.00483971126880494,0.053295710621298675
3.6817701412313033,0.491996465012723,0.1570073977043122,0.005811946987970596,0.04728740453350847
2.487937104897542,0.4883705422980953,0.15289892520494844,0.002835091961204692,0.05463885066472865
2.3281387437356162,0.4886246735087661,0.15347165724788261,0.003210810190678597,0.05153885625010731
1.1411192525871947,0.49031871129344845,0.15816114247364998,0.0032088422904259957,0.014146681868607472
0.8845946883795718,0.4908814911437681,0.1601118099910228,0.0030358759581616307,0.03310184278489372
1.3675630712957099,0.4906821215769211,0.15962276000855333,0.005220566561811539,0.0166610472938268
1.3518511829889275,0.4912649201905226,0.16184984922694232,0.002549440153716471,0.0016334445781140718
1.0844315469069958,0.49150633155101214,0.15998847238642447,0.0023821567547289415,0.01881092866389315
1.5710122813218632,0.4931112632135698,0.15733412577433936,0.0026498809732643253,0.047559943060908744
2.347278347483064,0.4957048004194571,0.15812952630399463,0.0015278250619038857,0.007250476990756066
2.070123507604642,0.49986443227697136,0.16072351849027264,0.0018894862850730456,0.07734869832651058
2.4847997479358095,0.4998817544645723,0.16240286535115195,0.002316431760067874,0.10833604086742651
2.5065627679728264,0.5008099819004977,0.16255583453534647,0.0037510206158335975,0.06749584105846762
1.0157919316227368,0.49885863864075675,0.16634903482408983,0.001767716748632883,0.06315295632873767
4.088997004125408,0.4985430258749649,0.16467896697076384,0.006607014840160485,0.0455597358041728
3.84413581842386,0.5021411333615318,0.15996209764564556,0.0004193883106624963,0.08849503892294343
2.5618204799437945,0.5023842075168888,0.16459186580284618,0.0041407253268065,0.06377268534019416
1.0549369333056577,0.5018281787491438,0.1621694069440333,0.0037052715273763904,0.026737346347476883
1.4836606288727328,0.5051923419444495,0.1629261421087005,0.004697955852207939,0.025775936390546705
1.5107341123586813,0.5045236089936196,0.1640359047024644,0.002464382446532489,0.04503761251616417
4.32799230551038,0.5108641895589492,0.1618188233746601,0.0019549588767494826,0.07959519849812483
4.785403677428619,0.5106803450818918,0.16120927513023783,0.003818934974328823,0.06213141807978869
3.9156498697942563,0.5057387221742817,0.15815220235826416,0.0018302337576938657,0.04600206231385203
3.200802140404725,0.5055966991001439,0.15920238467144762,0.004205240507871059,0.04410214072666156
3.7081551771972143,0.5083032881847185,0.15946388601313746,0.0023410450887469915,0.03469434194720776
1.998978091047526,0.5083405295692218,0.16375239307518777,0.005415547210913994,0.018356234826078066
4.3800708474589385,0.5085817425839823,0.15858953643846174,0.0024789572477943063,0.05520424824333851
4.897820846035869,0.5079635509424066,0.15786583068071375,0.001634871251450811,0.053292084763931484
4.269757906716174,0.5098834923758007,0.16030447060840924,0.0018132357386615003,0.03910653072684052
3.7351248456693678,0.5100239693099848,0.16375189346278773,0.0070976459990796485,0.009982151507479744
3.874057317158389,0.5111239093120337,0.16146664349914905,0.004594492176215546,0.040701414720854534
4.525382973512999,0.5060569996339149,0.1574861916145625,0.001898087580805929,0.07335325004933287
3.4898161917364643,0.5019761790476431,0.15757858423844176,0.001473282796822259,0.028254833905140088
4.045502432027484,0.5022435635566279,0.15701810943307218,0.0012537810463367988,0.021010082008259746
3.024670201906295,0.49978854962322067,0.15535338574250773,0.005236362176482732,0.031066732321655827
3.4938757776553846,0.4998334182232263,0.15504130823894785,0.0021805421655324768,0.011667024342542288
5.9319096970397505,0.49869627359327,0.15459440667557847,0.008766448042516781,0.016230015488309536
3.390806071964156,0.4966587543727897,0.15264669295473612,0.003048771651637387,0.043440315856314596
3.8231752214911547,0.4929530856718949,0.15122957997298564,0.002153754164022184,0.005630462257928771
4.196073584838477,0.4921238245708946,0.1475357966295107,0.004386750057451493,0.018158871077503795
4.406495752873586,0.4865857280767499,0.14569320445195116,0.003745291665009384,0.01197197989201284
3.74760623071947,0.49109683370900864,0.14934653059292885,0.0025447139839596235,0.03029987963039981
6.1001991076810285,0.4914031693182561,0.1496980302699641,0.00727480345342437,0.034374835784229334
4.8391648869127994,0.49324814059567995,0.147313701730133,0.003528518642981233,0.009694408035578216
5.329565166341867,0.4877900063799218,0.1460822829549482,0.005109775298297612,0.0026008473000107106
4.77424660213552,0.49048785968721936,0.14660903866030767,0.004741914851229531,0.03384554319756655
4.745384180900709,0.48890370162371943,0.14607223527237767,0.003701438795676839,0.007413869488625557
3.9042928819788956,0.4873839105067763,0.1470695984507347,0.004181309187990405,0.03219994739133222
6.604227862577359,0.48764701639226243,0.14647103667054576,0.0005170049509263773,0.02778972812793643
3.917501318136854,0.48180619676768505,0.14698863648694918,0.003669537836145768,0.04570811284165235
4.904106524574432,0.4875427948699701,0.1451358745496322,0.005587341150317517,0.017235100381199766
8.130402405183844,0.49202774116891296,0.14425348101565524,0.005905000169698066,0.0429084328457887
5.60914327252153,0.49497213976676246,0.14635812998487294,0.003967639334396346,0.009643005619027714
7.680792697215861,0.4959965327649551,0.14539157202967792,0.0017720114067986568,0.06706845288300395
4.951665810692316,0.4926127534554705,0.14652638525048234,0.003533261356527532,0.03102604154867105
4.272830426398044,0.4897683582753187,0.14776657550451391,0.0025143077897694993,0.019162552601414494
4.6829443749242,0.4928711351128392,0.14727065498057965,0.005420060235238491,0.016393030117158612
5.30897935162165,0.49053086425168635,0.1459287805381581,0.0034352215968299644,0.0459954619549234
5.127047221622475,0.4878846969235073,0.1469117102285564,0.0017707244916018508,0.07233676309476665
4.530899595790692,0.48402230078552283,0.14768746555167714,0.0016719734489811873,0.08976853703673893
6.652528231645974,0.48127443042060786,0.14644325528498242,0.0023115506625230164,0.15063034563288724
5.8775878514016915,0.4801324311847494,0.14579582377187134,0.0014507362362629957,0.17709960118545562
6.401607100106803,0.4795308812788789,0.1442760363211748,0.000757201459671655,0.23697587145956744
6.629792354640557,0.4815353444195575,0.1451177442203706,0.0016924946969330116,0.17783374429187354
6.654895821292616,0.47951110519922435,0.14404001419085796,0.0011659002356371768,0.22029342343479566
6.195997172216532,0.47498452196971624,0.1449707636899799,0.0012159591117999217,0.22258982541230615
6.683795465580402,0.47623745071948004,0.14469696077976724,0.001234359305626694,0.2731512615789136
6.130351843339677,0.47485660410901753,0.14651966633599062,0.0012702028352632503,0.27878534459988635
6.046068482311615,0.47653374223756045,0.14557480427585814,0.0009561865274325633,0.30670982840811706
6.017428016996662,0.47895349629328654,0.14581046428829678,0.0003064660077375756,0.3069125953200763
6.441239304598166,0.48289626288639037,0.14591443705887988,0.0011110006935823335,0.2895590854994446
6.165621295769583,0.4849826006022468,0.14609277463310538,0.0006818214315996308,0.282950381707162
5.661302356572062,0.4842719385685955,0.14723205909380177,0.0004521754340416084,0.3407681152358607
5.452319094908778,0.4803536467319054,0.14779500329431533,0.0008668772754693788,0.3991156636604321
5.021935334769241,0.48553273075028647,0.1503915590272115,8.525118889438305e-05,0.3739274568715897
6.0313118504152605,0.4875500683545813,0.14749195124528344,0.0003808462584725926,0.39233177971705524
6.84784182646704,0.488951776139831,0.1463108857672957,0.0004292456229081406,0.4168588357136276
6.851997901556901,0.4859396919474329,0.14594768993138502,0.0007754179373923838,0.47727403313168026
5.652263655628772,0.48642248316468745,0.14802195797322745,0.0003388679068488283,0.4486975309045897
6.440789625254559,0.4878759071620821,0.14742788817963529,0.00015161934240450322,0.44194365005037173
5.950053874707753,0.4861520202680634,0.149204895814546,0.0010104421120977407,0.4566601136843775
5.834153652705847,0.48394867478308784,0.14772139209893242,0.00012753536215689976,0.4359305715896937
5.145223560137059,0.47975678964864316,0.14834570753237308,0.00024147669005461042,0.3449612879601107
5.774311458930742,0.48405629082177765,0.14775778569727563,0.0009462815423151409,0.36713629466155556
5.172643739670921,0.482005973615635,0.147713035786991,0.0006329562399612287,0.3069663344587405
7.260308904448672,0.4792431818740364,0.1485097464862421,0.0015947922064439726,0.35295801580667774
7.250469858858689,0.48073897910279056,0.14748755354423795,0.0014868666749884712,0.3542096276514056
5.326472931826247,0.4819006824052944,0.14758804295497766,0.0007832599574077823,0.3298562915325949
5.1303919616764855,0.48501144313873523,0.14904352586810105,0.0002852908758164041,0.3493296239514355
4.632852802618579,0.48361839340943247,0.14969935572042137,0.0008476574590154978,0.3108368100632246
5.365482278111928,0.482281582467267,0.14959104009349208,0.0013706470331808218,0.27885653515773917
6.735665781555529,0.4796866658245669,0.14848368121312908,0.0016665976755010836,0.28991727683097235
5.855290759683025,0.47846364810536596,0.14760632667735435,0.001294217868263372,0.289757584112741
5.758405813641675,0.47436000058537714,0.1477413148593583,0.0012038957153493277,0.29539929904656037
5.5044259147375705,0.47120305696919734,0.14826451858635134,0.0009091256360502359,0.2906610781767799
5.659795116849769,0.46947508020462875,0.14867865335862074,0.0008806293021564665,0.278061496670563
5.733420291534147,0.4684176655991004,0.14908719626321043,0.0006097734766366935,0.2722223629362254
5.553087044582164,0.46879975787560957,0.14987717562727965,0.0006041851036812549,0.2638363516204464
5.643523244811416,0.4711764535747489,0.15007362422960027,0.001245261311405713,0.2811697571011051
4.885149750794904,0.4744651672058176,0.15056632355127816,0.0011193832018140744,0.2867309646816723
4.373516716175015,0.4780336046055871,0.15074833663748843,0.0009808817261120952,0.2935607013949461
4.86589488408714,0.4779619277567601,0.149974686378326,0.0011438600068356514,0.3008297755148435
5.347190663508927,0.47765699425143104,0.14957603325060675,0.0013265517882838057,0.2935830562469999
4.799905689602283,0.4776966091544687,0.14859996798010094,0.0004910998568007396,0.27367866662650403
4.778394986767558,0.4781642945486511,0.14843704728887067,0.0006859863671918806,0.2754415817363456
5.3615446423328885,0.47367174633357484,0.14755646461256344,0.0009429761143136526,0.2713730422167338
5.460204323843884,0.4728999105988821,0.14731462671000378,0.0004798954112866233,0.2689600068173905
6.375465179423406,0.46887724598247743,0.14668887506986453,0.0012245993234701442,0.24615250222428534
8.132854370856483,0.4615240626791114,0.14666095116224773,0.0011635489448604663,0.2518957913585949
8.154421037884807,0.4627415065323554,0.14624196430932884,4.6003418377044136e-05,0.24206953951320784
7.614164583186149,0.46327953893805207,0.1458564924775302,0.0011329473622187305,0.24330796231355137
7.371116696310594,0.46497626046716295,0.14670929868110555,0.0013903390041914623,0.23681712058128276
5.9361143198834325,0.4684707443816929,0.14748787276485828,0.0008365915136391854,0.2409999456820352
6.007424635646701,0.4702345075705941,0.1481083899118385,0.00015334452586998734,0.23610009280025296
5.435623632778527,0.4706758759137018,0.14817047739252528,0.0007413055176789821,0.2551806574628684
5.584212927529873,0.47574736133191403,0.14928613130416427,0.0015264248818970781,0.2491807635096923
5.431741501610409,0.47466177925086533,0.151313849073224,0.0015775513336127056,0.25191214179648375
5.778655978504889,0.4739502386471162,0.14986528357880008,0.0015597967557786567,0.2563261833087883
5.387041618773682,0.4731545609470817,0.14859320001479911,0.0010660019836685904,0.29343776046820663
5.80767854200255,0.4738261747392772,0.14755978178798265,0.00011446962658301634,0.27697635076296123
4.901962518401022,0.4774903934070824,0.14809244686783193,0.0007944126668121285,0.2660077812658685
4.498087138182647,0.4820487346938321,0.14958334480417917,0.0005147797291042038,0.2702095795227977
4.890909469211022,0.4827914550295082,0.14897599955532853,0.00036687259012919114,0.26645222888977455
4.820901393499903,0.4805238690090369,0.14841399019002025,0.0005696293813777234,0.2633326224205561
4.730561021571997,0.47639925528402416,0.1488826816575564,0.0005956916707749957,0.2842429055317762
4.2122808946940395,0.48374713349619025,0.15076643768259043,0.0008159649473260895,0.29207654691621643
4.5258359341025995,0.4854952037232054,0.15105413143702853,0.0002273743374117624,0.27692751034088053
4.137938123872649,0.48929946251933926,0.15252851393401587,0.0008708420120394731,0.29520198576274265
3.6370217745522435,0.4836451471269074,0.1526300654127152,0.0006901136058981518,0.3227552407264108
4.008941076223315,0.48372021061620596,0.15269789523437385,0.00016297023618781618,0.32669604705352157
3.8100450028354342,0.4856591207428601,0.15239835359471704,0.0007220318293888932,0.32827024204291294
4.280539720254337,0.4871320928424629,0.1515333688183077,0.00037390515228359107,0.3127675658179695
4.658444159603917,0.4880629724555191,0.15065378381785072,0.0004542710086619215,0.30488625693011867
4.535354761709793,0.48817172904437045,0.15107931218022377,0.00041886011946373893,0.3016336604393602
4.5995113247462625,0.48758105869567747,0.15073496151433752,0.0004224390771228346,0.29374944005621517
6.014064163720065,0.49457757937209446,0.15141678789378823,0.00010671195969590635,0.2755344700908579
4.996373327362805,0.488878879293156,0.14991326134520144,0.0005471180577218508,0.2692107298386716
4.2646545553738795,0.4944128667216716,0.1541147288901303,0.0009918840068502803,0.2509986307122488
4.543500722046025,0.5012892652523735,0.15687426447165237,0.0006088341688854928,0.23783091103603457
4.810783417939874,0.5066735117474643,0.16159309743683473,0.0013084529297251821,0.2531687615512413
4.621830209204514,0.50782868874522,0.1625790448755815,0.00019365827682531287,0.2538815649386564
5.069033895250563,0.5108672224889883,0.1680502951775377,0.0017057500676803563,0.25411655168637143
2.2142981014231475,0.5050072025886702,0.16865785104261377,0.0009335463014483766,0.2621334243027898
4.223136602491504,0.5087985794879272,0.16902596263082054,0.0016559642026320585,0.2552410228593096
3.5008641994070433,0.5102395432462498,0.1700109280892668,0.0012811156993568671,0.2760712686516339
4.481165767774209,0.5161891245656498,0.17352716303265506,0.001370820707145751,0.2825740758350511
2.5047264088450087,0.5076956672030308,0.16922353708369892,0.0008357016150257251,0.28020438992904273
3.064435917746065,0.5009146651643087,0.16855237903659198,0.001552282355676737,0.26513122206500533
2.756877310947946,0.5025684574374089,0.17032436224971087,0.0015382807028271545,0.24039143729342405
2.3191377413778214,0.5063039601559971,0.17223562860599884,0.00020694311157119067,0.24838046704436822
2.611587022661592,0.5120294828420127,0.17325692580227578,0.0007532187245595115,0.26114749141110527
3.824881813852065,0.5170722674718393,0.17331177610320248,0.0010467982013255392,0.24409061190257716
4.122143292602759,0.5121068094529364,0.169653828932212,0.0014099939453144702,0.256910636277338
4.346457121783631,0.5123711567239835,0.1696583064394986,0.0014240634111212368,0.26821382381541503
4.02040150113916,0.5142648723753716,0.17002210687383576,0.00025383866384911516,0.27501425390964573
6.954246228611471,0.5215493684625425,0.16947314533255592,0.0012864077149985376,0.2608220317451897
5.976708480488496,0.5209983479629333,0.17004357403683684,0.00041774378408466714,0.27286171803072684
5.07684907800118,0.5199665015844815,0.17132582975135902,0.000539709577495568,0.25161282806961927
5.838664876903227,0.5200894506216059,0.17074023396199586,0.00015544755348795639,0.2490258599296339
4.781562581072776,0.5115415134786043,0.16719019319420594,0.0015746222770292623,0.2353016544509963
4.213436894240909,0.5145188879019744,0.1691101892678264,0.0003435865351176402,0.2324197170125811
3.00658260559,0.5120751683863312,0.17064711886813055,0.0008119830159365583,0.2504680293393556
2.3527308336391974,0.5053008051995505,0.16731594792523316,0.0006060168449790366,0.26181231863248594
2.4020636645240767,0.5065322382846077,0.17010609045315958,0.001062512997570973,0.2655679166989305
3.241435352474406,0.5076222870090338,0.17605631199061003,0.0015071900470073481,0.2588768473471407
2.036153985944579,0.5062971013720852,0.17263779304903876,0.000994606046725445,0.24007077175736088
2.398367832775677,0.5075812777444919,0.1718357370523472,0.00026122234258270285,0.24476670102374146
2.8475054699518,0.5101364737798911,0.16923570786974876,0.0008584865065770155,0.23563459576584248
2.651810165895588,0.5140742919061992,0.17575893531880807,0.0007677119900994678,0.22000346515703106
3.6965802133031667,0.5168886320541193,0.17298693763370634,0.0005554141503752003,0.2095674762552603
3.9958400158884326,0.5179257965798411,0.17278255147956062,0.0005872865902040224,0.19563375192794277
5.67276980701896,0.5213615238102163,0.17060891730663677,0.0006824022548666913,0.19021030887198856
3.7549691304540773,0.5175329554997563,0.18405610427665609,0.0016180460398655095,0.17037548963749277
4.739957502314845,0.5142087714622026,0.1854854847550787,0.0020345373450802186,0.16321549843361557
4.731326470402081,0.5096640700047691,0.1860907856422784,0.0014348611350620088,0.1771126845691906
3.278185175894888,0.5124999963875259,0.183637451599037,0.0005227314730820729,0.17162022683264366
2.6857121790790255,0.5154576417577642,0.18055608068685114,0.001107151050354813,0.15214500541396644
2.6421572043952946,0.5139720379901556,0.1767509627685886,0.0013746093400384173,0.16580590310260862
3.315943083765086,0.5173969891994596,0.1774372573239229,0.0014904412963913545,0.17199301533804306
3.6040512483874427,0.5126803210877449,0.18410841479820675,0.0016169028105630988,0.14903262388444138
3.957844435781892,0.5209521899302159,0.18438935839683074,0.0016941367042394846,0.15475522387201548
3.771919426961776,0.5187920925756854,0.18240216279492583,0.0018042044292739972,0.1582800168325174
2.90500910362364,0.5168790462301068,0.18193955870618742,0.0010740345320057556,0.1508197944330717
3.157158213840268,0.5196541872203185,0.18192428572858182,0.0010872488601059128,0.1403303700671474
3.410341398933472,0.5181252415868525,0.18176232979266746,0.00034906166463811604,0.15769986272282788
2.727611937791612,0.5149573200945035,0.1808486035854095,0.0011378455102920826,0.16241443358156601
2.9555046860625946,0.5177896508822994,0.1786637906107116,0.0008738031425099967,0.151714681192819
5.757242288417489,0.5179332933765851,0.1784536407175166,0.0025223317009285986,0.17375992130872756
3.132721183277608,0.5184556089371416,0.181155259787063,0.0010146939916051629,0.18716378981770562
3.572563992151418,0.5180745436703754,0.18480418412471197,0.001218267976791321,0.18554444818532442
3.799739349120782,0.5151100742139265,0.17996443502185264,0.0015883415218554853,0.2278484049638448
4.555624126683923,0.5209241488492844,0.17507710276849953,0.0010755313494575376,0.24373294302539014
3.8769192169436506,0.5220667009186107,0.1817432794425745,0.0009145610341978283,0.2510955595657919
4.184686160334323,0.5212554945259829,0.1791043878383156,0.0012356656962913932,0.2365963301108697
4.308068995144226,0.5171813644495366,0.17591879154841708,0.001543222824100944,0.2386545745712925
3.545079411286795,0.5165007058837998,0.1761466596384665,0.0001888423845911218,0.2484099034175404
3.1039437013167954,0.5105955911675057,0.18258176917478397,0.0005905951335139465,0.2500282331919296
3.253662423849847,0.5154475024078973,0.18216298623976104,0.0002680781843372222,0.26726039517472316
2.7351784234760936,0.5138799402083689,0.17955104768596333,0.00046568022222656555,0.2584636423874362
2.634193256860278,0.5127609824594829,0.1790885802727241,0.0004516870761287868,0.2755775284143725
3.055622579543533,0.5157330882334784,0.17590806369174747,0.0004780607686172388,0.24164689912666207
3.254623628924047,0.5147661898101568,0.17529841907056865,0.00022092007885122713,0.2236769901894524
3.17112984136884,0.5101711901651289,0.18055168911484884,0.0013654451701808686,0.2198900613056258
3.1472818914335416,0.5101994723292098,0.18011378908780057,6.535611039099423e-05,0.21378534951478348
4.462518187838471,0.517512088028149,0.17096966559960708,0.0004453827828006796,0.23412469569319874
4.534071181392969,0.5202418646783655,0.17375280109119598,0.0009597303217778522,0.24368340493343857
3.521005067148684,0.5183780124647179,0.18138312498672682,0.0002498118735682791,0.23887683522840344
3.722920496711445,0.5187586305872046,0.17980552855016327,0.00017656226663060126,0.21442760222028945
5.753059098316543,0.5127601353418672,0.18712011812475485,0.0018751931579273147,0.20165017999351978
4.117461747184406,0.5171911160508392,0.18443244246399104,0.001571056891559417,0.20426825141401608
3.971840110089275,0.5209526941310565,0.1811654572135094,0.0002404501655955257,0.19540198786285665
4.027249057213132,0.5227784057440032,0.18062842229517245,0.0005469730571063598,0.20004540612942512
4.484814122154796,0.5245032260255974,0.18102164334864138,0.0004561861365828026,0.2162607194718735
3.85775869719962,0.5219865729371382,0.1797651620954191,0.0007494502770569038,0.22236449319410667
3.5985027663730187,0.5168175574960298,0.17829234406126146,0.0014493075149446333,0.21862030962354
3.2579261750286372,0.5135249292406046,0.1758888877611364,0.0015131066109702895,0.21236922930522373
2.9861072385841716,0.5149848774779426,0.17721213007584477,0.0012192888343462245,0.2173191618099784
2.630196610928992,0.5141095785702904,0.17698619692794992,0.0006222191285171481,0.22329847720951385
2.250929617509517,0.5073459256553854,0.17536520389266588,0.001174100461913855,0.22206929406769108
2.500918215425651,0.510793724244423,0.17432234129403915,0.0011794259300819726,0.2181749190293997
1.985007912950965,0.5046628807996154,0.1726478149857765,0.0011756638074165427,0.21192107435166346
4.127558045109353,0.494543373662229,0.1707696083101916,0.0019655866564215058,0.22941973853055317
2.9341212352965336,0.4887700649570644,0.1684376415643863,0.0012750619691858393,0.22282667705305648
4.2487356803097995,0.4921024175067186,0.16967936587587673,0.001962993968861656,0.22892817511281174
3.4032193184028596,0.49630573604609135,0.16890454855235762,0.0018380178115765856,0.2315506824769365
2.9531425632972716,0.49984280857559055,0.17042324153263252,0.0016018306250339992,0.24838085064922363
1.881262321604975,0.4971922796870161,0.1682986519526422,0.0011017252733962154,0.24103494147445154
1.7719280292595447,0.49513996078167366,0.16872505645846536,0.0005755423208877603,0.24059273900745418
2.0838595422047437,0.49782806986614275,0.16861861639708717,0.0012451333696665112,0.24220951733355073
1.6870012432818904,0.49674988801304654,0.16782248495656363,0.0005507029461560206,0.24748938545096114
2.2127304758887703,0.49529901423256945,0.16761058186519687,0.001223641085361865,0.26196756073032657
2.5528764045838024,0.4898334744212189,0.16631645136536274,8.41925236008934e-05,0.2691712018310466
2.969554303235107,0.4920072771784751,0.16792667523686622,0.0014161770099956512,0.27132101366291816
1.7054811513175845,0.497700705255164,0.16930767922661819,0.0006520057453505679,0.2744906134398712
2.0132849594589004,0.5039961457506977,0.1710614929925966,0.0009618877358028179,0.2749778656653853
2.2981142426544316,0.5089503316086361,0.17207088493055522,0.0006356967661956375,0.3005708132291142
2.4053033656063456,0.5013530654157241,0.16962634911507984,2.5703117653739474e-05,0.3019641238900395
1.727744716766372,0.500113959414707,0.16941455770161457,0.0005588512196451901,0.2975157809860631
1.777717027658073,0.49928297477597583,0.17035680035043416,0.00045672295794954977,0.3026088569024829
1.8724311163703324,0.49666176356626707,0.16488590304511203,0.0006936614496679186,0.31326641859986226
2.3939891009009306,0.497854333728072,0.16394841053554893,0.0001871580596866626,0.30913553626870266
2.911679206854857,0.4999003746442587,0.16769038667552805,0.001315973959921772,0.3211502258600829
3.9738578467420727,0.5064059167903301,0.1649830909650353,0.0012450829430011826,0.30556433193422833
3.586889731339858,0.5067637350627072,0.16434276088860902,0.0008599200117096313,0.33370158187207566
3.044439029827404,0.5070754027184459,0.16648665340615815,0.0008108958738578031,0.3350243089837506
3.6438499080693854,0.5081757840443769,0.170267676109557,0.001319147818810361,0.32897064666864206
2.0973777489654024,0.5063145246379213,0.17307946287551945,0.0007768181222755953,0.3284592785923714
2.578538710096251,0.505014886068851,0.17843167886502864,0.0005122083611765562,0.33924356695267766
3.6432238157762353,0.5079616060231641,0.18327698542580154,0.00046956965958797124,0.34938719382268413
5.050863914767715,0.5057220709335886,0.18506278781751057,0.0008309952278737329,0.3540404071266363
4.5188582668569,0.5033760135772123,0.1832213338068548,0.00034526013406527625,0.3514441091865173
4.9128036223002916,0.5011892257045756,0.18236000968092003,9.673383297389309e-05,0.3596654571200661
4.954402588826642,0.5020728486806311,0.18002768652484585,0.0013701136388801387,0.34971366519950803
4.248794525793656,0.5001365149839702,0.17549328045705762,0.0014789188794949455,0.34389079982590776
3.4265039702892754,0.4973812358548726,0.1770720477829174,0.000733279713125356,0.3464625473138175
2.461535338469732,0.4973254700674024,0.1715741906648119,0.0010019875202495695,0.3503458145201492
2.7534553792286065,0.49816246933629305,0.17395037787690168,0.00100091490727542,0.3412424242857103
2.165386897660046,0.49774292962443195,0.17259467626944097,0.0007052802267710333,0.3481382847151095
2.1584166071967887,0.4982893778277397,0.1703430735303814,0.0001272744127585936,0.36277548387856906
2.1801718188743484,0.4958639329378999,0.1682049627938141,0.0009708821111284149,0.3481090759357547
2.297807276154273,0.498370485106528,0.1635645789978028,0.0003313076742198455,0.33717864859713087
2.2218621310415925,0.4990480325178221,0.1683946949236133,8.507438596201368e-05,0.34749668045458026
2.2675964657242638,0.4981400859837141,0.16861146002277724,5.3103175670269465e-05,0.34112881943015066
1.8293603762678667,0.5010428776664104,0.17150681603269516,0.00045549612704777584,0.3455839281053629
1.8871293008844217,0.49546550244421944,0.1690127830903594,0.0007008390867431579,0.3364721454232366
6.3254708505253365,0.495140954391432,0.1679451473004089,0.002054090656422165,0.3335453107804895
2.5797123977470227,0.49067264916103626,0.16712230733101557,5.5641346647611594e-05,0.3288846731408316
2.271252653601261,0.4987147315405053,0.1697770606719112,0.0010579262049269715,0.3322131626777425
2.100688708714329,0.4927714332897798,0.16782780774852912,0.0008435685616756349,0.3251482805798163
2.04819851014036,0.49820734680619144,0.16796401914451972,0.0009962705064234854,0.31146222971728843
1.778963800972019,0.49610353149982334,0.16875221066808255,0.0005102059452298734,0.31758932054740374
2.083457447306998,0.4993199805932855,0.16807441532264647,0.0009827195328903475,0.31992976280294005
2.073050787138833,0.4994486647564513,0.1692291446932439,0.0010032112065855175,0.3130990826498656
2.6503999721529587,0.49898330684025244,0.16989644635037246,0.0013237389810935014,0.2936711783335512
1.8578450196089604,0.4971970301885388,0.17029231794765876,0.0007813741549041245,0.29040319733654685
1.9597674043599336,0.5026197449989745,0.16927771015701756,0.0008979266056147646,0.2838139433790596
1.7211263618725485,0.49966641150581864,0.1679820971078892,0.0007589739365507695,0.26071477006365573
1.7182200455926768,0.49561811649307036,0.16620170058284733,0.000645334110360858,0.28081723262973984
1.809501820118376,0.4988906879895467,0.16623545857200495,0.0006096629997557345,0.27674980748468575
1.7550529144183749,0.4945107937134625,0.16726590556315582,0.0005552535169133417,0.2778604223619407
1.9427500336852495,0.49903479660123734,0.16672162668130625,0.00034088117043213067,0.2676447969179637
1.858287615366749,0.498645689344019,0.16596106860905255,0.0004930580790142434,0.26845565669417615
2.0102405610202574,0.49501381808002276,0.16537778680192525,0.00025434314726805113,0.26321296119859666
1.7214350626762593,0.4945557200230354,0.16593222297039745,0.000800771964152933,0.25099101279333047
1.7509435573311947,0.49920682802199107,0.1667835761630013,0.0007069900013501542,0.2529268231044652
1.8478664222840013,0.49403461557027767,0.16629363116997412,0.0009313175813858237,0.26345575422977524
2.1844152482426953,0.49727061281302654,0.16641134246145298,0.0011974304830111259,0.2651418245437176
2.501102117188149,0.498167546188035,0.16270093059186422,0.0002900431749696704,0.25972894000559915
1.8619398658351645,0.49765074748488775,0.1675729738283386,0.0003259990278272839,0.271277369029915
3.7630563026722474,0.5012968710532714,0.16019371585313702,0.0010970744931481035,0.2795446047531442
3.666654933149493,0.5016828885493357,0.16196280757821058,0.0012819817763290177,0.27588914740625375
5.001483803969833,0.5026941031862073,0.165376667056518,0.0018332808536659423,0.2831923750304109
1.7750936437771225,0.5003661063144159,0.16879006871613103,0.00047978572115607663,0.29664465239146953
6.035411927227996,0.4988670312520252,0.17824052207025112,0.0018092012842599566,0.2999169436318015
3.971629589837928,0.4993150037414414,0.17739930666898954,0.001273366832157963,0.3130133237098592
2.3828016762661846,0.5038254187761173,0.17714362196501915,0.0005067692388007164,0.3174624805613077
2.560604549057283,0.50765042070273,0.17056376328393114,0.0002307691765390306,0.3186710211136487
2.5756918350587945,0.5080560300209058,0.17644146143045028,0.0009835057921721761,0.3274709920889189
3.7531158750151903,0.5067025397562743,0.1762754157057425,0.0014450103811395238,0.32630552025030196
3.3911264256049334,0.5080965901729659,0.18003811784900847,0.0011437194932588594,0.32137621266958266
2.826695888721555,0.5093127687237111,0.17552808852310736,3.2585721081325415e-05,0.3115077533121374
2.331319450091053,0.5061260476121073,0.17350177402222963,0.00016434124586133572,0.3052826192235683
2.5651085224068524,0.500329920115571,0.17609369905532446,0.0007725977175455398,0.3053296589897381
2.629054489420979,0.5035830471112585,0.1721267845475688,0.0012581998963345996,0.2967954641050276
1.8369866303990683,0.5004471985213897,0.16729658495118654,0.0006060964126733732,0.2965610754366649
1.9892552594274528,0.5021359941785845,0.1697490352887519,0.0009328451249508842,0.29671147034918727
2.4043064834077486,0.5019554949794153,0.17155299429734153,0.0011725015382964593,0.3005767474635255
4.707312989134718,0.49391311880372657,0.16752675375520903,0.0018525732698917434,0.30321375913414367
2.777355157034486,0.4940688416071071,0.16173851019925814,3.105238836963913e-05,0.2980957467253888
2.317897902101042,0.49453425583176125,0.16500393108875608,7.818794901376983e-05,0.29091169526210614
3.654381972190551,0.4900934896603849,0.17306249605302182,0.000427454441116517,0.2907991321872966
3.837815020867025,0.489076862114982,0.17279621885340896,0.000474466260422468,0.29418452563250225
3.199935705466152,0.4971774808007103,0.1767072039150027,0.0004731589341764859,0.281353106679865
4.336553540735687,0.4933564246537288,0.1735497962058936,0.0015232144072177092,0.2790614611734012
4.740025228857523,0.49430222078542635,0.17761024817822896,0.0010985918210067024,0.27597227974067096
6.2168146081287095,0.5023735268055214,0.18062321052646077,0.001958810623216116,0.26229593777414695
2.0610100178227246,0.5031747138954545,0.17524305203755744,0.0005639503854057018,0.2652720575677899
1.898308779370257,0.5002569515370746,0.17305895718880634,0.0006703032374686046,0.2569293769265378
2.160618478149416,0.4997529336203006,0.17350948496480276,0.00031888173475302017,0.2587859497886632
2.115566930636368,0.5047404938257419,0.17616191302945625,0.0006096555024643948,0.2545997127554252
2.0375961558175835,0.5067847465441319,0.17517451512984544,0.0005508974529333448,0.26236342267329493
2.0375617645184363,0.5036729333837233,0.16979881500622784,0.0009648010756746757,0.2722162599006245
2.549586385246328,0.4974334909543819,0.16089698442198827,0.0006269660236988179,0.2830887813466967
3.0347253325518766,0.4962252463594612,0.1597311707551587,0.0010776188269790556,0.2847401009598326
2.5216839878813144,0.4970300055540067,0.16625907131230688,0.0012995673066527654,0.2827710688759676
2.667600500729704,0.4925412533484736,0.16039821168289725,0.0011725135340446198,0.2748375219216299
5.740799513339992,0.4975252845910983,0.1642954282780014,0.0021823687533237585,0.26401485498291816
3.532054491721912,0.4965590674762639,0.1608114371851712,0.0015525621319295514,0.24591410170920525
3.4322826084255853,0.5032638669874103,0.1617521155762354,0.0010757506272333628,0.23834884933399225
2.9106685837123845,0.49958500883349344,0.16052436787410893,0.0007049300814116473,0.24358127648601238
2.6834675978851146,0.502032310905024,0.1643361596394451,0.0011491899501425713,0.24553154888205025
2.957475240802787,0.49622153906481514,0.1586496742572819,0.0008615997310739145,0.2517670002009667
2.4755848924985644,0.5017093594026194,0.16594419532016969,0.00020654902697502485,0.24315530789431375
2.373017913765739,0.5070482726460496,0.17162459606669644,0.0002506416392030109,0.22989138951164514
1.845498328868374,0.5007583336687579,0.1675805318957398,0.0004896652864726722,0.22193662470447756
2.6272683168050053,0.506079943613279,0.1734854925984095,1.5318998360707315e-05,0.22848708417604302
1.841752349076952,0.5018920174994275,0.16795504874282355,0.0009115101697020099,0.22882971335438343
1.8308265219190756,0.5017128365937528,0.16883759140572252,0.0010047096881408957,0.23031119036371595
2.711709719167036,0.5045931180755936,0.16973446284991556,0.0014663287559783635,0.23467049621278263
3.9701225572414693,0.5058426543924135,0.16755932326147827,0.0017487905829840628,0.23768557040924748
3.642575631223631,0.5099449790740606,0.16582375106374,0.000604782100430192,0.22207465885418254
3.059630766887788,0.5120616675321988,0.17085181504730956,0.00045222978146283055,0.21988546714079882
3.053434782233728,0.5144568391060286,0.17321047550941684,0.0008925873305028367,0.22975211608478102
2.9036528160915682,0.5076443587923695,0.16849331489206504,0.0012611850135400148,0.234122520642527
2.2698125318125304,0.510117307925913,0.1748882208564267,0.0009007942670213511,0.24259417986665585
2.1206054463288595,0.5088345791965736,0.17536058784828243,0.0007211946825492876,0.2531267478764394
2.03622174558668,0.5053574146620458,0.17180781401040196,0.0003763434888188772,0.26018244325305934
1.8431416732519184,0.5017456708858724,0.16833311337863038,0.0005328690185004912,0.2684457141783789
3.305198426707813,0.49949611687473655,0.16655524892523724,0.0016506401114970183,0.25621268902112637
3.0970139717038814,0.4987938084936669,0.168260219883562,0.001688180970334084,0.2429639745949562
2.052770366194774,0.49375342412924267,0.16368466004334692,0.00030442760136010485,0.24202726576820008
1.8421645268860716,0.5012326890306535,0.1686384016249115,0.0010514055571571859,0.22799989942760857
2.5463285346347955,0.4977363483964787,0.1695836029650399,0.0015202468398468516,0.23070395022483395
2.8424992782248344,0.4941139140439792,0.17152635751500192,2.0325828032638623e-05,0.23256282239222403
2.276553768120154,0.4920936901698723,0.1673426413033623,0.00016663783062914334,0.24979861965328787
1.9437845285043354,0.492843497944395,0.16524314213322064,0.00033681103680705535,0.24904817532459947
1.9944450684901194,0.49046093253535405,0.16184148569692622,0.0008539375560959866,0.24925304261759215
1.8067072207880457,0.49210917328507964,0.16564069940747075,0.0007622009857806845,0.2504816752937127
1.8167488016080102,0.4914373901184022,0.16400354940490441,0.0006976401605399733,0.24301218833131702
2.765291731532902,0.4920643540238048,0.16168693710712323,0.0013735572308731594,0.25974574210875645
4.8868242718045805,0.4885437581821002,0.1620020414973916,0.0020602700703183556,0.25307227384350317
3.037042497845113,0.48528321582530404,0.1636995970352117,2.7190539574539416e-05,0.24431846085345046
2.664623228546635,0.48368798831431375,0.1588813684822045,0.00038882524525124816,0.23007746056561537
2.9960195561366394,0.4807666521411742,0.16089057066175766,0.0008432050829352764,0.23504240998448317
3.0673206954674868,0.4863261477513979,0.1582188643338722,6.496701928912724e-05,0.24239152034801775
4.445877473720801,0.4862849115969486,0.15985717645343442,0.0019749053228030624,0.2364160949193302
2.8629504487265156,0.48430255738477596,0.1581186961132342,0.00023723688377300274,0.23054614339013518
2.669760253226678,0.48590816517739854,0.15655792795299828,0.0008883143946688077,0.22999314332395224
2.2361136541884994,0.48729068339950876,0.16046335833651287,0.0009531611723924034,0.24066816653928536
3.0614426589594927,0.4892268699116526,0.15872898954241416,3.656069581945006e-05,0.2501936496745099
4.27211166332724,0.49511053826188967,0.15815475882719346,0.001580111523868423,0.25858365908517145
4.602659974530266,0.49696935084398475,0.16350374240871704,0.0019322528646534818,0.26138761632967344
6.611477520911639,0.5010943977720814,0.15377509186437222,0.0013351585116839716,0.2548435368173876
4.189211639787627,0.5000550592366244,0.1571019361285292,0.0005792221028328687,0.2588622624473811
4.721396330832533,0.5042296311692931,0.15920991109602675,0.00028206722009413887,0.2706245035946722
2.728964177563374,0.49976502936502665,0.1657961499320798,0.0013039959053947326,0.2823435039962928
3.2741938091069245,0.5016962783612765,0.16088382774564983,0.0005524276674130467,0.28124636523226504
3.7007773398074284,0.4963398141171656,0.1577561268672745,0.0001791791323680196,0.2816214501259258
3.91196433139975,0.4970141608056522,0.1561723398203845,0.0006696709377207143,0.2907011952677575
3.1120855613243985,0.4919299825609742,0.1590370450618846,4.6184250620718626e-05,0.2778897374280665
2.25593289785445,0.4913929317697897,0.16037321467764612,0.000880407359919802,0.2779717310243474
4.080822458707518,0.4902060311533729,0.15728442418466773,0.0015663341037859984,0.27035475489420857
2.056108472500235,0.48829758416933117,0.16343024226174732,0.0006526039990517817,0.2700058663511943
2.581994026173084,0.4965057268023764,0.1605517275610084,0.00046066660745354475,0.2760475779469628
2.8267579714516016,0.4926412620633927,0.16134267442200367,0.0012968380836973776,0.28067743441248344
3.089015233894221,0.4859492300400357,0.15507957377488985,0.00045680331064059147,0.2807633464926641
2.845361153478601,0.4824748434006983,0.15892946343175107,0.000928020608921997,0.2866932360718512
3.097295916414866,0.4819926958833614,0.15509492137316488,0.0005573283598755815,0.284759497309926
4.153773683295675,0.4775021300277498,0.15246345725900862,0.0002264515765483734,0.2795968523998335
3.396578371332941,0.47788466397327434,0.15633425681523086,0.0007018841635182084,0.276306468593527
2.9233021337994214,0.4826045985377313,0.1570352961305717,0.0003641099438836111,0.2753474722275069
3.6647850028112456,0.4860820380451514,0.15295773487045142,0.00044599611882281003,0.2725067504788011
3.792105632597536,0.492102228190523,0.1548006868642214,0.0003298707129784814,0.2738544982475747
3.3640133289666387,0.49795284943949075,0.15819788682810482,0.00072363311269573,0.2684674214959214
2.040657417606106,0.49204764576011134,0.16274778030861664,0.0003680961804145472,0.27398390084443325
1.7992033214118897,0.4992208057553307,0.1700848708469842,0.0008928884289628639,0.26756838166069424
1.7883125970965101,0.5007457267480565,0.17194471023275293,0.0005804799740341912,0.27182498109006115
2.23289556235072,0.5049226197693482,0.1730663507537168,0.0011022957286084215,0.2713655908459928
1.9894349756485905,0.49763462997141833,0.17076902004565025,0.000966667131794608,0.2718316723943924
2.309478358945953,0.5033126547081693,0.17162187510754764,9.797628277616506e-05,0.2735122838237871
2.2249748770854243,0.5023045489849798,0.17264722217201342,0.00106091404980755,0.2966657372148989
1.86428629926242,0.5031864867775598,0.16941904380569509,0.0006058433350522295,0.28153067044211516
2.240121418836875,0.5049270017991287,0.1723893490851259,0.0010684744733300742,0.2853175829461047
2.2849121166671784,0.5036368698315212,0.17628209433700898,0.00038601971333674095,0.2968663053156916
3.1877074785742425,0.5036330258295253,0.17429579483444688,0.0014306328479188773,0.29354879547437884
3.0260268366565883,0.5022582417202663,0.17605463904113897,0.001266041270757985,0.2872522465953173
4.192998482411151,0.5027315372131066,0.1821154277226205,0.00029186207911753885,0.279052873003523
4.476375799017693,0.49887110351695263,0.18079419964102367,0.0004534610377475106,0.2760001450702258
3.145557972537533,0.4999662011308387,0.17779504292685624,0.0008700631196236476,0.28375440084497494
2.571594615425188,0.5030166298926952,0.17696434824631196,0.000929752101425932,0.28463986558071075
2.4819850170492397,0.5068754942885406,0.1776990329176281,0.0009364028834110721,0.28120979856341743
2.7485910014612838,0.5097405148583639,0.17508907565602647,9.31137973305432e-05,0.280996241405734
2.3891962178941135,0.5091438655440281,0.1748242369989376,0.0002813052588670513,0.2822923449123139
2.159186761041961,0.5084800781245035,0.1744287947774371,0.0007963298622321286,0.27972063012051807
2.4445783013581797,0.5095160154935602,0.17515175661919172,0.0009781664285432382,0.28842264202073475
2.826997777718797,0.5059136737119987,0.1742386704340345,0.0013122277823550336,0.2858431005917116
2.018737410435239,0.5032440554182801,0.17331569925061285,0.0003225239225688901,0.2867690961069999
2.289831665276467,0.5062040085611496,0.17323929028810228,0.001034171206215987,0.2914194204453576
3.8289136431252055,0.5065126629935011,0.1735088889327168,0.0015911687990611111,0.2981920999956998
3.4928385733169467,0.5057852736040884,0.1735282386371276,0.0014818497016850043,0.3065952500875641
2.266316594791157,0.5090942241372219,0.17409573942026219,0.0007496524413749808,0.3171403542658503
2.0708679299297654,0.5019571509080003,0.17085342149656124,0.00020121149270561738,0.31662668928960663
1.7628362554437138,0.49843634035088946,0.17021563120998237,0.0005714743137205215,0.31221385093844195
2.234642602141069,0.49332734267236894,0.1679550665011176,0.000990000092147962,0.3168615673468455
3.317588387178876,0.48937422319061585,0.16823160887838787,0.0012324938013260854,0.3212161245782433
3.1998678443612523,0.49577116025530926,0.1688813710796235,0.0014365282040022034,0.3136226250664165
2.4707964158129525,0.4951900584750154,0.16928325077281392,0.0011509864618481141,0.3092034870954992
1.8458477294994817,0.4957612658264413,0.16899663412649887,0.0004210786088236025,0.31101782821716173
2.5077808121382015,0.49204479336407314,0.17049555388978566,0.000780970092873347,0.30088467484138864
2.302439672484152,0.492269887529308,0.169898277751203,0.0007147513996918618,0.2975886825431587
2.101120778373839,0.49330950358141934,0.16879383972552864,0.0003152957843671863,0.29584281235172816
2.1378962061204727,0.49424649107728785,0.17012627436588293,0.0007911429616715433,0.3072294761801791
1.935496774257304,0.49288769352970024,0.16802932229049736,0.0005641460650331125,0.3059324143910872
2.4543123990314246,0.5003122258532207,0.16885027381992357,0.001188014964002807,0.31035697034670573
2.8148415354976155,0.5047840246960356,0.16867675246936953,2.1295168983927713e-05,0.3125902712167997
2.5317437293434515,0.5031632840157648,0.16634514546555618,0.0002378587971278717,0.3068573011923062
2.4120245916296166,0.5048801915440573,0.16759838102945332,0.0008502110575393358,0.307433566209462
3.620586578987344,0.5101113188240038,0.16832087619974814,0.0010690786985140897,0.31584627764382106
3.629465837350532,0.5108233535632062,0.16864024178028872,0.00016673967351184921,0.3171536861542763
3.6195146808828156,0.5130921557149829,0.16988389887433483,0.00033951727309681676,0.31827091166904864
3.2052675532474435,0.5112957792224327,0.169169147919912,0.0006464773129147014,0.3142738125998352
4.060679350734217,0.5137402705930807,0.17046021996881075,0.0001011186127566374,0.31133444178347086
3.9630626737012746,0.515503039663404,0.171051173045947,0.00034920728157085174,0.31342076956305887
3.5872762167945034,0.5125491114583889,0.16897756998317834,0.0007304879228412419,0.3137949028742267
4.011315254382928,0.5136592090173895,0.16838698969475938,0.0005438610353060845,0.3128419682112105
3.943351570918741,0.5121785063645042,0.16739800288425355,0.0004268746071850157,0.31578686525901967
4.018472418202955,0.5124930016590254,0.16744257315859426,0.00042590088960239977,0.3144452892679855
6.872277407711351,0.5123971582457482,0.16979239873216564,0.001866892837820957,0.3142094239365453
4.020654221947443,0.5133983224797973,0.16862912442940511,0.0008793303564392785,0.307171879903518
4.722783278233329,0.5114881934830718,0.16583428345258205,0.001132366700678886,0.301292702453291
6.070526505444448,0.5119708674181241,0.1655727212046753,0.0015173900981400306,0.2953306951908011
4.746124441857034,0.5106740214713953,0.16575914047024437,1.8891735553078128e-05,0.2986447088732324
3.4301499747473385,0.5065315275959701,0.1642042285137875,0.0004217307034986191,0.29522871839116843
2.5228626707635726,0.5003032210427403,0.16283706348231813,0.0005780710875197166,0.2935625172179392
3.947975413425433,0.5049704923220243,0.16500356864804266,0.0013736070759001453,0.29559357497271677
2.962422599122564,0.5012467496923809,0.16325988991576998,0.0010744506175388011,0.29422850335804707
2.977188275424033,0.4982171971761648,0.16200589871186963,0.00010006187696105242,0.3040030706925573
3.169206709357641,0.497034371565817,0.16184843472775381,0.0012843696448921905,0.2961684468579919
2.6195165110652776,0.492212156570085,0.16207046175558584,4.369022020500276e-05,0.2954554184561811
2.153203043295639,0.48836328633403114,0.16099525178202062,0.0005131570931995351,0.2961608903378399
2.216351747156614,0.48963226734386545,0.161905526474137,0.0002959553763077904,0.2954639496585125
2.3367149118355846,0.48779925038640803,0.160484145358295,0.00033949581866738805,0.29365393114462335
2.7547112232136115,0.48994628627378667,0.15980949555569307,0.00010392897919951966,0.29145537785188536
2.8191232582977284,0.4871856063154892,0.16099108957341685,0.001241871727116004,0.2829935985996707
2.494642513122836,0.48528996359606114,0.1614162345974353,0.0009258244200958319,0.28324808134953966
5.317906989512233,0.4853494858986297,0.16149920917624752,0.0019693190574374747,0.2817154171993702
2.6442219474679156,0.48592223516521,0.16221172270891226,0.0011026947015494786,0.27770615196614734
2.416162019702933,0.48712075502730195,0.16098021615104882,0.0010637290350071133,0.2633653984097899
2.522027423685472,0.4851399044899583,0.16012124199418626,0.0003404342965317418,0.2601379752061544
2.683058139376941,0.4872390572713671,0.16084178818951492,0.0001041127164201185,0.25611642937800255
3.089565305337744,0.48197313656130025,0.16050031938895024,0.00018863477476314624,0.25010017478180485
2.4523194251579175,0.4856649011083934,0.16096423611905927,0.0010193454019573494,0.2556520527176887
3.3881435310293804,0.4795118629025342,0.16048204509975636,0.0009993287508308622,0.2571861092084107
2.854888700585145,0.48115211851460443,0.15992411657472333,0.0007053242765294515,0.25404008153762836
4.0780124600589405,0.4850548836196663,0.16142321950111307,0.0017429993238132699,0.25741642549233396
2.7697970641408096,0.4840408098735793,0.1609074408685915,0.0011135096595758505,0.2601752087934001
2.887684210618866,0.4811963060111529,0.159916196479923,0.0007937238647878298,0.26482816464781406
3.2890365346623,0.48100084708353225,0.16039379042150334,0.00015746684761900492,0.258516618767802
3.6394440783153135,0.4796804695612309,0.16022352702120282,0.001229076151039566,0.25867440883844
3.8085200942364037,0.47642089056767994,0.1589976028461751,0.0005360261454677507,0.2629068663573049
4.060374918538361,0.47616182174750166,0.15940978969452982,0.0009308137522645912,0.27095323588385123
4.014821854079156,0.47624950160798973,0.15918438143019756,0.000934304848824251,0.2729216234951144
3.1177239028889234,0.4796897304575709,0.15932552761554172,0.0005497998803050756,0.27362337043035767
3.781810600697666,0.477694690713062,0.1594282405223835,0.0010270688890860191,0.2733245733669041
3.365039999404906,0.47893570644390077,0.15906527482446625,0.0009283506955361548,0.2708897157579077
3.270751649293169,0.4786623145804934,0.15874024554415841,0.0006790804805462393,0.26836543704978827
2.9554568772329075,0.48519545581131657,0.15757501132917248,0.00018765122206859024,0.263921133927323
2.772306206809832,0.48639664176020314,0.15762054540697498,0.0002899512118594715,0.2694224024240183
3.306511543796624,0.48774184773645574,0.1575804484488845,8.819944933294993e-06,0.26754174544422016
3.6048541241685017,0.48489462675909656,0.1563452909451367,0.001408135728280033,0.26297816906142746
2.8703760010336783,0.4874708821609673,0.155977970154249,0.0008167239295154247,0.26783004407770866
4.677183724696921,0.48318751969721857,0.1543220558822605,0.001650928346913971,0.26295020334246705
4.466946642160508,0.4865157423216579,0.15568828992051295,0.0016765661980408927,0.2601711721603931
2.6452149693075917,0.4919521937056948,0.15817891628062702,0.0008888874331771895,0.25965704961489405
2.855312371608894,0.4994775234677566,0.16134750701131562,0.00039842343769183283,0.26522051109375305
3.1631810284858966,0.5011924952164456,0.16078350253864773,0.0006278673927087499,0.26111157028163107
3.442609352142972,0.5039356644510709,0.161721393146227,0.0006479072989345458,0.2577520786423803
3.742965856839471,0.5068787957162264,0.16306377305302094,0.0008247018665721623,0.2577505677878443
3.7542229869894705,0.5049926450636437,0.1631337196781277,0.0012435949338036915,0.2536725173608549
3.9155583922936974,0.5075161495255007,0.1630901251764025,0.000549679525231591,0.2628635105777984
3.4377881569222533,0.5029301430645157,0.16133611282972443,0.0009094995030334192,0.2638875472854847
3.588858748475404,0.5060930003761237,0.16286406748197704,0.0006942759126786502,0.2614127928268174
3.818138129845895,0.5072911989858835,0.16339908522828955,0.0009265422347577621,0.2606432910425337
3.6954738499522746,0.5067430013690675,0.16386698152257415,0.001048974981967208,0.26483901999008413
4.243982212043132,0.5098056161734724,0.16515262598111988,0.0011298328790058203,0.2697944355514599
4.994916316235623,0.5154779908797921,0.16698261105343054,0.0008075714409563894,0.27475909944536664
4.7219071802687695,0.5157684710894598,0.1679264695856879,0.0006877584428940531,0.2682840724381667
3.8510580531556915,0.5119922124783284,0.16779884724567692,0.0003555165726221936,0.272631535007896
3.945969115352586,0.512947034025453,0.16769782027398164,0.0007015235331736731,0.2714750857745535
3.162511006848553,0.509080319292493,0.16705834087531657,0.0008024255770003506,0.2693719818718975
3.2907631044671533,0.5065129163443305,0.16661148644900664,0.0012357223461033282,0.26955500819687955
3.322037414960256,0.5084388862824651,0.166254632092886,0.00040794293709820427,0.2682500591039258
3.468619186269164,0.5018206007995865,0.16473999133575973,0.001465096553145866,0.27160960843230975
2.3200390364026298,0.4961783350404471,0.16285188748717444,0.001079668032899576,0.26854432592103056
2.241772162004515,0.4973141723654454,0.1622134238150355,0.0007101352054273407,0.2708995026764044
2.9719973566893647,0.5018499200742453,0.16313494710646273,0.00026246415979910246,0.2682026137814619
2.2987169453188145,0.4978320563761166,0.16257409324964012,0.0008774984010767114,0.26928463363287664
2.762879894554653,0.49742917064662895,0.16153866384931836,0.00021978057462776859,0.26807477789025513
3.0783603668651445,0.49661962175991525,0.16036649375007597,0.0001407865800813187,0.27459501393201513
2.3863678276675118,0.49481020548573607,0.1603372661009957,0.0005775369430022484,0.27425876743698774
2.1772204603209677,0.4891762951890971,0.159939397986356,0.0007010544051463657,0.2623387022101866
2.214554067820197,0.48942706946828496,0.1600246913369472,0.0008750201137723657,0.25729375364855844
2.1289852250757955,0.49075717685353454,0.16030984980283994,0.0006777984406416251,0.25421943491665405
2.265233128624743,0.48639893342776114,0.15989497128166255,0.0006604918787610585,0.2586046482915785
2.491137101321848,0.48730430360211247,0.15847239816379044,0.0009738595011418199,0.253944013097991
2.864151986665644,0.4821723542272687,0.1578846607754718,0.0009954654014154856,0.25196471115903357
2.782448682028905,0.48259196738341986,0.1575085503287967,0.00048135917345128003,0.25372742285572836
3.1283876479421453,0.480689997898024,0.1570813554456024,0.00033807341602797275,0.2533165419985778
3.763754001398799,0.47902483917826555,0.1556983658003689,0.0012404247503495472,0.26545176709052565
3.3736027634748527,0.4827714426986278,0.15651284705683005,0.0012583725910482236,0.2664189891792918
3.1140834200910685,0.4879616065965195,0.15935231873856104,0.0013900569277522723,0.2656289575895091
2.3547212346195807,0.49058095002336405,0.1595174204254776,0.00043801487517170835,0.26484300160215374
2.3478278916629898,0.4917342840977058,0.16160226707029646,0.00021692178101354067,0.26753920231981565
1.9417682967312948,0.4954461382283258,0.1636143293056475,0.0008425969637717216,0.27056365767916907
1.9571550912095894,0.4977727863684752,0.16523749040164248,0.0009381640259635089,0.26851231490547356
2.512323451284411,0.5016261903555385,0.16575723366361636,0.00019225507107429435,0.26414594848731715
2.0570467419554577,0.5000165501015723,0.16601932453850768,0.0009796427474110052,0.2643119122005835
1.8592648199729194,0.4967667038564917,0.1648698134947544,0.0008043898437644142,0.27451657300442733
2.0120386249701143,0.48939654031708046,0.1649196740742564,0.0006034310960415998,0.2705969348345773
2.3823808241274285,0.49206139754782463,0.16504994568501702,6.250018602243915e-05,0.2668232025999294
2.1824701526979395,0.4875676369240489,0.16360224994379285,0.00046884053519898245,0.2574947898818817
2.209530672916216,0.49097648249803477,0.1635680630590116,0.0011436629183657916,0.25807867190921047
1.8084819821526796,0.492863621652213,0.16596908297129548,0.0008258863012326926,0.25768478637818437
1.952187893297378,0.4923620263606647,0.16609555232746095,0.0003570974180906189,0.25683548563351777
1.9632125736115555,0.4905884204808235,0.16579166385526642,0.0005205932264036533,0.26028751804312383
2.3465234025654045,0.4924630961438793,0.16560454795060342,7.106567891664018e-05,0.26437637090209576
2.034516797630405,0.4935116721694287,0.16334813290616657,0.0009715428661536719,0.2739031591731248
1.9282937678539258,0.49135688859234844,0.16247208432767649,0.0006083912483026809,0.27170447593920977
2.0541029810509133,0.4916906030513745,0.16430833744209314,0.0010176661109597995,0.27001191316282036
2.813678640288473,0.4833756838190725,0.1614497549253617,0.0010301545980936477,0.26760265550497925
2.7849066908128006,0.4818465776733807,0.16044487958371575,0.0005727675515743639,0.26949376455256085
2.4213921683991773,0.48448360911032906,0.16120123023127544,0.0006031773344648885,0.26650327460907924
2.799327937311391,0.4849679697174512,0.16308816596207476,0.00016797166308113963,0.2639181533701591
3.0028310460534557,0.4923621482601134,0.16657423920071857,0.001492245492804772,0.27003056056069497
1.9367035504287642,0.4949906540847541,0.16854933150575266,0.0003285235790909467,0.2674379784461581
2.8555393158791014,0.49431417412535866,0.16878861388044517,0.0014088773713482852,0.2754907168948484
2.0797016473695553,0.4974320567570892,0.17080260416005275,0.001001528540389653,0.2806904200475587
1.8134362854212678,0.5013856111912215,0.17217197747733887,0.0007075782876563657,0.2834624513193767
2.0801319974321792,0.5080871603090157,0.17474489435561805,0.0006258509187273304,0.2748739796143121
2.034711278540971,0.5071503695135605,0.17405905975098013,0.0005295786519975264,0.2823059700802813
3.1520527971889196,0.5096443501553195,0.1740295508778892,0.0013531574100688628,0.2787837502433294
2.6347489089190783,0.5093122666790756,0.17427191376923926,0.0001424599034200607,0.2775328457148674
2.193592261417379,0.5059535163399344,0.17340519773151586,0.0010129487417349326,0.2792073712818833
2.5641310555897485,0.5111296007111759,0.17381615257124722,0.0003755992620119663,0.2769572102118534
2.515089719109084,0.5090100035209255,0.17505323859306007,0.0010785160356746302,0.2805898484601718
2.7836242281638945,0.5098902079584832,0.17614928603486832,8.029863772333239e-05,0.2799576533057934
2.612005861981354,0.5120602783172773,0.17788002506802345,0.0003407997372896461,0.27938119999053906
2.5023617895941213,0.5107720088417194,0.17839287549188032,0.0008418132089328362,0.2792707975459415
2.144862926749655,0.5077548664177703,0.1758073782201003,0.0007350733372967495,0.28908458094529843
2.991034810155289,0.5089536879538151,0.17853753463994093,2.765156565072771e-05,0.29199460896793245
3.07272229153214,0.5099613680051094,0.18032225412519987,0.00012003322713858238,0.286543144223449
2.1656108455704377,0.5086854776287192,0.17506548249266218,0.0007179328406242773,0.293129752633446
2.930027880504314,0.5046184063004368,0.17767466465906903,0.0011406365558623967,0.290610905129718
2.5838293907320677,0.5028458172174896,0.1743844330968196,0.0011816430731773754,0.29313502443835354
1.9518251926443628,0.502428919413355,0.17371033930940302,0.0007447269286904585,0.29245995222339627
2.5878999644533387,0.5032848748746764,0.17015957852352748,0.0012541977093350845,0.2908713260627935
2.7898511220783733,0.5023416152507597,0.16521724981418473,0.00014330135466435277,0.28984368883778544
1.9425533473334013,0.5006133433838595,0.16780026150619537,0.0008796091768335577,0.2964390560139278
2.2134663423733807,0.4977962200858745,0.17119010457446593,0.0010369858033194956,0.29675199108482236
1.8359978383063047,0.4991954952381494,0.1715937505997788,0.0006828887099266922,0.29431170823837044
1.9751723051921692,0.4980122746896154,0.17057569467005976,0.0009175394917076168,0.29616892420656077
2.140586043025457,0.5013970113433426,0.17484062703195488,0.00046858898818705273,0.2858905971724416
2.2204925783926095,0.5012247250861357,0.17348721786172433,0.00019724249220675857,0.28292157325909395
2.76379088762252,0.4984212391100101,0.17106902935169124,0.00136270726581044,0.284158675334008
3.7020993167525926,0.49822266340788257,0.16790937735061268,0.0016977383751574865,0.28305898709011346
1.7076142273363253,0.49721753758466275,0.16774428013845713,0.0007512944605584252,0.27674038053828287
1.7437852380038577,0.49628202329775833,0.16739350713128368,0.0004655947933831113,0.27541463469378136
2.438193427408792,0.4974921377813997,0.16922462689063478,0.0013084794176872105,0.27118614097816535
1.7973999235662423,0.49617142691783717,0.16949538052133337,0.0007220429341072277,0.27502699083444254
1.9378810979232834,0.49414688134822327,0.16510802523267304,0.00031957544795432967,0.27277721562336604
5.448482138544017,0.4918231294590423,0.16466359563893745,0.0021313607789385,0.27265635995090776
3.81180310221917,0.4893183556378329,0.16335501357599777,0.0017064109985641949,0.27231202857082115
2.186035157127427,0.487581462751435,0.162724716826067,0.0004312379644117435,0.27417452334703085
2.6288892907865806,0.4867028232745279,0.16158480487244442,0.00013216325431058846,0.27744032341245667
2.6364083351754553,0.4873107507932428,0.16138485373332237,0.00010837781435365617,0.27848129991329984
2.9473464497880304,0.4924355528906255,0.168292444179666,0.0013721431752139262,0.2819638888247634
2.657958402149352,0.49079531082250516,0.16785514299312768,0.001164801830965933,0.2841391398465813
2.6531627256746493,0.4865354531968007,0.1657076172013076,0.0008988275953236184,0.28501663525620685
2.5954714318967196,0.4888527632597903,0.1637714560586296,4.864928169021087e-05,0.2910603773874574
2.3744378849066123,0.486479736158718,0.1601153792689284,0.000830521025920204,0.29771405059564554
3.2756509798624585,0.48391901687113836,0.15761622522807553,4.1095845056612033e-05,0.29250432816302696
3.2706842967803857,0.48575404181732346,0.15684767961151844,7.521255364465288e-05,0.2875112996593169
3.3897250749552015,0.4846425971988943,0.15393772641875386,0.0008908803635272752,0.2903095366688571
3.2125086755750667,0.48716277802251373,0.15591323820546285,0.001071770315032182,0.2873591378557168
3.735051180687603,0.4849985777080222,0.15424144934008463,0.0011790602968992732,0.2881830465396317
3.547477066138799,0.4880917460207492,0.15362437978131893,0.0006968663930942934,0.29558141048539766
5.010472495610707,0.4902080411482037,0.1511571385154883,0.00025040139454432866,0.29622665817880217
4.238344266585918,0.4874886403989959,0.15181006383591028,0.0009042683676446721,0.2994086364806037
3.97966513511272,0.48986426341362477,0.15407876260009618,0.00018713859161423264,0.30142001318768824
4.035277728973018,0.48843260845568726,0.15619208671124174,0.0013799384215047606,0.30530195021766987
2.5433039340304733,0.49056360835619534,0.15929385856206724,0.0009360992119861256,0.30450038649518196
3.2710101397261178,0.4948005917580736,0.15713608540932483,0.0004899809181816359,0.30222908416718897
3.312539636133115,0.49586462328208314,0.15915330434903843,0.001127546497272665,0.2986540760277365
2.8485581679266483,0.4943143436916628,0.1583993232302431,0.000488002423701739,0.29677198094482915
4.265079917422364,0.493019013993657,0.15467705836211362,0.0011222827672950821,0.2967388487128225
3.4987354023228012,0.49632408021344365,0.15721238002923987,0.00046970482245895537,0.29784302570728155
2.3131607499036253,0.4930877143790054,0.1603276531885848,0.0007817812849100203,0.29328584649292727
2.217324909632632,0.4952049435686122,0.1617995377014568,0.0004517191518903015,0.2927450573018538
1.979736248090233,0.4933482462382234,0.16245103130999564,0.0005509260785937043,0.296000751495998
3.502070623806497,0.49100804164914924,0.16013890468946712,0.001457223047559227,0.2939357323296434
2.051771741985147,0.490056063072219,0.16381162601476112,0.0003683701049316515,0.29678777572811316
3.8271045737608547,0.48962571027846297,0.1647796143921171,0.0016221866244017392,0.2952995318598318
2.2471326258913407,0.4937169837847233,0.16696012424220846,0.0001013792047564559,0.29385119868526627
2.644097986325685,0.48684071406973667,0.16230335244179714,0.00010914823032622548,0.29626424646837046
2.7834688936946246,0.48179864713531023,0.15904645283042565,0.0006681987440133703,0.29320525025561406
2.949919901994414,0.48447113520800383,0.16198290200216217,8.149519262009273e-05,0.295558591123139
3.125491376856382,0.4845825474290712,0.16259293476044973,9.065333513889678e-07,0.29168190257041593
2.78301013850738,0.4829733031351256,0.16267873400132218,0.0005682769599121881,0.30082007626525686
3.2652962368216483,0.4840228226233494,0.16507753586927448,0.00012676214792640332,0.29995976802728935
3.6543539259306135,0.4831859276990769,0.16657401012790582,0.0008843715282967393,0.30022936285844193
4.163287215414782,0.4857050531033186,0.16274684330064318,0.0016148775381374502,0.2988108535644362
2.8838763338579545,0.4922140929558885,0.16800677928873842,0.0012959700881481425,0.2995240908708529
2.2294417787058265,0.49112315517434296,0.16523335537077313,0.00017391939595580615,0.29875770955442954
2.1922930468287545,0.49332872558192686,0.16414311269262402,0.0010448837855109316,0.30073615735784104
1.798687334306345,0.4943468681014916,0.1653160504745891,0.0004842482493594225,0.3004195354799531
4.189512976587737,0.4981508376809153,0.16492687956651347,0.0017081718711890416,0.2965205278914255
2.476410872242928,0.4995553785313893,0.1663832342878659,0.001181494536724744,0.29743789285992556
1.8574963496637629,0.49926258264230455,0.16632275696327628,0.0006868862116197049,0.2988881486802277
2.3459208966752283,0.502180488525437,0.1662208943867916,0.0009405374906754829,0.3000066979208603
2.1351421176763417,0.5044033017854082,0.16846726593729247,0.0007602936328942426,0.29822624296847877
2.1451929882064893,0.5032335534696525,0.16839631604268845,0.0009018492359981374,0.3016783267421987
2.005944439165707,0.4997356310711975,0.1670008767511224,0.0009065312788596076,0.30557783955679174
1.8512480235415825,0.4974255961552834,0.1654884144729612,0.0007348048727385017,0.30059502911634
2.5024562898281864,0.4982171120676081,0.16413481631955906,0.0001322266747347063,0.29946786678495824
2.488189635156825,0.4954951547747531,0.1608647983029316,0.00036983469970059156,0.30229443570260817
1.9510787716314544,0.49672969559188984,0.1656387672419515,0.0008878424095551496,0.3071653767378296
3.8758306714858173,0.4985640959511478,0.16281223518728516,0.0015025428211644736,0.3015655552821878
3.753764608627397,0.5007560102231257,0.1616153988179822,0.0012642117660811533,0.300305175140384
5.388410832307134,0.49717254511067005,0.15809421593755704,0.0015951836756446878,0.30889824052687576
4.125453765717474,0.49464588446145724,0.15600711718507648,0.0011299270070548755,0.3048180235943941
4.399585872007145,0.4954591025589818,0.15529231599056267,0.0001792152322339141,0.30299934676996815
3.956964345250369,0.49496786798192494,0.15580173579513448,0.0009642381683941483,0.30714913740064986
4.158950069830689,0.49673410832890336,0.15679924932795716,0.0011107928431884648,0.3016469265412784
4.404668332815849,0.49889433851959064,0.15623952591136928,0.0004064503297517623,0.3060278477943756
3.333268347435568,0.4976873948787826,0.15889584298047732,0.00032688983388032375,0.3044249116146641
4.618292146968065,0.495700060243228,0.16337980614550018,0.0017790159464163104,0.303021861071114
3.5331593762580003,0.49819517051355056,0.16019918410130843,5.677906473818841e-05,0.30043798482099227
2.4033194611663258,0.49748932101651705,0.16213976812303915,0.0004065980366624497,0.29262595737633396
2.654938912775119,0.4974572772375688,0.16197592736899688,0.001032695847267034,0.2944427965653828
2.1883983360402475,0.49323736884086034,0.16767585153567707,0.0010511485900608168,0.286610260163242
2.5187707617108934,0.49325448137462224,0.16646206058368435,0.001263267057041203,0.28727189072656734
1.7620419241907752,0.4963634932026844,0.16656216931979262,0.0008026716852157065,0.28235223760147926
2.071099832540853,0.493440743072491,0.16913084703696235,0.0003790194992207492,0.2867486058793131
2.5664257930946035,0.49016118126066294,0.16898078586310122,0.0008851697830752805,0.28337442857431855
2.722740359669861,0.491067121184143,0.16819973485493703,0.0011954898556690878,0.28260512018814166
2.155112685762759,0.49296255648591514,0.1684757820746351,0.0009528516747285844,0.28382088264231187
2.0521647895508184,0.4925565021262007,0.16799765424639593,0.000362296566493934,0.2775258903495424
1.855757581961727,0.4943979555244871,0.16565896184637796,0.0008951578428617953,0.27897979925645705
1.8500208244515182,0.4918045554204038,0.16569243300357978,0.0006442865452864258,0.280408946389417
3.5949861712299054,0.49258496254601175,0.16279386850780111,0.0016532444488442126,0.27302176113720944
2.588903866787256,0.49003277921091215,0.16479075161073364,0.0012729989530929782,0.27113933800396156
1.7734821962151721,0.493611379277513,0.16624069293976382,0.0007363846657315452,0.27507007627597857
2.047523466155985,0.4893988250348272,0.1647662520940414,0.0007768712164974268,0.2792121292830747
2.0848501283389504,0.4907367143419769,0.1609123302867595,0.0006235626390779562,0.28045601953035953
2.5163850103731704,0.491755054487101,0.1631112110054663,0.0012077429081502236,0.2906037708417157
1.8697237036016339,0.49124748967602344,0.1642546945642839,0.000593898436261914,0.2846289998889706
3.016056663057353,0.48610310845109783,0.16715025054794005,0.00028450019067459073,0.28548537669440477
2.4050105259889447,0.48716802905507145,0.16568104646604478,0.0006895779595595743,0.2842850369886004
2.120529990555582,0.49177646117149054,0.16090345216808682,0.0006360871958348754,0.294470447251391
1.950143346153689,0.49032318893181265,0.16301654945350355,0.0005837825022983093,0.2968013913679921
1.8385471065578438,0.4942536437927842,0.1639936275657286,0.0006168793140099983,0.29211539932750524
1.7847546507724954,0.4950001961122806,0.1651114492660013,0.000702973238401214,0.29125605933172727
2.1647812474085626,0.4906549292365448,0.1660061137838577,0.0009447733018343841,0.2892918418491541
2.320546592565217,0.49397922563881874,0.16554440933987274,0.0011543368821675232,0.297791180041305
2.1381409575871264,0.4908676968703705,0.16671300159914684,0.0008550740516605434,0.29953299887031903
1.862423441874609,0.4946773900792671,0.1687585590696937,0.0004826706495297921,0.2941175075503033
1.9045031011191516,0.4975153784653631,0.16725301914579402,0.0009405388232400806,0.29210930701937665
1.8586572166355735,0.49518379073498686,0.16777621166615608,0.0008682205893251222,0.2889947476608804
2.182439319229991,0.4961023659224786,0.16737848657244592,0.00010426540260522908,0.2932536002388818
1.9562496235048354,0.49616501237936306,0.16695009600349026,0.0002491175036798006,0.29575830337815845
2.865735603694882,0.49429038286365873,0.16685019288511793,0.0013801839944579952,0.2984224003148893
1.9860878658293515,0.49571352838641486,0.1650036170362838,0.0009346515667888991,0.29588236215588265
1.83426732032163,0.49669181842975246,0.166211863206969,0.0003920339734772984,0.2970477967566624
1.8540758787440406,0.49191460907584383,0.16428686284074484,0.0006229243764160442,0.2997503918356945
1.9084593152716118,0.4914821074184871,0.16357457974352224,0.0007175045106244821,0.2974027828911088
2.1927387569366155,0.4941019924984389,0.16372680975375345,0.0010318890151013098,0.29796296331708966
4.285492585202444,0.49638045160562283,0.16268418110637556,0.001691229263979813,0.29496810049858274
2.0222656625179605,0.49662724640000244,0.16374812203207692,0.0007965440623053665,0.29541267502460394
2.1226657827869815,0.4939555108111459,0.16337287964135305,0.0009948731026793484,0.2878733601115406
2.0385025414491804,0.4890016940034986,0.16204839697379625,0.0006887238142433076,0.28341382739665216
2.843894625533353,0.48779781355992635,0.16104974085222667,2.652912085213035e-06,0.2840042422734615
2.8851471897924124,0.49209377728761183,0.1594142843064991,0.0012089684431765308,0.2745890409889915
3.022576225011899,0.48949401328140085,0.16132767596881495,0.0014316782992667958,0.2685457030438048
2.657204799486487,0.4840297142588695,0.15925417751989884,0.0009723268600171416,0.27015536939130486
2.9353675833822512,0.481931924910277,0.15755763088438268,0.0009614646851811646,0.2685564209172426
3.5055723896178903,0.48066134416297135,0.15751214120484455,6.722007775896365e-05,0.27637779891202446
3.2589455222714068,0.4811078144633375,0.15697743584812127,0.00020542784433769007,0.26774772413564935
3.711141516893568,0.47676167447211804,0.15495581223785862,0.00042913712056992796,0.2700837628054051
3.0393831329960603,0.481662446052116,0.15744071811058138,0.0010668801934964152,0.2572089254512526
3.5303029195386677,0.4791619701455437,0.15827647005861958,0.00016549403032955514,0.25764081732147415
3.3829176778027765,0.4790361454564886,0.15943460849300822,0.0009615852217674354,0.26513220893545086
2.9476448171129985,0.4827270545353542,0.15848116768182932,0.0010872487499682308,0.2677524243000287
2.354721299407511,0.485095532637649,0.16058735713424205,0.0006149673486371061,0.27146182273369085
2.5778597177583586,0.4847907863785353,0.16076385406223864,0.00030247212505798917,0.2674190282259104
3.76932461525435,0.4813181542108475,0.1623184459488288,0.0013419864156582566,0.26181808977058596
3.070528701467151,0.4798603135052927,0.15948331632725574,0.0006026314577941424,0.25615464214866845
5.094957768284605,0.48009206612598465,0.15927826390395292,0.0018496196429263398,0.25872359545326734
2.933118476564887,0.4867774879805987,0.15792152538214096,0.0001548786816561985,0.2573632783409703
2.49540396990435,0.4888093356573726,0.15781324064827607,0.0006354297661932227,0.25605986534158304
2.5282813072640926,0.4879365853594729,0.15898265745695092,0.0011102044936286163,0.24673407473339665
2.370292441713992,0.48780256660481136,0.15969401488707152,0.001031839607779964,0.24809415659143727
2.3579344502700814,0.4849578498350122,0.1599519642416326,0.0007184627800969807,0.24929692351890273
2.431601362554852,0.4842810266865621,0.1595565119352466,0.0006939796568665314,0.24733340916287755
2.5106336755403653,0.4872655446951168,0.1594943448642057,0.00029138053452737526,0.24659517118032015
2.6992655563631613,0.489764860759678,0.15905820276157784,0.0002042882545502021,0.2495271202496496
2.9880087963515356,0.48824249597222863,0.1598484572301443,0.0014280348624283545,0.24919533616988654
6.966214840715165,0.49081385730982335,0.16029694044647153,0.002410145009842681,0.25999831101784776
3.793702682931558,0.4939900510123295,0.16184184334157897,0.0016986887345871336,0.2640331742982325
3.125366275769416,0.49299217386964433,0.16248941075673703,0.0015230048998443634,0.26464836961089494
2.6851837823539597,0.49154238291780167,0.16127102420991943,0.0013139129845674738,0.2609358982574449
3.3024180099731693,0.4872878372857066,0.16179581825085299,0.0015260738581045084,0.26344614476997774
2.0336851865964984,0.4898346519641708,0.16167620230379284,0.0005257737158556391,0.2581242591756449
2.6030088067974737,0.4891617255992808,0.1628649943412874,4.223661352948337e-05,0.2575929067740482
2.3369815864787493,0.49558910442732335,0.16321328340021343,0.0011886478553674975,0.25751600929290225
2.2048611317062985,0.49244695601731975,0.16310650720322628,0.0002168481584234938,0.25737513823910424
2.1425952269953688,0.49503239273627186,0.1621215634561818,0.000969563860143222,0.24907598432413405
2.762982839175668,0.4871397654562932,0.16025160550192924,0.0013324891663138783,0.24517614444445418
2.2231843790803225,0.4890811537830307,0.16012437186917716,0.0009965930577695383,0.23662861268990795
2.1841209331454814,0.48720477335895296,0.16111041125371744,0.0009407798935693935,0.23494581414829743
3.790697461885992,0.4865203775856865,0.1636333597670976,0.0018057863856240897,0.2305966116451653
2.7956254241791823,0.4856477514086352,0.1630012353460565,0.0013215844671702467,0.23193940601119475
2.688909566506354,0.483723272259938,0.1625741900217393,0.0004101091297566363,0.23664182044884757
2.6471231280786864,0.48379342946561493,0.16119248890900112,0.00035789559489068413,0.23199966464339583
2.513109802439988,0.48375779517119377,0.16069505129631093,0.0009138735723164044,0.2332308338854623
